# epsilon[MeV/fm^3] P[MeV/fm^3] nB[fm^-3] muB[MeV]
3.7878217999999997e+01 1.4259100000000000e-01 4.0000000000000001e-02 9.5052205100000003e+02
4.3050486999999997e+01 1.6469000000000000e-01 4.5440000000000001e-02 9.5104002500000001e+02
4.8225290999999999e+01 1.8487400000000001e-01 5.0880000000000002e-02 9.5145946100000003e+02
5.3402151000000003e+01 2.0317299999999999e-01 5.6320000000000002e-02 9.5180088999999998e+02
5.8580700000000000e+01 2.2000000000000000e-01 6.1760000000000002e-02 9.5208566699999994e+02
6.3760686000000000e+01 2.3611900000000000e-01 6.7199999999999996e-02 9.5233520299999998e+02
6.8941975999999997e+01 2.5260700000000003e-01 7.2639999999999996e-02 9.5257038100000000e+02
7.4124545999999995e+01 2.7081000000000000e-01 7.8079999999999997e-02 9.5281114500000001e+02
7.9308476999999996e+01 2.9230200000000001e-01 8.3519999999999997e-02 9.5307623899999999e+02
8.4493949999999998e+01 3.1884800000000002e-01 8.8959999999999997e-02 9.5338304600000004e+02
8.9681235999999998e+01 3.5236200000000001e-01 9.4399999999999998e-02 9.5374750200000005e+02
9.4870687000000004e+01 3.9487499999999998e-01 9.9839999999999998e-02 9.5418407100000002e+02
1.0006273200000000e+02 4.4850400000000001e-01 1.0528000000000000e-01 9.5470574299999998e+02
1.0525786700000000e+02 5.1542100000000002e-01 1.1072000000000000e-01 9.5532406800000001e+02
1.1045664300000000e+02 5.9765599999999997e-01 1.1616000000000000e-01 9.5604770699999995e+02
1.1565961299999999e+02 6.9545000000000001e-01 1.2160000000000000e-01 9.5686903299999994e+02
1.2086735200000000e+02 8.1207200000000002e-01 1.2703999999999999e-01 9.5780575999999996e+02
1.2608051800000000e+02 9.5016299999999998e-01 1.3247999999999999e-01 9.5886858500000005e+02
1.3129981699999999e+02 1.1120200000000000e+00 1.3791999999999999e-01 9.6006435399999998e+02
1.3652598800000001e+02 1.2997870000000000e+00 1.4335999999999999e-01 9.6139803300000005e+02
1.4175979000000001e+02 1.5154970000000001e+00 1.4879999999999999e-01 9.6287327200000004e+02
1.4700200100000001e+02 1.7610910000000000e+00 1.5423999999999999e-01 9.6449271599999997e+02
1.5225341200000000e+02 2.0384240000000000e+00 1.5967999999999999e-01 9.6625819700000000e+02
1.5751481899999999e+02 2.3492769999999998e+00 1.6511999999999999e-01 9.6817089699999997e+02
1.6278702600000000e+02 2.6953610000000001e+00 1.7055999999999999e-01 9.7023146399999996e+02
1.6807083900000001e+02 3.0783230000000001e+00 1.7599999999999999e-01 9.7244012099999998e+02
1.7336706200000000e+02 3.4997520000000000e+00 1.8143999999999999e-01 9.7479675199999997e+02
1.7867650000000000e+02 3.9611879999999999e+00 1.8687999999999999e-01 9.7730097200000000e+02
1.8399995400000000e+02 4.4641240000000000e+00 1.9231999999999999e-01 9.7995218799999998e+02
1.8933822300000000e+02 5.0100119999999997e+00 1.9775999999999999e-01 9.8274964899999998e+02
1.9469209900000001e+02 5.6002689999999999e+00 2.0319999999999999e-01 9.8569248300000004e+02
2.0006237100000001e+02 6.2362780000000004e+00 2.0863999999999999e-01 9.8877972799999998e+02
2.0544982200000001e+02 6.9193910000000001e+00 2.1407999999999999e-01 9.9201035200000001e+02
2.1085522900000001e+02 7.6509340000000003e+00 2.1951999999999999e-01 9.9538327100000004e+02
2.1627936399999999e+02 8.4322040000000005e+00 2.2495999999999999e-01 9.9889735700000006e+02
2.2172299200000000e+02 9.2644699999999993e+00 2.3039999999999999e-01 1.0025514429999999e+03
2.2718687000000000e+02 1.0148977000000000e+01 2.3583999999999999e-01 1.0063443300000000e+03
2.3267175200000000e+02 1.1086937000000001e+01 2.4127999999999999e-01 1.0102747770000000e+03
2.3817838200000000e+02 1.2079535999999999e+01 2.4671999999999999e-01 1.0143415060000000e+03
2.4370749799999999e+02 1.3127926000000000e+01 2.5216000000000000e-01 1.0185431940000000e+03
2.4925983099999999e+02 1.4233224000000000e+01 2.5760000000000000e-01 1.0228784660000000e+03
2.5483610400000001e+02 1.5396512000000000e+01 2.6304000000000000e-01 1.0273458940000000e+03
2.6043703299999999e+02 1.6618831000000000e+01 2.6848000000000000e-01 1.0319439850000001e+03
2.6606332400000002e+02 1.7901178999999999e+01 2.7392000000000000e-01 1.0366711809999999e+03
2.7171567599999997e+02 1.9244509000000001e+01 2.7936000000000000e-01 1.0415258480000000e+03
2.7739477699999998e+02 2.0649725000000000e+01 2.8480000000000000e-01 1.0465062780000001e+03
2.8310130700000002e+02 2.2117680000000000e+01 2.9024000000000000e-01 1.0516106810000001e+03
2.8883593700000000e+02 2.3649175000000000e+01 2.9568000000000000e-01 1.0568371810000001e+03
2.9459932400000002e+02 2.5244952000000001e+01 3.0112000000000000e-01 1.0621838220000000e+03
3.0039211799999998e+02 2.6905698000000001e+01 3.0656000000000000e-01 1.0676485590000000e+03
3.0621495599999997e+02 2.8632038000000001e+01 3.1200000000000000e-01 1.0732292629999999e+03
3.1206846200000001e+02 3.0424537999999998e+01 3.1744000000000000e-01 1.0789237240000000e+03
3.1795324900000003e+02 3.2283703000000003e+01 3.2288000000000000e-01 1.0847296500000000e+03
3.2386991899999998e+02 3.4209972999999998e+01 3.2832000000000000e-01 1.0906446739999999e+03
3.2981905699999999e+02 3.6203727999999998e+01 3.3376000000000000e-01 1.0966663560000000e+03
3.3580123800000001e+02 3.8265284999999999e+01 3.3920000000000000e-01 1.1027921919999999e+03
3.4181702200000001e+02 4.0394900000000000e+01 3.4464000000000000e-01 1.1090196160000000e+03
3.4786695400000002e+02 4.2592767000000002e+01 3.5008000000000000e-01 1.1153460100000000e+03
3.5395156600000001e+02 4.4859023999999998e+01 3.5552000000000000e-01 1.1217687060000001e+03
3.6007137399999999e+02 4.7193748999999997e+01 3.6096000000000000e-01 1.1282850010000000e+03
3.6622504500000002e+02 4.9275635999999999e+01 3.6640000000000000e-01 1.1340101609999999e+03
3.7240800500000000e+02 5.1190984000000000e+01 3.7184000000000000e-01 1.1391986860000000e+03
3.7861862300000001e+02 5.3063606000000000e+01 3.7728000000000000e-01 1.1441976470000000e+03
3.8485611100000000e+02 5.4921256000000000e+01 3.8272000000000000e-01 1.1490855890000000e+03
3.9111997800000000e+02 5.6777157000000003e+01 3.8816000000000001e-01 1.1538999719999999e+03
3.9740988700000003e+02 5.8639026999999999e+01 3.9360000000000001e-01 1.1586626070000000e+03
4.0372559799999999e+02 6.0511901999999999e+01 3.9904000000000001e-01 1.1633876220000000e+03
4.1006693400000000e+02 6.2399303000000003e+01 4.0448000000000001e-01 1.1680848080000001e+03
4.1643376400000000e+02 6.4303821999999997e+01 4.0992000000000001e-01 1.1727612730000001e+03
4.2282598999999999e+02 6.6227435999999997e+01 4.1536000000000001e-01 1.1774223589999999e+03
4.2924331300000000e+02 6.8085646999999994e+01 4.2080000000000001e-01 1.1818671429999999e+03
4.3568345299999999e+02 6.9798758000000007e+01 4.2624000000000001e-01 1.1859115839999999e+03
4.4214540599999998e+02 7.1508497000000006e+01 4.3168000000000001e-01 1.1898968070000001e+03
4.4862897299999997e+02 7.3230771000000004e+01 4.3712000000000001e-01 1.1938609620000000e+03
4.5513408199999998e+02 7.4971373000000000e+01 4.4256000000000001e-01 1.1978177499999999e+03
4.6166071299999999e+02 7.6733328000000000e+01 4.4800000000000001e-01 1.2017741470000001e+03
4.6820887599999998e+02 7.8518495999999999e+01 4.5344000000000001e-01 1.2057342950000000e+03
4.7477859999999998e+02 8.0328143999999995e+01 4.5888000000000001e-01 1.2097008790000000e+03
4.8136992500000002e+02 8.2163190000000000e+01 4.6432000000000001e-01 1.2136757379999999e+03
4.8798289899999997e+02 8.4024332000000001e+01 4.6976000000000001e-01 1.2176601750000000e+03
4.9461757699999998e+02 8.5912121999999997e+01 4.7520000000000001e-01 1.2216551360000001e+03
5.0127401900000001e+02 8.7827004000000002e+01 4.8064000000000001e-01 1.2256613139999999e+03
5.0795228700000001e+02 8.9769346999999996e+01 4.8608000000000001e-01 1.2296792170000001e+03
5.1465244600000005e+02 9.1739459999999994e+01 4.9152000000000001e-01 1.2337092170000001e+03
5.2137456199999997e+02 9.3737602999999993e+01 4.9696000000000001e-01 1.2377515759999999e+03
5.2811870399999998e+02 9.5764004000000000e+01 5.0239999999999996e-01 1.2418064770000001e+03
5.3488493900000003e+02 9.7818854000000002e+01 5.0783999999999996e-01 1.2458740330000001e+03
5.4167333799999994e+02 9.9902321999999998e+01 5.1327999999999996e-01 1.2499543040000001e+03
5.4848396900000000e+02 1.0201455500000000e+02 5.1871999999999996e-01 1.2540473050000001e+03
5.5531690100000003e+02 1.0415568000000000e+02 5.2415999999999996e-01 1.2581530150000001e+03
5.6217220299999997e+02 1.0632580799999999e+02 5.2959999999999996e-01 1.2622713819999999e+03
5.6904994499999998e+02 1.0852503500000000e+02 5.3503999999999996e-01 1.2664023290000000e+03
5.7595019400000001e+02 1.1075344500000000e+02 5.4047999999999996e-01 1.2705457550000001e+03
5.8287301800000000e+02 1.1301110799999999e+02 5.4591999999999996e-01 1.2747015429999999e+03
5.8981848300000001e+02 1.1529808700000000e+02 5.5135999999999996e-01 1.2788695590000000e+03
5.9678665699999999e+02 1.1761443199999999e+02 5.5679999999999996e-01 1.2830496559999999e+03
6.0377760400000000e+02 1.1996018700000000e+02 5.6223999999999996e-01 1.2872416750000000e+03
6.1079138799999998e+02 1.2233538600000000e+02 5.6767999999999996e-01 1.2914454479999999e+03
6.1782807400000002e+02 1.2474005500000000e+02 5.7311999999999996e-01 1.2956607990000000e+03
6.2488772400000005e+02 1.2717421600000000e+02 5.7855999999999996e-01 1.2998875419999999e+03
6.3197039800000005e+02 1.2963788199999999e+02 5.8399999999999996e-01 1.3041254899999999e+03
6.3907615799999996e+02 1.3213105999999999e+02 5.8943999999999996e-01 1.3083744480000000e+03
6.4620506300000000e+02 1.3465375299999999e+02 5.9487999999999996e-01 1.3126342150000000e+03
6.5335717099999999e+02 1.3720595800000001e+02 6.0031999999999996e-01 1.3169045910000000e+03
6.6053254000000004e+02 1.3978766600000000e+02 6.0575999999999997e-01 1.3211853710000000e+03
6.6773122400000000e+02 1.4239886500000000e+02 6.1119999999999997e-01 1.3254763470000000e+03
6.7495328099999995e+02 1.4503953700000000e+02 6.1663999999999997e-01 1.3297773119999999e+03
6.8219876199999999e+02 1.4770966100000001e+02 6.2207999999999997e-01 1.3340880549999999e+03
6.8946772099999998e+02 1.5040921299999999e+02 6.2751999999999997e-01 1.3384083650000000e+03
6.9676020900000003e+02 1.5313816299999999e+02 6.3295999999999997e-01 1.3427380330000001e+03
7.0407627600000001e+02 1.5589648000000000e+02 6.3839999999999997e-01 1.3470768479999999e+03
7.1141597300000001e+02 1.5868412699999999e+02 6.4383999999999997e-01 1.3514245980000001e+03
7.1877934600000003e+02 1.6150106800000000e+02 6.4927999999999997e-01 1.3557810750000001e+03
7.2616644199999996e+02 1.6434725900000001e+02 6.5471999999999997e-01 1.3601460700000000e+03
7.3357730800000002e+02 1.6722265899999999e+02 6.6015999999999997e-01 1.3645193740000000e+03
7.4101198899999997e+02 1.7012721800000000e+02 6.6559999999999997e-01 1.3689007810000001e+03
7.4847052599999995e+02 1.7306089000000000e+02 6.7103999999999997e-01 1.3732900860000000e+03
7.5595296399999995e+02 1.7602362199999999e+02 6.7647999999999997e-01 1.3776870850000000e+03
7.6345934299999999e+02 1.7901536200000001e+02 6.8191999999999997e-01 1.3820915760000000e+03
7.7098970299999996e+02 1.8203605300000001e+02 6.8735999999999997e-01 1.3865033599999999e+03
7.7854408400000000e+02 1.8508563799999999e+02 6.9279999999999997e-01 1.3909222380000001e+03
7.8612252400000000e+02 1.8816405900000001e+02 6.9823999999999997e-01 1.3953480139999999e+03
7.9372505999999998e+02 1.9127125400000000e+02 7.0367999999999997e-01 1.3997804940000001e+03
8.0135172699999998e+02 1.9440716200000000e+02 7.0911999999999997e-01 1.4042194870000001e+03
8.0900256000000002e+02 1.9757171700000001e+02 7.1455999999999997e-01 1.4086648040000000e+03
8.1667759400000000e+02 2.0076485600000001e+02 7.1999999999999997e-01 1.4131162569999999e+03
8.2437686099999996e+02 2.0398651000000001e+02 7.2543999999999997e-01 1.4175736620000000e+03
8.3210039400000005e+02 2.0723661300000001e+02 7.3087999999999997e-01 1.4220368370000001e+03
8.3984822199999996e+02 2.1051509600000000e+02 7.3631999999999997e-01 1.4265056020000000e+03
8.4762037699999996e+02 2.1382188800000000e+02 7.4175999999999997e-01 1.4309797799999999e+03
8.5541688599999998e+02 2.1715691699999999e+02 7.4719999999999998e-01 1.4354591960000000e+03
8.6323777900000005e+02 2.2052011400000001e+02 7.5263999999999998e-01 1.4399436790000000e+03
8.7108308099999999e+02 2.2391140300000001e+02 7.5807999999999998e-01 1.4444330580000001e+03
8.7895281999999997e+02 2.2733071200000001e+02 7.6351999999999998e-01 1.4489271679999999e+03
8.8684702000000004e+02 2.3077796599999999e+02 7.6895999999999998e-01 1.4534258420000001e+03
8.9476570700000002e+02 2.3425308899999999e+02 7.7439999999999998e-01 1.4579289209999999e+03
9.0270890199999997e+02 2.3775600700000001e+02 7.7983999999999998e-01 1.4624362440000000e+03
9.1067663000000005e+02 2.4128664200000000e+02 7.8527999999999998e-01 1.4669476540000001e+03
9.1866891099999998e+02 2.4484491700000001e+02 7.9071999999999998e-01 1.4714629970000001e+03
9.2668576800000005e+02 2.4843075600000000e+02 7.9615999999999998e-01 1.4759821230000000e+03
9.3472721899999999e+02 2.5204407900000001e+02 8.0159999999999998e-01 1.4805048810000001e+03
9.4279328499999997e+02 2.5568480900000000e+02 8.0703999999999998e-01 1.4850311250000000e+03
9.5088398400000005e+02 2.5935286700000000e+02 8.1247999999999998e-01 1.4895607110000001e+03
9.5899933299999998e+02 2.6304817300000002e+02 8.1791999999999998e-01 1.4940934970000001e+03
9.6713935000000004e+02 2.6677064799999999e+02 8.2335999999999998e-01 1.4986293439999999e+03
9.7530405199999996e+02 2.7052021300000001e+02 8.2879999999999998e-01 1.5031681149999999e+03
9.8349345200000005e+02 2.7429678699999999e+02 8.3423999999999998e-01 1.5077096750000001e+03
9.9170756800000004e+02 2.7810028999999997e+02 8.3967999999999998e-01 1.5122538930000001e+03
9.9994641100000001e+02 2.8193064299999998e+02 8.4511999999999998e-01 1.5168006390000000e+03
1.0082099970000000e+03 2.8578776299999998e+02 8.5055999999999998e-01 1.5213497850000001e+03
1.0164983370000000e+03 2.8967157200000003e+02 8.5599999999999998e-01 1.5259012070000001e+03
1.0248114430000001e+03 2.9358198700000003e+02 8.6143999999999998e-01 1.5304547809999999e+03
1.0331493280000000e+03 2.9751892900000001e+02 8.6687999999999998e-01 1.5350103859999999e+03
1.0415120010000001e+03 3.0148231600000003e+02 8.7231999999999998e-01 1.5395679060000000e+03
1.0498994729999999e+03 3.0547206799999998e+02 8.7775999999999998e-01 1.5441272220000001e+03
1.0583117530000000e+03 3.0948810400000002e+02 8.8319999999999999e-01 1.5486882220000000e+03
1.0667488510000001e+03 3.1353034200000002e+02 8.8863999999999999e-01 1.5532507929999999e+03
1.0752107730000000e+03 3.1759870200000000e+02 8.9407999999999999e-01 1.5578148249999999e+03
1.0836975290000000e+03 3.2169310400000001e+02 8.9951999999999999e-01 1.5623802120000000e+03
1.0922091250000001e+03 3.2581346700000000e+02 9.0495999999999999e-01 1.5669468460000001e+03
1.1007455669999999e+03 3.2995970999999997e+02 9.1039999999999999e-01 1.5715146239999999e+03
1.1093068610000000e+03 3.3413175200000001e+02 9.1583999999999999e-01 1.5760834460000001e+03
1.1178930140000000e+03 3.3832951500000001e+02 9.2127999999999999e-01 1.5806532099999999e+03
1.1265040289999999e+03 3.4255291699999998e+02 9.2671999999999999e-01 1.5852238199999999e+03
1.1351399110000000e+03 3.4680187899999999e+02 9.3215999999999999e-01 1.5897951790000000e+03
1.1438006650000000e+03 3.5107632100000001e+02 9.3759999999999999e-01 1.5943671939999999e+03
1.1524862920000000e+03 3.5537616400000002e+02 9.4303999999999999e-01 1.5989397719999999e+03
1.1611967959999999e+03 3.5970132899999999e+02 9.4847999999999999e-01 1.6035128239999999e+03
1.1699321800000000e+03 3.6405173600000001e+02 9.5391999999999999e-01 1.6080862609999999e+03
1.1786924449999999e+03 3.6842730799999998e+02 9.5935999999999999e-01 1.6126599970000000e+03
1.1874775920000000e+03 3.7282796700000000e+02 9.6479999999999999e-01 1.6172339480000001e+03
1.1962876229999999e+03 3.7725363499999997e+02 9.7023999999999999e-01 1.6218080299999999e+03
1.2051225370000000e+03 3.8170423299999999e+02 9.7567999999999999e-01 1.6263821620000001e+03
1.2139823360000000e+03 3.8617968700000000e+02 9.8111999999999999e-01 1.6309562670000000e+03
1.2228670190000000e+03 3.9067991899999998e+02 9.8655999999999999e-01 1.6355302660000000e+03
1.2317765840000000e+03 3.9520485400000001e+02 9.9199999999999999e-01 1.6401040840000001e+03
1.2407110310000000e+03 3.9975441699999999e+02 9.9743999999999999e-01 1.6446776470000000e+03
1.2496703580000001e+03 4.0432853299999999e+02 1.0028800000000000e+00 1.6492508849999999e+03
1.2586545630000001e+03 4.0892712899999998e+02 1.0083200000000001e+00 1.6538237280000001e+03
1.2676636440000000e+03 4.1355013300000002e+02 1.0137600000000000e+00 1.6583961070000000e+03
1.2766975980000000e+03 4.1819747300000000e+02 1.0192000000000001e+00 1.6629679599999999e+03
1.2857564219999999e+03 4.2286908000000000e+02 1.0246400000000000e+00 1.6675392210000000e+03
1.2948401130000000e+03 4.2756488500000000e+02 1.0300800000000001e+00 1.6721098320000001e+03
1.3039486669999999e+03 4.3228482200000002e+02 1.0355200000000000e+00 1.6766797340000001e+03
1.3130820790000000e+03 4.3702882799999998e+02 1.0409600000000001e+00 1.6812488739999999e+03
1.3222403469999999e+03 4.4179684099999997e+02 1.0464000000000000e+00 1.6858172030000001e+03
1.3314234640000000e+03 4.4658880599999998e+02 1.0518400000000001e+00 1.6903846739999999e+03
1.3406314259999999e+03 4.5140467400000000e+02 1.0572800000000000e+00 1.6949512510000000e+03
1.3498642290000000e+03 4.5624440600000003e+02 1.0627200000000001e+00 1.6995169050000000e+03
1.3591218679999999e+03 4.6110797900000000e+02 1.0681600000000000e+00 1.7040816250000000e+03
1.3684043360000001e+03 4.6599540300000001e+02 1.0736000000000001e+00 1.7086454300000000e+03
1.3777116300000000e+03 4.7090678000000003e+02 1.0790400000000000e+00 1.7132084230000000e+03
1.3870437460000001e+03 4.7584263700000002e+02 1.0844800000000001e+00 1.7177710999999999e+03
1.3964006810000001e+03 4.8080199099999999e+02 1.0899200000000000e+00 1.7223325600000001e+03
1.4057824270000001e+03 4.8578428500000001e+02 1.0953599999999999e+00 1.7268923060000000e+03
1.4151889730000000e+03 4.9078944500000000e+02 1.1008000000000000e+00 1.7314502860000000e+03
1.4246203109999999e+03 4.9581739399999998e+02 1.1062399999999999e+00 1.7360064480000001e+03
1.4340764290000000e+03 5.0086805800000002e+02 1.1116800000000000e+00 1.7405607450000000e+03
1.4435573190000000e+03 5.0594136300000002e+02 1.1171199999999999e+00 1.7451131260000000e+03
1.4530629680000000e+03 5.1103723400000001e+02 1.1225600000000000e+00 1.7496635450000001e+03
1.4625933680000001e+03 5.1615559800000005e+02 1.1279999999999999e+00 1.7542119540000001e+03
1.4721485049999999e+03 5.2129638199999999e+02 1.1334400000000000e+00 1.7587583090000001e+03
1.4817283700000000e+03 5.2645951200000002e+02 1.1388799999999999e+00 1.7633025660000001e+03
1.4913329500000000e+03 5.3164491699999996e+02 1.1443200000000000e+00 1.7678446790000000e+03
1.5009622340000001e+03 5.3685252300000002e+02 1.1497599999999999e+00 1.7723846080000001e+03
1.5106162099999999e+03 5.4208226000000002e+02 1.1552000000000000e+00 1.7769223099999999e+03
1.5202948650000001e+03 5.4733405700000003e+02 1.1606399999999999e+00 1.7814577440000000e+03
1.5299981869999999e+03 5.5260784100000001e+02 1.1660800000000000e+00 1.7859908720000001e+03
1.5397261639999999e+03 5.5790354300000001e+02 1.1715199999999999e+00 1.7905216530000000e+03
1.5494787830000000e+03 5.6322109200000000e+02 1.1769600000000000e+00 1.7950500500000001e+03
1.5592560289999999e+03 5.6856041900000002e+02 1.1823999999999999e+00 1.7995760270000001e+03
1.5690578909999999e+03 5.7392145400000004e+02 1.1878400000000000e+00 1.8040995450000000e+03
1.5788843549999999e+03 5.7930412799999999e+02 1.1932799999999999e+00 1.8086205700000000e+03
1.5887354069999999e+03 5.8470837200000005e+02 1.1987200000000000e+00 1.8131390680000000e+03
1.5986110329999999e+03 5.9013411900000006e+02 1.2041599999999999e+00 1.8176550030000001e+03
1.6085112190000000e+03 5.9558129899999994e+02 1.2096000000000000e+00 1.8221683439999999e+03
1.6184359509999999e+03 6.0104984700000000e+02 1.2150399999999999e+00 1.8266790570000001e+03
1.6283852150000000e+03 6.0653969300000006e+02 1.2204800000000000e+00 1.8311871100000001e+03
1.6383589959999999e+03 6.1205077200000005e+02 1.2259199999999999e+00 1.8356924730000001e+03
1.6483572790000001e+03 6.1758301700000004e+02 1.2313600000000000e+00 1.8401951150000000e+03
1.6583800500000000e+03 6.2313636099999997e+02 1.2367999999999999e+00 1.8446950079999999e+03
1.6684272920000001e+03 6.2871073999999999e+02 1.2422400000000000e+00 1.8491921210000000e+03
1.6784989920000000e+03 6.3430608700000005e+02 1.2476799999999999e+00 1.8536864260000000e+03
1.6885951339999999e+03 6.3992233699999997e+02 1.2531200000000000e+00 1.8581778970000000e+03
1.6987157030000001e+03 6.4555942700000003e+02 1.2585599999999999e+00 1.8626665049999999e+03
1.7088606810000001e+03 6.5121729000000005e+02 1.2640000000000000e+00 1.8671522250000000e+03
1.7190300549999999e+03 6.5689586399999996e+02 1.2694399999999999e+00 1.8716350299999999e+03
1.7292238080000000e+03 6.6259508500000004e+02 1.2748800000000000e+00 1.8761148969999999e+03
1.7394419230000001e+03 6.6831488899999999e+02 1.2803199999999999e+00 1.8805917990000000e+03
1.7496843859999999e+03 6.7405521299999998e+02 1.2857600000000000e+00 1.8850657140000001e+03
1.7599511780000000e+03 6.7981599500000004e+02 1.2911999999999999e+00 1.8895366170000000e+03
1.7702422850000000e+03 6.8559717200000000e+02 1.2966400000000000e+00 1.8940044860000000e+03
1.7805576890000000e+03 6.9139868200000001e+02 1.3020799999999999e+00 1.8984692980000000e+03
1.7908973739999999e+03 6.9722046399999999e+02 1.3075200000000000e+00 1.9029310330000001e+03
1.8012613220000001e+03 7.0306245600000000e+02 1.3129599999999999e+00 1.9073896669999999e+03
1.8116495179999999e+03 7.0892459699999995e+02 1.3184000000000000e+00 1.9118451820000000e+03
1.8220619429999999e+03 7.1480682600000000e+02 1.3238399999999999e+00 1.9162975550000001e+03
1.8324985810000001e+03 7.2070908399999996e+02 1.3292800000000000e+00 1.9207467690000001e+03
1.8429594150000000e+03 7.2663130899999999e+02 1.3347199999999999e+00 1.9251928020000000e+03
1.8534444260000000e+03 7.3257344300000000e+02 1.3401600000000000e+00 1.9296356370000001e+03
1.8639535989999999e+03 7.3853542500000003e+02 1.3455999999999999e+00 1.9340752560000001e+03
1.8744869140000001e+03 7.4451719700000001e+02 1.3510400000000000e+00 1.9385116390000001e+03
1.8850443519999999e+03 7.5051044800000000e+02 1.3564799999999999e+00 1.9429386850000001e+03
1.8956257370000001e+03 7.5645798000000002e+02 1.3619200000000000e+00 1.9473143769999999e+03
1.9062308499999999e+03 7.6239469899999995e+02 1.3673599999999999e+00 1.9516646989999999e+03
1.9168595829999999e+03 7.6833254299999999e+02 1.3728000000000000e+00 1.9559985670000001e+03
1.9275118570000000e+03 7.7427636600000005e+02 1.3782399999999999e+00 1.9603196410000000e+03
1.9381876080000000e+03 7.8022891600000003e+02 1.3836800000000000e+00 1.9646300140000001e+03
1.9488867820000000e+03 7.8619198600000004e+02 1.3891199999999999e+00 1.9689310599999999e+03
1.9596093310000001e+03 7.9216683799999998e+02 1.3945600000000000e+00 1.9732237620000001e+03
1.9703552130000000e+03 7.9815441099999998e+02 1.3999999999999999e+00 1.9775088550000000e+03
