# epsilon[MeV/fm^3] P[MeV/fm^3] nB[fm^-3] muB[MeV]
3.7820157999999999e+01 1.2898799999999999e-01 4.0000000000000001e-02 9.4873048900000003e+02
4.2983463999999998e+01 1.6426299999999999e-01 4.5440000000000001e-02 9.4955565700000000e+02
4.8151282000000002e+01 2.0454300000000000e-01 5.0880000000000002e-02 9.5039145699999995e+02
5.3323675000000001e+01 2.5003599999999998e-01 5.6320000000000002e-02 9.5123956599999997e+02
5.8500715000000000e+01 3.0101699999999998e-01 6.1760000000000002e-02 9.5210238200000003e+02
6.3682490999999999e+01 3.5785800000000001e-01 6.7199999999999996e-02 9.5298317899999995e+02
6.8869112000000001e+01 4.2104500000000000e-01 7.2639999999999996e-02 9.5388609299999996e+02
7.4060709000000003e+01 4.9118499999999998e-01 7.8079999999999997e-02 9.5481599600000004e+02
7.9257446000000002e+01 5.6901500000000005e-01 8.3519999999999997e-02 9.5577835800000003e+02
8.4459513000000001e+01 6.5539899999999995e-01 8.8959999999999997e-02 9.5677909199999999e+02
8.9667135999999999e+01 7.5132200000000005e-01 9.4399999999999998e-02 9.5782440799999995e+02
9.4880574999999993e+01 8.5789199999999999e-01 9.9839999999999998e-02 9.5892069800000002e+02
1.0010012500000001e+02 9.7632600000000003e-01 1.0528000000000000e-01 9.6007441900000003e+02
1.0532611500000000e+02 1.1079429999999999e+00 1.1072000000000000e-01 9.6129201200000000e+02
1.1055886000000000e+02 1.2509630000000000e+00 1.1616000000000000e-01 9.6255187400000000e+02
1.1579855700000000e+02 1.4063570000000001e+00 1.2160000000000000e-01 9.6385793799999999e+02
1.2104553799999999e+02 1.5776260000000000e+00 1.2703999999999999e-01 9.6523444500000005e+02
1.2630021800000000e+02 1.7669910000000000e+00 1.3247999999999999e-01 9.6669261300000005e+02
1.3156306499999999e+02 1.9764710000000001e+00 1.3791999999999999e-01 9.6824081600000000e+02
1.3683458899999999e+02 2.2080199999999999e+00 1.4335999999999999e-01 9.6988598800000000e+02
1.4211533299999999e+02 2.4635680000000000e+00 1.4879999999999999e-01 9.7163410999999996e+02
1.4740587199999999e+02 2.7450299999999999e+00 1.5423999999999999e-01 9.7349044300000003e+02
1.5270680800000000e+02 3.0543179999999999e+00 1.5967999999999999e-01 9.7545966299999998e+02
1.5801876700000000e+02 3.3933360000000001e+00 1.6511999999999999e-01 9.7754593100000000e+02
1.6334239600000001e+02 3.7639779999999998e+00 1.7055999999999999e-01 9.7975295700000004e+02
1.6867836000000000e+02 4.1681299999999997e+00 1.7599999999999999e-01 9.8208403099999998e+02
1.7402734300000000e+02 4.6076600000000001e+00 1.8143999999999999e-01 9.8454205899999999e+02
1.7939004299999999e+02 5.0844170000000002e+00 1.8687999999999999e-01 9.8712958400000002e+02
1.8476716999999999e+02 5.6002260000000001e+00 1.9231999999999999e-01 9.8984880399999997e+02
1.9015944700000000e+02 6.1568849999999999e+00 1.9775999999999999e-01 9.9270159500000000e+02
1.9556760399999999e+02 6.7561619999999998e+00 2.0319999999999999e-01 9.9568951800000002e+02
2.0099238099999999e+02 7.3997859999999998e+00 2.0863999999999999e-01 9.9881384200000002e+02
2.0643452199999999e+02 8.0894490000000001e+00 2.1407999999999999e-01 1.0020755470000000e+03
2.1189477700000000e+02 8.8268000000000004e+00 2.1951999999999999e-01 1.0054753430000000e+03
2.1737389800000000e+02 9.6134380000000004e+00 2.2495999999999999e-01 1.0090136770000000e+03
2.2287264099999999e+02 1.0450917000000000e+01 2.3039999999999999e-01 1.0126907430000000e+03
2.2839176000000000e+02 1.1340733000000000e+01 2.3583999999999999e-01 1.0165064960000000e+03
2.3393200999999999e+02 1.2284329000000000e+01 2.4127999999999999e-01 1.0204606560000000e+03
2.3949414100000001e+02 1.3283089000000000e+01 2.4671999999999999e-01 1.0245527219999999e+03
2.4507890399999999e+02 1.4338333000000000e+01 2.5216000000000000e-01 1.0287819800000000e+03
2.5068704099999999e+02 1.5451321000000000e+01 2.5760000000000000e-01 1.0331475109999999e+03
2.5631929200000002e+02 1.6623244000000000e+01 2.6304000000000000e-01 1.0376482000000001e+03
2.6197638899999998e+02 1.7855228000000000e+01 2.6848000000000000e-01 1.0422827480000001e+03
2.6765905600000002e+02 1.9148326000000001e+01 2.7392000000000000e-01 1.0470496770000000e+03
2.7336800899999997e+02 2.0503526000000001e+01 2.7936000000000000e-01 1.0519473430000000e+03
2.7910395499999998e+02 2.1921738999999999e+01 2.8480000000000000e-01 1.0569739440000001e+03
2.8486759000000001e+02 2.3403808000000001e+01 2.9024000000000000e-01 1.0621275280000000e+03
2.9065960100000001e+02 2.4950503000000001e+01 2.9568000000000000e-01 1.0674060070000000e+03
2.9648065900000000e+02 2.6562519000000002e+01 3.0112000000000000e-01 1.0728071629999999e+03
3.0233142800000002e+02 2.8240480999999999e+01 3.0656000000000000e-01 1.0783286590000000e+03
3.0821255400000001e+02 2.9984940999999999e+01 3.1200000000000000e-01 1.0839680490000001e+03
3.1412467400000003e+02 3.1796382999999999e+01 3.1744000000000000e-01 1.0897227900000000e+03
3.2006840699999998e+02 3.3675218000000001e+01 3.2288000000000000e-01 1.0955902520000000e+03
3.2604435899999999e+02 3.5621789999999997e+01 3.2832000000000000e-01 1.1015677240000000e+03
3.3205312199999997e+02 3.7636377000000003e+01 3.3376000000000000e-01 1.1076524320000001e+03
3.3809527100000003e+02 3.9719191000000002e+01 3.3920000000000000e-01 1.1138415399999999e+03
3.4417136799999997e+02 4.1870384999999999e+01 3.4464000000000000e-01 1.1201321690000000e+03
3.5028195599999998e+02 4.4090046999999998e+01 3.5008000000000000e-01 1.1265214000000001e+03
3.5642756400000002e+02 4.6378211000000000e+01 3.5552000000000000e-01 1.1330062849999999e+03
3.6260870399999999e+02 4.8734855000000003e+01 3.6096000000000000e-01 1.1395838580000000e+03
3.6882380000000001e+02 5.0823397999999997e+01 3.6640000000000000e-01 1.1453270700000000e+03
3.7506866100000002e+02 5.2781640000000003e+01 3.7184000000000000e-01 1.1506318600000000e+03
3.8134187600000001e+02 5.4705537999999997e+01 3.7728000000000000e-01 1.1557677940000001e+03
3.8764274000000000e+02 5.6619509000000001e+01 3.8272000000000000e-01 1.1608040300000000e+03
3.9397081100000003e+02 5.8535353000000001e+01 3.8816000000000001e-01 1.1657740180000001e+03
4.0032578599999999e+02 6.0459980000000002e+01 3.9360000000000001e-01 1.1706972910000000e+03
4.0670711200000000e+02 6.2287036999999998e+01 3.9904000000000001e-01 1.1753078539999999e+03
4.1311183499999999e+02 6.3945155000000000e+01 4.0448000000000001e-01 1.1794345719999999e+03
4.1953878500000002e+02 6.5597364999999996e+01 4.0992000000000001e-01 1.1834915699999999e+03
4.2598772400000001e+02 6.7260763999999995e+01 4.1536000000000001e-01 1.1875221779999999e+03
4.3245855599999999e+02 6.8941608000000002e+01 4.2080000000000001e-01 1.1915420549999999e+03
4.3895124700000002e+02 7.0643146000000002e+01 4.2624000000000001e-01 1.1955591560000000e+03
4.4546579500000001e+02 7.2367363999999995e+01 4.3168000000000001e-01 1.1995781810000001e+03
4.5200222000000002e+02 7.4115595999999996e+01 4.3712000000000001e-01 1.2036021579999999e+03
4.5856055300000003e+02 7.5888802999999996e+01 4.4256000000000001e-01 1.2076331450000000e+03
4.6514083900000003e+02 7.7687704999999994e+01 4.4800000000000001e-01 1.2116725899999999e+03
4.7174312500000002e+02 7.9512862999999996e+01 4.5344000000000001e-01 1.2157215380000000e+03
4.7836746499999998e+02 8.1364727999999999e+01 4.5888000000000001e-01 1.2197807450000000e+03
4.8501391799999999e+02 8.3243664999999993e+01 4.6432000000000001e-01 1.2238507649999999e+03
4.9168254200000001e+02 8.5149979999999999e+01 4.6976000000000001e-01 1.2279319980000000e+03
4.9837340000000000e+02 8.7083928999999998e+01 4.7520000000000001e-01 1.2320247280000001e+03
5.0508655499999998e+02 8.9045727999999997e+01 4.8064000000000001e-01 1.2361291480000000e+03
5.1182207000000000e+02 9.1035563999999994e+01 4.8608000000000001e-01 1.2402453800000001e+03
5.1858001100000001e+02 9.3053595999999999e+01 4.9152000000000001e-01 1.2443734880000000e+03
5.2536044200000003e+02 9.5099964000000000e+01 4.9696000000000001e-01 1.2485134900000000e+03
5.3216342699999996e+02 9.7174785999999997e+01 5.0239999999999996e-01 1.2526653670000001e+03
5.3898903199999995e+02 9.9278165000000001e+01 5.0783999999999996e-01 1.2568290680000000e+03
5.4583731899999998e+02 1.0141019200000000e+02 5.1327999999999996e-01 1.2610045160000000e+03
5.5270835399999999e+02 1.0357094300000000e+02 5.1871999999999996e-01 1.2651916120000001e+03
5.5960219900000004e+02 1.0576048500000000e+02 5.2415999999999996e-01 1.2693902399999999e+03
5.6651891599999999e+02 1.0797887200000000e+02 5.2959999999999996e-01 1.2736002690000000e+03
5.7345856700000002e+02 1.1022615300000000e+02 5.3503999999999996e-01 1.2778215530000000e+03
5.8042121299999997e+02 1.1250236599999999e+02 5.4047999999999996e-01 1.2820539380000000e+03
5.8740691400000003e+02 1.1480754300000000e+02 5.4591999999999996e-01 1.2862972589999999e+03
5.9441572900000006e+02 1.1714170900000001e+02 5.5135999999999996e-01 1.2905513440000000e+03
6.0144771500000002e+02 1.1950488100000000e+02 5.5679999999999996e-01 1.2948160160000000e+03
6.0850293099999999e+02 1.2189707300000001e+02 5.6223999999999996e-01 1.2990910899999999e+03
6.1558143199999995e+02 1.2431829100000000e+02 5.6767999999999996e-01 1.3033763790000000e+03
6.2268327299999999e+02 1.2676853699999999e+02 5.7311999999999996e-01 1.3076716910000000e+03
6.2980850799999996e+02 1.2924780899999999e+02 5.7855999999999996e-01 1.3119768320000001e+03
6.3695718999999997e+02 1.3175609800000001e+02 5.8399999999999996e-01 1.3162916049999999e+03
6.4412937199999999e+02 1.3429339500000000e+02 5.8943999999999996e-01 1.3206158129999999e+03
6.5132510300000001e+02 1.3685968199999999e+02 5.9487999999999996e-01 1.3249492560000001e+03
6.5854443300000003e+02 1.3945494199999999e+02 6.0031999999999996e-01 1.3292917330000000e+03
6.6578741200000002e+02 1.4207915000000000e+02 6.0575999999999997e-01 1.3336430439999999e+03
6.7305408599999998e+02 1.4473228200000000e+02 6.1119999999999997e-01 1.3380029880000000e+03
6.8034450300000003e+02 1.4741430900000000e+02 6.1663999999999997e-01 1.3423713660000001e+03
6.8765870700000005e+02 1.5012519699999999e+02 6.2207999999999997e-01 1.3467479760000001e+03
6.9499674200000004e+02 1.5286491200000000e+02 6.2751999999999997e-01 1.3511326200000001e+03
7.0235865200000001e+02 1.5563341700000001e+02 6.3295999999999997e-01 1.3555250990000000e+03
7.0974447899999996e+02 1.5843067199999999e+02 6.3839999999999997e-01 1.3599252160000001e+03
7.1715426400000001e+02 1.6125663299999999e+02 6.4383999999999997e-01 1.3643327750000001e+03
7.2458804699999996e+02 1.6411125600000000e+02 6.4927999999999997e-01 1.3687475820000000e+03
7.3204586700000004e+02 1.6699449500000000e+02 6.5471999999999997e-01 1.3731694440000001e+03
7.3952776100000005e+02 1.6990629899999999e+02 6.6015999999999997e-01 1.3775981680000000e+03
7.4703376600000001e+02 1.7284661900000000e+02 6.6559999999999997e-01 1.3820335669999999e+03
7.5456391900000006e+02 1.7581540100000001e+02 6.7103999999999997e-01 1.3864754519999999e+03
7.6211825399999998e+02 1.7881259100000000e+02 6.7647999999999997e-01 1.3909236370000001e+03
7.6969680500000004e+02 1.8183813200000000e+02 6.8191999999999997e-01 1.3953779390000000e+03
7.7729960400000004e+02 1.8489196699999999e+02 6.8735999999999997e-01 1.3998381750000001e+03
7.8492668300000003e+02 1.8797403700000001e+02 6.9279999999999997e-01 1.4043041679999999e+03
7.9257807400000002e+02 1.9108428000000001e+02 6.9823999999999997e-01 1.4087757389999999e+03
8.0025380600000005e+02 1.9422263500000000e+02 7.0367999999999997e-01 1.4132527130000001e+03
8.0795390699999996e+02 1.9738903900000000e+02 7.0911999999999997e-01 1.4177349180000001e+03
8.1567840699999999e+02 2.0058342700000000e+02 7.1455999999999997e-01 1.4222221820000000e+03
8.2342733199999998e+02 2.0380573300000000e+02 7.1999999999999997e-01 1.4267143380000000e+03
8.3120070799999996e+02 2.0705589100000000e+02 7.2543999999999997e-01 1.4312112199999999e+03
8.3899856000000000e+02 2.1033383200000000e+02 7.3087999999999997e-01 1.4357126639999999e+03
8.4682091300000002e+02 2.1363948900000000e+02 7.3631999999999997e-01 1.4402185090000000e+03
8.5466778999999997e+02 2.1697279200000000e+02 7.4175999999999997e-01 1.4447285950000000e+03
8.6253921400000002e+02 2.2033367000000001e+02 7.4719999999999998e-01 1.4492427670000000e+03
8.7043520799999999e+02 2.2372205199999999e+02 7.5263999999999998e-01 1.4537608700000001e+03
8.7835578999999996e+02 2.2713786600000000e+02 7.5807999999999998e-01 1.4582827530000000e+03
8.8630098299999997e+02 2.3058104000000000e+02 7.6351999999999998e-01 1.4628082649999999e+03
8.9427080500000000e+02 2.3405150000000000e+02 7.6895999999999998e-01 1.4673372589999999e+03
9.0226527399999998e+02 2.3754917300000000e+02 7.7439999999999998e-01 1.4718695909999999e+03
9.1028440899999998e+02 2.4107398300000000e+02 7.7983999999999998e-01 1.4764051179999999e+03
9.1832822699999997e+02 2.4462585600000000e+02 7.8527999999999998e-01 1.4809437000000000e+03
9.2639674300000001e+02 2.4820471599999999e+02 7.9071999999999998e-01 1.4854851980000001e+03
9.3448997399999996e+02 2.5181048799999999e+02 7.9615999999999998e-01 1.4900294779999999e+03
9.4260793300000000e+02 2.5544309400000000e+02 8.0159999999999998e-01 1.4945764050000000e+03
9.5075063599999999e+02 2.5910245900000001e+02 8.0703999999999998e-01 1.4991258479999999e+03
9.5891809499999999e+02 2.6278850499999999e+02 8.1247999999999998e-01 1.5036776780000000e+03
9.6711032299999999e+02 2.6650115499999998e+02 8.1791999999999998e-01 1.5082317690000000e+03
9.7532733199999996e+02 2.7024032999999997e+02 8.2335999999999998e-01 1.5127879949999999e+03
9.8356913299999997e+02 2.7400595299999998e+02 8.2879999999999998e-01 1.5173462340000001e+03
9.9183573699999999e+02 2.7779794600000002e+02 8.3423999999999998e-01 1.5219063659999999e+03
1.0001271530000000e+03 2.8161622999999997e+02 8.3967999999999998e-01 1.5264682710000000e+03
1.0084433920000000e+03 2.8546072600000002e+02 8.4511999999999998e-01 1.5310318350000000e+03
1.0167844620000000e+03 2.8933135600000003e+02 8.5055999999999998e-01 1.5355969430000000e+03
1.0251503710000000e+03 2.9322804100000002e+02 8.5599999999999998e-01 1.5401634819999999e+03
1.0335411260000001e+03 2.9715070200000002e+02 8.6143999999999998e-01 1.5447313420000000e+03
1.0419567340000001e+03 3.0109926000000002e+02 8.6687999999999998e-01 1.5493004160000000e+03
1.0503972020000001e+03 3.0507363500000002e+02 8.7231999999999998e-01 1.5538705960000000e+03
1.0588625350000000e+03 3.0907374900000002e+02 8.7775999999999998e-01 1.5584417800000001e+03
1.0673527389999999e+03 3.1309952099999998e+02 8.8319999999999999e-01 1.5630138640000000e+03
1.0758678179999999e+03 3.1715087399999999e+02 8.8863999999999999e-01 1.5675867470000001e+03
1.0844077760000000e+03 3.2122772800000001e+02 8.9407999999999999e-01 1.5721603330000000e+03
1.0929726160000000e+03 3.2533000299999998e+02 8.9951999999999999e-01 1.5767345220000000e+03
1.1015623430000001e+03 3.2945762100000002e+02 9.0495999999999999e-01 1.5813092220000001e+03
1.1101769580000000e+03 3.3361050299999999e+02 9.1039999999999999e-01 1.5858843390000000e+03
1.1188164630000001e+03 3.3778856999999999e+02 9.1583999999999999e-01 1.5904597810000000e+03
1.1274808599999999e+03 3.4199174399999998e+02 9.2127999999999999e-01 1.5950354589999999e+03
1.1361701499999999e+03 3.4621994599999999e+02 9.2671999999999999e-01 1.5996112860000001e+03
1.1448843330000000e+03 3.5047309700000000e+02 9.3215999999999999e-01 1.6041871750000000e+03
1.1536234099999999e+03 3.5475112100000001e+02 9.3759999999999999e-01 1.6087630429999999e+03
1.1623873799999999e+03 3.5905393800000002e+02 9.4303999999999999e-01 1.6133388070000001e+03
1.1711762420000000e+03 3.6338147300000003e+02 9.4847999999999999e-01 1.6179143859999999e+03
1.1799899949999999e+03 3.6773364700000002e+02 9.5391999999999999e-01 1.6224897010000000e+03
1.1888286380000000e+03 3.7211038500000001e+02 9.5935999999999999e-01 1.6270646760000000e+03
1.1976921689999999e+03 3.7651160900000002e+02 9.6479999999999999e-01 1.6316392350000001e+03
1.2065805840000000e+03 3.8093724400000002e+02 9.7023999999999999e-01 1.6362133040000001e+03
1.2154938820000000e+03 3.8538721500000003e+02 9.7567999999999999e-01 1.6407868120000001e+03
1.2244320580000001e+03 3.8986144800000000e+02 9.8111999999999999e-01 1.6453596889999999e+03
1.2333951099999999e+03 3.9435986800000001e+02 9.8655999999999999e-01 1.6499318650000000e+03
1.2423830320000000e+03 3.9888240200000001e+02 9.9199999999999999e-01 1.6545032759999999e+03
1.2513958220000000e+03 4.0342897900000003e+02 9.9743999999999999e-01 1.6590738580000000e+03
1.2604334739999999e+03 4.0799952800000000e+02 1.0028800000000000e+00 1.6636435480000000e+03
1.2694959830000000e+03 4.1259397899999999e+02 1.0083200000000001e+00 1.6682122870000001e+03
1.2785833439999999e+03 4.1721226400000000e+02 1.0137600000000000e+00 1.6727800190000000e+03
1.2876955510000000e+03 4.2185431899999998e+02 1.0192000000000001e+00 1.6773466890000000e+03
1.2968325990000001e+03 4.2652007900000001e+02 1.0246400000000000e+00 1.6819122470000000e+03
1.3059944800000001e+03 4.3120948700000002e+02 1.0300800000000001e+00 1.6864766480000001e+03
1.3151811900000000e+03 4.3592248699999999e+02 1.0355200000000000e+00 1.6910398520000001e+03
1.3243927200000001e+03 4.4065903300000002e+02 1.0409600000000001e+00 1.6956018260000001e+03
1.3336290650000001e+03 4.4541909099999998e+02 1.0464000000000000e+00 1.7001625489999999e+03
1.3428902169999999e+03 4.5020264600000002e+02 1.0518400000000001e+00 1.7047220210000000e+03
1.3521761700000000e+03 4.5500972999999999e+02 1.0572800000000000e+00 1.7092802850000000e+03
1.3614869180000001e+03 4.5984052400000002e+02 1.0627200000000001e+00 1.7138375240000000e+03
1.3708224560000001e+03 4.6469544700000000e+02 1.0681600000000000e+00 1.7183941420000001e+03
1.3801827780000001e+03 4.6957310999999999e+02 1.0736000000000001e+00 1.7229488490000001e+03
1.3895678720000001e+03 4.7447333500000002e+02 1.0790400000000000e+00 1.7275014980000001e+03
1.3989777280000001e+03 4.7939604700000001e+02 1.0844800000000001e+00 1.7320520389999999e+03
1.4084123330000000e+03 4.8434116999999998e+02 1.0899200000000000e+00 1.7366004260000000e+03
1.4178716770000001e+03 4.8930863099999999e+02 1.0953599999999999e+00 1.7411466120000000e+03
1.4273557460000000e+03 4.9429835400000002e+02 1.1008000000000000e+00 1.7456905500000000e+03
1.4368645280000001e+03 4.9931026700000001e+02 1.1062399999999999e+00 1.7502321959999999e+03
1.4463980110000000e+03 5.0434429499999999e+02 1.1116800000000000e+00 1.7547715069999999e+03
1.4559561819999999e+03 5.0940036700000002e+02 1.1171199999999999e+00 1.7593084389999999e+03
1.4655390279999999e+03 5.1447840799999994e+02 1.1225600000000000e+00 1.7638429510000001e+03
1.4751465350000001e+03 5.1957834800000001e+02 1.1279999999999999e+00 1.7683750020000000e+03
1.4847786910000000e+03 5.2470011299999999e+02 1.1334400000000000e+00 1.7729045520000000e+03
1.4944354810000000e+03 5.2984363199999996e+02 1.1388799999999999e+00 1.7774315620000000e+03
1.5041168920000000e+03 5.3500883499999998e+02 1.1443200000000000e+00 1.7819559939999999e+03
1.5138229080000001e+03 5.4019565000000000e+02 1.1497599999999999e+00 1.7864778110000000e+03
1.5235535170000001e+03 5.4540400599999998e+02 1.1552000000000000e+00 1.7909969750000000e+03
1.5333087029999999e+03 5.5063383399999998e+02 1.1606399999999999e+00 1.7955134510000000e+03
1.5430884520000000e+03 5.5588506400000006e+02 1.1660800000000000e+00 1.8000272050000001e+03
1.5528927490000001e+03 5.6115762600000005e+02 1.1715199999999999e+00 1.8045382030000001e+03
1.5627215790000000e+03 5.6645145200000002e+02 1.1769600000000000e+00 1.8090464110000000e+03
1.5725749260000000e+03 5.7176647300000002e+02 1.1823999999999999e+00 1.8135517960000000e+03
1.5824527750000000e+03 5.7710262000000000e+02 1.1878400000000000e+00 1.8180543279999999e+03
1.5923551110000001e+03 5.8245982500000002e+02 1.1932799999999999e+00 1.8225539739999999e+03
1.6022819170000000e+03 5.8783802200000002e+02 1.1987200000000000e+00 1.8270507060000000e+03
1.6122331780000000e+03 5.9323714199999995e+02 1.2041599999999999e+00 1.8315444920000000e+03
1.6222088770000000e+03 5.9865711899999997e+02 1.2096000000000000e+00 1.8360353050000001e+03
1.6322089989999999e+03 6.0409788700000001e+02 1.2150399999999999e+00 1.8405231170000000e+03
1.6422335270000001e+03 6.0955937800000004e+02 1.2204800000000000e+00 1.8450078980000001e+03
1.6522824439999999e+03 6.1504152799999997e+02 1.2259199999999999e+00 1.8494896240000000e+03
1.6623557340000000e+03 6.2054427099999998e+02 1.2313600000000000e+00 1.8539682670000000e+03
1.6724533790000000e+03 6.2606754200000000e+02 1.2367999999999999e+00 1.8584438029999999e+03
1.6825753640000000e+03 6.3161127599999998e+02 1.2422400000000000e+00 1.8629162050000000e+03
1.6927216699999999e+03 6.3717540899999995e+02 1.2476799999999999e+00 1.8673854500000000e+03
1.7028922809999999e+03 6.4275987699999996e+02 1.2531200000000000e+00 1.8718515140000000e+03
1.7130871780000000e+03 6.4836461499999996e+02 1.2585599999999999e+00 1.8763143740000000e+03
1.7233063460000001e+03 6.5398956099999998e+02 1.2640000000000000e+00 1.8807740070000000e+03
1.7335497650000000e+03 6.5963465199999996e+02 1.2694399999999999e+00 1.8852303919999999e+03
1.7438174190000000e+03 6.6529982399999994e+02 1.2748800000000000e+00 1.8896835060000001e+03
1.7541092890000000e+03 6.7098501599999997e+02 1.2803199999999999e+00 1.8941333279999999e+03
1.7644253580000000e+03 6.7669014800000002e+02 1.2857600000000000e+00 1.8985798250000000e+03
1.7747655119999999e+03 6.8236024499999996e+02 1.2911999999999999e+00 1.9029803750000001e+03
1.7851295120000000e+03 6.8801512500000001e+02 1.2966400000000000e+00 1.9073506550000000e+03
1.7955172370000000e+03 6.9367116999999996e+02 1.3020799999999999e+00 1.9117035330000001e+03
1.8059286050000001e+03 6.9933366599999999e+02 1.3075200000000000e+00 1.9160432069999999e+03
1.8163635509999999e+03 7.0500545000000000e+02 1.3129599999999999e+00 1.9203719510000001e+03
1.8268220200000001e+03 7.1068831699999998e+02 1.3184000000000000e+00 1.9246912199999999e+03
1.8373039620000000e+03 7.1638350700000001e+02 1.3238399999999999e+00 1.9290020320000001e+03
1.8478093349999999e+03 7.2209193100000005e+02 1.3292800000000000e+00 1.9333051430000000e+03
1.8583380979999999e+03 7.2781428300000005e+02 1.3347199999999999e+00 1.9376011350000001e+03
1.8688902120000000e+03 7.3355110700000000e+02 1.3401600000000000e+00 1.9418904760000000e+03
1.8794656450000000e+03 7.3930284200000006e+02 1.3455999999999999e+00 1.9461735430000001e+03
1.8900643610000000e+03 7.4506984299999999e+02 1.3510400000000000e+00 1.9504506530000001e+03
1.9006863289999999e+03 7.5085240799999997e+02 1.3564799999999999e+00 1.9547220720000000e+03
1.9113315190000001e+03 7.5665078500000004e+02 1.3619200000000000e+00 1.9589880290000001e+03
1.9219999020000000e+03 7.6246518300000002e+02 1.3673599999999999e+00 1.9632487209999999e+03
1.9326914500000000e+03 7.6829578200000003e+02 1.3728000000000000e+00 1.9675043189999999e+03
1.9434061349999999e+03 7.7414273300000002e+02 1.3782399999999999e+00 1.9717549770000001e+03
1.9541439310000001e+03 7.8000616900000000e+02 1.3836800000000000e+00 1.9760008270000001e+03
1.9649048120000000e+03 7.8588620400000002e+02 1.3891199999999999e+00 1.9802419900000000e+03
1.9756887520000000e+03 7.9178293599999995e+02 1.3945600000000000e+00 1.9844785730000001e+03
1.9864957280000001e+03 7.9769645000000003e+02 1.3999999999999999e+00 1.9887106730000000e+03
