# epsilon[MeV/fm^3] P[MeV/fm^3] nB[fm^-3] muB[MeV]
3.7922401999999998e+01 1.7394299999999999e-01 4.0000000000000001e-02 9.5241044199999999e+02
4.3105271999999999e+01 2.0102600000000001e-01 4.5440000000000001e-02 9.5304532500000005e+02
4.8291255999999997e+01 2.2584799999999999e-01 5.0880000000000002e-02 9.5356123700000001e+02
5.3479776999999999e+01 2.4850300000000000e-01 5.6320000000000002e-02 9.5398403699999994e+02
5.8670397999999999e+01 2.6951599999999998e-01 6.1760000000000002e-02 9.5433978900000000e+02
6.3862825999999998e+01 2.8980099999999998e-01 6.7199999999999996e-02 9.5465395799999999e+02
6.9056899000000001e+01 3.1060300000000002e-01 7.2639999999999996e-02 9.5495086500000002e+02
7.4252585999999994e+01 3.3345700000000000e-01 7.8079999999999997e-02 9.5525335399999994e+02
7.9449977000000004e+01 3.6013499999999998e-01 8.3519999999999997e-02 9.5558260299999995e+02
8.4649270000000001e+01 3.9260099999999998e-01 8.8959999999999997e-02 9.5595804099999998e+02
8.9850764999999996e+01 4.3297799999999997e-01 9.4399999999999998e-02 9.5639733500000000e+02
9.5054852999999994e+01 4.8319699999999999e-01 9.9839999999999998e-02 9.5691330300000004e+02
1.0026191500000000e+02 5.4300899999999996e-01 1.0528000000000000e-01 9.5749531600000000e+02
1.0547238900000001e+02 6.1645700000000003e-01 1.1072000000000000e-01 9.5817411500000003e+02
1.1068685499999999e+02 7.0663299999999996e-01 1.1616000000000000e-01 9.5896770600000002e+02
1.1590597200000001e+02 8.1622099999999997e-01 1.2160000000000000e-01 9.5988817800000004e+02
1.2113045600000000e+02 9.4774099999999994e-01 1.2703999999999999e-01 9.6094470999999999e+02
1.2636106800000000e+02 1.1036010000000001e+00 1.3247999999999999e-01 9.6214444500000002e+02
1.3159860200000000e+02 1.2861050000000001e+00 1.3791999999999999e-01 9.6349291900000003e+02
1.3684387899999999e+02 1.4974630000000000e+00 1.4335999999999999e-01 9.6499433499999998e+02
1.4209774100000001e+02 1.7397879999999999e+00 1.4879999999999999e-01 9.6665176699999995e+02
1.4736104300000000e+02 2.0150950000000001e+00 1.5423999999999999e-01 9.6846732499999996e+02
1.5263464700000000e+02 2.3253059999999999e+00 1.5967999999999999e-01 9.7044228899999996e+02
1.5791942499999999e+02 2.6722489999999999e+00 1.6511999999999999e-01 9.7257723999999996e+02
1.6321624499999999e+02 3.0576610000000000e+00 1.7055999999999999e-01 9.7487216300000000e+02
1.6852597800000001e+02 3.4831949999999998e+00 1.7599999999999999e-01 9.7732654600000001e+02
1.7384948900000001e+02 3.9504199999999998e+00 1.8143999999999999e-01 9.7993946200000005e+02
1.7918763700000000e+02 4.4608260000000000e+00 1.8687999999999999e-01 9.8270964600000002e+02
1.8454127299999999e+02 5.0158329999999998e+00 1.9231999999999999e-01 9.8563555899999994e+02
1.8991124099999999e+02 5.6167910000000001e+00 1.9775999999999999e-01 9.8871543999999994e+02
1.9529837200000000e+02 6.2649869999999996e+00 2.0319999999999999e-01 9.9194735100000003e+02
2.0070348899999999e+02 6.9616470000000001e+00 2.0863999999999999e-01 9.9532921799999997e+02
2.0612740099999999e+02 7.7079409999999999e+00 2.1407999999999999e-01 9.9885885499999995e+02
2.1157090700000001e+02 8.5049840000000003e+00 2.1951999999999999e-01 1.0025339900000000e+03
2.1703479100000001e+02 9.3538390000000007e+00 2.2495999999999999e-01 1.0063522850000001e+03
2.2251982799999999e+02 1.0255516999999999e+01 2.3039999999999999e-01 1.0103113450000000e+03
2.2802677399999999e+02 1.1210982000000000e+01 2.3583999999999999e-01 1.0144087290000000e+03
2.3355637800000000e+02 1.2221145999999999e+01 2.4127999999999999e-01 1.0186419580000000e+03
2.3910937100000001e+02 1.3286873000000000e+01 2.4671999999999999e-01 1.0230085170000000e+03
2.4468647100000001e+02 1.4408979000000000e+01 2.5216000000000000e-01 1.0275058590000001e+03
2.5028838500000001e+02 1.5588229000000000e+01 2.5760000000000000e-01 1.0321314040000000e+03
2.5591580099999999e+02 1.6825337000000001e+01 2.6304000000000000e-01 1.0368825440000001e+03
2.6156939699999998e+02 1.8120968999999999e+01 2.6848000000000000e-01 1.0417566360000001e+03
2.6724983400000002e+02 1.9475736999999999e+01 2.7392000000000000e-01 1.0467510090000001e+03
2.7295776000000001e+02 2.0890201000000001e+01 2.7936000000000000e-01 1.0518629590000000e+03
2.7869380699999999e+02 2.2364868999999999e+01 2.8480000000000000e-01 1.0570897530000000e+03
2.8445859200000001e+02 2.3900196000000001e+01 2.9024000000000000e-01 1.0624286250000000e+03
2.9025271900000001e+02 2.5496583000000001e+01 2.9568000000000000e-01 1.0678767820000000e+03
2.9607677300000000e+02 2.7154375999999999e+01 3.0112000000000000e-01 1.0734314039999999e+03
3.0193132700000001e+02 2.8873868999999999e+01 3.0656000000000000e-01 1.0790896439999999e+03
3.0781693600000000e+02 3.0655301000000001e+01 3.1200000000000000e-01 1.0848486310000001e+03
3.1373414200000002e+02 3.2498857999999998e+01 3.1744000000000000e-01 1.0907054770000000e+03
3.1968346900000000e+02 3.4404676000000002e+01 3.2288000000000000e-01 1.0966572759999999e+03
3.2566542500000003e+02 3.6372836000000000e+01 3.2832000000000000e-01 1.1027011090000001e+03
3.3168050399999998e+02 3.8403371000000000e+01 3.3376000000000000e-01 1.1088340499999999e+03
3.3772918199999998e+02 4.0496263999999996e+01 3.3920000000000000e-01 1.1150531670000000e+03
3.4381192099999998e+02 4.2651449999999997e+01 3.4464000000000000e-01 1.1213555309999999e+03
3.4992916500000001e+02 4.4868819999999999e+01 3.5008000000000000e-01 1.1277382170000001e+03
3.5608134500000000e+02 4.7148218000000000e+01 3.5552000000000000e-01 1.1341983090000001e+03
3.6226887199999999e+02 4.9489446999999998e+01 3.6096000000000000e-01 1.1407329070000001e+03
3.6849038800000000e+02 5.1587020000000003e+01 3.6640000000000000e-01 1.1465012280000001e+03
3.7474153300000000e+02 5.3528602999999997e+01 3.7184000000000000e-01 1.1517609390000000e+03
3.8102073600000000e+02 5.5429167000000000e+01 3.7728000000000000e-01 1.1568346170000000e+03
3.8732721500000002e+02 5.7314737000000001e+01 3.8272000000000000e-01 1.1617961510000000e+03
3.9366046599999999e+02 5.9197713000000000e+01 3.8816000000000001e-01 1.1666809000000001e+03
4.0002012900000000e+02 6.1085318000000001e+01 3.9360000000000001e-01 1.1715094930000000e+03
4.0640592900000001e+02 6.2965440999999998e+01 3.9904000000000001e-01 1.1762531790000000e+03
4.1281583899999998e+02 6.4621378000000007e+01 4.0448000000000001e-01 1.1803746130000000e+03
4.1924777200000000e+02 6.6251767000000001e+01 4.0992000000000001e-01 1.1843780620000000e+03
4.2570136400000001e+02 6.7887730000000005e+01 4.1536000000000001e-01 1.1883422069999999e+03
4.3217646500000001e+02 6.9537432999999993e+01 4.2080000000000001e-01 1.1922876229999999e+03
4.3867300200000000e+02 7.1204728000000003e+01 4.2624000000000001e-01 1.1962238940000000e+03
4.4519094100000001e+02 7.2891852000000000e+01 4.3168000000000001e-01 1.2001564699999999e+03
4.5173027200000001e+02 7.4600262999999998e+01 4.3712000000000001e-01 1.2040887970000001e+03
4.5829100000000000e+02 7.6330980999999994e+01 4.4256000000000001e-01 1.2080232060000001e+03
4.6487314099999998e+02 7.8084761000000000e+01 4.4800000000000001e-01 1.2119613390000000e+03
4.7147671900000000e+02 7.9862179999999995e+01 4.5344000000000001e-01 1.2159043890000000e+03
4.7810176300000001e+02 8.1663694000000007e+01 4.5888000000000001e-01 1.2198532379999999e+03
4.8474830700000001e+02 8.3489670000000004e+01 4.6432000000000001e-01 1.2238085440000000e+03
4.9141638699999999e+02 8.5340407999999996e+01 4.6976000000000001e-01 1.2277707969999999e+03
4.9810604300000000e+02 8.7216155000000001e+01 4.7520000000000001e-01 1.2317403650000001e+03
5.0481731300000001e+02 8.9117120000000000e+01 4.8064000000000001e-01 1.2357175150000000e+03
5.1155024200000003e+02 9.1043476999999996e+01 4.8608000000000001e-01 1.2397024369999999e+03
5.1830487000000005e+02 9.2995372000000003e+01 4.9152000000000001e-01 1.2436952580000000e+03
5.2508124199999997e+02 9.4972930000000005e+01 4.9696000000000001e-01 1.2476960560000000e+03
5.3187940000000003e+02 9.6976253999999997e+01 5.0239999999999996e-01 1.2517048649999999e+03
5.3869938900000000e+02 9.9005432999999996e+01 5.0783999999999996e-01 1.2557216860000001e+03
5.4554125199999999e+02 1.0106053799999999e+02 5.1327999999999996e-01 1.2597464910000001e+03
5.5240503200000001e+02 1.0314163000000001e+02 5.1871999999999996e-01 1.2637792250000000e+03
5.5929077299999994e+02 1.0524875500000000e+02 5.2415999999999996e-01 1.2678198170000001e+03
5.6619851600000004e+02 1.0738195200000000e+02 5.2959999999999996e-01 1.2718681740000000e+03
5.7312830399999996e+02 1.0954124899999999e+02 5.3503999999999996e-01 1.2759241910000001e+03
5.8008017800000005e+02 1.1172666500000000e+02 5.4047999999999996e-01 1.2799877489999999e+03
5.8705417899999998e+02 1.1393821100000000e+02 5.4591999999999996e-01 1.2840587180000000e+03
5.9405034699999999e+02 1.1617589300000000e+02 5.5135999999999996e-01 1.2881369600000000e+03
6.0106872099999998e+02 1.1843970800000000e+02 5.5679999999999996e-01 1.2922223280000001e+03
6.0810933899999998e+02 1.2072964700000000e+02 5.6223999999999996e-01 1.2963146680000000e+03
6.1517223899999999e+02 1.2304569700000000e+02 5.6767999999999996e-01 1.3004138210000001e+03
6.2225745700000004e+02 1.2538783800000000e+02 5.7311999999999996e-01 1.3045196240000000e+03
6.2936502900000005e+02 1.2775604500000000e+02 5.7855999999999996e-01 1.3086319070000000e+03
6.3649499100000003e+02 1.3015029100000001e+02 5.8399999999999996e-01 1.3127505010000000e+03
6.4364737500000001e+02 1.3257054099999999e+02 5.8943999999999996e-01 1.3168752310000000e+03
6.5082221500000003e+02 1.3501675700000001e+02 5.9487999999999996e-01 1.3210059220000001e+03
6.5801954200000000e+02 1.3748890000000000e+02 6.0031999999999996e-01 1.3251423950000001e+03
6.6523938799999996e+02 1.3998692299999999e+02 6.0575999999999997e-01 1.3292844720000001e+03
6.7248178299999995e+02 1.4251077799999999e+02 6.1119999999999997e-01 1.3334319730000000e+03
6.7974675600000000e+02 1.4506041500000001e+02 6.1663999999999997e-01 1.3375847180000001e+03
6.8703433399999994e+02 1.4763577699999999e+02 6.2207999999999997e-01 1.3417425270000001e+03
6.9434454500000004e+02 1.5023680899999999e+02 6.2751999999999997e-01 1.3459052200000001e+03
7.0167741500000000e+02 1.5286344900000000e+02 6.3295999999999997e-01 1.3500726179999999e+03
7.0903296899999998e+02 1.5551563600000000e+02 6.3839999999999997e-01 1.3542445399999999e+03
7.1641123100000004e+02 1.5819330400000001e+02 6.4383999999999997e-01 1.3584208100000001e+03
7.2381222400000001e+02 1.6089638600000001e+02 6.4927999999999997e-01 1.3626012510000000e+03
7.3123596999999995e+02 1.6362481299999999e+02 6.5471999999999997e-01 1.3667856850000001e+03
7.3868249200000002e+02 1.6637851300000000e+02 6.6015999999999997e-01 1.3709739380000001e+03
7.4615180799999996e+02 1.6915741399999999e+02 6.6559999999999997e-01 1.3751658390000000e+03
7.5364393900000005e+02 1.7196143900000001e+02 6.7103999999999997e-01 1.3793612140000000e+03
7.6115890300000001e+02 1.7479051400000000e+02 6.7647999999999997e-01 1.3835598930000001e+03
7.6869671700000004e+02 1.7764455799999999e+02 6.8191999999999997e-01 1.3877617100000000e+03
7.7625739799999997e+02 1.8052349300000000e+02 6.8735999999999997e-01 1.3919664980000000e+03
7.8384096199999999e+02 1.8342723799999999e+02 6.9279999999999997e-01 1.3961740920000000e+03
7.9144742299999996e+02 1.8635570999999999e+02 6.9823999999999997e-01 1.4003843300000001e+03
7.9907679599999994e+02 1.8930882700000001e+02 7.0367999999999997e-01 1.4045970520000001e+03
8.0672909300000003e+02 1.9228650200000001e+02 7.0911999999999997e-01 1.4088121010000000e+03
8.1440432699999997e+02 1.9528865099999999e+02 7.1455999999999997e-01 1.4130293190000000e+03
8.2210250900000005e+02 1.9831518700000001e+02 7.1999999999999997e-01 1.4172485540000000e+03
8.2982365000000004e+02 2.0136602300000001e+02 7.2543999999999997e-01 1.4214696540000000e+03
8.3756775900000002e+02 2.0444107000000000e+02 7.3087999999999997e-01 1.4256924690000001e+03
8.4533484499999997e+02 2.0754023799999999e+02 7.3631999999999997e-01 1.4299168540000001e+03
8.5312491799999998e+02 2.1066343900000001e+02 7.4175999999999997e-01 1.4341426620000000e+03
8.6093798200000003e+02 2.1381058200000001e+02 7.4719999999999998e-01 1.4383697529999999e+03
8.6877404700000000e+02 2.1698157499999999e+02 7.5263999999999998e-01 1.4425979850000001e+03
8.7663311599999997e+02 2.2017632800000001e+02 7.5807999999999998e-01 1.4468272219999999e+03
8.8451519599999995e+02 2.2339474700000000e+02 7.6351999999999998e-01 1.4510573270000000e+03
8.9242029100000002e+02 2.2663674100000000e+02 7.6895999999999998e-01 1.4552881689999999e+03
9.0034840399999996e+02 2.2990221700000001e+02 7.7439999999999998e-01 1.4595196149999999e+03
9.0829953899999998e+02 2.3319108100000000e+02 7.7983999999999998e-01 1.4637515370000001e+03
9.1627369699999997e+02 2.3650324000000001e+02 7.8527999999999998e-01 1.4679838099999999e+03
9.2427088000000003e+02 2.3983860000000001e+02 7.9071999999999998e-01 1.4722163089999999e+03
9.3229108900000006e+02 2.4319706700000000e+02 7.9615999999999998e-01 1.4764489129999999e+03
9.4033432400000004e+02 2.4657854599999999e+02 8.0159999999999998e-01 1.4806815030000000e+03
9.4840058499999998e+02 2.4998294500000000e+02 8.0703999999999998e-01 1.4849139600000001e+03
9.5648987099999999e+02 2.5341016700000000e+02 8.1247999999999998e-01 1.4891461720000000e+03
9.6460217999999998e+02 2.5686011900000000e+02 8.1791999999999998e-01 1.4933780240000001e+03
9.7273751000000004e+02 2.6033270499999998e+02 8.2335999999999998e-01 1.4976094060000000e+03
9.8089585799999998e+02 2.6382783200000000e+02 8.2879999999999998e-01 1.5018402110000000e+03
9.8907722000000001e+02 2.6734540399999997e+02 8.3423999999999998e-01 1.5060703309999999e+03
9.9728159300000004e+02 2.7088532800000002e+02 8.3967999999999998e-01 1.5102996619999999e+03
1.0055089720000000e+03 2.7444750800000003e+02 8.4511999999999998e-01 1.5145281030000001e+03
1.0137593520000000e+03 2.7803185100000002e+02 8.5055999999999998e-01 1.5187555540000001e+03
1.0220327270000000e+03 2.8163826100000000e+02 8.5599999999999998e-01 1.5229819170000001e+03
1.0303290919999999e+03 2.8526664499999998e+02 8.6143999999999998e-01 1.5272070950000000e+03
1.0386484379999999e+03 2.8891690899999998e+02 8.6687999999999998e-01 1.5314309960000001e+03
1.0469907599999999e+03 2.9258895899999999e+02 8.7231999999999998e-01 1.5356535269999999e+03
1.0553560490000000e+03 2.9628270099999997e+02 8.7775999999999998e-01 1.5398745980000001e+03
1.0637442970000000e+03 2.9999804200000000e+02 8.8319999999999999e-01 1.5440941210000001e+03
1.0721554960000001e+03 3.0373488900000001e+02 8.8863999999999999e-01 1.5483120100000001e+03
1.0805896359999999e+03 3.0749314900000002e+02 8.9407999999999999e-01 1.5525281809999999e+03
1.0890467080000001e+03 3.1127272900000003e+02 8.9951999999999999e-01 1.5567425510000000e+03
1.0975267019999999e+03 3.1507353699999999e+02 9.0495999999999999e-01 1.5609550400000001e+03
1.1060296080000001e+03 3.1889548000000002e+02 9.1039999999999999e-01 1.5651655679999999e+03
1.1145554139999999e+03 3.2273846800000001e+02 9.1583999999999999e-01 1.5693740590000000e+03
1.1231041090000001e+03 3.2660240800000003e+02 9.2127999999999999e-01 1.5735804370000001e+03
1.1316756809999999e+03 3.3048720900000001e+02 9.2671999999999999e-01 1.5777846280000001e+03
1.1402701199999999e+03 3.3439278200000001e+02 9.3215999999999999e-01 1.5819865609999999e+03
1.1488874100000000e+03 3.3831903499999999e+02 9.3759999999999999e-01 1.5861861640000000e+03
1.1575275420000000e+03 3.4226587799999999e+02 9.4303999999999999e-01 1.5903833709999999e+03
1.1661904990000000e+03 3.4623322200000001e+02 9.4847999999999999e-01 1.5945781119999999e+03
1.1748762700000000e+03 3.5022097800000000e+02 9.5391999999999999e-01 1.5987703220000001e+03
1.1835848410000001e+03 3.5422905700000001e+02 9.5935999999999999e-01 1.6029599390000001e+03
1.1923161960000000e+03 3.5825736999999998e+02 9.6479999999999999e-01 1.6071468980000000e+03
1.2010703220000000e+03 3.6230583000000001e+02 9.7023999999999999e-01 1.6113311389999999e+03
1.2098472030000000e+03 3.6637434900000000e+02 9.7567999999999999e-01 1.6155126020000000e+03
1.2186468239999999e+03 3.7046283899999997e+02 9.8111999999999999e-01 1.6196912299999999e+03
1.2274691700000001e+03 3.7457121500000000e+02 9.8655999999999999e-01 1.6238669649999999e+03
1.2363142250000001e+03 3.7869938999999999e+02 9.9199999999999999e-01 1.6280397519999999e+03
1.2451819720000001e+03 3.8284727900000001e+02 9.9743999999999999e-01 1.6322095380000001e+03
1.2540723949999999e+03 3.8701479599999999e+02 1.0028800000000000e+00 1.6363762700000000e+03
1.2629854769999999e+03 3.9120185600000002e+02 1.0083200000000001e+00 1.6405398960000000e+03
1.2719212020000000e+03 3.9540837599999998e+02 1.0137600000000000e+00 1.6447003669999999e+03
1.2808795510000000e+03 3.9963427100000001e+02 1.0192000000000001e+00 1.6488576340000000e+03
1.2898605080000000e+03 4.0387945800000000e+02 1.0246400000000000e+00 1.6530116490000000e+03
1.2988640539999999e+03 4.0814385499999997e+02 1.0300800000000001e+00 1.6571623669999999e+03
1.3078901719999999e+03 4.1242737899999997e+02 1.0355200000000000e+00 1.6613097430000000e+03
1.3169388429999999e+03 4.1672994899999998e+02 1.0409600000000001e+00 1.6654537330000001e+03
1.3260100480000001e+03 4.2105148400000002e+02 1.0464000000000000e+00 1.6695942950000001e+03
1.3351037690000001e+03 4.2539190200000002e+02 1.0518400000000001e+00 1.6737313870000000e+03
1.3442199869999999e+03 4.2975112500000000e+02 1.0572800000000000e+00 1.6778649690000000e+03
1.3533586829999999e+03 4.3412907200000001e+02 1.0627200000000001e+00 1.6819950030000000e+03
1.3625198370000001e+03 4.3852566500000000e+02 1.0681600000000000e+00 1.6861214510000000e+03
1.3717034300000000e+03 4.4294082500000002e+02 1.0736000000000001e+00 1.6902442750000000e+03
1.3809094410000000e+03 4.4737447500000002e+02 1.0790400000000000e+00 1.6943634410000000e+03
1.3901378520000001e+03 4.5182653900000003e+02 1.0844800000000001e+00 1.6984789149999999e+03
1.3993886399999999e+03 4.5629693800000001e+02 1.0899200000000000e+00 1.7025906620000001e+03
1.4086617879999999e+03 4.6078559999999999e+02 1.0953599999999999e+00 1.7066986509999999e+03
1.4179572730000000e+03 4.6529244699999998e+02 1.1008000000000000e+00 1.7108028520000000e+03
1.4272750739999999e+03 4.6981740700000000e+02 1.1062399999999999e+00 1.7149032340000001e+03
1.4366151720000000e+03 4.7436040600000001e+02 1.1116800000000000e+00 1.7189997679999999e+03
1.4459775460000001e+03 4.7892137200000002e+02 1.1171199999999999e+00 1.7230924290000000e+03
1.4553621730000000e+03 4.8350023299999998e+02 1.1225600000000000e+00 1.7271811889999999e+03
1.4647690330000000e+03 4.8809692100000001e+02 1.1279999999999999e+00 1.7312660249999999e+03
1.4741981040000001e+03 4.9271136600000000e+02 1.1334400000000000e+00 1.7353469130000001e+03
1.4836493650000000e+03 4.9734350200000000e+02 1.1388799999999999e+00 1.7394238319999999e+03
1.4931227950000000e+03 5.0199326500000001e+02 1.1443200000000000e+00 1.7434967650000001e+03
1.5026183699999999e+03 5.0666059100000001e+02 1.1497599999999999e+00 1.7475656939999999e+03
1.5121360700000000e+03 5.1134542499999998e+02 1.1552000000000000e+00 1.7516306079999999e+03
1.5216758729999999e+03 5.1604771400000004e+02 1.1606399999999999e+00 1.7556915010000000e+03
1.5312377570000001e+03 5.2076742100000001e+02 1.1660800000000000e+00 1.7597483760000000e+03
1.5408217000000000e+03 5.2550453300000004e+02 1.1715199999999999e+00 1.7638012620000000e+03
1.5504276800000000e+03 5.3025917900000002e+02 1.1769600000000000e+00 1.7678503029999999e+03
1.5600556770000001e+03 5.3503124100000002e+02 1.1823999999999999e+00 1.7718954369999999e+03
1.5697056689999999e+03 5.3982016899999996e+02 1.1878400000000000e+00 1.7759362349999999e+03
1.5793776310000001e+03 5.4462589500000001e+02 1.1932799999999999e+00 1.7799726780000001e+03
1.5890715399999999e+03 5.4944835100000000e+02 1.1987200000000000e+00 1.7840047509999999e+03
1.5987873720000000e+03 5.5428747099999998e+02 1.2041599999999999e+00 1.7880324370000001e+03
1.6085251029999999e+03 5.5914318700000001e+02 1.2096000000000000e+00 1.7920557209999999e+03
1.6182847090000000e+03 5.6401543400000003e+02 1.2150399999999999e+00 1.7960745860000000e+03
1.6280661660000001e+03 5.6890414599999997e+02 1.2204800000000000e+00 1.8000890199999999e+03
1.6378694510000000e+03 5.7380925900000000e+02 1.2259199999999999e+00 1.8040990090000000e+03
1.6476945380000000e+03 5.7873070700000005e+02 1.2313600000000000e+00 1.8081045389999999e+03
1.6575414029999999e+03 5.8366842599999995e+02 1.2367999999999999e+00 1.8121055970000000e+03
1.6674100220000000e+03 5.8862235399999997e+02 1.2422400000000000e+00 1.8161021720000001e+03
1.6773003710000000e+03 5.9359242600000005e+02 1.2476799999999999e+00 1.8200942520000001e+03
1.6872124249999999e+03 5.9857858099999999e+02 1.2531200000000000e+00 1.8240818260000001e+03
1.6971461600000000e+03 6.0358075599999995e+02 1.2585599999999999e+00 1.8280648839999999e+03
1.7071015500000001e+03 6.0859888799999999e+02 1.2640000000000000e+00 1.8320434150000001e+03
1.7170785719999999e+03 6.1363291800000002e+02 1.2694399999999999e+00 1.8360174099999999e+03
1.7270772010000001e+03 6.1868278399999997e+02 1.2748800000000000e+00 1.8399868600000000e+03
1.7370974110000000e+03 6.2374842599999999e+02 1.2803199999999999e+00 1.8439517570000000e+03
1.7471391779999999e+03 6.2882978400000002e+02 1.2857600000000000e+00 1.8479120920000000e+03
1.7572024779999999e+03 6.3392679799999996e+02 1.2911999999999999e+00 1.8518678580000001e+03
1.7672872850000001e+03 6.3903940899999998e+02 1.2966400000000000e+00 1.8558190470000000e+03
1.7773935739999999e+03 6.4416755899999998e+02 1.3020799999999999e+00 1.8597656529999999e+03
1.7875213209999999e+03 6.4931119000000001e+02 1.3075200000000000e+00 1.8637076700000000e+03
1.7976704999999999e+03 6.5447024299999998e+02 1.3129599999999999e+00 1.8676450910000001e+03
1.8078410870000000e+03 6.5964466200000004e+02 1.3184000000000000e+00 1.8715779100000000e+03
1.8180330560000000e+03 6.6483438999999998e+02 1.3238399999999999e+00 1.8755061240000000e+03
1.8282463829999999e+03 6.7003936999999996e+02 1.3292800000000000e+00 1.8794297260000001e+03
1.8384810419999999e+03 6.7525954600000000e+02 1.3347199999999999e+00 1.8833487130000001e+03
1.8487370080000001e+03 6.8049486200000001e+02 1.3401600000000000e+00 1.8872630799999999e+03
1.8590142559999999e+03 6.8574526400000002e+02 1.3455999999999999e+00 1.8911728240000000e+03
1.8693127600000000e+03 6.9101069600000005e+02 1.3510400000000000e+00 1.8950779419999999e+03
1.8796324970000001e+03 6.9629110400000002e+02 1.3564799999999999e+00 1.8989784299999999e+03
1.8899734390000001e+03 7.0158643400000005e+02 1.3619200000000000e+00 1.9028742850000001e+03
1.9003355630000001e+03 7.0689663299999995e+02 1.3673599999999999e+00 1.9067655060000000e+03
1.9107188430000001e+03 7.1222164699999996e+02 1.3728000000000000e+00 1.9106520900000000e+03
1.9211232540000001e+03 7.1756142299999999e+02 1.3782399999999999e+00 1.9145340360000000e+03
1.9315487700000001e+03 7.2291590900000006e+02 1.3836800000000000e+00 1.9184113420000001e+03
1.9419953670000000e+03 7.2828505199999995e+02 1.3891199999999999e+00 1.9222840060000001e+03
1.9524630190000000e+03 7.3366880200000003e+02 1.3945600000000000e+00 1.9261520290000001e+03
1.9629517000000001e+03 7.3906710699999996e+02 1.3999999999999999e+00 1.9300154090000001e+03
