# epsilon[MeV/fm^3] P[MeV/fm^3] nB[fm^-3] muB[MeV]
3.7798336999999997e+01 1.0454900000000000e-01 4.0000000000000001e-02 9.4757396500000004e+02
4.2954782000000002e+01 1.3078799999999999e-01 4.5440000000000001e-02 9.4818776700000001e+02
4.8114548999999997e+01 1.6017600000000001e-01 5.0880000000000002e-02 9.4879750500000000e+02
5.3277627000000003e+01 1.9292999999999999e-01 5.6320000000000002e-02 9.4940798900000004e+02
5.8444037000000002e+01 2.2941800000000001e-01 6.1760000000000002e-02 9.5002533200000005e+02
6.3613833999999997e+01 2.7018399999999998e-01 6.7199999999999996e-02 9.5065681099999995e+02
6.8787118000000007e+01 3.1595600000000001e-01 7.2639999999999996e-02 9.5131060600000001e+02
7.3964033000000001e+01 3.6764000000000002e-01 7.8079999999999997e-02 9.5199551199999996e+02
7.9144772000000003e+01 4.2631100000000000e-01 8.3519999999999997e-02 9.5272066500000005e+02
8.4329581000000005e+01 4.9320599999999998e-01 8.8959999999999997e-02 9.5349530800000002e+02
8.9518752000000006e+01 5.6970299999999996e-01 9.4399999999999998e-02 9.5432860300000004e+02
9.4712630000000004e+01 6.5730699999999997e-01 9.9839999999999998e-02 9.5522947299999998e+02
9.9911604999999994e+01 7.5763300000000000e-01 1.0528000000000000e-01 9.5620649700000001e+02
1.0511611400000000e+02 8.7238800000000005e-01 1.1072000000000000e-01 9.5726781700000004e+02
1.1032663599999999e+02 1.0033580000000000e+00 1.1616000000000000e-01 9.5842108499999995e+02
1.1554369100000000e+02 1.1523890000000001e+00 1.2160000000000000e-01 9.5967342299999996e+02
1.2076781200000001e+02 1.3195040000000000e+00 1.2703999999999999e-01 9.6101647700000001e+02
1.2599946300000001e+02 1.5056050000000001e+00 1.3247999999999999e-01 9.6244938400000001e+02
1.3123919100000001e+02 1.7141150000000001e+00 1.3791999999999999e-01 9.6399028799999996e+02
1.3648760799999999e+02 1.9473840000000000e+00 1.4335999999999999e-01 9.6564756299999999e+02
1.4174536300000000e+02 2.2075589999999998e+00 1.4879999999999999e-01 9.6742724299999998e+02
1.4701313700000000e+02 2.4966910000000002e+00 1.5423999999999999e-01 9.6933408199999997e+02
1.5229163199999999e+02 2.8167689999999999e+00 1.5967999999999999e-01 9.7137193300000001e+02
1.5758156900000000e+02 3.1697280000000001e+00 1.6511999999999999e-01 9.7354394300000001e+02
1.6288368700000001e+02 3.5574580000000000e+00 1.7055999999999999e-01 9.7585267099999999e+02
1.6819873300000000e+02 3.9818020000000001e+00 1.7599999999999999e-01 9.7830017299999997e+02
1.7352746900000000e+02 4.4445560000000004e+00 1.8143999999999999e-01 9.8088806000000000e+02
1.7887066100000001e+02 4.9474739999999997e+00 1.8687999999999999e-01 9.8361755400000004e+02
1.8422908300000000e+02 5.4922610000000001e+00 1.9231999999999999e-01 9.8648952499999996e+02
1.8960351100000000e+02 6.0805730000000002e+00 1.9775999999999999e-01 9.8950452600000006e+02
1.9499472399999999e+02 6.7140209999999998e+00 2.0319999999999999e-01 9.9266281800000002e+02
2.0040350300000000e+02 7.3941600000000003e+00 2.0863999999999999e-01 9.9596439699999996e+02
2.0583062699999999e+02 8.1224969999999992e+00 2.1407999999999999e-01 9.9940901399999996e+02
2.1127687200000000e+02 8.9004840000000005e+00 2.1951999999999999e-01 1.0029961860000000e+03
2.1674301299999999e+02 9.7295160000000003e+00 2.2495999999999999e-01 1.0067252150000000e+03
2.2222981899999999e+02 1.0610929000000000e+01 2.3039999999999999e-01 1.0105951960000000e+03
2.2773805400000001e+02 1.1546001000000000e+01 2.3583999999999999e-01 1.0146050270000000e+03
2.3326847699999999e+02 1.2535944000000001e+01 2.4127999999999999e-01 1.0187534190000000e+03
2.3882183699999999e+02 1.3581906999999999e+01 2.4671999999999999e-01 1.0230388960000000e+03
2.4439887600000000e+02 1.4684968000000000e+01 2.5216000000000000e-01 1.0274598100000001e+03
2.5000032600000000e+02 1.5846137000000001e+01 2.5760000000000000e-01 1.0320143390000001e+03
2.5562690799999999e+02 1.7066348999999999e+01 2.6304000000000000e-01 1.0367004979999999e+03
2.6127933500000000e+02 1.8346468000000002e+01 2.6848000000000000e-01 1.0415161390000001e+03
2.6695830300000000e+02 1.9687276000000001e+01 2.7392000000000000e-01 1.0464589650000000e+03
2.7266449999999998e+02 2.1089482000000000e+01 2.7936000000000000e-01 1.0515265290000000e+03
2.7839859500000000e+02 2.2553711000000000e+01 2.8480000000000000e-01 1.0567162440000000e+03
2.8416124800000000e+02 2.4080511999999999e+01 2.9024000000000000e-01 1.0620253909999999e+03
2.8995310100000000e+02 2.5670349999999999e+01 2.9568000000000000e-01 1.0674511299999999e+03
2.9577477900000002e+02 2.7323612000000001e+01 3.0112000000000000e-01 1.0729905040000001e+03
3.0162689300000000e+02 2.9040603999999998e+01 3.0656000000000000e-01 1.0786404510000000e+03
3.0751003700000001e+02 3.0821552000000001e+01 3.1200000000000000e-01 1.0843978179999999e+03
3.1342478599999998e+02 3.2666606999999999e+01 3.1744000000000000e-01 1.0902593670000001e+03
3.1937169899999998e+02 3.4575840999999997e+01 3.2288000000000000e-01 1.0962217869999999e+03
3.2535131400000000e+02 3.6549255000000002e+01 3.2832000000000000e-01 1.1022817080000000e+03
3.3136415399999998e+02 3.8586776999999998e+01 3.3376000000000000e-01 1.1084357120000000e+03
3.3741072100000002e+02 4.0688268999999998e+01 3.3920000000000000e-01 1.1146803420000001e+03
3.4349149899999998e+02 4.2853524000000000e+01 3.4464000000000000e-01 1.1210121180000001e+03
3.4960695299999998e+02 4.5082278000000002e+01 3.5008000000000000e-01 1.1274275439999999e+03
3.5575731900000000e+02 4.7285026000000002e+01 3.5552000000000000e-01 1.1336716890000000e+03
3.6193889799999999e+02 4.9190274000000002e+01 3.6096000000000000e-01 1.1389899049999999e+03
3.6814852800000000e+02 5.1021290000000000e+01 3.6640000000000000e-01 1.1440241590000001e+03
3.7438511799999998e+02 5.2826103000000003e+01 3.7184000000000000e-01 1.1489131450000000e+03
3.8064803699999999e+02 5.4622925000000002e+01 3.7728000000000000e-01 1.1537097460000000e+03
3.8693686500000001e+02 5.6421394999999997e+01 3.8272000000000000e-01 1.1584419989999999e+03
3.9325130400000000e+02 5.8227434000000002e+01 3.8816000000000001e-01 1.1631270830000001e+03
3.9959112900000002e+02 6.0045006000000001e+01 3.9360000000000001e-01 1.1677764589999999e+03
4.0595616899999999e+02 6.1876925000000000e+01 3.9904000000000001e-01 1.1723982129999999e+03
4.1234629100000001e+02 6.3725276000000001e+01 4.0448000000000001e-01 1.1769982809999999e+03
4.1876074999999997e+02 6.5449033999999997e+01 4.0992000000000001e-01 1.1812316820000001e+03
4.2519727599999999e+02 6.7091521000000000e+01 4.1536000000000001e-01 1.1852116559999999e+03
4.3165531900000002e+02 6.8737583000000001e+01 4.2080000000000001e-01 1.1891483530000000e+03
4.3813472300000001e+02 7.0397529000000006e+01 4.2624000000000001e-01 1.1930672529999999e+03
4.4463542400000000e+02 7.2075654000000000e+01 4.3168000000000001e-01 1.1969788300000000e+03
4.5115739900000000e+02 7.3774303000000003e+01 4.3712000000000001e-01 1.2008886660000001e+03
4.5770064700000000e+02 7.5494940000000000e+01 4.4256000000000001e-01 1.2048001350000000e+03
4.6426518399999998e+02 7.7238558999999995e+01 4.4800000000000001e-01 1.2087154300000000e+03
4.7085103600000002e+02 7.9005870999999999e+01 4.5344000000000001e-01 1.2126360380000001e+03
4.7745823300000001e+02 8.0797407000000007e+01 4.5888000000000001e-01 1.2165629950000000e+03
4.8408681300000001e+02 8.2613570999999993e+01 4.6432000000000001e-01 1.2204970290000001e+03
4.9073681499999998e+02 8.4454679999999996e+01 4.6976000000000001e-01 1.2244386489999999e+03
4.9740828199999999e+02 8.6320980000000006e+01 4.7520000000000001e-01 1.2283882090000000e+03
5.0410125799999997e+02 8.8212671000000000e+01 4.8064000000000001e-01 1.2323459390000000e+03
5.1081578700000000e+02 9.0129908000000000e+01 4.8608000000000001e-01 1.2363119810000001e+03
5.1755191500000001e+02 9.2072815000000006e+01 4.9152000000000001e-01 1.2402864020000000e+03
5.2430968800000005e+02 9.4041488999999999e+01 4.9696000000000001e-01 1.2442692139999999e+03
5.3108915200000001e+02 9.6036004000000005e+01 5.0239999999999996e-01 1.2482603830000000e+03
5.3789035100000001e+02 9.8056415000000001e+01 5.0783999999999996e-01 1.2522598379999999e+03
5.4471333000000004e+02 1.0010276200000000e+02 5.1327999999999996e-01 1.2562674780000000e+03
5.5155813400000000e+02 1.0217506700000000e+02 5.1871999999999996e-01 1.2602831770000000e+03
5.5842480599999999e+02 1.0427334300000000e+02 5.2415999999999996e-01 1.2643067900000001e+03
5.6531338900000003e+02 1.0639758999999999e+02 5.2959999999999996e-01 1.2683381529999999e+03
5.7222392400000001e+02 1.0854779700000000e+02 5.3503999999999996e-01 1.2723770890000001e+03
5.7915645199999994e+02 1.1072394700000000e+02 5.4047999999999996e-01 1.2764234100000001e+03
5.8611101299999996e+02 1.1292601200000000e+02 5.4591999999999996e-01 1.2804769200000001e+03
5.9308764499999995e+02 1.1515395800000000e+02 5.5135999999999996e-01 1.2845374139999999e+03
6.0008638599999995e+02 1.1740774500000001e+02 5.5679999999999996e-01 1.2886046790000000e+03
6.0710727199999997e+02 1.1968732500000000e+02 5.6223999999999996e-01 1.2926785020000000e+03
6.1415033800000003e+02 1.2199264500000000e+02 5.6767999999999996e-01 1.2967586610000001e+03
6.2121561799999995e+02 1.2432364800000001e+02 5.7311999999999996e-01 1.3008449360000000e+03
6.2830314499999997e+02 1.2668027200000000e+02 5.7855999999999996e-01 1.3049371020000001e+03
6.3541294900000003e+02 1.2906244899999999e+02 5.8399999999999996e-01 1.3090349329999999e+03
6.4254506200000003e+02 1.3147010900000001e+02 5.8943999999999996e-01 1.3131382040000001e+03
6.4969951200000003e+02 1.3390317600000000e+02 5.9487999999999996e-01 1.3172466879999999e+03
6.5687632699999995e+02 1.3636157299999999e+02 6.0031999999999996e-01 1.3213601600000000e+03
6.6407553299999995e+02 1.3884521799999999e+02 6.0575999999999997e-01 1.3254783960000000e+03
6.7129715599999997e+02 1.4135402700000000e+02 6.1119999999999997e-01 1.3296011699999999e+03
6.7854122099999995e+02 1.4388791399999999e+02 6.1663999999999997e-01 1.3337282630000000e+03
6.8580774799999995e+02 1.4644678800000000e+02 6.2207999999999997e-01 1.3378594519999999e+03
6.9309676200000001e+02 1.4903055800000001e+02 6.2751999999999997e-01 1.3419945200000000e+03
7.0040828099999999e+02 1.5163912999999999e+02 6.3295999999999997e-01 1.3461332510000000e+03
7.0774232500000005e+02 1.5427240800000001e+02 6.3839999999999997e-01 1.3502754310000000e+03
7.1509891400000004e+02 1.5693029500000000e+02 6.4383999999999997e-01 1.3544208500000000e+03
7.2247806200000002e+02 1.5961269100000001e+02 6.4927999999999997e-01 1.3585692990000000e+03
7.2987978699999996e+02 1.6231949499999999e+02 6.5471999999999997e-01 1.3627205730000001e+03
7.3730410300000005e+02 1.6505060499999999e+02 6.6015999999999997e-01 1.3668744700000000e+03
7.4475102500000003e+02 1.6780591699999999e+02 6.6559999999999997e-01 1.3710307900000000e+03
7.5222056399999997e+02 1.7058532700000001e+02 6.7103999999999997e-01 1.3751893379999999e+03
7.5971273199999996e+02 1.7338873000000001e+02 6.7647999999999997e-01 1.3793499200000001e+03
7.6722753999999998e+02 1.7621601799999999e+02 6.8191999999999997e-01 1.3835123480000000e+03
7.7476499699999999e+02 1.7906708399999999e+02 6.8735999999999997e-01 1.3876764340000000e+03
7.8232511199999999e+02 1.8194182000000001e+02 6.9279999999999997e-01 1.3918419960000001e+03
7.8990789199999995e+02 1.8484011699999999e+02 6.9823999999999997e-01 1.3960088550000000e+03
7.9751334499999996e+02 1.8776186600000000e+02 7.0367999999999997e-01 1.4001768340000001e+03
8.0514147400000002e+02 1.9070695699999999e+02 7.0911999999999997e-01 1.4043457599999999e+03
8.1279228599999999e+02 1.9367527899999999e+02 7.1455999999999997e-01 1.4085154640000001e+03
8.2046578399999999e+02 1.9666672199999999e+02 7.1999999999999997e-01 1.4126857789999999e+03
8.2816197099999999e+02 1.9968117400000000e+02 7.2543999999999997e-01 1.4168565440000000e+03
8.3588084900000001e+02 2.0271852600000000e+02 7.3087999999999997e-01 1.4210275979999999e+03
8.4362241800000004e+02 2.0577866499999999e+02 7.3631999999999997e-01 1.4251987859999999e+03
8.5138667999999996e+02 2.0886148000000000e+02 7.4175999999999997e-01 1.4293699549999999e+03
8.5917363399999999e+02 2.1196685900000000e+02 7.4719999999999998e-01 1.4335409549999999e+03
8.6698327800000004e+02 2.1509469200000001e+02 7.5263999999999998e-01 1.4377116400000000e+03
8.7481561099999999e+02 2.1824486600000000e+02 7.5807999999999998e-01 1.4418818670000001e+03
8.8267062899999996e+02 2.2141727000000000e+02 7.6351999999999998e-01 1.4460514960000000e+03
8.9054832899999997e+02 2.2461179300000001e+02 7.6895999999999998e-01 1.4502203919999999e+03
8.9844870600000002e+02 2.2782832400000001e+02 7.7439999999999998e-01 1.4543884190000001e+03
9.0637175500000001e+02 2.3106675200000001e+02 7.7983999999999998e-01 1.4585554480000001e+03
9.1431747199999995e+02 2.3432696700000000e+02 7.8527999999999998e-01 1.4627213509999999e+03
9.2228584799999999e+02 2.3760885800000000e+02 7.9071999999999998e-01 1.4668860030000001e+03
9.3027687700000001e+02 2.4091231500000001e+02 7.9615999999999998e-01 1.4710492830000001e+03
9.3829055200000005e+02 2.4423722799999999e+02 8.0159999999999998e-01 1.4752110729999999e+03
9.4632686300000000e+02 2.4758348899999999e+02 8.0703999999999998e-01 1.4793712570000000e+03
9.5438580200000001e+02 2.5095098800000000e+02 8.1247999999999998e-01 1.4835297210000001e+03
9.6246735899999999e+02 2.5433961600000001e+02 8.1791999999999998e-01 1.4876863559999999e+03
9.7057152399999995e+02 2.5774926499999998e+02 8.2335999999999998e-01 1.4918410530000001e+03
9.7869828600000005e+02 2.6117982899999998e+02 8.2879999999999998e-01 1.4959937090000001e+03
9.8684763299999997e+02 2.6463119899999998e+02 8.3423999999999998e-01 1.5001442199999999e+03
9.9501955399999997e+02 2.6810326900000001e+02 8.3967999999999998e-01 1.5042924880000000e+03
1.0032140360000000e+03 2.7159593300000000e+02 8.4511999999999998e-01 1.5084384150000001e+03
1.0114310660000000e+03 2.7510908499999999e+02 8.5055999999999998e-01 1.5125819059999999e+03
1.0196706310000000e+03 2.7864261900000002e+02 8.5599999999999998e-01 1.5167228700000001e+03
1.0279327160000000e+03 2.8219643200000002e+02 8.6143999999999998e-01 1.5208612169999999e+03
1.0362173080000000e+03 2.8577042000000000e+02 8.6687999999999998e-01 1.5249968580000000e+03
1.0445243900000000e+03 2.8936447800000002e+02 8.7231999999999998e-01 1.5291297099999999e+03
1.0528539490000001e+03 2.9297850499999998e+02 8.7775999999999998e-01 1.5332596900000001e+03
1.0612059670000001e+03 2.9661239699999999e+02 8.8319999999999999e-01 1.5373867150000001e+03
1.0695804290000001e+03 3.0026605300000000e+02 8.8863999999999999e-01 1.5415107100000000e+03
1.0779773180000000e+03 3.0393937299999999e+02 8.9407999999999999e-01 1.5456315959999999e+03
1.0863966160000000e+03 3.0763225599999998e+02 8.9951999999999999e-01 1.5497492990000001e+03
1.0948383070000000e+03 3.1134460100000001e+02 9.0495999999999999e-01 1.5538637480000000e+03
1.1033023730000000e+03 3.1507631099999998e+02 9.1039999999999999e-01 1.5579748720000000e+03
1.1117887940000001e+03 3.1882728600000002e+02 9.1583999999999999e-01 1.5620826039999999e+03
1.1202975530000001e+03 3.2259742899999998e+02 9.2127999999999999e-01 1.5661868760000000e+03
1.1288286300000000e+03 3.2638664199999999e+02 9.2671999999999999e-01 1.5702876240000001e+03
1.1373820069999999e+03 3.3019482900000003e+02 9.3215999999999999e-01 1.5743847860000001e+03
1.1459576629999999e+03 3.3402189399999997e+02 9.3759999999999999e-01 1.5784783010000001e+03
1.1545555780000000e+03 3.3786774200000002e+02 9.4303999999999999e-01 1.5825681090000000e+03
1.1631757319999999e+03 3.4173227900000001e+02 9.4847999999999999e-01 1.5866541540000001e+03
1.1718181050000001e+03 3.4561541000000000e+02 9.5391999999999999e-01 1.5907363809999999e+03
1.1804826750000000e+03 3.4951704300000000e+02 9.5935999999999999e-01 1.5948147340000000e+03
1.1891694219999999e+03 3.5343708500000002e+02 9.6479999999999999e-01 1.5988891610000001e+03
1.1978783229999999e+03 3.5737544300000002e+02 9.7023999999999999e-01 1.6029596130000000e+03
1.2066093570000000e+03 3.6133202799999998e+02 9.7567999999999999e-01 1.6070260390000001e+03
1.2153625030000001e+03 3.6530674800000003e+02 9.8111999999999999e-01 1.6110883920000001e+03
1.2241377370000000e+03 3.6929951399999999e+02 9.8655999999999999e-01 1.6151466260000000e+03
1.2329350370000000e+03 3.7331023699999997e+02 9.9199999999999999e-01 1.6192006950000000e+03
1.2417543810000000e+03 3.7733882799999998e+02 9.9743999999999999e-01 1.6232505570000001e+03
1.2505957450000001e+03 3.8138519900000000e+02 1.0028800000000000e+00 1.6272961700000001e+03
1.2594591060000000e+03 3.8544926400000003e+02 1.0083200000000001e+00 1.6313374930000000e+03
1.2683444410000000e+03 3.8953093500000000e+02 1.0137600000000000e+00 1.6353744859999999e+03
1.2772517260000000e+03 3.9363012800000001e+02 1.0192000000000001e+00 1.6394071120000001e+03
1.2861809370000001e+03 3.9774675700000000e+02 1.0246400000000000e+00 1.6434353340000000e+03
1.2951320499999999e+03 4.0188073700000001e+02 1.0300800000000001e+00 1.6474591160000000e+03
1.3041050410000000e+03 4.0603198600000002e+02 1.0355200000000000e+00 1.6514784239999999e+03
1.3130998860000000e+03 4.1020041900000001e+02 1.0409600000000001e+00 1.6554932249999999e+03
1.3221165590000001e+03 4.1438595500000002e+02 1.0464000000000000e+00 1.6595034870000000e+03
1.3311550360000001e+03 4.1858851199999998e+02 1.0518400000000001e+00 1.6635091800000000e+03
1.3402152930000000e+03 4.2280800799999997e+02 1.0572800000000000e+00 1.6675102720000000e+03
1.3492973030000001e+03 4.2704436399999997e+02 1.0627200000000001e+00 1.6715067360000000e+03
1.3584010420000000e+03 4.3129749900000002e+02 1.0681600000000000e+00 1.6754985440000000e+03
1.3675264840000000e+03 4.3556733500000001e+02 1.0736000000000001e+00 1.6794856700000000e+03
1.3766736040000001e+03 4.3985379200000000e+02 1.0790400000000000e+00 1.6834680870000000e+03
1.3858423769999999e+03 4.4415679399999999e+02 1.0844800000000001e+00 1.6874457720000000e+03
1.3950327749999999e+03 4.4847626200000002e+02 1.0899200000000000e+00 1.6914186999999999e+03
1.4042447740000000e+03 4.5281211999999999e+02 1.0953599999999999e+00 1.6953868490000000e+03
1.4134783470000000e+03 4.5716429299999999e+02 1.1008000000000000e+00 1.6993501970000000e+03
1.4227334679999999e+03 4.6153270500000002e+02 1.1062399999999999e+00 1.7033087230000001e+03
1.4320101110000001e+03 4.6591728100000000e+02 1.1116800000000000e+00 1.7072624080000001e+03
1.4413082489999999e+03 4.7031794700000000e+02 1.1171199999999999e+00 1.7112112310000000e+03
1.4506278560000001e+03 4.7473462999999998e+02 1.1225600000000000e+00 1.7151551750000001e+03
1.4599689049999999e+03 4.7916725700000001e+02 1.1279999999999999e+00 1.7190942210000001e+03
1.4693313700000001e+03 4.8361575599999998e+02 1.1334400000000000e+00 1.7230283540000000e+03
1.4787152240000000e+03 4.8808005500000002e+02 1.1388799999999999e+00 1.7269575580000001e+03
1.4881204399999999e+03 4.9256008300000002e+02 1.1443200000000000e+00 1.7308818160000001e+03
1.4975469900000001e+03 4.9705577000000000e+02 1.1497599999999999e+00 1.7348011150000000e+03
1.5069948489999999e+03 5.0156704600000000e+02 1.1552000000000000e+00 1.7387154399999999e+03
1.5164639890000001e+03 5.0609384200000000e+02 1.1606399999999999e+00 1.7426247800000001e+03
1.5259543819999999e+03 5.1063608799999997e+02 1.1660800000000000e+00 1.7465291210000000e+03
1.5354660019999999e+03 5.1519371799999999e+02 1.1715199999999999e+00 1.7504284510000000e+03
1.5449988209999999e+03 5.1976666299999999e+02 1.1769600000000000e+00 1.7543227600000000e+03
1.5545528119999999e+03 5.2435485700000004e+02 1.1823999999999999e+00 1.7582120379999999e+03
1.5641279469999999e+03 5.2895823399999995e+02 1.1878400000000000e+00 1.7620962740000000e+03
1.5737241990000000e+03 5.3357672700000001e+02 1.1932799999999999e+00 1.7659754590000000e+03
1.5833415410000000e+03 5.3821027200000003e+02 1.1987200000000000e+00 1.7698495860000000e+03
1.5929799450000000e+03 5.4285880299999997e+02 1.2041599999999999e+00 1.7737186449999999e+03
1.6026393810000000e+03 5.4752144799999996e+02 1.2096000000000000e+00 1.7775819590000001e+03
1.6123198190000001e+03 5.5219810199999995e+02 1.2150399999999999e+00 1.7814394930000001e+03
1.6220212270000000e+03 5.5688905999999997e+02 1.2204800000000000e+00 1.7852915410000001e+03
1.6317435750000000e+03 5.6159436500000004e+02 1.2259199999999999e+00 1.7891381870000000e+03
1.6414868349999999e+03 5.6631401000000005e+02 1.2313600000000000e+00 1.7929794730000001e+03
1.6512509780000000e+03 5.7104797199999996e+02 1.2367999999999999e+00 1.7968154280000001e+03
1.6610359739999999e+03 5.7579621399999996e+02 1.2422400000000000e+00 1.8006460689999999e+03
1.6708417950000000e+03 5.8055869600000005e+02 1.2476799999999999e+00 1.8044714100000001e+03
1.6806684110000001e+03 5.8533537200000001e+02 1.2531200000000000e+00 1.8082914590000000e+03
1.6905157950000000e+03 5.9012619500000005e+02 1.2585599999999999e+00 1.8121062270000000e+03
1.7003839170000001e+03 5.9493111499999998e+02 1.2640000000000000e+00 1.8159157180000000e+03
1.7102727490000000e+03 5.9975008200000002e+02 1.2694399999999999e+00 1.8197199390000001e+03
1.7201822620000000e+03 6.0458304499999997e+02 1.2748800000000000e+00 1.8235188949999999e+03
1.7301124270000000e+03 6.0942995399999995e+02 1.2803199999999999e+00 1.8273125900000000e+03
1.7400632160000000e+03 6.1429075699999999e+02 1.2857600000000000e+00 1.8311010300000000e+03
1.7500346010000001e+03 6.1916540299999997e+02 1.2911999999999999e+00 1.8348842190000000e+03
1.7600265520000000e+03 6.2405384200000003e+02 1.2966400000000000e+00 1.8386621630000000e+03
1.7700390410000000e+03 6.2895602399999996e+02 1.3020799999999999e+00 1.8424348660000001e+03
1.7800720400000000e+03 6.3387189999999998e+02 1.3075200000000000e+00 1.8462023360000001e+03
1.7901255189999999e+03 6.3880142200000000e+02 1.3129599999999999e+00 1.8499645790000000e+03
1.8001994520000001e+03 6.4374454500000002e+02 1.3184000000000000e+00 1.8537216040000001e+03
1.8102938090000000e+03 6.4870122700000002e+02 1.3238399999999999e+00 1.8574734209999999e+03
1.8204085630000000e+03 6.5367143099999998e+02 1.3292800000000000e+00 1.8612200470000000e+03
1.8305436840000000e+03 6.5865513199999998e+02 1.3347199999999999e+00 1.8649615040000001e+03
1.8406991450000000e+03 6.6365233599999999e+02 1.3401600000000000e+00 1.8686978409999999e+03
1.8508749190000001e+03 6.6866315999999995e+02 1.3455999999999999e+00 1.8724291830000000e+03
1.8610709770000001e+03 6.7368720900000005e+02 1.3510400000000000e+00 1.8761552790000001e+03
1.8712872910000001e+03 6.7872435700000005e+02 1.3564799999999999e+00 1.8798760789999999e+03
1.8815238320000001e+03 6.8377455499999996e+02 1.3619200000000000e+00 1.8835915880000000e+03
1.8917805719999999e+03 6.8883775000000003e+02 1.3673599999999999e+00 1.8873018110000000e+03
1.9020574810000001e+03 6.9391389400000003e+02 1.3728000000000000e+00 1.8910067529999999e+03
1.9123545310000000e+03 6.9900293499999998e+02 1.3782399999999999e+00 1.8947064190000001e+03
1.9226716939999999e+03 7.0410482300000001e+02 1.3836800000000000e+00 1.8984008140000001e+03
1.9330089390000001e+03 7.0921951000000001e+02 1.3891199999999999e+00 1.9020899449999999e+03
1.9433662400000001e+03 7.1434694600000000e+02 1.3945600000000000e+00 1.9057738170000000e+03
1.9537435670000000e+03 7.1948708199999999e+02 1.3999999999999999e+00 1.9094524360000000e+03
