# epsilon[MeV/fm^3] P[MeV/fm^3] nB[fm^-3] muB[MeV]
3.7913164000000002e+01 1.8531800000000001e-01 4.0000000000000001e-02 9.5246388000000002e+02
4.3096893000000001e+01 2.2155900000000001e-01 4.5440000000000001e-02 9.5331280700000002e+02
4.8284964000000002e+01 2.5774999999999998e-01 5.0880000000000002e-02 9.5406458899999996e+02
5.3476889999999997e+01 2.9365799999999997e-01 5.6320000000000002e-02 9.5473454000000004e+02
5.8672269000000000e+01 3.2937100000000002e-01 6.1760000000000002e-02 9.5533923500000003e+02
6.3870793999999997e+01 3.6528800000000000e-01 6.7199999999999996e-02 9.5589585599999998e+02
6.9072248999999999e+01 4.0209099999999998e-01 7.2639999999999996e-02 9.5642165599999998e+02
7.4276511999999997e+01 4.4072200000000000e-01 7.8079999999999997e-02 9.5693356700000004e+02
7.9483553000000001e+01 4.8235000000000000e-01 8.3519999999999997e-02 9.5744792500000005e+02
8.4693427000000000e+01 5.2834300000000001e-01 8.8959999999999997e-02 9.5798029299999996e+02
8.9906272999999999e+01 5.8024299999999995e-01 9.4399999999999998e-02 9.5854535399999997e+02
9.5122282999999996e+01 6.3810100000000003e-01 9.9839999999999998e-02 9.5914022000000000e+02
1.0034157399999999e+02 7.0199699999999998e-01 1.0528000000000000e-01 9.5976211300000000e+02
1.0556439899999999e+02 7.7598800000000001e-01 1.1072000000000000e-01 9.6044599200000005e+02
1.1079114600000000e+02 8.6270000000000002e-01 1.1616000000000000e-01 9.6120908799999995e+02
1.1602228100000001e+02 9.6450599999999997e-01 1.2160000000000000e-01 9.6206412699999998e+02
1.2125833400000000e+02 1.0836910000000000e+00 1.2703999999999999e-01 9.6302144199999998e+02
1.2649988500000001e+02 1.2224919999999999e+00 1.3247999999999999e-01 9.6408971099999997e+02
1.3174755700000000e+02 1.3831150000000001e+00 1.3791999999999999e-01 9.6527631799999995e+02
1.3700201400000000e+02 1.5677350000000001e+00 1.4335999999999999e-01 9.6658757800000001e+02
1.4226394700000000e+02 1.7784960000000001e+00 1.4879999999999999e-01 9.6802888600000006e+02
1.4753407700000000e+02 2.0175079999999999e+00 1.5423999999999999e-01 9.6960483299999999e+02
1.5281314800000001e+02 2.2868460000000002e+00 1.5967999999999999e-01 9.7131930000000000e+02
1.5810192100000000e+02 2.5885430000000000e+00 1.6511999999999999e-01 9.7317553999999996e+02
1.6340117699999999e+02 2.9245930000000002e+00 1.7055999999999999e-01 9.7517624300000000e+02
1.6871170599999999e+02 3.2969499999999998e+00 1.7599999999999999e-01 9.7732360700000004e+02
1.7403431200000000e+02 3.7075209999999998e+00 1.8143999999999999e-01 9.7961938699999996e+02
1.7936980700000001e+02 4.1581750000000000e+00 1.8687999999999999e-01 9.8206495299999995e+02
1.8471900800000000e+02 4.6507350000000001e+00 1.9231999999999999e-01 9.8466133600000001e+02
1.9008273800000001e+02 5.1869839999999998e+00 1.9775999999999999e-01 9.8740926600000000e+02
1.9546182200000001e+02 5.7686669999999998e+00 2.0319999999999999e-01 9.9030921599999999e+02
2.0085709000000000e+02 6.3974849999999996e+00 2.0863999999999999e-01 9.9336142500000005e+02
2.0626936900000001e+02 7.0751049999999998e+00 2.1407999999999999e-01 9.9656593399999997e+02
2.1169948800000000e+02 7.8031519999999999e+00 2.1951999999999999e-01 9.9992260499999998e+02
2.1714827500000001e+02 8.5832149999999992e+00 2.2495999999999999e-01 1.0034311380000000e+03
2.2261655300000001e+02 9.4168450000000004e+00 2.3039999999999999e-01 1.0070910890000000e+03
2.2810514699999999e+02 1.0305554000000001e+01 2.3583999999999999e-01 1.0109018800000000e+03
2.3361487500000001e+02 1.1250816000000000e+01 2.4127999999999999e-01 1.0148628070000000e+03
2.3914655099999999e+02 1.2254061999999999e+01 2.4671999999999999e-01 1.0189730460000000e+03
2.4470098600000000e+02 1.3316681000000001e+01 2.5216000000000000e-01 1.0232316540000000e+03
2.5027898500000001e+02 1.4440018999999999e+01 2.5760000000000000e-01 1.0276375740000001e+03
2.5588134600000001e+02 1.5625370999999999e+01 2.6304000000000000e-01 1.0321896369999999e+03
2.6150886100000002e+02 1.6873987000000000e+01 2.6848000000000000e-01 1.0368865539999999e+03
2.6716231399999998e+02 1.8187061000000000e+01 2.7392000000000000e-01 1.0417269240000001e+03
2.7284248300000002e+02 1.9565733000000002e+01 2.7936000000000000e-01 1.0467092270000001e+03
2.7855013400000001e+02 2.1011085999999999e+01 2.8480000000000000e-01 1.0518318270000000e+03
2.8428602799999999e+02 2.2524142000000001e+01 2.9024000000000000e-01 1.0570929699999999e+03
2.9005091299999998e+02 2.4105858999999999e+01 2.9568000000000000e-01 1.0624907860000001e+03
2.9584552800000000e+02 2.5757131000000001e+01 3.0112000000000000e-01 1.0680232870000000e+03
3.0167059899999998e+02 2.7478784999999998e+01 3.0656000000000000e-01 1.0736883730000000e+03
3.0752684399999998e+02 2.9271578999999999e+01 3.1200000000000000e-01 1.0794838339999999e+03
3.1341496400000000e+02 3.1136202000000001e+01 3.1744000000000000e-01 1.0854073510000001e+03
3.1933564999999999e+02 3.3073272000000003e+01 3.2288000000000000e-01 1.0914565060000000e+03
3.2528958000000000e+02 3.5083337999999998e+01 3.2832000000000000e-01 1.0976287860000000e+03
3.3127741600000002e+02 3.7166877999999997e+01 3.3376000000000000e-01 1.1039215870000000e+03
3.3729980699999999e+02 3.9324297999999999e+01 3.3920000000000000e-01 1.1103322270000001e+03
3.4335738800000001e+02 4.1555939000000002e+01 3.4464000000000000e-01 1.1168579480000001e+03
3.4945077500000002e+02 4.3862074000000000e+01 3.5008000000000000e-01 1.1234959329999999e+03
3.5558057400000001e+02 4.6242908000000000e+01 3.5552000000000000e-01 1.1302433040000001e+03
3.6174675999999999e+02 4.8527399000000003e+01 3.6096000000000000e-01 1.1366211980000000e+03
3.6794490400000001e+02 5.0543370000000003e+01 3.6640000000000000e-01 1.1421640600000001e+03
3.7417246599999999e+02 5.2500861000000000e+01 3.7184000000000000e-01 1.1474665829999999e+03
3.8042849799999999e+02 5.4439267999999998e+01 3.7728000000000000e-01 1.1526410659999999e+03
3.8671244500000000e+02 5.6375095999999999e+01 3.8272000000000000e-01 1.1577346520000001e+03
3.9302394299999997e+02 5.8317439999999998e+01 3.8816000000000001e-01 1.1627732309999999e+03
3.9936273999999997e+02 6.0272025999999997e+01 3.9360000000000001e-01 1.1677729930000000e+03
4.0572862900000001e+02 6.2213909999999998e+01 3.9904000000000001e-01 1.1726724930000000e+03
4.1211937699999999e+02 6.3927746999999997e+01 4.0448000000000001e-01 1.1769378600000000e+03
4.1853297099999997e+02 6.5621567999999996e+01 4.0992000000000001e-01 1.1810969190000001e+03
4.2496909199999999e+02 6.7324866999999998e+01 4.1536000000000001e-01 1.1852240899999999e+03
4.3142762800000003e+02 6.9045966000000007e+01 4.2080000000000001e-01 1.1893401200000001e+03
4.3790854999999999e+02 7.0788886000000005e+01 4.2624000000000001e-01 1.1934547980000000e+03
4.4441186599999997e+02 7.2556006999999994e+01 4.3168000000000001e-01 1.1975737090000000e+03
4.5093761000000001e+02 7.4348912999999996e+01 4.3712000000000001e-01 1.2017003940000000e+03
4.5748583000000002e+02 7.6168736999999993e+01 4.4256000000000001e-01 1.2058372409999999e+03
4.6405658599999998e+02 7.8016340000000000e+01 4.4800000000000001e-01 1.2099859320000000e+03
4.7064994700000000e+02 7.9892396000000005e+01 4.5344000000000001e-01 1.2141476800000000e+03
4.7726598700000000e+02 8.1797455999999997e+01 4.5888000000000001e-01 1.2183233780000000e+03
4.8390478200000001e+02 8.3731973999999994e+01 4.6432000000000001e-01 1.2225136849999999e+03
4.9056641400000001e+02 8.5696337999999997e+01 4.6976000000000001e-01 1.2267190889999999e+03
4.9725096700000000e+02 8.7690880000000007e+01 4.7520000000000001e-01 1.2309399450000001e+03
5.0395852400000001e+02 8.9715886999999995e+01 4.8064000000000001e-01 1.2351765060000000e+03
5.1068917199999999e+02 9.1771615999999995e+01 4.8608000000000001e-01 1.2394289440000000e+03
5.1744299699999999e+02 9.3858288999999999e+01 4.9152000000000001e-01 1.2436973640000001e+03
5.2422008700000004e+02 9.5976106000000001e+01 4.9696000000000001e-01 1.2479818200000000e+03
5.3102053000000001e+02 9.8125247000000002e+01 5.0239999999999996e-01 1.2522823200000000e+03
5.3784441100000004e+02 1.0030587199999999e+02 5.0783999999999996e-01 1.2565988359999999e+03
5.4469181900000001e+02 1.0251812500000000e+02 5.1327999999999996e-01 1.2609313090000001e+03
5.5156283900000005e+02 1.0476213600000000e+02 5.1871999999999996e-01 1.2652796559999999e+03
5.5845755899999995e+02 1.0703802300000000e+02 5.2415999999999996e-01 1.2696437690000000e+03
5.6537606200000005e+02 1.0934589000000000e+02 5.2959999999999996e-01 1.2740235240000000e+03
5.7231843500000002e+02 1.1168583300000000e+02 5.3503999999999996e-01 1.2784187790000001e+03
5.7928476100000000e+02 1.1405793799999999e+02 5.4047999999999996e-01 1.2828293810000000e+03
5.8627512300000001e+02 1.1646228100000000e+02 5.4591999999999996e-01 1.2872551619999999e+03
5.9328960400000005e+02 1.1889893100000000e+02 5.5135999999999996e-01 1.2916959480000000e+03
6.0032828400000005e+02 1.2136794900000000e+02 5.5679999999999996e-01 1.2961515529999999e+03
6.0739124300000003e+02 1.2386938900000000e+02 5.6223999999999996e-01 1.3006217870000000e+03
6.1447856000000002e+02 1.2640329900000000e+02 5.6767999999999996e-01 1.3051064520000000e+03
6.2159031500000003e+02 1.2896972000000000e+02 5.7311999999999996e-01 1.3096053449999999e+03
6.2872658200000001e+02 1.3156868800000001e+02 5.7855999999999996e-01 1.3141182600000000e+03
6.3588743899999997e+02 1.3420023399999999e+02 5.8399999999999996e-01 1.3186449880000000e+03
6.4307295999999997e+02 1.3686438300000000e+02 5.8943999999999996e-01 1.3231853149999999e+03
6.5028321700000004e+02 1.3956115700000001e+02 5.9487999999999996e-01 1.3277390280000000e+03
6.5751828399999999e+02 1.4229057100000000e+02 6.0031999999999996e-01 1.3323059089999999e+03
6.6477823100000001e+02 1.4505263800000000e+02 6.0575999999999997e-01 1.3368857410000001e+03
6.7206312800000001e+02 1.4784736599999999e+02 6.1119999999999997e-01 1.3414783080000000e+03
6.7937304500000005e+02 1.5067475899999999e+02 6.1663999999999997e-01 1.3460833900000000e+03
6.8670804699999997e+02 1.5353482000000000e+02 6.2207999999999997e-01 1.3507007699999999e+03
6.9406820300000004e+02 1.5642754600000001e+02 6.2751999999999997e-01 1.3553302300000000e+03
7.0145357600000000e+02 1.5935293200000001e+02 6.3295999999999997e-01 1.3599715530000001e+03
7.0886423100000002e+02 1.6231096900000000e+02 6.3839999999999997e-01 1.3646245240000001e+03
7.1630023100000005e+02 1.6530164700000000e+02 6.4383999999999997e-01 1.3692889279999999e+03
7.2376163599999995e+02 1.6832495200000000e+02 6.4927999999999997e-01 1.3739645519999999e+03
7.3124850900000001e+02 1.7138086799999999e+02 6.5471999999999997e-01 1.3786511840000001e+03
7.3876090699999997e+02 1.7446937800000001e+02 6.6015999999999997e-01 1.3833486150000001e+03
7.4629889000000003e+02 1.7759046000000001e+02 6.6559999999999997e-01 1.3880566349999999e+03
7.5386251400000003e+02 1.8074409299999999e+02 6.7103999999999997e-01 1.3927750400000000e+03
7.6145183399999996e+02 1.8393025200000000e+02 6.7647999999999997e-01 1.3975036250000001e+03
7.6906690700000001e+02 1.8714891000000000e+02 6.8191999999999997e-01 1.4022421890000001e+03
7.7670778600000006e+02 1.9040003999999999e+02 6.8735999999999997e-01 1.4069905329999999e+03
7.8437452299999995e+02 1.9368361300000001e+02 6.9279999999999997e-01 1.4117484580000000e+03
7.9206716900000004e+02 1.9699959600000000e+02 6.9823999999999997e-01 1.4165157720000000e+03
7.9978577700000005e+02 2.0034795900000000e+02 7.0367999999999997e-01 1.4212922810000000e+03
8.0753039400000000e+02 2.0372866600000000e+02 7.0911999999999997e-01 1.4260777969999999e+03
8.1530106999999998e+02 2.0714168400000000e+02 7.1455999999999997e-01 1.4308721320000000e+03
8.2309785099999999e+02 2.1058697500000000e+02 7.1999999999999997e-01 1.4356751030000000e+03
8.3092078500000002e+02 2.1406450300000000e+02 7.2543999999999997e-01 1.4404865279999999e+03
8.3876991699999996e+02 2.1757422900000000e+02 7.3087999999999997e-01 1.4453062270000000e+03
8.4664529200000004e+02 2.2111611500000001e+02 7.3631999999999997e-01 1.4501340259999999e+03
8.5454695200000003e+02 2.2469011900000001e+02 7.4175999999999997e-01 1.4549697490000001e+03
8.6247494099999994e+02 2.2829620199999999e+02 7.4719999999999998e-01 1.4598132270000001e+03
8.7042930100000001e+02 2.3193432100000001e+02 7.5263999999999998e-01 1.4646642910000000e+03
8.7841007100000002e+02 2.3560443400000000e+02 7.5807999999999998e-01 1.4695227760000000e+03
8.8641729299999997e+02 2.3930649800000000e+02 7.6351999999999998e-01 1.4743885200000000e+03
8.9445100500000001e+02 2.4304046900000000e+02 7.6895999999999998e-01 1.4792613620000000e+03
9.0251124500000003e+02 2.4680630400000001e+02 7.7439999999999998e-01 1.4841411450000001e+03
9.1059805100000005e+02 2.5060395800000001e+02 7.7983999999999998e-01 1.4890277140000001e+03
9.1871145899999999e+02 2.5443338499999999e+02 7.8527999999999998e-01 1.4939209180000000e+03
9.2685150399999998e+02 2.5829453999999998e+02 7.9071999999999998e-01 1.4988206070000001e+03
9.3501822300000003e+02 2.6218737800000002e+02 7.9615999999999998e-01 1.5037266340000001e+03
9.4321164799999997e+02 2.6611185200000000e+02 8.0159999999999998e-01 1.5086388560000000e+03
9.5143181300000003e+02 2.7006791600000003e+02 8.0703999999999998e-01 1.5135571310000000e+03
9.5967875100000003e+02 2.7405552299999999e+02 8.1247999999999998e-01 1.5184813200000001e+03
9.6795249400000000e+02 2.7807462600000002e+02 8.1791999999999998e-01 1.5234112869999999e+03
9.7625307199999997e+02 2.8212517900000000e+02 8.2335999999999998e-01 1.5283468969999999e+03
9.8458051499999999e+02 2.8620713499999999e+02 8.2879999999999998e-01 1.5332880210000001e+03
9.9293485399999997e+02 2.9032044600000000e+02 8.3423999999999998e-01 1.5382345280000000e+03
1.0013161180000000e+03 2.9446506499999998e+02 8.3967999999999998e-01 1.5431862930000000e+03
1.0097243340000000e+03 2.9864094599999999e+02 8.4511999999999998e-01 1.5481431930000001e+03
1.0181595300000000e+03 3.0284804200000002e+02 8.5055999999999998e-01 1.5531051040000000e+03
1.0266217329999999e+03 3.0708630499999998e+02 8.5599999999999998e-01 1.5580719110000000e+03
1.0351109700000000e+03 3.1135568899999998e+02 8.6143999999999998e-01 1.5630434940000000e+03
1.0436272660000000e+03 3.1565614799999997e+02 8.6687999999999998e-01 1.5680197420000000e+03
1.0521706460000000e+03 3.1998763600000001e+02 8.7231999999999998e-01 1.5730005430000001e+03
1.0607411350000000e+03 3.2435010799999998e+02 8.7775999999999998e-01 1.5779857880000000e+03
1.0693387560000001e+03 3.2874351700000000e+02 8.8319999999999999e-01 1.5829753710000000e+03
1.0779635330000001e+03 3.3316782100000000e+02 8.8863999999999999e-01 1.5879691880000000e+03
1.0866154890000000e+03 3.3762297500000000e+02 8.9407999999999999e-01 1.5929671400000000e+03
1.0952946460000001e+03 3.4210893600000003e+02 8.9951999999999999e-01 1.5979691280000000e+03
1.1040010250000000e+03 3.4662566399999997e+02 9.0495999999999999e-01 1.6029750570000001e+03
1.1127346470000000e+03 3.5117311599999999e+02 9.1039999999999999e-01 1.6079848360000001e+03
1.1214955339999999e+03 3.5575125600000001e+02 9.1583999999999999e-01 1.6129983749999999e+03
1.1302837059999999e+03 3.6036004500000001e+02 9.2127999999999999e-01 1.6180155920000000e+03
1.1390991819999999e+03 3.6499945000000002e+02 9.2671999999999999e-01 1.6230364050000001e+03
1.1479419809999999e+03 3.6966944100000001e+02 9.3215999999999999e-01 1.6280607399999999e+03
1.1568121229999999e+03 3.7436998999999997e+02 9.3759999999999999e-01 1.6330885260000000e+03
1.1657096270000000e+03 3.7910107699999998e+02 9.4303999999999999e-01 1.6381197020000000e+03
1.1746345100000001e+03 3.8386268899999999e+02 9.4847999999999999e-01 1.6431542159999999e+03
1.1835867900000001e+03 3.8865482800000001e+02 9.5391999999999999e-01 1.6481920310000000e+03
1.1925664859999999e+03 3.9347751299999999e+02 9.5935999999999999e-01 1.6532331300000001e+03
1.2015736159999999e+03 3.9833080300000000e+02 9.6479999999999999e-01 1.6582775360000001e+03
1.2106081970000000e+03 4.0321483799999999e+02 9.7023999999999999e-01 1.6633253569999999e+03
1.2196702479999999e+03 4.0813010900000000e+02 9.7567999999999999e-01 1.6683770589999999e+03
1.2287597949999999e+03 4.1307695000000001e+02 9.8111999999999999e-01 1.6734329410000000e+03
1.2378768520000001e+03 4.1805331999999999e+02 9.8655999999999999e-01 1.6784908840000001e+03
1.2470214300000000e+03 4.2305916300000001e+02 9.9199999999999999e-01 1.6835508060000000e+03
1.2561935400000000e+03 4.2809442200000001e+02 9.9743999999999999e-01 1.6886126290000000e+03
1.2653931920000000e+03 4.3315904300000000e+02 1.0028800000000000e+00 1.6936762779999999e+03
1.2746203960000000e+03 4.3825297100000000e+02 1.0083200000000001e+00 1.6987416790000000e+03
1.2838751620000000e+03 4.4337615099999999e+02 1.0137600000000000e+00 1.7038087590000000e+03
1.2931574969999999e+03 4.4852853099999999e+02 1.0192000000000001e+00 1.7088774480000000e+03
1.3024674110000001e+03 4.5371005500000001e+02 1.0246400000000000e+00 1.7139476740000000e+03
1.3118049120000001e+03 4.5892066999999997e+02 1.0300800000000001e+00 1.7190193710000001e+03
1.3211700069999999e+03 4.6416032400000000e+02 1.0355200000000000e+00 1.7240924700000000e+03
1.3305627039999999e+03 4.6942896200000001e+02 1.0409600000000001e+00 1.7291669059999999e+03
1.3399830110000000e+03 4.7472653300000002e+02 1.0464000000000000e+00 1.7342426149999999e+03
1.3494309330000001e+03 4.8005298399999998e+02 1.0518400000000001e+00 1.7393195330000001e+03
1.3589064780000001e+03 4.8540826199999998e+02 1.0572800000000000e+00 1.7443975980000000e+03
1.3684096509999999e+03 4.9079231700000003e+02 1.0627200000000001e+00 1.7494767509999999e+03
1.3779404580000000e+03 4.9620509499999997e+02 1.0681600000000000e+00 1.7545569300000000e+03
1.3874989049999999e+03 5.0164654600000000e+02 1.0736000000000001e+00 1.7596380780000000e+03
1.3970849960000000e+03 5.0711662000000001e+02 1.0790400000000000e+00 1.7647201379999999e+03
1.4066987369999999e+03 5.1261526400000002e+02 1.0844800000000001e+00 1.7698030530000001e+03
1.4163401309999999e+03 5.1814242899999999e+02 1.0899200000000000e+00 1.7748867690000000e+03
1.4260091840000000e+03 5.2369806400000004e+02 1.0953599999999999e+00 1.7799712300000001e+03
1.4357058990000000e+03 5.2928211899999997e+02 1.1008000000000000e+00 1.7850563860000000e+03
1.4454302789999999e+03 5.3489454400000000e+02 1.1062399999999999e+00 1.7901421820000000e+03
1.4551823280000001e+03 5.4053529000000003e+02 1.1116800000000000e+00 1.7952285690000001e+03
1.4649620500000001e+03 5.4620430899999997e+02 1.1171199999999999e+00 1.8003154970000001e+03
1.4747694460000000e+03 5.5190154900000005e+02 1.1225600000000000e+00 1.8054029160000000e+03
1.4846045190000000e+03 5.5762696400000004e+02 1.1279999999999999e+00 1.8104907790000000e+03
1.4944672730000000e+03 5.6338050499999997e+02 1.1334400000000000e+00 1.8155790380000001e+03
1.5043577080000000e+03 5.6916212199999995e+02 1.1388799999999999e+00 1.8206676480000001e+03
1.5142758260000001e+03 5.7497176899999999e+02 1.1443200000000000e+00 1.8257565620000000e+03
1.5242216289999999e+03 5.8080939799999999e+02 1.1497599999999999e+00 1.8308457360000000e+03
1.5341951190000000e+03 5.8667496100000005e+02 1.1552000000000000e+00 1.8359351270000000e+03
1.5441962960000001e+03 5.9256840999999997e+02 1.1606399999999999e+00 1.8410246910000001e+03
1.5542251610000001e+03 5.9848969899999997e+02 1.1660800000000000e+00 1.8461143880000000e+03
1.5642817150000001e+03 6.0443878199999995e+02 1.1715199999999999e+00 1.8512041740000000e+03
1.5743659580000001e+03 6.1041561000000002e+02 1.1769600000000000e+00 1.8562940110000000e+03
1.5844778910000000e+03 6.1642013899999995e+02 1.1823999999999999e+00 1.8613838579999999e+03
1.5946175120000000e+03 6.2245232199999998e+02 1.1878400000000000e+00 1.8664736750000000e+03
1.6047848059999999e+03 6.2848837100000003e+02 1.1932799999999999e+00 1.8715435160000000e+03
1.6149794429999999e+03 6.3445299699999998e+02 1.1987200000000000e+00 1.8765305679999999e+03
1.6252011070000001e+03 6.4040327200000002e+02 1.2041599999999999e+00 1.8814830860000000e+03
1.6354496509999999e+03 6.4635460999999998e+02 1.2096000000000000e+00 1.8864141609999999e+03
1.6457249770000001e+03 6.5231359799999996e+02 1.2150399999999999e+00 1.8913294169999999e+03
1.6560270069999999e+03 6.5828400899999997e+02 1.2204800000000000e+00 1.8962320970000001e+03
1.6663556799999999e+03 6.6426830900000004e+02 1.2259199999999999e+00 1.9011243270000000e+03
1.6767109419999999e+03 6.7026823800000000e+02 1.2313600000000000e+00 1.9060076160000001e+03
1.6870927480000000e+03 6.7628509099999997e+02 1.2367999999999999e+00 1.9108830929999999e+03
1.6975010580000001e+03 6.8231986600000005e+02 1.2422400000000000e+00 1.9157516320000000e+03
1.7079358360000001e+03 6.8837335700000006e+02 1.2476799999999999e+00 1.9206139310000001e+03
1.7183970500000000e+03 6.9444620899999995e+02 1.2531200000000000e+00 1.9254705590000001e+03
1.7288846699999999e+03 7.0053895299999999e+02 1.2585599999999999e+00 1.9303219910000000e+03
1.7393986689999999e+03 7.0665203699999995e+02 1.2640000000000000e+00 1.9351686239999999e+03
1.7499390220000000e+03 7.1278584000000001e+02 1.2694399999999999e+00 1.9400108000000000e+03
1.7605057059999999e+03 7.1894068600000003e+02 1.2748800000000000e+00 1.9448488110000001e+03
1.7710986980000000e+03 7.2511685599999998e+02 1.2803199999999999e+00 1.9496829130000001e+03
1.7817179779999999e+03 7.3131459500000005e+02 1.2857600000000000e+00 1.9545133300000000e+03
1.7923635260000001e+03 7.3753411900000003e+02 1.2911999999999999e+00 1.9593402599999999e+03
1.8030353239999999e+03 7.4377561600000001e+02 1.2966400000000000e+00 1.9641638790000000e+03
1.8137333540000000e+03 7.5003925500000003e+02 1.3020799999999999e+00 1.9689843440000000e+03
1.8244576000000000e+03 7.5632518500000003e+02 1.3075200000000000e+00 1.9738017950000001e+03
1.8352080450000001e+03 7.6263354000000004e+02 1.3129599999999999e+00 1.9786163600000000e+03
1.8459846740000000e+03 7.6896443899999997e+02 1.3184000000000000e+00 1.9834281530000001e+03
1.8567874730000001e+03 7.7531799100000001e+02 1.3238399999999999e+00 1.9882372800000001e+03
1.8676164260000000e+03 7.8169429200000002e+02 1.3292800000000000e+00 1.9930438340000001e+03
1.8784715209999999e+03 7.8809343100000001e+02 1.3347199999999999e+00 1.9978479040000000e+03
1.8893527429999999e+03 7.9451548600000001e+02 1.3401600000000000e+00 2.0026495680000000e+03
1.9002600809999999e+03 8.0096052999999995e+02 1.3455999999999999e+00 2.0074489000000001e+03
1.9111935209999999e+03 8.0742862800000000e+02 1.3510400000000000e+00 2.0122459670000001e+03
1.9221530519999999e+03 8.1391984000000002e+02 1.3564799999999999e+00 2.0170408299999999e+03
1.9331386610000000e+03 8.2043421899999998e+02 1.3619200000000000e+00 2.0218335489999999e+03
1.9441503359999999e+03 8.2697181499999999e+02 1.3673599999999999e+00 2.0266241749999999e+03
1.9551880679999999e+03 8.3353267100000005e+02 1.3728000000000000e+00 2.0314127570000001e+03
1.9662518450000000e+03 8.4011683000000005e+02 1.3782399999999999e+00 2.0361993419999999e+03
1.9773416549999999e+03 8.4672432700000002e+02 1.3836800000000000e+00 2.0409839720000000e+03
1.9884574889999999e+03 8.5335519699999998e+02 1.3891199999999999e+00 2.0457666859999999e+03
1.9995993360000000e+03 8.6000946899999997e+02 1.3945600000000000e+00 2.0505475210000000e+03
2.0107671860000000e+03 8.6668717100000003e+02 1.3999999999999999e+00 2.0553265120000001e+03
