# epsilon[MeV/fm^3] P[MeV/fm^3] nB[fm^-3] muB[MeV]
3.7961413999999998e+01 1.9395899999999999e-01 4.0000000000000001e-02 9.5388614399999994e+02
4.3152240999999997e+01 2.1969400000000000e-01 4.5440000000000001e-02 9.5448982300000000e+02
4.8345905999999999e+01 2.4121300000000001e-01 5.0880000000000002e-02 9.5493733099999997e+02
5.3541654000000001e+01 2.5866400000000001e-01 5.6320000000000002e-02 9.5526313000000005e+02
5.8738911999999999e+01 2.7268599999999998e-01 6.1760000000000002e-02 9.5550046499999996e+02
6.3937285000000003e+01 2.8433300000000000e-01 6.7199999999999996e-02 9.5568063500000005e+02
6.9136543000000003e+01 2.9500900000000002e-01 7.2639999999999996e-02 9.5583262700000000e+02
7.4336605000000006e+01 3.0640899999999999e-01 7.8079999999999997e-02 9.5598300200000006e+02
7.9537527999999995e+01 3.2046500000000000e-01 8.3519999999999997e-02 9.5615589699999998e+02
8.4739496000000003e+01 3.3929900000000002e-01 8.8959999999999997e-02 9.5637311099999999e+02
8.9942739000000003e+01 3.6256800000000000e-01 9.4399999999999998e-02 9.5662577199999998e+02
9.5147513000000004e+01 3.9378500000000000e-01 9.9839999999999998e-02 9.5694584699999996e+02
1.0035427000000000e+02 4.3650000000000000e-01 1.0528000000000000e-01 9.5736088700000005e+02
1.0556357400000000e+02 4.9358500000000000e-01 1.1072000000000000e-01 9.5788793799999996e+02
1.1077607300000000e+02 5.6772800000000001e-01 1.1616000000000000e-01 9.5853996600000005e+02
1.1599247300000000e+02 6.6150399999999998e-01 1.2160000000000000e-01 9.5932720800000004e+02
1.2121353499999999e+02 7.7739300000000000e-01 1.2703999999999999e-01 9.6025777900000003e+02
1.2644005500000000e+02 9.1778000000000004e-01 1.3247999999999999e-01 9.6133803999999998e+02
1.3167286200000001e+02 1.0849489999999999e+00 1.3791999999999999e-01 9.6257285600000000e+02
1.3691280699999999e+02 1.2810859999999999e+00 1.4335999999999999e-01 9.6396581300000003e+02
1.4216075699999999e+02 1.5082739999999999e+00 1.4879999999999999e-01 9.6551939400000003e+02
1.4741758999999999e+02 1.7684949999999999e+00 1.5423999999999999e-01 9.6723514599999999e+02
1.5268419200000000e+02 2.0636320000000001e+00 1.5967999999999999e-01 9.6911383400000000e+02
1.5796144899999999e+02 2.3954770000000001e+00 1.6511999999999999e-01 9.7115557200000001e+02
1.6325024800000000e+02 2.7657360000000000e+00 1.7055999999999999e-01 9.7335995500000001e+02
1.6855147099999999e+02 3.1760350000000002e+00 1.7599999999999999e-01 9.7572616700000003e+02
1.7386599500000000e+02 3.6279349999999999e+00 1.8143999999999999e-01 9.7825308199999995e+02
1.7919469300000000e+02 4.1229350000000000e+00 1.8687999999999999e-01 9.8093934800000000e+02
1.8453842599999999e+02 4.6624819999999998e+00 1.9231999999999999e-01 9.8378345600000000e+02
1.8989804899999999e+02 5.2479800000000001e+00 1.9775999999999999e-01 9.8678379900000004e+02
1.9527440700000000e+02 5.8807960000000001e+00 2.0319999999999999e-01 9.8993871899999999e+02
2.0066833800000001e+02 6.5622660000000002e+00 2.0863999999999999e-01 9.9324653799999999e+02
2.0608066800000000e+02 7.2937010000000004e+00 2.1407999999999999e-01 9.9670558400000004e+02
2.1151221600000000e+02 8.0763870000000004e+00 2.1951999999999999e-01 1.0003142070000000e+03
2.1696379200000001e+02 8.9115909999999996e+00 2.2495999999999999e-01 1.0040707860000000e+03
2.2243619600000000e+02 9.8005630000000004e+00 2.3039999999999999e-01 1.0079737380000000e+03
2.2793022099999999e+02 1.0744533000000001e+01 2.3583999999999999e-01 1.0120215100000000e+03
2.3344665000000001e+02 1.1744712000000000e+01 2.4127999999999999e-01 1.0162125780000000e+03
2.3898625899999999e+02 1.2802294000000000e+01 2.4671999999999999e-01 1.0205454400000000e+03
2.4454981599999999e+02 1.3918448000000000e+01 2.5216000000000000e-01 1.0250186070000000e+03
2.5013808100000000e+02 1.5094322000000000e+01 2.5760000000000000e-01 1.0296305910000001e+03
2.5575180499999999e+02 1.6331036999999998e+01 2.6304000000000000e-01 1.0343798979999999e+03
2.6139173000000000e+02 1.7629684000000001e+01 2.6848000000000000e-01 1.0392650130000000e+03
2.6705859299999997e+02 1.8991322000000000e+01 2.7392000000000000e-01 1.0442843969999999e+03
2.7275312000000002e+02 2.0416975999999998e+01 2.7936000000000000e-01 1.0494364700000001e+03
2.7847602699999999e+02 2.1907630999999999e+01 2.8480000000000000e-01 1.0547196090000000e+03
2.8422802500000000e+02 2.3464230000000001e+01 2.9024000000000000e-01 1.0601321359999999e+03
2.9000981300000001e+02 2.5087672000000001e+01 2.9568000000000000e-01 1.0656723170000000e+03
2.9582208000000003e+02 2.6778808999999999e+01 3.0112000000000000e-01 1.0713383500000000e+03
3.0166550599999999e+02 2.8538440999999999e+01 3.0656000000000000e-01 1.0771283699999999e+03
3.0754076199999997e+02 3.0367318000000001e+01 3.1200000000000000e-01 1.0830404380000000e+03
3.1344850600000001e+02 3.2266137000000001e+01 3.1744000000000000e-01 1.0890725470000000e+03
3.1938938500000000e+02 3.4235537000000001e+01 3.2288000000000000e-01 1.0952226189999999e+03
3.2536403600000000e+02 3.6276102999999999e+01 3.2832000000000000e-01 1.1014885079999999e+03
3.3137308400000001e+02 3.8388361000000003e+01 3.3376000000000000e-01 1.1078679990000001e+03
3.3741714000000002e+02 4.0572781999999997e+01 3.3920000000000000e-01 1.1143588159999999e+03
3.4349680400000000e+02 4.2829777000000000e+01 3.4464000000000000e-01 1.1209586230000000e+03
3.4961266300000000e+02 4.5159702000000003e+01 3.5008000000000000e-01 1.1276650320000001e+03
3.5576528999999999e+02 4.7562857000000001e+01 3.5552000000000000e-01 1.1344756050000001e+03
3.6195457399999998e+02 4.9857979999999998e+01 3.6096000000000000e-01 1.1408831570000000e+03
3.6817596800000001e+02 5.1886144000000002e+01 3.6640000000000000e-01 1.1464594770000001e+03
3.7442696200000000e+02 5.3855516000000001e+01 3.7184000000000000e-01 1.1517941240000000e+03
3.8070659200000000e+02 5.5804986000000000e+01 3.7728000000000000e-01 1.1569980820000001e+03
3.8701429000000002e+02 5.7751038999999999e+01 3.8272000000000000e-01 1.1621185109999999e+03
3.9334967799999998e+02 5.9702818000000001e+01 3.8816000000000001e-01 1.1671815059999999e+03
3.9971249299999999e+02 6.1666114000000000e+01 3.9360000000000001e-01 1.1722034890000000e+03
4.0610254200000003e+02 6.3644908000000001e+01 3.9904000000000001e-01 1.1771956330000000e+03
4.1251967999999999e+02 6.5630117999999996e+01 4.0448000000000001e-01 1.1821363300000000e+03
4.1896206899999999e+02 6.7391897999999998e+01 4.0992000000000001e-01 1.1864624320000000e+03
4.2542758600000002e+02 6.9128337999999999e+01 4.1536000000000001e-01 1.1906698899999999e+03
4.3191588600000000e+02 7.0873559000000000e+01 4.2080000000000001e-01 1.1948435740000000e+03
4.3842685299999999e+02 7.2636244000000005e+01 4.2624000000000001e-01 1.1990048710000001e+03
4.4496044699999999e+02 7.4420507000000001e+01 4.3168000000000001e-01 1.2031636920000001e+03
4.5151667300000003e+02 7.6228768000000002e+01 4.3712000000000001e-01 1.2073256710000001e+03
4.5809555699999999e+02 7.8062631999999994e+01 4.4256000000000001e-01 1.2114943830000000e+03
4.6469714399999998e+02 7.9923252000000005e+01 4.4800000000000001e-01 1.2156722550000000e+03
4.7132148699999999e+02 8.1811505999999994e+01 4.5344000000000001e-01 1.2198610110000000e+03
4.7796865100000002e+02 8.3728088000000000e+01 4.5888000000000001e-01 1.2240619130000000e+03
4.8463870400000002e+02 8.5673563000000001e+01 4.6432000000000001e-01 1.2282759040000001e+03
4.9133171800000002e+02 8.7648409000000001e+01 4.6976000000000001e-01 1.2325036970000001e+03
4.9804777100000001e+02 8.9653030000000001e+01 4.7520000000000001e-01 1.2367458320000001e+03
5.0478694200000001e+02 9.1687779000000006e+01 4.8064000000000001e-01 1.2410027219999999e+03
5.1154931199999999e+02 9.3752965000000003e+01 4.8608000000000001e-01 1.2452746729999999e+03
5.1833496400000001e+02 9.5848862999999994e+01 4.9152000000000001e-01 1.2495619139999999e+03
5.2514398100000005e+02 9.7975718000000001e+01 4.9696000000000001e-01 1.2538646040000001e+03
5.3197644700000001e+02 1.0013375300000000e+02 5.0239999999999996e-01 1.2581828499999999e+03
5.3883244900000000e+02 1.0232316800000000e+02 5.0783999999999996e-01 1.2625167160000001e+03
5.4571207000000004e+02 1.0454414400000000e+02 5.1327999999999996e-01 1.2668662240000001e+03
5.5261539500000003e+02 1.0679684899999999e+02 5.1871999999999996e-01 1.2712313680000000e+03
5.5954251099999999e+02 1.0908143400000000e+02 5.2415999999999996e-01 1.2756121129999999e+03
5.6649350100000004e+02 1.1139803999999999e+02 5.2959999999999996e-01 1.2800084019999999e+03
5.7346844899999996e+02 1.1374679300000000e+02 5.3503999999999996e-01 1.2844201570000000e+03
5.8046744100000001e+02 1.1612781099999999e+02 5.4047999999999996e-01 1.2888472839999999e+03
5.8749055899999996e+02 1.1854120300000000e+02 5.4591999999999996e-01 1.2932896740000001e+03
5.9453788599999996e+02 1.2098706700000000e+02 5.5135999999999996e-01 1.2977472049999999e+03
6.0160950300000002e+02 1.2346549500000000e+02 5.5679999999999996e-01 1.3022197440000000e+03
6.0870549300000005e+02 1.2597656900000000e+02 5.6223999999999996e-01 1.3067071470000001e+03
6.1582593599999996e+02 1.2852036500000000e+02 5.6767999999999996e-01 1.3112092650000000e+03
6.2297091000000000e+02 1.3109695500000001e+02 5.7311999999999996e-01 1.3157259369999999e+03
6.3014049599999998e+02 1.3370640000000000e+02 5.7855999999999996e-01 1.3202570000000001e+03
6.3733477100000005e+02 1.3634876000000000e+02 5.8399999999999996e-01 1.3248022840000001e+03
6.4455381199999999e+02 1.3902408600000001e+02 5.8943999999999996e-01 1.3293616150000000e+03
6.5179769399999998e+02 1.4173242600000000e+02 5.9487999999999996e-01 1.3339348140000000e+03
6.5906649300000004e+02 1.4447382200000001e+02 6.0031999999999996e-01 1.3385216989999999e+03
6.6636028299999998e+02 1.4724831200000000e+02 6.0575999999999997e-01 1.3431220880000001e+03
6.7367913599999997e+02 1.5005592999999999e+02 6.1119999999999997e-01 1.3477357930000001e+03
6.8102312500000005e+02 1.5289670500000000e+02 6.1663999999999997e-01 1.3523626270000000e+03
6.8839232000000004e+02 1.5577066300000001e+02 6.2207999999999997e-01 1.3570024010000000e+03
6.9578679199999999e+02 1.5867782600000001e+02 6.2751999999999997e-01 1.3616549250000000e+03
7.0320660899999996e+02 1.6161821399999999e+02 6.3295999999999997e-01 1.3663200079999999e+03
7.1065183900000000e+02 1.6459183999999999e+02 6.3839999999999997e-01 1.3709974609999999e+03
7.1812254900000005e+02 1.6759871899999999e+02 6.4383999999999997e-01 1.3756870919999999e+03
7.2561880399999995e+02 1.7063885900000000e+02 6.4927999999999997e-01 1.3803887110000001e+03
7.3314067000000000e+02 1.7371226700000000e+02 6.5471999999999997e-01 1.3851021290000001e+03
7.4068821000000003e+02 1.7681894700000001e+02 6.6015999999999997e-01 1.3898271569999999e+03
7.4826148599999999e+02 1.7995890199999999e+02 6.6559999999999997e-01 1.3945636079999999e+03
7.5586055999999996e+02 1.8313213099999999e+02 6.7103999999999997e-01 1.3993112930000000e+03
7.6348549300000002e+02 1.8633862999999999e+02 6.7647999999999997e-01 1.4040700280000001e+03
7.7113634500000001e+02 1.8957839500000000e+02 6.8191999999999997e-01 1.4088396290000001e+03
7.7881317400000000e+02 1.9285141999999999e+02 6.8735999999999997e-01 1.4136199130000000e+03
7.8651603699999998e+02 1.9615769599999999e+02 6.9279999999999997e-01 1.4184106990000000e+03
7.9424499100000003e+02 1.9949721199999999e+02 6.9823999999999997e-01 1.4232118089999999e+03
8.0200009299999999e+02 2.0286995700000000e+02 7.0367999999999997e-01 1.4280230650000001e+03
8.0978139599999997e+02 2.0627591799999999e+02 7.0911999999999997e-01 1.4328442920000000e+03
8.1758895500000006e+02 2.0971507800000001e+02 7.1455999999999997e-01 1.4376753160000001e+03
8.2542282200000000e+02 2.1318742300000000e+02 7.1999999999999997e-01 1.4425159670000000e+03
8.3328304900000001e+02 2.1669293500000001e+02 7.2543999999999997e-01 1.4473660749999999e+03
8.4116968699999995e+02 2.2023159400000000e+02 7.3087999999999997e-01 1.4522254730000000e+03
8.4908278700000005e+02 2.2380338200000000e+02 7.3631999999999997e-01 1.4570939960000001e+03
8.5702239699999996e+02 2.2740827800000000e+02 7.4175999999999997e-01 1.4619714830000000e+03
8.6498856499999999e+02 2.3104625899999999e+02 7.4719999999999998e-01 1.4668577720000001e+03
8.7298134000000005e+02 2.3471730299999999e+02 7.5263999999999998e-01 1.4717527060000000e+03
8.8100076799999999e+02 2.3842138600000001e+02 7.5807999999999998e-01 1.4766561300000001e+03
8.8904689499999995e+02 2.4215848500000001e+02 7.6351999999999998e-01 1.4815678889999999e+03
8.9711976500000003e+02 2.4592857400000000e+02 7.6895999999999998e-01 1.4864878340000000e+03
9.0521942200000001e+02 2.4973162800000000e+02 7.7439999999999998e-01 1.4914158140000000e+03
9.1334591000000000e+02 2.5356762100000000e+02 7.7983999999999998e-01 1.4963516850000001e+03
9.2149927200000002e+02 2.5743652500000002e+02 7.8527999999999998e-01 1.5012953030000001e+03
9.2967954899999995e+02 2.6133831400000003e+02 7.9071999999999998e-01 1.5062465250000000e+03
9.3788678300000004e+02 2.6527296000000001e+02 7.9615999999999998e-01 1.5112052130000000e+03
9.4612101199999995e+02 2.6924043499999999e+02 8.0159999999999998e-01 1.5161712299999999e+03
9.5438227800000004e+02 2.7324071099999998e+02 8.0703999999999998e-01 1.5211444409999999e+03
9.6267061799999999e+02 2.7727375799999999e+02 8.1247999999999998e-01 1.5261247149999999e+03
9.7098607100000004e+02 2.8133954899999998e+02 8.1791999999999998e-01 1.5311119220000000e+03
9.7932867399999998e+02 2.8543805400000002e+02 8.2335999999999998e-01 1.5361059339999999e+03
9.8769846399999994e+02 2.8956924400000003e+02 8.2879999999999998e-01 1.5411066280000000e+03
9.9609547699999996e+02 2.9373309000000000e+02 8.3423999999999998e-01 1.5461138790000000e+03
1.0045197470000001e+03 2.9792956199999998e+02 8.3967999999999998e-01 1.5511275680000001e+03
1.0129713110000000e+03 3.0215863200000001e+02 8.4511999999999998e-01 1.5561475780000001e+03
1.0214502010000000e+03 3.0642027000000002e+02 8.5055999999999998e-01 1.5611737920000000e+03
1.0299564519999999e+03 3.1071444700000001e+02 8.5599999999999998e-01 1.5662060980000001e+03
1.0384900960000000e+03 3.1504113500000000e+02 8.6143999999999998e-01 1.5712443850000000e+03
1.0470511650000001e+03 3.1940030600000000e+02 8.6687999999999998e-01 1.5762885450000001e+03
1.0556396910000001e+03 3.2379193099999998e+02 8.7231999999999998e-01 1.5813384719999999e+03
1.0642557050000000e+03 3.2821598299999999e+02 8.7775999999999998e-01 1.5863940650000000e+03
1.0728992380000000e+03 3.3267243600000000e+02 8.8319999999999999e-01 1.5914552209999999e+03
1.0815703200000000e+03 3.3716126300000002e+02 8.8863999999999999e-01 1.5965218430000000e+03
1.0902689789999999e+03 3.4168243899999999e+02 8.9407999999999999e-01 1.6015938380000000e+03
1.0989952460000000e+03 3.4623594200000002e+02 8.9951999999999999e-01 1.6066711120000000e+03
1.1077491480000001e+03 3.5082174800000001e+02 9.0495999999999999e-01 1.6117535789999999e+03
1.1165307130000001e+03 3.5543983600000001e+02 9.1039999999999999e-01 1.6168411520000000e+03
1.1253399700000000e+03 3.6009019000000001e+02 9.1583999999999999e-01 1.6219337510000000e+03
1.1341769449999999e+03 3.6477279299999998e+02 9.2127999999999999e-01 1.6270313000000001e+03
1.1430416650000000e+03 3.6948763500000001e+02 9.2671999999999999e-01 1.6321337280000000e+03
1.1519341560000000e+03 3.7423470800000001e+02 9.3215999999999999e-01 1.6372409720000001e+03
1.1608544440000001e+03 3.7901401399999997e+02 9.3759999999999999e-01 1.6423529759999999e+03
1.1698025560000001e+03 3.8382556299999999e+02 9.4303999999999999e-01 1.6474696970000000e+03
1.1787785160000001e+03 3.8866938099999999e+02 9.4847999999999999e-01 1.6525911070000000e+03
1.1877823500000000e+03 3.9354552300000000e+02 9.5391999999999999e-01 1.6577172100000000e+03
1.1968140840000001e+03 3.9845409100000001e+02 9.5935999999999999e-01 1.6628480600000000e+03
1.2058737440000000e+03 4.0339532500000001e+02 9.6479999999999999e-01 1.6679838520000001e+03
1.2149613589999999e+03 4.0837016000000000e+02 9.7023999999999999e-01 1.6731254970000000e+03
1.2240769580000001e+03 4.1337732999999997e+02 9.7567999999999999e-01 1.6782716290000001e+03
1.2332205630000001e+03 4.1841583000000003e+02 9.8111999999999999e-01 1.6834211730000000e+03
1.2423921920000000e+03 4.2348562199999998e+02 9.8655999999999999e-01 1.6885740479999999e+03
1.2515918620000000e+03 4.2858666399999998e+02 9.9199999999999999e-01 1.6937301780000000e+03
1.2608195900000001e+03 4.3371891499999998e+02 9.9743999999999999e-01 1.6988894860000000e+03
1.2700753950000001e+03 4.3888233800000000e+02 1.0028800000000000e+00 1.7040518979999999e+03
1.2793592920000001e+03 4.4407688999999999e+02 1.0083200000000001e+00 1.7092173419999999e+03
1.2886712990000001e+03 4.4930253499999998e+02 1.0137600000000000e+00 1.7143857450000000e+03
1.2980114300000000e+03 4.5455923100000001e+02 1.0192000000000001e+00 1.7195570370000000e+03
1.3073797010000001e+03 4.5984694100000002e+02 1.0246400000000000e+00 1.7247311500000001e+03
1.3167761280000000e+03 4.6516562599999997e+02 1.0300800000000001e+00 1.7299080170000000e+03
1.3262007249999999e+03 4.7051524799999999e+02 1.0355200000000000e+00 1.7350875710000000e+03
1.3356535070000000e+03 4.7589576899999997e+02 1.0409600000000001e+00 1.7402697479999999e+03
1.3451344879999999e+03 4.8130715099999998e+02 1.0464000000000000e+00 1.7454544840000001e+03
1.3546436810000000e+03 4.8674935699999997e+02 1.0518400000000001e+00 1.7506417170000000e+03
1.3641811009999999e+03 4.9222235000000001e+02 1.0572800000000000e+00 1.7558313860000001e+03
1.3737467590000001e+03 4.9772609199999999e+02 1.0627200000000001e+00 1.7610234310000001e+03
1.3833406689999999e+03 5.0326054699999997e+02 1.0681600000000000e+00 1.7662177939999999e+03
1.3929628439999999e+03 5.0882567999999998e+02 1.0736000000000001e+00 1.7714144170000000e+03
1.4026132950000001e+03 5.1442145300000004e+02 1.0790400000000000e+00 1.7766132439999999e+03
1.4122920340000001e+03 5.2004783099999997e+02 1.0844800000000001e+00 1.7818142190000001e+03
1.4219990720000001e+03 5.2570477900000003e+02 1.0899200000000000e+00 1.7870172889999999e+03
1.4317344220000000e+03 5.3139226199999996e+02 1.0953599999999999e+00 1.7922224000000001e+03
1.4414980940000000e+03 5.3711024399999997e+02 1.1008000000000000e+00 1.7974295010000001e+03
1.4512900979999999e+03 5.4285869000000002e+02 1.1062399999999999e+00 1.8026385399999999e+03
1.4611104459999999e+03 5.4863756699999999e+02 1.1116800000000000e+00 1.8078494670000000e+03
1.4709591459999999e+03 5.5444684099999995e+02 1.1171199999999999e+00 1.8130622330000001e+03
1.4808362099999999e+03 5.6028647699999999e+02 1.1225600000000000e+00 1.8182767899999999e+03
1.4907416459999999e+03 5.6615644099999997e+02 1.1279999999999999e+00 1.8234930919999999e+03
1.5006754639999999e+03 5.7205670099999998e+02 1.1334400000000000e+00 1.8287110900000000e+03
1.5106376729999999e+03 5.7798722399999997e+02 1.1388799999999999e+00 1.8339307409999999e+03
1.5206282819999999e+03 5.8394797600000004e+02 1.1443200000000000e+00 1.8391520000000000e+03
1.5306473000000001e+03 5.8993892400000004e+02 1.1497599999999999e+00 1.8443748220000000e+03
1.5406947339999999e+03 5.9596003800000005e+02 1.1552000000000000e+00 1.8495991660000000e+03
1.5507705940000001e+03 6.0201128400000005e+02 1.1606399999999999e+00 1.8548249890000000e+03
1.5608748869999999e+03 6.0809263099999998e+02 1.1660800000000000e+00 1.8600522500000000e+03
1.5710076200000001e+03 6.1420404699999995e+02 1.1715199999999999e+00 1.8652809080000000e+03
1.5811688019999999e+03 6.2034550000000002e+02 1.1769600000000000e+00 1.8705109250000000e+03
1.5913584390000001e+03 6.2651696100000004e+02 1.1823999999999999e+00 1.8757422600000000e+03
1.6015765380000000e+03 6.3271839699999998e+02 1.1878400000000000e+00 1.8809748770000001e+03
1.6118231060000001e+03 6.3894476599999996e+02 1.1932799999999999e+00 1.8862045350000001e+03
1.6220978960000000e+03 6.4508798899999999e+02 1.1987200000000000e+00 1.8913409079999999e+03
1.6324004870000001e+03 6.5120381199999997e+02 1.2041599999999999e+00 1.8964312060000000e+03
1.6427306970000000e+03 6.5731689100000006e+02 1.2096000000000000e+00 1.9014962810000000e+03
1.6530884120000001e+03 6.6343604600000003e+02 1.2150399999999999e+00 1.9065436400000001e+03
1.6634735470000001e+03 6.6956606399999998e+02 1.2204800000000000e+00 1.9115773710000001e+03
1.6738860350000000e+03 6.7570998299999997e+02 1.2259199999999999e+00 1.9166000799999999e+03
1.6843258220000000e+03 6.8186991000000000e+02 1.2313600000000000e+00 1.9216135800000000e+03
1.6947928620000000e+03 6.8804739500000005e+02 1.2367999999999999e+00 1.9266192070000000e+03
1.7052871130000001e+03 6.9424362399999995e+02 1.2422400000000000e+00 1.9316179870000001e+03
1.7158085420000000e+03 7.0045953299999996e+02 1.2476799999999999e+00 1.9366107320000001e+03
1.7263571170000000e+03 7.0669588099999999e+02 1.2531200000000000e+00 1.9415981030000000e+03
1.7369328109999999e+03 7.1295329300000003e+02 1.2585599999999999e+00 1.9465806419999999e+03
1.7475355979999999e+03 7.1923229200000003e+02 1.2640000000000000e+00 1.9515588069999999e+03
1.7581654559999999e+03 7.2553332399999999e+02 1.2694399999999999e+00 1.9565329859999999e+03
1.7688223630000000e+03 7.3185676899999999e+02 1.2748800000000000e+00 1.9615035140000000e+03
1.7795063020000000e+03 7.3820295899999996e+02 1.2803199999999999e+00 1.9664706810000000e+03
1.7902172539999999e+03 7.4457218300000000e+02 1.2857600000000000e+00 1.9714347399999999e+03
1.8009552040000001e+03 7.5096469600000000e+02 1.2911999999999999e+00 1.9763959150000001e+03
1.8117201350000000e+03 7.5738072299999999e+02 1.2966400000000000e+00 1.9813544050000000e+03
1.8225120330000000e+03 7.6382046400000002e+02 1.3020799999999999e+00 1.9863103880000001e+03
1.8333308870000001e+03 7.7028410099999996e+02 1.3075200000000000e+00 1.9912640210000000e+03
1.8441766820000000e+03 7.7677179599999999e+02 1.3129599999999999e+00 1.9962154490000000e+03
1.8550494080000001e+03 7.8328369299999997e+02 1.3184000000000000e+00 2.0011648000000000e+03
1.8659490530000000e+03 7.8981992700000001e+02 1.3238399999999999e+00 2.0061121920000001e+03
1.8768756080000001e+03 7.9638061700000003e+02 1.3292800000000000e+00 2.0110577320000000e+03
1.8878290620000000e+03 8.0296587399999999e+02 1.3347199999999999e+00 2.0160015180000000e+03
1.8988094060000001e+03 8.0957579999999996e+02 1.3401600000000000e+00 2.0209436400000000e+03
1.9098166309999999e+03 8.1621048499999995e+02 1.3455999999999999e+00 2.0258841800000000e+03
1.9208507290000000e+03 8.2287001599999996e+02 1.3510400000000000e+00 2.0308232140000000e+03
1.9319116910000000e+03 8.2955447100000004e+02 1.3564799999999999e+00 2.0357608110000001e+03
1.9429995110000000e+03 8.3626392299999998e+02 1.3619200000000000e+00 2.0406970369999999e+03
1.9541141809999999e+03 8.4299843699999997e+02 1.3673599999999999e+00 2.0456319520000000e+03
1.9652556930000001e+03 8.4975807699999996e+02 1.3728000000000000e+00 2.0505656119999999e+03
1.9764240420000001e+03 8.5654290000000003e+02 1.3782399999999999e+00 2.0554980670000000e+03
1.9876192200000000e+03 8.6335295900000006e+02 1.3836800000000000e+00 2.0604293670000002e+03
1.9988412220000000e+03 8.7018830400000002e+02 1.3891199999999999e+00 2.0653595570000002e+03
2.0100900420000000e+03 8.7704898200000002e+02 1.3945600000000000e+00 2.0702886770000000e+03
2.0213656730000000e+03 8.8393503599999997e+02 1.3999999999999999e+00 2.0752167690000001e+03
