# epsilon[MeV/fm^3] P[MeV/fm^3] nB[fm^-3] muB[MeV]
3.7954815000000004e+01 1.8493999999999999e-01 4.0000000000000001e-02 9.5349570700000004e+02
4.3143354000000002e+01 2.0809100000000000e-01 4.5440000000000001e-02 9.5403888500000005e+02
4.8334415999999997e+01 2.2698399999999999e-01 5.0880000000000002e-02 9.5443184399999996e+02
5.3527284999999999e+01 2.4192900000000001e-01 5.6320000000000002e-02 9.5471085400000004e+02
5.8721435999999997e+01 2.5374200000000002e-01 6.1760000000000002e-02 9.5491075400000000e+02
6.3916528000000000e+01 2.6366699999999998e-01 6.7199999999999996e-02 9.5506420800000001e+02
6.9112390000000005e+01 2.7330500000000002e-01 7.2639999999999996e-02 9.5520132899999999e+02
7.4309010000000001e+01 2.8454400000000002e-01 7.8079999999999997e-02 9.5534954900000002e+02
7.9506517000000002e+01 2.9950399999999999e-01 8.3519999999999997e-02 9.5553362600000003e+02
8.4705167000000003e+01 3.2048500000000002e-01 8.8959999999999997e-02 9.5577572099999998e+02
8.9905327000000000e+01 3.4952899999999998e-01 9.4399999999999998e-02 9.5609132899999997e+02
9.5107375000000005e+01 3.8702999999999999e-01 9.9839999999999998e-02 9.5647615699999994e+02
1.0031177800000000e+02 4.3720700000000001e-01 1.0528000000000000e-01 9.5696398899999997e+02
1.0551915400000000e+02 5.0324300000000000e-01 1.1072000000000000e-01 9.5757396000000006e+02
1.1073020200000001e+02 5.8794500000000005e-01 1.1616000000000000e-01 9.5831911400000001e+02
1.1594568700000001e+02 6.9394000000000000e-01 1.2160000000000000e-01 9.5920919000000004e+02
1.2116641900000000e+02 8.2371600000000000e-01 1.2703999999999999e-01 9.6025152400000002e+02
1.2639323899999999e+02 9.7963199999999995e-01 1.3247999999999999e-01 9.6145153600000003e+02
1.3162701899999999e+02 1.1639200000000001e+00 1.3791999999999999e-01 9.6281304599999999e+02
1.3686864199999999e+02 1.3786849999999999e+00 1.4335999999999999e-01 9.6433853799999997e+02
1.4211900600000001e+02 1.6259100000000000e+00 1.4879999999999999e-01 9.6602936999999997e+02
1.4737901299999999e+02 1.9074560000000000e+00 1.5423999999999999e-01 9.6788596800000005e+02
1.5264956100000001e+02 2.2250740000000002e+00 1.5967999999999999e-01 9.6990799000000004e+02
1.5793155100000001e+02 2.5804079999999998e+00 1.6511999999999999e-01 9.7209447599999999e+02
1.6322587200000001e+02 2.9750040000000002e+00 1.7055999999999999e-01 9.7444398400000000e+02
1.6853340700000001e+02 3.4103219999999999e+00 1.7599999999999999e-01 9.7695470299999999e+02
1.7385502700000001e+02 3.8877429999999999e+00 1.8143999999999999e-01 9.7962454500000001e+02
1.7919159300000001e+02 4.4085770000000002e+00 1.8687999999999999e-01 9.8245123300000000e+02
1.8454395000000000e+02 4.9740760000000002e+00 1.9231999999999999e-01 9.8543236200000001e+02
1.8991293300000001e+02 5.5854359999999996e+00 1.9775999999999999e-01 9.8856545100000005e+02
1.9529936100000000e+02 6.2438060000000002e+00 2.0319999999999999e-01 9.9184798400000000e+02
2.0070404199999999e+02 6.9502899999999999e+00 2.0863999999999999e-01 9.9527743599999997e+02
2.0612776700000001e+02 7.7059569999999997e+00 2.1407999999999999e-01 9.9885129300000006e+02
2.1157131500000000e+02 8.5118369999999999e+00 2.1951999999999999e-01 1.0025670670000000e+03
2.1703545199999999e+02 9.3689269999999993e+00 2.2495999999999999e-01 1.0064222970000000e+03
2.2252093099999999e+02 1.0278192000000001e+01 2.3039999999999999e-01 1.0104145540000000e+03
2.2802849100000000e+02 1.1240563999999999e+01 2.3583999999999999e-01 1.0145414390000000e+03
2.3355885699999999e+02 1.2256938999999999e+01 2.4127999999999999e-01 1.0188005790000000e+03
2.3911274299999999e+02 1.3328182999999999e+01 2.4671999999999999e-01 1.0231896190000000e+03
2.4469084899999999e+02 1.4455123000000000e+01 2.5216000000000000e-01 1.0277062169999999e+03
2.5029386400000001e+02 1.5638552000000001e+01 2.5760000000000000e-01 1.0323480340000001e+03
2.5592246299999999e+02 1.6879224000000001e+01 2.6304000000000000e-01 1.0371127320000001e+03
2.6157730700000002e+02 1.8177848999999998e+01 2.6848000000000000e-01 1.0419979610000000e+03
2.6725904700000001e+02 1.9535098999999999e+01 2.7392000000000000e-01 1.0470013570000001e+03
2.7296831900000001e+02 2.0951598000000001e+01 2.7936000000000000e-01 1.0521205350000000e+03
2.7870574699999997e+02 2.2427925999999999e+01 2.8480000000000000e-01 1.0573530850000000e+03
2.8447194100000002e+02 2.3964614999999998e+01 2.9024000000000000e-01 1.0626965650000000e+03
2.9026749799999999e+02 2.5562145999999998e+01 2.9568000000000000e-01 1.0681485040000000e+03
2.9609300100000002e+02 2.7220953000000002e+01 3.0112000000000000e-01 1.0737063960000000e+03
3.0194902100000002e+02 2.8941416000000000e+01 3.0656000000000000e-01 1.0793677020000000e+03
3.0783611300000001e+02 3.0723863000000001e+01 3.1200000000000000e-01 1.0851298469999999e+03
3.1375481900000000e+02 3.2568572000000003e+01 3.1744000000000000e-01 1.0909902259999999e+03
3.1970566700000001e+02 3.4475766000000000e+01 3.2288000000000000e-01 1.0969462010000000e+03
3.2568916899999999e+02 3.6445616999999999e+01 3.2832000000000000e-01 1.1029951060000001e+03
3.3170582400000001e+02 3.8478245999999999e+01 3.3376000000000000e-01 1.1091342520000001e+03
3.3775611600000002e+02 4.0573721999999997e+01 3.3920000000000000e-01 1.1153609269999999e+03
3.4384051399999998e+02 4.2732064000000001e+01 3.4464000000000000e-01 1.1216724030000000e+03
3.4995947100000001e+02 4.4953243000000001e+01 3.5008000000000000e-01 1.1280659390000001e+03
3.5611342400000001e+02 4.7229218000000003e+01 3.5552000000000000e-01 1.1345163769999999e+03
3.6230024700000001e+02 4.9209035000000000e+01 3.6096000000000000e-01 1.1400429760000000e+03
3.6851587999999998e+02 5.1078294999999997e+01 3.6640000000000000e-01 1.1451823580000000e+03
3.7475896899999998e+02 5.2912965000000000e+01 3.7184000000000000e-01 1.1501521710000000e+03
3.8102879200000001e+02 5.4735694000000002e+01 3.7728000000000000e-01 1.1550178759999999e+03
3.8732488000000001e+02 5.6557737000000003e+01 3.8272000000000000e-01 1.1598120939999999e+03
3.9364690000000002e+02 5.8385796999999997e+01 3.8816000000000001e-01 1.1645542410000000e+03
3.9999460699999997e+02 6.0224291999999998e+01 3.9360000000000001e-01 1.1692570770000000e+03
4.0636781100000002e+02 6.2076334000000003e+01 3.9904000000000001e-01 1.1739295340000001e+03
4.1276627600000000e+02 6.3893138999999998e+01 4.0448000000000001e-01 1.1784516440000000e+03
4.1918780800000002e+02 6.5532762000000005e+01 4.0992000000000001e-01 1.1824777610000001e+03
4.2563098200000002e+02 6.7161360000000002e+01 4.1536000000000001e-01 1.1864239809999999e+03
4.3209553399999999e+02 6.8799155999999996e+01 4.2080000000000001e-01 1.1903408300000001e+03
4.3858135399999998e+02 7.0452665999999994e+01 4.2624000000000001e-01 1.1942444630000000e+03
4.4508839300000000e+02 7.2125145000000003e+01 4.3168000000000001e-01 1.1981428089999999e+03
4.5161663700000003e+02 7.3818545999999998e+01 4.3712000000000001e-01 1.2020404940000001e+03
4.5816609000000000e+02 7.5534167999999994e+01 4.4256000000000001e-01 1.2059404930000001e+03
4.6473676999999998e+02 7.7272940000000006e+01 4.4800000000000001e-01 1.2098448350000001e+03
4.7132870600000001e+02 7.9035559000000006e+01 4.5344000000000001e-01 1.2137549630000001e+03
4.7794193200000001e+02 8.0822567000000006e+01 4.5888000000000001e-01 1.2176719250000001e+03
4.8457648699999999e+02 8.2634395999999995e+01 4.6432000000000001e-01 1.2215964970000000e+03
4.9123241400000001e+02 8.4471399000000005e+01 4.6976000000000001e-01 1.2255292589999999e+03
4.9790976000000001e+02 8.6333866999999998e+01 4.7520000000000001e-01 1.2294706400000000e+03
5.0460857099999998e+02 8.8222047000000003e+01 4.8064000000000001e-01 1.2334209550000000e+03
5.1132889799999998e+02 9.0136143000000004e+01 4.8608000000000001e-01 1.2373804319999999e+03
5.1807079099999999e+02 9.2076333000000005e+01 4.9152000000000001e-01 1.2413492269999999e+03
5.2483429999999998e+02 9.4042766999999998e+01 4.9696000000000001e-01 1.2453274380000000e+03
5.3161947699999996e+02 9.6035571000000004e+01 5.0239999999999996e-01 1.2493151160000000e+03
5.3842637300000001e+02 9.8054856000000001e+01 5.0783999999999996e-01 1.2533122739999999e+03
5.4525504100000001e+02 1.0010071499999999e+02 5.1327999999999996e-01 1.2573188920000000e+03
5.5210553100000004e+02 1.0217322500000000e+02 5.1871999999999996e-01 1.2613349209999999e+03
5.5897789499999999e+02 1.0427245100000000e+02 5.2415999999999996e-01 1.2653602910000000e+03
5.6587218299999995e+02 1.0639844900000000e+02 5.2959999999999996e-01 1.2693949110000001e+03
5.7278844500000002e+02 1.0855126000000000e+02 5.3503999999999996e-01 1.2734386730000001e+03
5.7972673099999997e+02 1.1073091900000000e+02 5.4047999999999996e-01 1.2774914550000001e+03
5.8668708900000001e+02 1.1293745100000000e+02 5.4591999999999996e-01 1.2815531229999999e+03
5.9366956700000003e+02 1.1517087300000000e+02 5.5135999999999996e-01 1.2856235310000000e+03
6.0067421300000001e+02 1.1743119400000000e+02 5.5679999999999996e-01 1.2897025260000000e+03
6.0770107199999995e+02 1.1971841700000000e+02 5.6223999999999996e-01 1.2937899440000001e+03
6.1475019099999997e+02 1.2203253800000000e+02 5.6767999999999996e-01 1.2978856180000000e+03
6.2182161299999996e+02 1.2437354700000000e+02 5.7311999999999996e-01 1.3019893709999999e+03
6.2891538200000002e+02 1.2674142999999999e+02 5.7855999999999996e-01 1.3061010260000000e+03
6.3603154099999995e+02 1.2913616500000001e+02 5.8399999999999996e-01 1.3102203990000000e+03
6.4317013099999997e+02 1.3155772600000000e+02 5.8943999999999996e-01 1.3143473030000000e+03
6.5033119199999999e+02 1.3400608399999999e+02 5.9487999999999996e-01 1.3184815480000000e+03
6.5751476400000001e+02 1.3648120499999999e+02 6.0031999999999996e-01 1.3226229430000001e+03
6.6472088499999995e+02 1.3898304800000000e+02 6.0575999999999997e-01 1.3267712939999999e+03
6.7194959300000005e+02 1.4151157100000000e+02 6.1119999999999997e-01 1.3309264080000000e+03
6.7920092399999999e+02 1.4406672900000001e+02 6.1663999999999997e-01 1.3350880890000001e+03
6.8647491300000002e+02 1.4664847200000000e+02 6.2207999999999997e-01 1.3392561410000001e+03
6.9377159400000005e+02 1.4925674500000000e+02 6.2751999999999997e-01 1.3434303689999999e+03
7.0109100100000001e+02 1.5189149399999999e+02 6.3295999999999997e-01 1.3476105760000000e+03
7.0843316400000003e+02 1.5455265900000001e+02 6.3839999999999997e-01 1.3517965680000000e+03
7.1579811600000005e+02 1.5724017799999999e+02 6.4383999999999997e-01 1.3559881490000000e+03
7.2318588599999998e+02 1.5995398700000001e+02 6.4927999999999997e-01 1.3601851270000000e+03
7.3059650299999998e+02 1.6269401900000000e+02 6.5471999999999997e-01 1.3643873070000000e+03
7.3802999499999999e+02 1.6546020500000000e+02 6.6015999999999997e-01 1.3685945010000000e+03
7.4548638800000003e+02 1.6825247400000001e+02 6.6559999999999997e-01 1.3728065160000001e+03
7.5296570799999995e+02 1.7107075100000000e+02 6.7103999999999997e-01 1.3770231650000001e+03
7.6046798000000001e+02 1.7391496100000001e+02 6.7647999999999997e-01 1.3812442610000001e+03
7.6799322800000004e+02 1.7678502900000001e+02 6.8191999999999997e-01 1.3854696190000000e+03
7.7554147399999999e+02 1.7968087299999999e+02 6.8735999999999997e-01 1.3896990559999999e+03
7.8311274000000003e+02 1.8260241500000001e+02 6.9279999999999997e-01 1.3939323919999999e+03
7.9070704699999999e+02 1.8554957099999999e+02 6.9823999999999997e-01 1.3981694460000001e+03
7.9832441400000005e+02 1.8852225899999999e+02 7.0367999999999997e-01 1.4024100440000000e+03
8.0596486000000004e+02 1.9152039400000001e+02 7.0911999999999997e-01 1.4066540090000001e+03
8.1362840300000005e+02 1.9454389000000000e+02 7.1455999999999997e-01 1.4109011700000001e+03
8.2131506000000002e+02 1.9759265900000000e+02 7.1999999999999997e-01 1.4151513570000000e+03
8.2902484800000002e+02 2.0066661300000001e+02 7.2543999999999997e-01 1.4194044019999999e+03
8.3675778000000003e+02 2.0376566399999999e+02 7.3087999999999997e-01 1.4236601400000000e+03
8.4451387199999999e+02 2.0688972200000001e+02 7.3631999999999997e-01 1.4279184080000000e+03
8.5229313600000000e+02 2.1003869399999999e+02 7.4175999999999997e-01 1.4321790460000000e+03
8.6009558500000003e+02 2.1321249000000000e+02 7.4719999999999998e-01 1.4364418960000000e+03
8.6792123100000003e+02 2.1641101699999999e+02 7.5263999999999998e-01 1.4407068030000000e+03
8.7577008400000000e+02 2.1963418200000001e+02 7.5807999999999998e-01 1.4449736140000000e+03
8.8364215500000000e+02 2.2288189100000000e+02 7.6351999999999998e-01 1.4492421780000000e+03
8.9153745200000003e+02 2.2615405000000001e+02 7.6895999999999998e-01 1.4535123470000001e+03
8.9945598399999994e+02 2.2945056400000001e+02 7.7439999999999998e-01 1.4577839770000000e+03
9.0739775799999995e+02 2.3277133900000001e+02 7.7983999999999998e-01 1.4620569240000000e+03
9.1536278200000004e+02 2.3611627799999999e+02 7.8527999999999998e-01 1.4663310469999999e+03
9.2335105999999996e+02 2.3948528600000000e+02 7.9071999999999998e-01 1.4706062099999999e+03
9.3136260000000004e+02 2.4287826600000000e+02 7.9615999999999998e-01 1.4748822749999999e+03
9.3939740400000005e+02 2.4629512299999999e+02 8.0159999999999998e-01 1.4791591109999999e+03
9.4745547699999997e+02 2.4973575800000000e+02 8.0703999999999998e-01 1.4834365869999999e+03
9.5553682100000003e+02 2.5320007699999999e+02 8.1247999999999998e-01 1.4877145740000001e+03
9.6364144099999999e+02 2.5668798099999998e+02 8.1791999999999998e-01 1.4919929470000000e+03
9.7176933599999995e+02 2.6019937299999998e+02 8.2335999999999998e-01 1.4962715830000000e+03
9.7992050900000004e+02 2.6373415699999998e+02 8.2879999999999998e-01 1.5005503590000001e+03
9.8809495900000002e+02 2.6729223500000001e+02 8.3423999999999998e-01 1.5048291580000000e+03
9.9629268700000000e+02 2.7087351000000001e+02 8.3967999999999998e-01 1.5091078640000001e+03
1.0045136910000000e+03 2.7447788600000001e+02 8.4511999999999998e-01 1.5133863610000001e+03
1.0127579710000000e+03 2.7810526399999998e+02 8.5055999999999998e-01 1.5176645390000001e+03
1.0210255230000000e+03 2.8175554799999998e+02 8.5599999999999998e-01 1.5219422880000000e+03
1.0293163460000001e+03 2.8542864100000003e+02 8.6143999999999998e-01 1.5262194990000000e+03
1.0376304370000000e+03 2.8912444599999998e+02 8.6687999999999998e-01 1.5304960690000000e+03
1.0459677910000000e+03 2.9284286600000001e+02 8.7231999999999998e-01 1.5347718940000000e+03
1.0543284040000001e+03 2.9658380599999998e+02 8.7775999999999998e-01 1.5390468719999999e+03
1.0627122710000001e+03 3.0034716900000001e+02 8.8319999999999999e-01 1.5433209059999999e+03
1.0711193880000001e+03 3.0413285900000000e+02 8.8863999999999999e-01 1.5475938980000001e+03
1.0795497470000000e+03 3.0794078000000002e+02 8.9407999999999999e-01 1.5518657530000000e+03
1.0880033430000001e+03 3.1177083599999997e+02 8.9951999999999999e-01 1.5561363799999999e+03
1.0964801680000000e+03 3.1562293299999999e+02 9.0495999999999999e-01 1.5604056869999999e+03
1.1049802159999999e+03 3.1949697500000002e+02 9.1039999999999999e-01 1.5646735839999999e+03
1.1135034770000000e+03 3.2339286800000002e+02 9.1583999999999999e-01 1.5689399870000000e+03
1.1220499450000000e+03 3.2731051800000000e+02 9.2127999999999999e-01 1.5732048090000001e+03
1.1306196090000001e+03 3.3124982999999997e+02 9.2671999999999999e-01 1.5774679670000000e+03
1.1392124620000000e+03 3.3521071100000000e+02 9.3215999999999999e-01 1.5817293800000000e+03
1.1478284920000001e+03 3.3919306699999999e+02 9.3759999999999999e-01 1.5859889690000000e+03
1.1564676899999999e+03 3.4319680599999998e+02 9.4303999999999999e-01 1.5902466549999999e+03
1.1651300460000000e+03 3.4722183500000000e+02 9.4847999999999999e-01 1.5945023639999999e+03
1.1738155480000000e+03 3.5126806199999999e+02 9.5391999999999999e-01 1.5987560200000000e+03
1.1825241850000000e+03 3.5533539600000000e+02 9.5935999999999999e-01 1.6030075520000000e+03
1.1912559450000001e+03 3.5942374500000000e+02 9.6479999999999999e-01 1.6072568879999999e+03
1.2000108160000000e+03 3.6353301800000003e+02 9.7023999999999999e-01 1.6115039589999999e+03
1.2087887860000001e+03 3.6766312499999998e+02 9.7567999999999999e-01 1.6157486980000001e+03
1.2175898410000000e+03 3.7181397600000003e+02 9.8111999999999999e-01 1.6199910390000000e+03
1.2264139690000000e+03 3.7598548099999999e+02 9.8655999999999999e-01 1.6242309170000001e+03
1.2352611560000000e+03 3.8017755199999999e+02 9.9199999999999999e-01 1.6284682690000000e+03
1.2441313880000000e+03 3.8439010000000002e+02 9.9743999999999999e-01 1.6327030339999999e+03
1.2530246500000001e+03 3.8862303700000001e+02 1.0028800000000000e+00 1.6369351529999999e+03
1.2619409290000001e+03 3.9287627600000002e+02 1.0083200000000001e+00 1.6411645659999999e+03
1.2708802089999999e+03 3.9714972899999998e+02 1.0137600000000000e+00 1.6453912170000001e+03
1.2798424749999999e+03 4.0144331099999999e+02 1.0192000000000001e+00 1.6496150510000000e+03
1.2888277120000000e+03 4.0575693500000000e+02 1.0246400000000000e+00 1.6538360130000001e+03
1.2978359040000000e+03 4.1009051499999998e+02 1.0300800000000001e+00 1.6580540510000001e+03
1.3068670340000001e+03 4.1444396799999998e+02 1.0355200000000000e+00 1.6622691139999999e+03
1.3159210869999999e+03 4.1881720899999999e+02 1.0409600000000001e+00 1.6664811510000000e+03
1.3249980459999999e+03 4.2321015499999999e+02 1.0464000000000000e+00 1.6706901130000001e+03
1.3340978930000001e+03 4.2762272200000001e+02 1.0518400000000001e+00 1.6748959550000000e+03
1.3432206130000000e+03 4.3205482799999999e+02 1.0572800000000000e+00 1.6790986300000000e+03
1.3523661870000001e+03 4.3650639200000001e+02 1.0627200000000001e+00 1.6832980930000001e+03
1.3615345980000000e+03 4.4097733199999999e+02 1.0681600000000000e+00 1.6874943010000000e+03
1.3707258290000000e+03 4.4546756800000003e+02 1.0736000000000001e+00 1.6916872129999999e+03
1.3799398600000000e+03 4.4997702099999998e+02 1.0790400000000000e+00 1.6958767869999999e+03
1.3891766740000000e+03 4.5450561299999998e+02 1.0844800000000001e+00 1.7000629850000000e+03
1.3984362530000001e+03 4.5905326400000001e+02 1.0899200000000000e+00 1.7042457690000001e+03
1.4077185770000001e+03 4.6361989999999997e+02 1.0953599999999999e+00 1.7084251030000000e+03
1.4170236279999999e+03 4.6820544300000000e+02 1.1008000000000000e+00 1.7126009509999999e+03
1.4263513860000000e+03 4.7280982000000000e+02 1.1062399999999999e+00 1.7167732820000001e+03
1.4357018340000000e+03 4.7743295799999999e+02 1.1116800000000000e+00 1.7209420620000001e+03
1.4450749499999999e+03 4.8207478400000002e+02 1.1171199999999999e+00 1.7251072640000000e+03
1.4544707160000000e+03 4.8673523100000000e+02 1.1225600000000000e+00 1.7292688610000000e+03
1.4638891110000000e+03 4.9141423099999997e+02 1.1279999999999999e+00 1.7334268270000000e+03
1.4733301170000000e+03 4.9611172299999998e+02 1.1334400000000000e+00 1.7375811420000000e+03
1.4827937130000000e+03 5.0082764800000001e+02 1.1388799999999999e+00 1.7417317929999999e+03
1.4922798789999999e+03 5.0556196100000000e+02 1.1443200000000000e+00 1.7458787709999999e+03
1.5017885950000000e+03 5.1031463300000001e+02 1.1497599999999999e+00 1.7500220879999999e+03
1.5113198420000001e+03 5.1508568900000000e+02 1.1552000000000000e+00 1.7541618000000001e+03
1.5208735999999999e+03 5.1987537199999997e+02 1.1606399999999999e+00 1.7582981500000001e+03
1.5304498500000000e+03 5.2468304999999998e+02 1.1660800000000000e+00 1.7624306270000000e+03
1.5400485699999999e+03 5.2950845500000003e+02 1.1715199999999999e+00 1.7665590370000000e+03
1.5496697389999999e+03 5.3435151599999995e+02 1.1769600000000000e+00 1.7706833580000000e+03
1.5593133330000001e+03 5.3921216100000004e+02 1.1823999999999999e+00 1.7748035660000000e+03
1.5689793310000000e+03 5.4409031800000002e+02 1.1878400000000000e+00 1.7789196400000001e+03
1.5786677090000001e+03 5.4898591799999997e+02 1.1932799999999999e+00 1.7830315559999999e+03
1.5883784450000001e+03 5.5389888900000005e+02 1.1987200000000000e+00 1.7871392949999999e+03
1.5981115159999999e+03 5.5882916299999999e+02 1.2041599999999999e+00 1.7912428359999999e+03
1.6078669000000000e+03 5.6377666999999997e+02 1.2096000000000000e+00 1.7953421599999999e+03
1.6176445739999999e+03 5.6874134100000003e+02 1.2150399999999999e+00 1.7994372480000000e+03
1.6274445129999999e+03 5.7372310800000002e+02 1.2204800000000000e+00 1.8035280820000000e+03
1.6372666959999999e+03 5.7872190399999999e+02 1.2259199999999999e+00 1.8076146440000000e+03
1.6471110980000001e+03 5.8373766200000000e+02 1.2313600000000000e+00 1.8116969190000000e+03
1.6569776970000000e+03 5.8877031399999998e+02 1.2367999999999999e+00 1.8157748879999999e+03
1.6668664690000001e+03 5.9381979500000000e+02 1.2422400000000000e+00 1.8198485380000000e+03
1.6767773900000000e+03 5.9888603999999998e+02 1.2476799999999999e+00 1.8239178529999999e+03
1.6867104370000000e+03 6.0396898199999998e+02 1.2531200000000000e+00 1.8279828180000000e+03
1.6966655860000001e+03 6.0906855800000005e+02 1.2585599999999999e+00 1.8320434200000000e+03
1.7066428140000000e+03 6.1418470300000001e+02 1.2640000000000000e+00 1.8360996450000000e+03
1.7166420949999999e+03 6.1931735300000003e+02 1.2694399999999999e+00 1.8401514810000001e+03
1.7266634079999999e+03 6.2446644500000002e+02 1.2748800000000000e+00 1.8441989160000001e+03
1.7367067270000000e+03 6.2963191600000005e+02 1.2803199999999999e+00 1.8482419370000000e+03
1.7467720280000001e+03 6.3481370500000003e+02 1.2857600000000000e+00 1.8522805350000001e+03
1.7568592880000001e+03 6.4001174800000001e+02 1.2911999999999999e+00 1.8563146970000000e+03
1.7669684820000000e+03 6.4522598600000003e+02 1.2966400000000000e+00 1.8603444139999999e+03
1.7770995860000000e+03 6.5045635600000003e+02 1.3020799999999999e+00 1.8643696769999999e+03
1.7872525760000001e+03 6.5570279800000003e+02 1.3075200000000000e+00 1.8683904749999999e+03
1.7974274280000000e+03 6.6096525199999996e+02 1.3129599999999999e+00 1.8724068000000000e+03
1.8076241160000000e+03 6.6624365899999998e+02 1.3184000000000000e+00 1.8764186450000000e+03
1.8178426170000000e+03 6.7153796000000000e+02 1.3238399999999999e+00 1.8804259999999999e+03
1.8280829070000000e+03 6.7684809399999995e+02 1.3292800000000000e+00 1.8844288590000001e+03
1.8383449599999999e+03 6.8217400599999996e+02 1.3347199999999999e+00 1.8884272140000000e+03
1.8486287530000000e+03 6.8751563499999997e+02 1.3401600000000000e+00 1.8924210590000000e+03
1.8589342600000000e+03 6.9287292600000001e+02 1.3455999999999999e+00 1.8964103869999999e+03
1.8692614570000001e+03 6.9824581999999998e+02 1.3510400000000000e+00 1.9003951939999999e+03
1.8796103200000000e+03 7.0363426200000004e+02 1.3564799999999999e+00 1.9043754719999999e+03
1.8899808240000000e+03 7.0903819499999997e+02 1.3619200000000000e+00 1.9083512169999999e+03
1.9003729430000001e+03 7.1445756300000005e+02 1.3673599999999999e+00 1.9123224250000001e+03
1.9107866550000001e+03 7.1989230999999995e+02 1.3728000000000000e+00 1.9162890900000000e+03
1.9212219330000000e+03 7.2534238300000004e+02 1.3782399999999999e+00 1.9202512099999999e+03
1.9316787529999999e+03 7.3080772600000000e+02 1.3836800000000000e+00 1.9242087790000000e+03
1.9421570899999999e+03 7.3628828499999997e+02 1.3891199999999999e+00 1.9281617950000000e+03
1.9526569199999999e+03 7.4178400599999998e+02 1.3945600000000000e+00 1.9321102550000001e+03
1.9631782169999999e+03 7.4729483600000003e+02 1.3999999999999999e+00 1.9360541550000000e+03
