# epsilon[MeV/fm^3] P[MeV/fm^3] nB[fm^-3] muB[MeV]
3.7784379999999999e+01 9.1965000000000005e-02 4.0000000000000001e-02 9.4691045599999995e+02
4.2937071000000003e+01 1.1602000000000000e-01 4.5440000000000001e-02 9.4747302800000000e+02
4.8092840000000002e+01 1.4353800000000000e-01 5.0880000000000002e-02 9.4804384100000004e+02
5.3251738000000003e+01 1.7475900000000000e-01 5.6320000000000002e-02 9.4862568599999997e+02
5.8413834000000001e+01 2.1001800000000001e-01 6.1760000000000002e-02 9.4922220100000004e+02
6.3579220999999997e+01 2.4976899999999999e-01 6.7199999999999996e-02 9.4983795199999997e+02
6.8748014999999995e+01 2.9460199999999997e-01 7.2639999999999996e-02 9.5047835099999998e+02
7.3920368999999994e+01 3.4524300000000002e-01 7.8079999999999997e-02 9.5114948300000003e+02
7.9096467000000004e+01 4.0255800000000003e-01 8.3519999999999997e-02 9.5185792200000003e+02
8.4276528999999996e+01 4.6754800000000002e-01 8.8959999999999997e-02 9.5261054899999999e+02
8.9460815999999994e+01 5.4133600000000004e-01 9.4399999999999998e-02 9.5341439400000002e+02
9.4649624000000003e+01 6.2516499999999997e-01 9.9839999999999998e-02 9.5427649699999995e+02
9.9843289999999996e+01 7.2038000000000002e-01 1.0528000000000000e-01 9.5520379700000001e+02
1.0504218700000000e+02 8.2842000000000005e-01 1.1072000000000000e-01 9.5620304799999997e+02
1.1024672400000000e+02 9.5080299999999995e-01 1.1616000000000000e-01 9.5728074100000003e+02
1.1545734500000000e+02 1.0891189999999999e+00 1.2160000000000000e-01 9.5844305899999995e+02
1.2067452500000000e+02 1.2450129999999999e+00 1.2703999999999999e-01 9.5969583699999998e+02
1.2589875600000001e+02 1.4186479999999999e+00 1.3247999999999999e-01 9.6103286500000002e+02
1.3113045700000001e+02 1.6103390000000000e+00 1.3791999999999999e-01 9.6244950700000004e+02
1.3637011799999999e+02 1.8233670000000000e+00 1.4335999999999999e-01 9.6396298300000001e+02
1.4161828700000001e+02 2.0599210000000001e+00 1.4879999999999999e-01 9.6558107800000005e+02
1.4687554900000001e+02 2.3219829999999999e+00 1.5423999999999999e-01 9.6730937200000005e+02
1.5214251600000000e+02 2.6114480000000002e+00 1.5967999999999999e-01 9.6915229899999997e+02
1.5741982200000001e+02 2.9301560000000002e+00 1.6511999999999999e-01 9.7111350700000003e+02
1.6270812000000001e+02 3.2799030000000000e+00 1.7055999999999999e-01 9.7319603500000005e+02
1.6800807499999999e+02 3.6624469999999998e+00 1.7599999999999999e-01 9.7540241100000003e+02
1.7332036900000000e+02 4.0795079999999997e+00 1.8143999999999999e-01 9.7773472700000002e+02
1.7864569100000000e+02 4.5327729999999997e+00 1.8687999999999999e-01 9.8019469100000003e+02
1.8398473899999999e+02 5.0238860000000001e+00 1.9231999999999999e-01 9.8278366500000004e+02
1.8933821900000001e+02 5.5544580000000003e+00 1.9775999999999999e-01 9.8550270599999999e+02
1.9470684000000000e+02 6.1260589999999997e+00 2.0319999999999999e-01 9.8835258899999997e+02
2.0009131500000001e+02 6.7402199999999999e+00 2.0863999999999999e-01 9.9133383800000001e+02
2.0549236200000001e+02 7.3984319999999997e+00 2.1407999999999999e-01 9.9444674499999996e+02
2.1091069500000000e+02 8.1021439999999991e+00 2.1951999999999999e-01 9.9769139099999995e+02
2.1634703200000001e+02 8.8527649999999998e+00 2.2495999999999999e-01 1.0010676650000000e+03
2.2180208900000000e+02 9.6516610000000007e+00 2.3039999999999999e-01 1.0045752760000000e+03
2.2727657800000000e+02 1.0500154000000000e+01 2.3583999999999999e-01 1.0082137680000000e+03
2.3277121099999999e+02 1.1399521000000000e+01 2.4127999999999999e-01 1.0119825310000000e+03
2.3828669500000001e+02 1.2350997000000000e+01 2.4671999999999999e-01 1.0158808110000000e+03
2.4382373100000001e+02 1.3355767999999999e+01 2.5216000000000000e-01 1.0199077200000000e+03
2.4938301799999999e+02 1.4414975000000000e+01 2.5760000000000000e-01 1.0240622440000000e+03
2.5496524600000001e+02 1.5529711000000001e+01 2.6304000000000000e-01 1.0283432459999999e+03
2.6057110000000000e+02 1.6701018999999999e+01 2.6848000000000000e-01 1.0327494770000001e+03
2.6620125899999999e+02 1.7929891999999999e+01 2.7392000000000000e-01 1.0372795770000000e+03
2.7185639300000003e+02 1.9217274000000000e+01 2.7936000000000000e-01 1.0419320849999999e+03
2.7753716300000002e+02 2.0564056000000001e+01 2.8480000000000000e-01 1.0467054390000001e+03
2.8324422299999998e+02 2.1971076000000000e+01 2.9024000000000000e-01 1.0515979830000001e+03
2.8897821599999997e+02 2.3439119000000002e+01 2.9568000000000000e-01 1.0566079720000000e+03
2.9473977800000000e+02 2.4968916000000000e+01 3.0112000000000000e-01 1.0617335740000001e+03
3.0052953100000002e+02 2.6561143999999999e+01 3.0656000000000000e-01 1.0669728769999999e+03
3.0634808900000002e+02 2.8216425000000001e+01 3.1200000000000000e-01 1.0723238930000000e+03
3.1219605600000000e+02 2.9935324999999999e+01 3.1744000000000000e-01 1.0777845629999999e+03
3.1807402000000002e+02 3.1718357999999998e+01 3.2288000000000000e-01 1.0833527600000000e+03
3.2398256300000003e+02 3.3565978999999999e+01 3.2832000000000000e-01 1.0890262970000001e+03
3.2992225100000002e+02 3.5478592999999996e+01 3.3376000000000000e-01 1.0948029309999999e+03
3.3589363900000001e+02 3.7456550000000000e+01 3.3920000000000000e-01 1.1006803700000000e+03
3.4189726899999999e+02 3.9500146000000001e+01 3.4464000000000000e-01 1.1066562739999999e+03
3.4793367100000000e+02 4.1609627000000003e+01 3.5008000000000000e-01 1.1127282680000001e+03
3.5400336099999998e+02 4.3785187999999998e+01 3.5552000000000000e-01 1.1188939419999999e+03
3.6010684199999997e+02 4.6026975999999998e+01 3.6096000000000000e-01 1.1251508590000001e+03
3.6624460499999998e+02 4.8335089000000004e+01 3.6640000000000000e-01 1.1314965600000000e+03
3.7241712400000000e+02 5.0709578999999998e+01 3.7184000000000000e-01 1.1379285729999999e+03
3.7862303700000001e+02 5.2829881999999998e+01 3.7728000000000000e-01 1.1435898720000000e+03
3.8485809899999998e+02 5.4798557000000002e+01 3.8272000000000000e-01 1.1487702079999999e+03
3.9112081300000000e+02 5.6727144000000003e+01 3.8816000000000001e-01 1.1537732990000000e+03
3.9741043800000000e+02 5.8641930000000002e+01 3.9360000000000001e-01 1.1586714039999999e+03
4.0372650700000003e+02 6.0555554999999998e+01 3.9904000000000001e-01 1.1634993170000000e+03
4.1006869799999998e+02 6.2475425999999999e+01 4.0448000000000001e-01 1.1682773900000000e+03
4.1643677700000001e+02 6.4406378000000004e+01 4.0992000000000001e-01 1.1730188330000001e+03
4.2283033100000000e+02 6.6258371999999994e+01 4.1536000000000001e-01 1.1775073120000000e+03
4.2924669000000000e+02 6.7935393000000005e+01 4.2080000000000001e-01 1.1815181230000001e+03
4.3568464000000000e+02 6.9604162000000002e+01 4.2624000000000001e-01 1.1854578480000000e+03
4.4214393999999999e+02 7.1282792000000001e+01 4.3168000000000001e-01 1.1893705789999999e+03
4.4862448899999998e+02 7.2977744999999999e+01 4.3712000000000001e-01 1.1932718780000000e+03
4.5512625000000003e+02 7.4692363000000000e+01 4.4256000000000001e-01 1.1971696300000001e+03
4.6164921700000002e+02 7.6428689000000006e+01 4.4800000000000001e-01 1.2010685109999999e+03
4.6819340499999998e+02 7.8188104999999993e+01 4.5344000000000001e-01 1.2049715630000001e+03
4.7475884100000002e+02 7.9971609999999998e+01 4.5888000000000001e-01 1.2088808750000001e+03
4.8134556600000002e+02 8.1779961000000000e+01 4.6432000000000001e-01 1.2127979419999999e+03
4.8795362299999999e+02 8.3613755999999995e+01 4.6976000000000001e-01 1.2167238620000001e+03
4.9458306399999998e+02 8.5473476000000005e+01 4.7520000000000001e-01 1.2206594520000001e+03
5.0123394300000001e+02 8.7359521999999998e+01 4.8064000000000001e-01 1.2246053280000001e+03
5.0790631700000000e+02 8.9272227999999998e+01 4.8608000000000001e-01 1.2285619540000000e+03
5.1460024499999997e+02 9.1211883000000000e+01 4.9152000000000001e-01 1.2325296770000000e+03
5.2131578999999999e+02 9.3178732999999994e+01 4.9696000000000001e-01 1.2365087550000001e+03
5.2805301199999997e+02 9.5172995000000000e+01 5.0239999999999996e-01 1.2404993720000000e+03
5.3481197599999996e+02 9.7194857999999996e+01 5.0783999999999996e-01 1.2445016539999999e+03
5.4159274400000004e+02 9.9244488000000004e+01 5.1327999999999996e-01 1.2485156790000001e+03
5.4839538200000004e+02 1.0132203400000000e+02 5.1871999999999996e-01 1.2525414880000001e+03
5.5521995300000003e+02 1.0342762700000000e+02 5.2415999999999996e-01 1.2565790850000001e+03
5.6206652099999997e+02 1.0556138300000001e+02 5.2959999999999996e-01 1.2606284490000000e+03
5.6893515000000002e+02 1.0772340699999999e+02 5.3503999999999996e-01 1.2646895360000001e+03
5.7582590400000004e+02 1.0991379200000000e+02 5.4047999999999996e-01 1.2687622810000000e+03
5.8273884599999997e+02 1.1213262000000000e+02 5.4591999999999996e-01 1.2728466020000001e+03
5.8967403899999999e+02 1.1437996400000000e+02 5.5135999999999996e-01 1.2769424030000000e+03
5.9663154499999996e+02 1.1665588900000000e+02 5.5679999999999996e-01 1.2810495739999999e+03
6.0361142500000005e+02 1.1896045100000001e+02 5.6223999999999996e-01 1.2851679979999999e+03
6.1061374100000000e+02 1.2129370100000000e+02 5.6767999999999996e-01 1.2892975440000000e+03
6.1763855200000000e+02 1.2365568100000000e+02 5.7311999999999996e-01 1.2934380770000000e+03
6.2468591800000002e+02 1.2604642900000000e+02 5.7855999999999996e-01 1.2975894530000000e+03
6.3175589700000000e+02 1.2846597499999999e+02 5.8399999999999996e-01 1.3017515220000000e+03
6.3884854800000005e+02 1.3091434500000000e+02 5.8943999999999996e-01 1.3059241300000001e+03
6.4596392600000001e+02 1.3339156000000000e+02 5.9487999999999996e-01 1.3101071190000000e+03
6.5310208899999998e+02 1.3589763600000001e+02 6.0031999999999996e-01 1.3143003249999999e+03
6.6026309200000003e+02 1.3843258499999999e+02 6.0575999999999997e-01 1.3185035849999999e+03
6.6744698800000003e+02 1.4099641199999999e+02 6.1119999999999997e-01 1.3227167300000001e+03
6.7465383099999997e+02 1.4358912300000000e+02 6.1663999999999997e-01 1.3269395890000001e+03
6.8188367300000004e+02 1.4621071599999999e+02 6.2207999999999997e-01 1.3311719929999999e+03
6.8913656600000002e+02 1.4886118800000000e+02 6.2751999999999997e-01 1.3354137679999999e+03
6.9641255999999998e+02 1.5154052999999999e+02 6.3295999999999997e-01 1.3396647399999999e+03
7.0371170500000005e+02 1.5424873199999999e+02 6.3839999999999997e-01 1.3439247359999999e+03
7.1103404999999998e+02 1.5698578100000000e+02 6.4383999999999997e-01 1.3481935800000001e+03
7.1837964099999999e+02 1.5975165999999999e+02 6.4927999999999997e-01 1.3524710990000001e+03
7.2574852699999997e+02 1.6254634999999999e+02 6.5471999999999997e-01 1.3567571180000000e+03
7.3314075200000002e+02 1.6536982800000001e+02 6.6015999999999997e-01 1.3610514630000000e+03
7.4055636100000004e+02 1.6822207100000000e+02 6.6559999999999997e-01 1.3653539599999999e+03
7.4799539900000002e+02 1.7110305099999999e+02 6.7103999999999997e-01 1.3696644360000000e+03
7.5545790799999997e+02 1.7401273900000001e+02 6.7647999999999997e-01 1.3739827200000000e+03
7.6294393000000002e+02 1.7695110399999999e+02 6.8191999999999997e-01 1.3783086410000001e+03
7.7045350699999995e+02 1.7991811300000001e+02 6.8735999999999997e-01 1.3826420280000000e+03
7.7798667799999998e+02 1.8291373100000001e+02 6.9279999999999997e-01 1.3869827130000001e+03
7.8554348300000004e+02 1.8593791999999999e+02 6.9823999999999997e-01 1.3913305280000000e+03
7.9312396000000001e+02 1.8899064200000001e+02 7.0367999999999997e-01 1.3956853070000000e+03
8.0072814700000004e+02 1.9207185699999999e+02 7.0911999999999997e-01 1.4000468860000001e+03
8.0835607900000002e+02 1.9518152100000000e+02 7.1455999999999997e-01 1.4044151019999999e+03
8.1600779399999999e+02 1.9831959300000000e+02 7.1999999999999997e-01 1.4087897940000000e+03
8.2368332499999997e+02 2.0148602500000001e+02 7.2543999999999997e-01 1.4131708000000001e+03
8.3138270599999998e+02 2.0468077299999999e+02 7.3087999999999997e-01 1.4175579650000000e+03
8.3910597099999995e+02 2.0790378899999999e+02 7.3631999999999997e-01 1.4219511299999999e+03
8.4685315100000003e+02 2.1115502300000000e+02 7.4175999999999997e-01 1.4263501420000000e+03
8.5462427900000000e+02 2.1443442600000000e+02 7.4719999999999998e-01 1.4307548480000000e+03
8.6241938400000004e+02 2.1774194700000001e+02 7.5263999999999998e-01 1.4351650970000001e+03
8.7023849700000005e+02 2.2107753199999999e+02 7.5807999999999998e-01 1.4395807400000001e+03
8.7808164599999998e+02 2.2444112999999999e+02 7.6351999999999998e-01 1.4440016300000000e+03
8.8594885999999997e+02 2.2783268500000000e+02 7.6895999999999998e-01 1.4484276219999999e+03
8.9384016599999995e+02 2.3125214299999999e+02 7.7439999999999998e-01 1.4528585730000000e+03
9.0175558999999998e+02 2.3469944799999999e+02 7.7983999999999998e-01 1.4572943399999999e+03
9.0969515799999999e+02 2.3817454300000000e+02 7.8527999999999998e-01 1.4617347850000001e+03
9.1765889600000003e+02 2.4167737099999999e+02 7.9071999999999998e-01 1.4661797710000001e+03
9.2564682700000003e+02 2.4520787400000000e+02 7.9615999999999998e-01 1.4706291610000001e+03
9.3365897500000005e+02 2.4876599200000001e+02 8.0159999999999998e-01 1.4750828230000000e+03
9.4169536400000004e+02 2.5235166699999999e+02 8.0703999999999998e-01 1.4795406240000000e+03
9.4975601500000005e+02 2.5596483799999999e+02 8.1247999999999998e-01 1.4840024340000000e+03
9.5784095000000002e+02 2.5960544499999997e+02 8.1791999999999998e-01 1.4884681270000001e+03
9.6595018900000002e+02 2.6327342700000003e+02 8.2335999999999998e-01 1.4929375760000000e+03
9.7408375300000000e+02 2.6696872200000001e+02 8.2879999999999998e-01 1.4974106569999999e+03
9.8224166100000002e+02 2.7069126799999998e+02 8.3423999999999998e-01 1.5018872480000000e+03
9.9042393200000004e+02 2.7444100300000002e+02 8.3967999999999998e-01 1.5063672290000000e+03
9.9863058300000000e+02 2.7821786500000002e+02 8.4511999999999998e-01 1.5108504809999999e+03
1.0068616340000000e+03 2.8202178900000001e+02 8.5055999999999998e-01 1.5153368889999999e+03
1.0151170990000001e+03 2.8585271299999999e+02 8.5599999999999998e-01 1.5198263370000000e+03
1.0233969959999999e+03 2.8971057300000001e+02 8.6143999999999998e-01 1.5243187129999999e+03
1.0317013390000000e+03 2.9359530500000000e+02 8.6687999999999998e-01 1.5288139060000001e+03
1.0400301449999999e+03 2.9750684400000000e+02 8.7231999999999998e-01 1.5333118070000000e+03
1.0483834280000001e+03 3.0144512700000001e+02 8.7775999999999998e-01 1.5378123089999999e+03
1.0567612010000000e+03 3.0541008799999997e+02 8.8319999999999999e-01 1.5423153050000001e+03
1.0651634770000001e+03 3.0940166399999998e+02 8.8863999999999999e-01 1.5468206929999999e+03
1.0735902699999999e+03 3.1341978799999998e+02 8.9407999999999999e-01 1.5513283699999999e+03
1.0820415920000000e+03 3.1746439600000002e+02 8.9951999999999999e-01 1.5558382360000001e+03
1.0905174529999999e+03 3.2153542299999998e+02 9.0495999999999999e-01 1.5603501920000001e+03
1.0990178659999999e+03 3.2563280400000002e+02 9.1039999999999999e-01 1.5648641430000000e+03
1.1075428410000000e+03 3.2975647400000003e+02 9.1583999999999999e-01 1.5693799919999999e+03
1.1160923880000000e+03 3.3390636699999999e+02 9.2127999999999999e-01 1.5738976459999999e+03
1.1246665160000000e+03 3.3808241900000002e+02 9.2671999999999999e-01 1.5784170130000000e+03
1.1332652350000001e+03 3.4228456399999999e+02 9.3215999999999999e-01 1.5829380040000001e+03
1.1418885540000001e+03 3.4651273700000002e+02 9.3759999999999999e-01 1.5874605300000001e+03
1.1505364790000001e+03 3.5076687399999997e+02 9.4303999999999999e-01 1.5919845049999999e+03
1.1592090189999999e+03 3.5504691100000002e+02 9.4847999999999999e-01 1.5965098419999999e+03
1.1679061819999999e+03 3.5935278099999999e+02 9.5391999999999999e-01 1.6010364600000000e+03
1.1766279730000001e+03 3.6368442299999998e+02 9.5935999999999999e-01 1.6055642769999999e+03
1.1853743999999999e+03 3.6804176999999999e+02 9.6479999999999999e-01 1.6100932110000001e+03
1.1941454670000001e+03 3.7242476099999999e+02 9.7023999999999999e-01 1.6146231860000000e+03
1.2029411809999999e+03 3.7683333199999998e+02 9.7567999999999999e-01 1.6191541250000000e+03
1.2117615460000000e+03 3.8126742000000002e+02 9.8111999999999999e-01 1.6236859520000000e+03
1.2206065679999999e+03 3.8572696300000001e+02 9.8655999999999999e-01 1.6282185959999999e+03
1.2294762499999999e+03 3.9021190000000001e+02 9.9199999999999999e-01 1.6327519850000001e+03
1.2383705960000000e+03 3.9472217100000000e+02 9.9743999999999999e-01 1.6372860499999999e+03
1.2472896100000000e+03 3.9925771600000002e+02 1.0028800000000000e+00 1.6418207250000000e+03
1.2562332939999999e+03 4.0381847800000003e+02 1.0083200000000001e+00 1.6463559450000000e+03
1.2652016520000000e+03 4.0840439800000001e+02 1.0137600000000000e+00 1.6508916480000000e+03
1.2741946869999999e+03 4.1301542400000000e+02 1.0192000000000001e+00 1.6554277750000001e+03
1.2832123990000000e+03 4.1765150199999999e+02 1.0246400000000000e+00 1.6599642719999999e+03
1.2922547920000000e+03 4.2231258500000001e+02 1.0300800000000001e+00 1.6645010860000000e+03
1.3013218660000000e+03 4.2699862700000000e+02 1.0355200000000000e+00 1.6690381720000000e+03
1.3104136240000000e+03 4.3170959199999999e+02 1.0409600000000001e+00 1.6735754899999999e+03
1.3195300649999999e+03 4.3644545199999999e+02 1.0464000000000000e+00 1.6781130120000000e+03
1.3286711920000000e+03 4.4120619799999997e+02 1.0518400000000001e+00 1.6826507260000001e+03
1.3378370050000001e+03 4.4599185100000000e+02 1.0572800000000000e+00 1.6871886529999999e+03
1.3470275059999999e+03 4.5080252100000001e+02 1.0627200000000001e+00 1.6917268910000000e+03
1.3562426980000000e+03 4.5563877200000002e+02 1.0681600000000000e+00 1.6962659679999999e+03
1.3654825830000000e+03 4.6049975899999998e+02 1.0736000000000001e+00 1.7008050870000000e+03
1.3747471610000000e+03 4.6538474600000001e+02 1.0790400000000000e+00 1.7053435629999999e+03
1.3840364259999999e+03 4.7029366599999997e+02 1.0844800000000001e+00 1.7098813399999999e+03
1.3933503760000001e+03 4.7522645199999999e+02 1.0899200000000000e+00 1.7144183650000000e+03
1.4026890050000000e+03 4.8018303700000001e+02 1.0953599999999999e+00 1.7189545820000001e+03
1.4120523100000000e+03 4.8516335400000003e+02 1.1008000000000000e+00 1.7234899390000000e+03
1.4214402849999999e+03 4.9016733699999997e+02 1.1062399999999999e+00 1.7280243840000001e+03
1.4308529260000000e+03 4.9519492000000002e+02 1.1116800000000000e+00 1.7325578680000001e+03
1.4402902260000001e+03 5.0024603600000000e+02 1.1171199999999999e+00 1.7370903390000001e+03
1.4497521810000001e+03 5.0532062100000002e+02 1.1225600000000000e+00 1.7416217500000000e+03
1.4592387850000000e+03 5.1041860800000001e+02 1.1279999999999999e+00 1.7461520530000000e+03
1.4687500310000000e+03 5.1553993400000002e+02 1.1334400000000000e+00 1.7506812000000000e+03
1.4782859129999999e+03 5.2068453199999999e+02 1.1388799999999999e+00 1.7552091459999999e+03
1.4878464230000000e+03 5.2585233900000003e+02 1.1443200000000000e+00 1.7597358449999999e+03
1.4974315570000001e+03 5.3104328999999996e+02 1.1497599999999999e+00 1.7642612540000000e+03
1.5070413050000000e+03 5.3625732200000004e+02 1.1552000000000000e+00 1.7687853290000000e+03
1.5166756610000000e+03 5.4149437000000000e+02 1.1606399999999999e+00 1.7733080270000000e+03
1.5263346180000001e+03 5.4675437099999999e+02 1.1660800000000000e+00 1.7778293080000001e+03
1.5360181669999999e+03 5.5203726200000006e+02 1.1715199999999999e+00 1.7823491289999999e+03
1.5457263000000000e+03 5.5734298100000001e+02 1.1769600000000000e+00 1.7868674520000000e+03
1.5554590089999999e+03 5.6267146400000001e+02 1.1823999999999999e+00 1.7913842360000001e+03
1.5652162860000001e+03 5.6802264800000000e+02 1.1878400000000000e+00 1.7958994439999999e+03
1.5749981210000001e+03 5.7339647300000001e+02 1.1932799999999999e+00 1.8004130370000000e+03
1.5848045070000001e+03 5.7879287599999998e+02 1.1987200000000000e+00 1.8049249780000000e+03
1.5946354340000000e+03 5.8421179600000005e+02 1.2041599999999999e+00 1.8094352320000000e+03
1.6044908920000000e+03 5.8965317200000004e+02 1.2096000000000000e+00 1.8139437630000000e+03
1.6143708720000000e+03 5.9511694100000000e+02 1.2150399999999999e+00 1.8184505349999999e+03
1.6242753650000000e+03 6.0060304499999995e+02 1.2204800000000000e+00 1.8229555150000001e+03
1.6342043600000000e+03 6.0611142099999995e+02 1.2259199999999999e+00 1.8274586700000000e+03
1.6441578480000001e+03 6.1164201100000002e+02 1.2313600000000000e+00 1.8319599650000000e+03
1.6541358190000001e+03 6.1719475299999999e+02 1.2367999999999999e+00 1.8364593700000000e+03
1.6641382610000001e+03 6.2276958999999999e+02 1.2422400000000000e+00 1.8409568529999999e+03
1.6741651660000000e+03 6.2836645999999996e+02 1.2476799999999999e+00 1.8454523819999999e+03
1.6842165199999999e+03 6.3398530500000004e+02 1.2531200000000000e+00 1.8499459280000001e+03
1.6942923149999999e+03 6.3962606700000003e+02 1.2585599999999999e+00 1.8544374600000001e+03
1.7043925389999999e+03 6.4528868599999998e+02 1.2640000000000000e+00 1.8589269509999999e+03
1.7145171800000001e+03 6.5097310400000003e+02 1.2694399999999999e+00 1.8634143700000000e+03
1.7246662269999999e+03 6.5667926299999999e+02 1.2748800000000000e+00 1.8678996910000001e+03
1.7348396700000001e+03 6.6240710600000000e+02 1.2803199999999999e+00 1.8723828860000001e+03
1.7450374950000000e+03 6.6815657399999998e+02 1.2857600000000000e+00 1.8768639280000000e+03
1.7552596920000001e+03 6.7392761099999996e+02 1.2911999999999999e+00 1.8813427899999999e+03
1.7655062490000000e+03 6.7972015999999996e+02 1.2966400000000000e+00 1.8858194480000000e+03
1.7757771530000000e+03 6.8553416300000004e+02 1.3020799999999999e+00 1.8902938760000000e+03
1.7860723920000000e+03 6.9136956499999997e+02 1.3075200000000000e+00 1.8947660480000000e+03
1.7963919400000000e+03 6.9720687599999997e+02 1.3129599999999999e+00 1.8992211310000000e+03
1.8067355630000000e+03 7.0299521300000004e+02 1.3184000000000000e+00 1.9036205620000001e+03
1.8171030450000001e+03 7.0877463399999999e+02 1.3238399999999999e+00 1.9079951249999999e+03
1.8274942790000000e+03 7.1455591600000002e+02 1.3292800000000000e+00 1.9123531490000000e+03
1.8379091860000001e+03 7.2034383400000002e+02 1.3347199999999999e+00 1.9166983580000001e+03
1.8483477009999999e+03 7.2614117499999998e+02 1.3401600000000000e+00 1.9210329369999999e+03
1.8588097710000000e+03 7.3194977700000004e+02 1.3455999999999999e+00 1.9253583430000001e+03
1.8692953490000000e+03 7.3777095199999997e+02 1.3510400000000000e+00 1.9296756220000000e+03
1.8798043940000000e+03 7.4360567800000001e+02 1.3564799999999999e+00 1.9339855630000000e+03
1.8903368670000000e+03 7.4945471499999996e+02 1.3619200000000000e+00 1.9382887830000000e+03
1.9008927329999999e+03 7.5531866500000001e+02 1.3673599999999999e+00 1.9425857770000000e+03
1.9114719580000001e+03 7.6119801900000004e+02 1.3728000000000000e+00 1.9468769530000000e+03
1.9220745139999999e+03 7.6709318299999995e+02 1.3782399999999999e+00 1.9511626520000000e+03
1.9327003689999999e+03 7.7300449500000002e+02 1.3836800000000000e+00 1.9554431609999999e+03
1.9433494980000000e+03 7.7893224199999997e+02 1.3891199999999999e+00 1.9597187300000001e+03
1.9540218729999999e+03 7.8487666999999999e+02 1.3945600000000000e+00 1.9639895720000000e+03
1.9647174689999999e+03 7.9083798800000000e+02 1.3999999999999999e+00 1.9682558759999999e+03
