# epsilon[MeV/fm^3] P[MeV/fm^3] nB[fm^-3] muB[MeV]
3.7929186000000001e+01 1.7220500000000000e-01 4.0000000000000001e-02 9.5253659400000004e+02
4.3112431000000001e+01 1.9428999999999999e-01 4.5440000000000001e-02 9.5305463899999995e+02
4.8298084000000003e+01 2.1233500000000000e-01 5.0880000000000002e-02 9.5342985799999997e+02
5.3485458000000001e+01 2.2651900000000000e-01 5.6320000000000002e-02 9.5369456700000001e+02
5.8674036000000001e+01 2.3749700000000001e-01 6.1760000000000002e-02 9.5388023999999996e+02
6.3863470000000000e+01 2.4633099999999999e-01 6.7199999999999996e-02 9.5401668400000005e+02
6.9053567999999999e+01 2.5442199999999998e-01 7.2639999999999996e-02 9.5413160700000003e+02
7.4244283999999993e+01 2.6345000000000002e-01 7.8079999999999997e-02 9.5425042399999995e+02
7.9435702000000006e+01 2.7532099999999998e-01 8.3519999999999997e-02 9.5439621399999999e+02
8.4628026000000006e+01 2.9212100000000002e-01 8.8959999999999997e-02 9.5458975599999997e+02
8.9821567999999999e+01 3.1606800000000002e-01 9.4399999999999998e-02 9.5484959900000001e+02
9.5016724999999994e+01 3.4880499999999998e-01 9.9839999999999998e-02 9.5518535499999996e+02
1.0021389800000000e+02 3.9135300000000001e-01 1.0528000000000000e-01 9.5559874400000001e+02
1.0541358800000000e+02 4.4750600000000001e-01 1.1072000000000000e-01 9.5611712699999998e+02
1.1061641000000000e+02 5.2005699999999999e-01 1.1616000000000000e-01 9.5675507700000003e+02
1.1582304200000000e+02 6.1151599999999995e-01 1.2160000000000000e-01 9.5752277700000002e+02
1.2103421200000000e+02 7.2423199999999999e-01 1.2703999999999999e-01 9.5842777400000000e+02
1.2625068200000000e+02 8.6042200000000002e-01 1.3247999999999999e-01 9.5947564199999999e+02
1.3147324200000000e+02 1.0221769999999999e+00 1.3791999999999999e-01 9.6067036800000005e+02
1.3670269700000000e+02 1.2114730000000000e+00 1.4335999999999999e-01 9.6201462900000001e+02
1.4193986599999999e+02 1.4301690000000000e+00 1.4879999999999999e-01 9.6351002400000004e+02
1.4718557400000000e+02 1.6800170000000001e+00 1.5423999999999999e-01 9.6515726800000004e+02
1.5244064700000001e+02 1.9626720000000000e+00 1.5967999999999999e-01 9.6695637099999999e+02
1.5770590999999999e+02 2.2796959999999999e+00 1.6511999999999999e-01 9.6890678800000001e+02
1.6298218299999999e+02 2.6325740000000000e+00 1.7055999999999999e-01 9.7100755900000001e+02
1.6827028200000001e+02 3.0227240000000002e+00 1.7599999999999999e-01 9.7325742500000001e+02
1.7357101200000000e+02 3.4515080000000000e+00 1.8143999999999999e-01 9.7565493100000003e+02
1.7888517500000000e+02 3.9202430000000001e+00 1.8687999999999999e-01 9.7819850399999996e+02
1.8421355800000001e+02 4.4302099999999998e+00 1.9231999999999999e-01 9.8088652400000001e+02
1.8955694600000001e+02 4.9826649999999999e+00 1.9775999999999999e-01 9.8371737099999996e+02
1.9491610900000001e+02 5.5788450000000003e+00 2.0319999999999999e-01 9.8668946600000004e+02
2.0029181199999999e+02 6.2199749999999998e+00 2.0863999999999999e-01 9.8980129599999998e+02
2.0568481299999999e+02 6.9072730000000000e+00 2.1407999999999999e-01 9.9305143099999998e+02
2.1109585899999999e+02 7.6419540000000001e+00 2.1951999999999999e-01 9.9643853100000001e+02
2.1652569199999999e+02 8.4252300000000009e+00 2.2495999999999999e-01 9.9996135100000004e+02
2.2197504900000001e+02 9.2583149999999996e+00 2.3039999999999999e-01 1.0036187330000000e+03
2.2744465800000000e+02 1.0142421000000001e+01 2.3583999999999999e-01 1.0074096010000000e+03
2.3293524300000001e+02 1.1078761000000000e+01 2.4127999999999999e-01 1.0113329510000000e+03
2.3844752199999999e+02 1.2068545000000000e+01 2.4671999999999999e-01 1.0153878350000000e+03
2.4398220900000001e+02 1.3112978000000000e+01 2.5216000000000000e-01 1.0195733510000000e+03
2.4954001199999999e+02 1.4213258000000000e+01 2.5760000000000000e-01 1.0238886230000001e+03
2.5512163500000000e+02 1.5370573000000000e+01 2.6304000000000000e-01 1.0283327910000000e+03
2.6072777800000000e+02 1.6586095000000000e+01 2.6848000000000000e-01 1.0329049900000000e+03
2.6635913499999998e+02 1.7860977999999999e+01 2.7392000000000000e-01 1.0376043400000001e+03
2.7201639499999999e+02 1.9196352999999998e+01 2.7936000000000000e-01 1.0424299289999999e+03
2.7770024300000000e+02 2.0593323000000002e+01 2.8480000000000000e-01 1.0473808030000000e+03
2.8341135800000001e+02 2.2052959999999999e+01 2.9024000000000000e-01 1.0524559500000000e+03
2.8915041400000001e+02 2.3576300000000000e+01 2.9568000000000000e-01 1.0576542919999999e+03
2.9491807799999998e+02 2.5164339999999999e+01 3.0112000000000000e-01 1.0629746769999999e+03
3.0071501100000000e+02 2.6818030000000000e+01 3.0656000000000000e-01 1.0684158680000000e+03
3.0654186800000002e+02 2.8538274999999999e+01 3.1200000000000000e-01 1.0739765390000000e+03
3.1239929500000000e+02 3.0325927000000000e+01 3.1744000000000000e-01 1.0796552720000000e+03
3.1828792900000002e+02 3.2181786000000002e+01 3.2288000000000000e-01 1.0854505480000000e+03
3.2420840299999998e+02 3.4106591999999999e+01 3.2832000000000000e-01 1.0913607540000000e+03
3.3016133500000001e+02 3.6101028999999997e+01 3.3376000000000000e-01 1.0973841760000000e+03
3.3614733899999999e+02 3.8165717999999998e+01 3.3920000000000000e-01 1.1035190030000001e+03
3.4216701399999999e+02 4.0301220000000001e+01 3.4464000000000000e-01 1.1097633300000000e+03
3.4822095300000001e+02 4.2508032999999998e+01 3.5008000000000000e-01 1.1161151620000001e+03
3.5430973299999999e+02 4.4786591000000001e+01 3.5552000000000000e-01 1.1225724160000000e+03
3.6043392399999999e+02 4.7137267000000001e+01 3.6096000000000000e-01 1.1291329320000000e+03
3.6659408100000002e+02 4.9560371000000004e+01 3.6640000000000000e-01 1.1357944740000000e+03
3.7279046599999998e+02 5.1942956000000002e+01 3.7184000000000000e-01 1.1422495550000001e+03
3.7901913300000001e+02 5.4012310999999997e+01 3.7728000000000000e-01 1.1477738210000000e+03
3.8527698900000001e+02 5.6005392000000001e+01 3.8272000000000000e-01 1.1530180109999999e+03
3.9156294800000001e+02 5.7971440000000001e+01 3.8816000000000001e-01 1.1581179669999999e+03
3.9787638800000002e+02 5.9929716999999997e+01 3.9360000000000001e-01 1.1631270230000000e+03
4.0421689900000001e+02 6.1890591000000001e+01 3.9904000000000001e-01 1.1680738530000001e+03
4.1058414199999999e+02 6.3818514999999998e+01 4.0448000000000001e-01 1.1728722479999999e+03
4.1697557899999998e+02 6.5507565999999997e+01 4.0992000000000001e-01 1.1770195719999999e+03
4.2338923499999999e+02 6.7176753000000005e+01 4.1536000000000001e-01 1.1810639320000000e+03
4.2982479000000001e+02 6.8854045999999997e+01 4.2080000000000001e-01 1.1850750270000001e+03
4.3628212600000001e+02 7.0547764000000001e+01 4.2624000000000001e-01 1.1890733720000001e+03
4.4276120200000003e+02 7.2262004000000005e+01 4.3168000000000001e-01 1.1930688430000000e+03
4.4926202000000001e+02 7.3999223999999998e+01 4.3712000000000001e-01 1.1970671789999999e+03
4.5578460500000000e+02 7.5761081000000004e+01 4.4256000000000001e-01 1.2010720730000000e+03
4.6232900200000000e+02 7.7548775000000006e+01 4.4800000000000001e-01 1.2050860630000000e+03
4.6889526400000000e+02 7.9363226999999995e+01 4.5344000000000001e-01 1.2091109700000000e+03
4.7548345499999999e+02 8.1205166000000006e+01 4.5888000000000001e-01 1.2131481389999999e+03
4.8209364499999998e+02 8.3075194999999994e+01 4.6432000000000001e-01 1.2171985810000001e+03
4.8872590800000000e+02 8.4973816999999997e+01 4.6976000000000001e-01 1.2212630680000000e+03
4.9538032199999998e+02 8.6901464000000004e+01 4.7520000000000001e-01 1.2253421900000001e+03
5.0205696699999999e+02 8.8858509999999995e+01 4.8064000000000001e-01 1.2294363960000001e+03
5.0875592799999998e+02 9.0845285000000004e+01 4.8608000000000001e-01 1.2335460290000001e+03
5.1547728900000004e+02 9.2862078999999994e+01 4.9152000000000001e-01 1.2376713420000001e+03
5.2222113500000000e+02 9.4909154000000001e+01 4.9696000000000001e-01 1.2418125160000000e+03
5.2898755400000005e+02 9.6986743000000004e+01 5.0239999999999996e-01 1.2459696739999999e+03
5.3577663199999995e+02 9.9095056999999997e+01 5.0783999999999996e-01 1.2501428900000001e+03
5.4258845799999995e+02 1.0123428699999999e+02 5.1327999999999996e-01 1.2543321970000000e+03
5.4942311800000004e+02 1.0340460600000000e+02 5.1871999999999996e-01 1.2585375899999999e+03
5.5628070000000002e+02 1.0560617300000000e+02 5.2415999999999996e-01 1.2627590359999999e+03
5.6316129100000001e+02 1.0783913000000000e+02 5.2959999999999996e-01 1.2669964769999999e+03
5.7006497899999999e+02 1.1010360900000001e+02 5.3503999999999996e-01 1.2712498320000000e+03
5.7699184900000000e+02 1.1239972800000000e+02 5.4047999999999996e-01 1.2755189980000000e+03
5.8394198700000004e+02 1.1472759499999999e+02 5.4591999999999996e-01 1.2798038590000001e+03
5.9091547900000000e+02 1.1708730900000000e+02 5.5135999999999996e-01 1.2841042829999999e+03
5.9791240800000003e+02 1.1947895900000000e+02 5.5679999999999996e-01 1.2884201250000001e+03
6.0493285800000001e+02 1.2190262400000000e+02 5.6223999999999996e-01 1.2927512290000000e+03
6.1197691199999997e+02 1.2435837900000000e+02 5.6767999999999996e-01 1.2970974289999999e+03
6.1904465200000004e+02 1.2684628700000000e+02 5.7311999999999996e-01 1.3014585509999999e+03
6.2613615700000003e+02 1.2936640600000001e+02 5.7855999999999996e-01 1.3058344150000000e+03
6.3325150799999994e+02 1.3191879000000000e+02 5.8399999999999996e-01 1.3102248340000001e+03
6.4039078400000005e+02 1.3450348199999999e+02 5.8943999999999996e-01 1.3146296150000001e+03
6.4755406100000005e+02 1.3712052199999999e+02 5.9487999999999996e-01 1.3190485610000001e+03
6.5474141699999996e+02 1.3976994500000001e+02 6.0031999999999996e-01 1.3234814710000001e+03
6.6195292800000004e+02 1.4245178100000001e+02 6.0575999999999997e-01 1.3279281430000001e+03
6.6918866600000001e+02 1.4516605200000001e+02 6.1119999999999997e-01 1.3323883690000000e+03
6.7644870600000002e+02 1.4791277900000000e+02 6.1663999999999997e-01 1.3368619430000001e+03
6.8373311999999999e+02 1.5069197800000001e+02 6.2207999999999997e-01 1.3413486539999999e+03
6.9104197799999997e+02 1.5350366000000000e+02 6.2751999999999997e-01 1.3458482910000000e+03
6.9837535000000003e+02 1.5634783200000001e+02 6.3295999999999997e-01 1.3503606440000001e+03
7.0573330499999997e+02 1.5922449800000001e+02 6.3839999999999997e-01 1.3548855020000001e+03
7.1311590999999999e+02 1.6213365899999999e+02 6.4383999999999997e-01 1.3594226530000001e+03
7.2052323200000001e+02 1.6507531200000000e+02 6.4927999999999997e-01 1.3639718849999999e+03
7.2795533599999999e+02 1.6804945200000000e+02 6.5471999999999997e-01 1.3685329899999999e+03
7.3541228500000000e+02 1.7105607000000001e+02 6.6015999999999997e-01 1.3731057570000000e+03
7.4289414399999998e+02 1.7409515400000001e+02 6.6559999999999997e-01 1.3776899770000000e+03
7.5040097200000002e+02 1.7716669200000001e+02 6.7103999999999997e-01 1.3822854450000000e+03
7.5793283099999996e+02 1.8027066600000001e+02 6.7647999999999997e-01 1.3868919539999999e+03
7.6548978099999999e+02 1.8340706000000000e+02 6.8191999999999997e-01 1.3915092999999999e+03
7.7307187999999996e+02 1.8657585100000000e+02 6.8735999999999997e-01 1.3961372810000000e+03
7.8067918499999996e+02 1.8977701700000000e+02 6.9279999999999997e-01 1.4007756979999999e+03
7.8831175299999995e+02 1.9301053500000000e+02 6.9823999999999997e-01 1.4054243509999999e+03
7.9596963800000003e+02 1.9627637799999999e+02 7.0367999999999997e-01 1.4100830460000000e+03
8.0365289499999994e+02 1.9957451900000001e+02 7.0911999999999997e-01 1.4147515860000001e+03
8.1136157600000001e+02 2.0290492800000001e+02 7.1455999999999997e-01 1.4194297830000000e+03
8.1909573399999999e+02 2.0626757400000000e+02 7.1999999999999997e-01 1.4241174450000001e+03
8.2685541999999998e+02 2.0966242600000001e+02 7.2543999999999997e-01 1.4288143869999999e+03
8.3464068399999996e+02 2.1308945100000000e+02 7.3087999999999997e-01 1.4335204229999999e+03
8.4245157400000005e+02 2.1654861299999999e+02 7.3631999999999997e-01 1.4382353730000000e+03
8.5028813900000000e+02 2.2003987799999999e+02 7.4175999999999997e-01 1.4429590570000000e+03
8.5815042600000004e+02 2.2356320900000000e+02 7.4719999999999998e-01 1.4476912990000001e+03
8.6603848000000005e+02 2.2711856900000001e+02 7.5263999999999998e-01 1.4524319240000000e+03
8.7395234700000003e+02 2.3070591899999999e+02 7.5807999999999998e-01 1.4571807610000001e+03
8.8189207099999999e+02 2.3432522100000000e+02 7.6351999999999998e-01 1.4619376410000000e+03
8.8985769600000003e+02 2.3797643400000001e+02 7.6895999999999998e-01 1.4667023979999999e+03
8.9784926299999995e+02 2.4165951899999999e+02 7.7439999999999998e-01 1.4714748700000000e+03
9.0586681499999997e+02 2.4537443400000001e+02 7.7983999999999998e-01 1.4762548939999999e+03
9.1391039100000000e+02 2.4912113900000000e+02 7.8527999999999998e-01 1.4810423140000000e+03
9.2198003300000005e+02 2.5289958899999999e+02 7.9071999999999998e-01 1.4858369729999999e+03
9.3007577800000001e+02 2.5670974500000000e+02 7.9615999999999998e-01 1.4906387179999999e+03
9.3819766500000003e+02 2.6055156199999999e+02 8.0159999999999998e-01 1.4954474009999999e+03
9.4634573000000000e+02 2.6442499700000002e+02 8.0703999999999998e-01 1.5002628720000000e+03
9.5452001199999995e+02 2.6833000700000002e+02 8.1247999999999998e-01 1.5050849880000001e+03
9.6272054500000002e+02 2.7226654900000000e+02 8.1791999999999998e-01 1.5099136060000001e+03
9.7094736399999999e+02 2.7623457800000000e+02 8.2335999999999998e-01 1.5147485870000000e+03
9.7920050400000002e+02 2.8023405100000002e+02 8.2879999999999998e-01 1.5195897920000000e+03
9.8747999800000002e+02 2.8426492300000001e+02 8.3423999999999998e-01 1.5244370890000000e+03
9.9578587900000002e+02 2.8832715000000002e+02 8.3967999999999998e-01 1.5292903440000000e+03
1.0041181790000001e+03 2.9242068799999998e+02 8.4511999999999998e-01 1.5341494290000001e+03
1.0124769290000000e+03 2.9654549300000002e+02 8.5055999999999998e-01 1.5390142160000000e+03
1.0208621600000000e+03 3.0070152200000001e+02 8.5599999999999998e-01 1.5438845819999999e+03
1.0292739030000000e+03 3.0488872900000001e+02 8.6143999999999998e-01 1.5487604040000001e+03
1.0377121850000001e+03 3.0910707100000002e+02 8.6687999999999998e-01 1.5536415629999999e+03
1.0461770360000000e+03 3.1335650600000002e+02 8.7231999999999998e-01 1.5585279430000001e+03
1.0546684849999999e+03 3.1763698900000003e+02 8.7775999999999998e-01 1.5634194299999999e+03
1.0631865570000000e+03 3.2194847900000002e+02 8.8319999999999999e-01 1.5683159109999999e+03
1.0717312820000000e+03 3.2629093300000000e+02 8.8863999999999999e-01 1.5732172790000000e+03
1.0803026840000000e+03 3.3066431000000000e+02 8.9407999999999999e-01 1.5781234260000001e+03
1.0889007890000000e+03 3.3506856900000002e+02 8.9951999999999999e-01 1.5830342490000000e+03
1.0975256230000000e+03 3.3950366900000000e+02 9.0495999999999999e-01 1.5879496480000000e+03
1.1061772100000001e+03 3.4396957200000003e+02 9.1039999999999999e-01 1.5928695250000001e+03
1.1148555739999999e+03 3.4846624100000002e+02 9.1583999999999999e-01 1.5977937850000001e+03
1.1235607399999999e+03 3.5299363899999997e+02 9.2127999999999999e-01 1.6027223360000000e+03
1.1322927290000000e+03 3.5755173100000002e+02 9.2671999999999999e-01 1.6076550920000000e+03
1.1410515640000001e+03 3.6214048600000001e+02 9.3215999999999999e-01 1.6125919680000000e+03
1.1498372680000000e+03 3.6675987400000002e+02 9.3759999999999999e-01 1.6175328850000001e+03
1.1586498630000001e+03 3.7140987100000001e+02 9.4303999999999999e-01 1.6224777700000000e+03
1.1674893700000000e+03 3.7609045500000002e+02 9.4847999999999999e-01 1.6274265550000000e+03
1.1763558100000000e+03 3.8080161500000003e+02 9.5391999999999999e-01 1.6323791830000000e+03
1.1852492030000001e+03 3.8554334699999998e+02 9.5935999999999999e-01 1.6373356060000001e+03
1.1941695700000000e+03 3.9031566400000003e+02 9.6479999999999999e-01 1.6422957950000000e+03
1.2031169330000000e+03 3.9511860700000000e+02 9.7023999999999999e-01 1.6472597510000001e+03
1.2120913100000000e+03 3.9995227399999999e+02 9.7567999999999999e-01 1.6522275299999999e+03
1.2210927240000001e+03 4.0481692099999998e+02 9.8111999999999999e-01 1.6571993530000000e+03
1.2301211989999999e+03 4.0971343400000001e+02 9.8655999999999999e-01 1.6621760760000000e+03
1.2391767570000000e+03 4.1464011299999999e+02 9.9199999999999999e-01 1.6671559259999999e+03
1.2482594140000001e+03 4.1959639099999998e+02 9.9743999999999999e-01 1.6721382990000000e+03
1.2573691830000000e+03 4.2458221600000002e+02 1.0028800000000000e+00 1.6771231160000000e+03
1.2665060770000000e+03 4.2959753799999999e+02 1.0083200000000001e+00 1.6821103000000001e+03
1.2756701080000000e+03 4.3464230400000002e+02 1.0137600000000000e+00 1.6870997749999999e+03
1.2848612889999999e+03 4.3971646399999997e+02 1.0192000000000001e+00 1.6920914650000000e+03
1.2940796310000001e+03 4.4481996800000002e+02 1.0246400000000000e+00 1.6970852970000001e+03
1.3033251470000000e+03 4.4995276400000000e+02 1.0300800000000001e+00 1.7020812010000000e+03
1.3125978459999999e+03 4.5511480399999999e+02 1.0355200000000000e+00 1.7070791050000000e+03
1.3218977410000000e+03 4.6030603700000000e+02 1.0409600000000001e+00 1.7120789410000000e+03
1.3312248400000001e+03 4.6552641399999999e+02 1.0464000000000000e+00 1.7170806410000000e+03
1.3405791549999999e+03 4.7077588600000001e+02 1.0518400000000001e+00 1.7220841399999999e+03
1.3499606940000001e+03 4.7605440399999998e+02 1.0572800000000000e+00 1.7270893719999999e+03
1.3593694670000000e+03 4.8136192000000000e+02 1.0627200000000001e+00 1.7320962750000001e+03
1.3688054840000000e+03 4.8669838499999997e+02 1.0681600000000000e+00 1.7371047850000000e+03
1.3782687510000001e+03 4.9206375200000002e+02 1.0736000000000001e+00 1.7421148410000001e+03
1.3877592780000000e+03 4.9745797299999998e+02 1.0790400000000000e+00 1.7471263850000000e+03
1.3972770730000000e+03 5.0288100100000003e+02 1.0844800000000001e+00 1.7521393559999999e+03
1.4068221430000001e+03 5.0833278899999999e+02 1.0899200000000000e+00 1.7571536980000001e+03
1.4163944950000000e+03 5.1381329000000005e+02 1.0953599999999999e+00 1.7621693550000000e+03
1.4259941360000000e+03 5.1932245699999999e+02 1.1008000000000000e+00 1.7671862699999999e+03
1.4356210739999999e+03 5.2486024499999996e+02 1.1062399999999999e+00 1.7722043900000001e+03
1.4452753150000001e+03 5.3042660799999999e+02 1.1116800000000000e+00 1.7772236610000000e+03
1.4549568630000001e+03 5.3602149899999995e+02 1.1171199999999999e+00 1.7822440320000001e+03
1.4646657270000001e+03 5.4164487499999996e+02 1.1225600000000000e+00 1.7872654510000000e+03
1.4744019100000000e+03 5.4729668900000001e+02 1.1279999999999999e+00 1.7922878679999999e+03
1.4841654189999999e+03 5.5297689800000001e+02 1.1334400000000000e+00 1.7973112340000000e+03
1.4939562579999999e+03 5.5868545600000004e+02 1.1388799999999999e+00 1.8023354999999999e+03
1.5037744319999999e+03 5.6442231900000002e+02 1.1443200000000000e+00 1.8073606199999999e+03
1.5136199460000000e+03 5.7018744400000003e+02 1.1497599999999999e+00 1.8123865470000001e+03
1.5234928040000000e+03 5.7598078599999997e+02 1.1552000000000000e+00 1.8174132350000000e+03
1.5333930089999999e+03 5.8180230300000005e+02 1.1606399999999999e+00 1.8224406389999999e+03
1.5433205660000001e+03 5.8765195100000005e+02 1.1660800000000000e+00 1.8274687170000000e+03
1.5532754780000000e+03 5.9352968599999997e+02 1.1715199999999999e+00 1.8324974239999999e+03
1.5632577490000001e+03 5.9943546700000002e+02 1.1769600000000000e+00 1.8375267180000001e+03
1.5732673809999999e+03 6.0536925099999996e+02 1.1823999999999999e+00 1.8425565590000001e+03
1.5833043780000000e+03 6.1133099500000003e+02 1.1878400000000000e+00 1.8475869049999999e+03
1.5933687410000000e+03 6.1732065799999998e+02 1.1932799999999999e+00 1.8526177160000000e+03
1.6034604740000000e+03 6.2333819700000004e+02 1.1987200000000000e+00 1.8576489540000000e+03
1.6135795790000000e+03 6.2938357199999996e+02 1.2041599999999999e+00 1.8626805790000001e+03
1.6237260580000000e+03 6.3545673999999997e+02 1.2096000000000000e+00 1.8677125540000000e+03
1.6338998750000001e+03 6.4151842899999997e+02 1.2150399999999999e+00 1.8727125240000000e+03
1.6441006480000001e+03 6.4751003900000001e+02 1.2204800000000000e+00 1.8776325879999999e+03
1.6543280920000000e+03 6.5348893999999996e+02 1.2259199999999999e+00 1.8825203750000001e+03
1.6645820670000001e+03 6.5946897600000000e+02 1.2313600000000000e+00 1.8873874440000000e+03
1.6748624769999999e+03 6.6545646599999998e+02 1.2367999999999999e+00 1.8922390969999999e+03
1.6851692459999999e+03 6.7145511999999997e+02 1.2422400000000000e+00 1.8970784639999999e+03
1.6955023130000000e+03 6.7746739700000001e+02 1.2476799999999999e+00 1.9019076270000000e+03
1.7058616280000001e+03 6.8349504999999999e+02 1.2531200000000000e+00 1.9067280780000001e+03
1.7162471459999999e+03 6.8953939200000002e+02 1.2585599999999999e+00 1.9115409370000000e+03
1.7266588280000001e+03 6.9560144300000002e+02 1.2640000000000000e+00 1.9163470789999999e+03
1.7370966390000001e+03 7.0168201599999998e+02 1.2694399999999999e+00 1.9211472020000001e+03
1.7475605490000000e+03 7.0778177200000005e+02 1.2748800000000000e+00 1.9259418790000000e+03
1.7580505280000000e+03 7.1390126299999997e+02 1.2803199999999999e+00 1.9307315870000000e+03
1.7685665509999999e+03 7.2004094999999995e+02 1.2857600000000000e+00 1.9355167289999999e+03
1.7791085949999999e+03 7.2620122800000001e+02 1.2911999999999999e+00 1.9402976480000000e+03
1.7896766370000000e+03 7.3238243299999999e+02 1.2966400000000000e+00 1.9450746420000000e+03
1.8002706550000000e+03 7.3858486100000005e+02 1.3020799999999999e+00 1.9498479689999999e+03
1.8108906320000001e+03 7.4480876799999999e+02 1.3075200000000000e+00 1.9546178570000000e+03
1.8215365489999999e+03 7.5105438000000004e+02 1.3129599999999999e+00 1.9593845060000001e+03
1.8322083880000000e+03 7.5732189500000004e+02 1.3184000000000000e+00 1.9641480950000000e+03
1.8429061340000001e+03 7.6361149200000000e+02 1.3238399999999999e+00 1.9689087840000000e+03
1.8536297709999999e+03 7.6992332899999997e+02 1.3292800000000000e+00 1.9736667150000001e+03
1.8643792840000001e+03 7.7625754800000004e+02 1.3347199999999999e+00 1.9784220180000000e+03
1.8751546590000000e+03 7.8261427700000002e+02 1.3401600000000000e+00 1.9831748100000000e+03
1.8859558840000000e+03 7.8899363000000005e+02 1.3455999999999999e+00 1.9879251959999999e+03
1.8967829449999999e+03 7.9539571200000000e+02 1.3510400000000000e+00 1.9926732740000000e+03
1.9076358299999999e+03 8.0182061799999997e+02 1.3564799999999999e+00 1.9974191310000001e+03
1.9185145259999999e+03 8.0826843299999996e+02 1.3619200000000000e+00 2.0021628499999999e+03
1.9294190229999999e+03 8.1473923500000001e+02 1.3673599999999999e+00 2.0069045020000001e+03
1.9403493100000001e+03 8.2123309500000005e+02 1.3728000000000000e+00 2.0116441580000001e+03
1.9513053760000000e+03 8.2775007800000003e+02 1.3782399999999999e+00 2.0163818799999999e+03
1.9622872100000000e+03 8.3429024300000003e+02 1.3836800000000000e+00 2.0211177259999999e+03
1.9732948019999999e+03 8.4085364500000003e+02 1.3891199999999999e+00 2.0258517489999999e+03
1.9843281430000000e+03 8.4744033200000001e+02 1.3945600000000000e+00 2.0305840000000001e+03
1.9953872229999999e+03 8.5405034899999998e+02 1.3999999999999999e+00 2.0353145230000000e+03
