# epsilon[MeV/fm^3] P[MeV/fm^3] nB[fm^-3] muB[MeV]
3.7957123000000003e+01 2.0297399999999999e-01 4.0000000000000001e-02 9.5400425099999995e+02
4.3149093999999998e+01 2.3666499999999999e-01 4.5440000000000001e-02 9.5479402900000002e+02
4.8344977000000000e+01 2.6813999999999999e-01 5.0880000000000002e-02 9.5544827999999995e+02
5.3544102000000002e+01 2.9724699999999998e-01 5.6320000000000002e-02 9.5599163999999996e+02
5.8745933000000001e+01 3.2425900000000002e-01 6.1760000000000002e-02 9.5644918199999995e+02
6.3950071000000001e+01 3.4983900000000001e-01 6.7199999999999996e-02 9.5684566900000004e+02
6.9156248000000005e+01 3.7499600000000000e-01 7.2639999999999996e-02 9.5720502799999997e+02
7.4364326000000005e+01 4.0104099999999998e-01 7.8079999999999997e-02 9.5755001100000004e+02
7.9574285000000003e+01 4.2954399999999998e-01 8.3519999999999997e-02 9.5790200100000004e+02
8.4786216999999994e+01 4.6229799999999999e-01 8.8959999999999997e-02 9.5828091500000005e+02
9.0000303000000002e+01 4.9993700000000002e-01 9.4399999999999998e-02 9.5869072000000006e+02
9.5216660000000005e+01 5.4238699999999995e-01 9.9839999999999998e-02 9.5912680499999999e+02
1.0043555700000000e+02 5.9420799999999996e-01 1.0528000000000000e-01 9.5963095699999997e+02
1.0565742500000000e+02 6.5844899999999995e-01 1.1072000000000000e-01 9.6022457199999997e+02
1.1088279500000000e+02 7.3786600000000002e-01 1.1616000000000000e-01 9.6092338600000005e+02
1.1611227599999999e+02 8.3511500000000005e-01 1.2160000000000000e-01 9.6174012200000004e+02
1.2134653800000000e+02 9.5279800000000003e-01 1.2703999999999999e-01 9.6268539499999997e+02
1.2658630599999999e+02 1.0934740000000001e+00 1.3247999999999999e-01 9.6376816199999996e+02
1.3183234899999999e+02 1.2596650000000000e+00 1.3791999999999999e-01 9.6499599599999999e+02
1.3708547400000000e+02 1.4538439999999999e+00 1.4335999999999999e-01 9.6637528199999997e+02
1.4234651900000000e+02 1.6784399999999999e+00 1.4879999999999999e-01 9.6791136300000005e+02
1.4761635100000001e+02 1.9358299999999999e+00 1.5423999999999999e-01 9.6960866699999997e+02
1.5289585700000001e+02 2.2283330000000001e+00 1.5967999999999999e-01 9.7147080700000004e+02
1.5818594100000001e+02 2.5582140000000000e+00 1.6511999999999999e-01 9.7350067500000000e+02
1.6348752200000001e+02 2.9276749999999998e+00 1.7055999999999999e-01 9.7570052799999996e+02
1.6880153000000001e+02 3.3388570000000000e+00 1.7599999999999999e-01 9.7807205799999997e+02
1.7412890400000001e+02 3.7938440000000000e+00 1.8143999999999999e-01 9.8061645899999996e+02
1.7947058400000000e+02 4.2946530000000003e+00 1.8687999999999999e-01 9.8333448899999996e+02
1.8482751900000000e+02 4.8432449999999996e+00 1.9231999999999999e-01 9.8622652000000005e+02
1.9020065299999999e+02 5.4415180000000003e+00 1.9775999999999999e-01 9.8929258000000004e+02
1.9559093500000000e+02 6.0913100000000000e+00 2.0319999999999999e-01 9.9253239599999995e+02
2.0099930699999999e+02 6.7943990000000003e+00 2.0863999999999999e-01 9.9594542300000001e+02
2.0642671000000001e+02 7.5525019999999996e+00 2.1407999999999999e-01 9.9953087000000005e+02
2.1187408099999999e+02 8.3672749999999994e+00 2.1951999999999999e-01 1.0032877200000000e+03
2.1734234699999999e+02 9.2403089999999999e+00 2.2495999999999999e-01 1.0072147500000000e+03
2.2283243300000001e+02 1.0173133000000000e+01 2.3039999999999999e-01 1.0113105409999999e+03
2.2834525099999999e+02 1.1167208000000000e+01 2.3583999999999999e-01 1.0155734850000000e+03
2.3388170600000001e+02 1.2223926000000001e+01 2.4127999999999999e-01 1.0200017980000000e+03
2.3944269399999999e+02 1.3344609000000000e+01 2.4671999999999999e-01 1.0245935210000000e+03
2.4502909700000001e+02 1.4530503000000000e+01 2.5216000000000000e-01 1.0293465269999999e+03
2.5064178799999999e+02 1.5782779000000000e+01 2.5760000000000000e-01 1.0342585240000001e+03
2.5628162400000002e+02 1.7102526000000001e+01 2.6304000000000000e-01 1.0393270560000001e+03
2.6194945100000001e+02 1.8490753000000002e+01 2.6848000000000000e-01 1.0445495120000000e+03
2.6764609899999999e+02 1.9948385999999999e+01 2.7392000000000000e-01 1.0499231290000000e+03
2.7337238300000001e+02 2.1476262999999999e+01 2.7936000000000000e-01 1.0554449959999999e+03
2.7912910099999999e+02 2.3075136000000001e+01 2.8480000000000000e-01 1.0611120610000000e+03
2.8491703500000000e+02 2.4745668999999999e+01 2.9024000000000000e-01 1.0669211399999999e+03
2.9073694899999998e+02 2.6488437000000001e+01 2.9568000000000000e-01 1.0728689250000000e+03
2.9658958799999999e+02 2.8303929000000000e+01 3.0112000000000000e-01 1.0789519920000000e+03
3.0247567800000002e+02 3.0192542000000000e+01 3.0656000000000000e-01 1.0851668139999999e+03
3.0839592800000003e+02 3.2154592000000001e+01 3.1200000000000000e-01 1.0915097710000000e+03
3.1435102499999999e+02 3.4190308000000002e+01 3.1744000000000000e-01 1.0979771619999999e+03
3.2034163400000000e+02 3.6299835000000002e+01 3.2288000000000000e-01 1.1045652200000000e+03
3.2636840400000000e+02 3.8483243000000002e+01 3.2832000000000000e-01 1.1112701179999999e+03
3.3243195800000001e+02 4.0740521000000001e+01 3.3376000000000000e-01 1.1180879920000000e+03
3.3853290099999998e+02 4.3071587999999998e+01 3.3920000000000000e-01 1.1250149449999999e+03
3.4467181699999998e+02 4.5476292999999998e+01 3.4464000000000000e-01 1.1320470650000000e+03
3.5084883500000001e+02 4.7815156000000002e+01 3.5008000000000000e-01 1.1387813990000000e+03
3.5705948599999999e+02 4.9855815999999997e+01 3.5552000000000000e-01 1.1445654589999999e+03
3.6330075900000003e+02 5.1829804000000003e+01 3.6096000000000000e-01 1.1500753070000001e+03
3.6957158299999998e+02 5.3781654000000003e+01 3.6640000000000000e-01 1.1554417759999999e+03
3.7587133899999998e+02 5.5729135999999997e+01 3.7184000000000000e-01 1.1607172780000001e+03
3.8219961400000000e+02 5.7681820000000002e+01 3.7728000000000000e-01 1.1659300290000001e+03
3.8855611699999997e+02 5.9645640000000000e+01 3.8272000000000000e-01 1.1710974450000001e+03
3.9493948499999999e+02 6.1413663000000000e+01 3.8816000000000001e-01 1.1756848030000001e+03
4.0134680200000003e+02 6.3105528999999997e+01 3.9360000000000001e-01 1.1800127160000000e+03
4.0777751699999999e+02 6.4802575000000004e+01 3.9904000000000001e-01 1.1842942419999999e+03
4.1423146900000000e+02 6.6515698000000000e+01 4.0448000000000001e-01 1.1885577969999999e+03
4.2070859500000000e+02 6.8249616000000003e+01 4.0992000000000001e-01 1.1928154540000000e+03
4.2720888300000001e+02 7.0006960000000007e+01 4.1536000000000001e-01 1.1970737480000000e+03
4.3373234800000000e+02 7.1789405000000002e+01 4.2080000000000001e-01 1.2013366690000000e+03
4.4027902300000000e+02 7.3598106999999999e+01 4.2624000000000001e-01 1.2056068330000001e+03
4.4684895200000000e+02 7.5433913000000004e+01 4.3168000000000001e-01 1.2098860279999999e+03
4.5344218899999998e+02 7.7297466999999997e+01 4.3712000000000001e-01 1.2141755120000000e+03
4.6005879099999999e+02 7.9189276000000007e+01 4.4256000000000001e-01 1.2184761820000001e+03
4.6669882100000001e+02 8.1109744000000006e+01 4.4800000000000001e-01 1.2227886759999999e+03
4.7336234500000000e+02 8.3059203999999994e+01 4.5344000000000001e-01 1.2271134440000001e+03
4.8004943100000003e+02 8.5037929000000005e+01 4.5888000000000001e-01 1.2314507930000000e+03
4.8676014800000002e+02 8.7046148000000002e+01 4.6432000000000001e-01 1.2358009219999999e+03
4.9349456500000002e+02 8.9084052000000000e+01 4.6976000000000001e-01 1.2401639430000000e+03
5.0025275299999998e+02 9.1151802000000004e+01 4.7520000000000001e-01 1.2445399020000000e+03
5.0703478200000001e+02 9.3249534999999995e+01 4.8064000000000001e-01 1.2489287879999999e+03
5.1384072300000003e+02 9.5377364000000000e+01 4.8608000000000001e-01 1.2533305459999999e+03
5.2067064500000004e+02 9.7535385000000005e+01 4.9152000000000001e-01 1.2577450839999999e+03
5.2752461800000003e+02 9.9723676999999995e+01 4.9696000000000001e-01 1.2621722820000000e+03
5.3440270899999996e+02 1.0194230399999999e+02 5.0239999999999996e-01 1.2666119920000001e+03
5.4130498699999998e+02 1.0419131800000000e+02 5.0783999999999996e-01 1.2710640480000000e+03
5.4823151900000005e+02 1.0647075900000000e+02 5.1327999999999996e-01 1.2755282660000000e+03
5.5518236899999999e+02 1.0878065700000001e+02 5.1871999999999996e-01 1.2800044450000000e+03
5.6215760299999999e+02 1.1112103200000000e+02 5.2415999999999996e-01 1.2844923759999999e+03
5.6915728300000001e+02 1.1349189600000000e+02 5.2959999999999996e-01 1.2889918379999999e+03
5.7618147299999998e+02 1.1589325200000000e+02 5.3503999999999996e-01 1.2935026020000000e+03
5.8323023200000000e+02 1.1832509700000000e+02 5.4047999999999996e-01 1.2980244330000000e+03
5.9030362000000002e+02 1.2078742000000000e+02 5.4591999999999996e-01 1.3025570889999999e+03
5.9740169600000002e+02 1.2328020500000000e+02 5.5135999999999996e-01 1.3071003270000001e+03
6.0452451699999995e+02 1.2580342899999999e+02 5.5679999999999996e-01 1.3116538980000000e+03
6.1167213700000002e+02 1.2835706500000001e+02 5.6223999999999996e-01 1.3162175510000000e+03
6.1884461099999999e+02 1.3094107900000000e+02 5.6767999999999996e-01 1.3207910350000000e+03
6.2604199300000005e+02 1.3355543499999999e+02 5.7311999999999996e-01 1.3253740960000000e+03
6.3326433299999997e+02 1.3620009099999999e+02 5.7855999999999996e-01 1.3299664800000000e+03
6.4051168099999995e+02 1.3887500000000000e+02 5.8399999999999996e-01 1.3345679339999999e+03
6.4778408600000000e+02 1.4158011300000001e+02 5.8943999999999996e-01 1.3391782060000000e+03
6.5508159499999999e+02 1.4431537700000001e+02 5.9487999999999996e-01 1.3437970419999999e+03
6.6240425500000003e+02 1.4708073400000001e+02 6.0031999999999996e-01 1.3484241919999999e+03
6.6975210900000002e+02 1.4987612600000000e+02 6.0575999999999997e-01 1.3530594080000001e+03
6.7712520199999994e+02 1.5270148900000001e+02 6.1119999999999997e-01 1.3577024409999999e+03
6.8452357400000005e+02 1.5555675700000000e+02 6.1663999999999997e-01 1.3623530459999999e+03
6.9194726600000001e+02 1.5844186300000001e+02 6.2207999999999997e-01 1.3670109809999999e+03
6.9939631799999995e+02 1.6135673700000001e+02 6.2751999999999997e-01 1.3716760039999999e+03
7.0687076800000000e+02 1.6430130399999999e+02 6.3295999999999997e-01 1.3763478780000000e+03
7.1437065099999995e+02 1.6727549099999999e+02 6.3839999999999997e-01 1.3810263680000000e+03
7.2189600399999995e+02 1.7027922100000001e+02 6.4383999999999997e-01 1.3857112420000001e+03
7.2944686100000001e+02 1.7331241299999999e+02 6.4927999999999997e-01 1.3904022689999999e+03
7.3702325399999995e+02 1.7637498900000000e+02 6.5471999999999997e-01 1.3950992249999999e+03
7.4462521500000003e+02 1.7946686600000001e+02 6.6015999999999997e-01 1.3998018850000001e+03
7.5225277400000004e+02 1.8258796000000001e+02 6.6559999999999997e-01 1.4045100299999999e+03
7.5990596200000005e+02 1.8573818700000001e+02 6.7103999999999997e-01 1.4092234440000000e+03
7.6758480499999996e+02 1.8891745900000001e+02 6.7647999999999997e-01 1.4139419120000000e+03
7.7528932999999995e+02 1.9212568899999999e+02 6.8191999999999997e-01 1.4186652260000001e+03
7.8301956399999995e+02 1.9536278799999999e+02 6.8735999999999997e-01 1.4233931780000000e+03
7.9077553200000000e+02 1.9862866800000000e+02 6.9279999999999997e-01 1.4281255650000001e+03
7.9855725600000005e+02 2.0192323600000000e+02 6.9823999999999997e-01 1.4328621880000001e+03
8.0636475900000005e+02 2.0524640099999999e+02 7.0367999999999997e-01 1.4376028490000001e+03
8.1419806300000005e+02 2.0859807100000000e+02 7.0911999999999997e-01 1.4423473560000000e+03
8.2205718800000000e+02 2.1197815299999999e+02 7.1455999999999997e-01 1.4470955190000000e+03
8.2994215299999996e+02 2.1538655199999999e+02 7.1999999999999997e-01 1.4518471520000001e+03
8.3785297800000001e+02 2.1882317399999999e+02 7.2543999999999997e-01 1.4566020710000000e+03
8.4578967799999998e+02 2.2228792400000000e+02 7.3087999999999997e-01 1.4613600960000001e+03
8.5375227099999995e+02 2.2578070600000001e+02 7.3631999999999997e-01 1.4661210520000000e+03
8.6174077199999999e+02 2.2930142400000000e+02 7.4175999999999997e-01 1.4708847639999999e+03
8.6975519599999996e+02 2.3284998200000001e+02 7.4719999999999998e-01 1.4756510639999999e+03
8.7779555600000003e+02 2.3642628199999999e+02 7.5263999999999998e-01 1.4804197839999999e+03
8.8586186499999997e+02 2.4003022799999999e+02 7.5807999999999998e-01 1.4851907600000000e+03
8.9395413399999995e+02 2.4366172200000000e+02 7.6351999999999998e-01 1.4899638330000000e+03
9.0207237599999996e+02 2.4732066699999999e+02 7.6895999999999998e-01 1.4947388450000001e+03
9.1021659899999997e+02 2.5100696300000001e+02 7.7439999999999998e-01 1.4995156410000000e+03
9.1838681299999996e+02 2.5472051400000001e+02 7.7983999999999998e-01 1.5042940710000000e+03
9.2658302700000002e+02 2.5846122100000002e+02 7.8527999999999998e-01 1.5090739870000000e+03
9.3480524800000001e+02 2.6222898600000002e+02 7.9071999999999998e-01 1.5138552420000001e+03
9.4305348300000003e+02 2.6602370999999999e+02 7.9615999999999998e-01 1.5186376949999999e+03
9.5132773899999995e+02 2.6984529600000002e+02 8.0159999999999998e-01 1.5234212070000001e+03
9.5962801999999999e+02 2.7369364400000001e+02 8.0703999999999998e-01 1.5282056399999999e+03
9.6795433200000002e+02 2.7756865599999998e+02 8.1247999999999998e-01 1.5329908610000000e+03
9.7630667800000003e+02 2.8147023400000000e+02 8.1791999999999998e-01 1.5377767380000000e+03
9.8468506100000002e+02 2.8539828100000000e+02 8.2335999999999998e-01 1.5425631440000000e+03
9.9308948399999997e+02 2.8935269699999998e+02 8.2879999999999998e-01 1.5473499529999999e+03
1.0015199490000000e+03 2.9333338500000002e+02 8.3423999999999998e-01 1.5521370410000000e+03
1.0099764570000000e+03 2.9734024799999997e+02 8.3967999999999998e-01 1.5569242890000000e+03
1.0184590090000000e+03 3.0137318699999997e+02 8.4511999999999998e-01 1.5617115779999999e+03
1.0269676039999999e+03 3.0543210499999998e+02 8.5055999999999998e-01 1.5664987930000000e+03
1.0355022420000000e+03 3.0951690600000001e+02 8.5599999999999998e-01 1.5712858220000001e+03
1.0440629210000000e+03 3.1362749200000002e+02 8.6143999999999998e-01 1.5760725530000000e+03
1.0526496400000001e+03 3.1776376699999997e+02 8.6687999999999998e-01 1.5808588789999999e+03
1.0612623950000000e+03 3.2192563500000000e+02 8.7231999999999998e-01 1.5856446940000001e+03
1.0699011849999999e+03 3.2611299900000000e+02 8.7775999999999998e-01 1.5904298950000000e+03
1.0785660049999999e+03 3.3032576499999999e+02 8.8319999999999999e-01 1.5952143810000000e+03
1.0872568510000001e+03 3.3456383599999998e+02 8.8863999999999999e-01 1.5999980539999999e+03
1.0959737180000000e+03 3.3882711999999998e+02 8.9407999999999999e-01 1.6047808170000001e+03
1.1047166020000000e+03 3.4311552000000000e+02 8.9951999999999999e-01 1.6095625760000000e+03
1.1134854960000000e+03 3.4742894400000000e+02 9.0495999999999999e-01 1.6143432399999999e+03
1.1222803950000000e+03 3.5176729799999998e+02 9.1039999999999999e-01 1.6191227180000001e+03
1.1311012909999999e+03 3.5613049000000001e+02 9.1583999999999999e-01 1.6239009240000000e+03
1.1399481770000000e+03 3.6051842699999997e+02 9.2127999999999999e-01 1.6286777720000000e+03
1.1488210469999999e+03 3.6493101899999999e+02 9.2671999999999999e-01 1.6334531790000001e+03
1.1577198910000000e+03 3.6936817400000001e+02 9.3215999999999999e-01 1.6382270650000000e+03
1.1666447009999999e+03 3.7382980300000003e+02 9.3759999999999999e-01 1.6429993520000000e+03
1.1755954690000001e+03 3.7831581699999998e+02 9.4303999999999999e-01 1.6477699630000000e+03
1.1845721850000000e+03 3.8282612799999998e+02 9.4847999999999999e-01 1.6525388240000000e+03
1.1935748390000001e+03 3.8736065000000002e+02 9.5391999999999999e-01 1.6573058659999999e+03
1.2026034210000000e+03 3.9191929599999997e+02 9.5935999999999999e-01 1.6620710180000001e+03
1.2116579220000001e+03 3.9650198399999999e+02 9.6479999999999999e-01 1.6668342160000000e+03
1.2207383290000000e+03 4.0110863200000000e+02 9.7023999999999999e-01 1.6715953979999999e+03
1.2298446309999999e+03 4.0573916000000003e+02 9.7567999999999999e-01 1.6763545030000000e+03
1.2389768190000000e+03 4.1039349299999998e+02 9.8111999999999999e-01 1.6811114780000000e+03
1.2481348780000001e+03 4.1507155799999998e+02 9.8655999999999999e-01 1.6858662720000000e+03
1.2573187989999999e+03 4.1977328899999998e+02 9.9199999999999999e-01 1.6906188440000001e+03
1.2665285680000000e+03 4.2449862999999999e+02 9.9743999999999999e-01 1.6953691600000000e+03
1.2757641730000000e+03 4.2924753700000002e+02 1.0028800000000000e+00 1.7001172019999999e+03
1.2850256010000001e+03 4.3401999699999999e+02 1.0083200000000001e+00 1.7048629800000001e+03
1.2943128420000000e+03 4.3881606900000003e+02 1.0137600000000000e+00 1.7096065779999999e+03
1.3036258829999999e+03 4.4363620100000003e+02 1.0192000000000001e+00 1.7143484590000000e+03
1.3129647140000000e+03 4.4847966200000002e+02 1.0246400000000000e+00 1.7190879270000000e+03
1.3223293209999999e+03 4.5334575699999999e+02 1.0300800000000001e+00 1.7238243319999999e+03
1.3317196850000000e+03 4.5823440099999999e+02 1.0355200000000000e+00 1.7285576209999999e+03
1.3411357909999999e+03 4.6314550500000001e+02 1.0409600000000001e+00 1.7332877440000000e+03
1.3505776200000000e+03 4.6807898499999999e+02 1.0464000000000000e+00 1.7380146520000001e+03
1.3600451559999999e+03 4.7303475500000002e+02 1.0518400000000001e+00 1.7427382960000000e+03
1.3695383790000001e+03 4.7801272999999998e+02 1.0572800000000000e+00 1.7474586290000000e+03
1.3790572729999999e+03 4.8301282500000002e+02 1.0627200000000001e+00 1.7521756069999999e+03
1.3886018180000001e+03 4.8803495600000002e+02 1.0681600000000000e+00 1.7568891830000000e+03
1.3981719960000000e+03 4.9307904100000002e+02 1.0736000000000001e+00 1.7615993160000000e+03
1.4077677890000000e+03 4.9814499699999999e+02 1.0790400000000000e+00 1.7663059619999999e+03
1.4173891759999999e+03 5.0323273999999998e+02 1.0844800000000001e+00 1.7710090809999999e+03
1.4270361399999999e+03 5.0834218900000002e+02 1.0899200000000000e+00 1.7757086330000000e+03
1.4367086589999999e+03 5.1347326399999997e+02 1.0953599999999999e+00 1.7804045799999999e+03
1.4464067150000001e+03 5.1862588300000004e+02 1.1008000000000000e+00 1.7850968820000001e+03
1.4561302880000001e+03 5.2379996500000004e+02 1.1062399999999999e+00 1.7897855030000001e+03
1.4658793570000000e+03 5.2899543100000005e+02 1.1116800000000000e+00 1.7944704079999999e+03
1.4756539029999999e+03 5.3421220300000004e+02 1.1171199999999999e+00 1.7991515609999999e+03
1.4854539040000000e+03 5.3945020000000000e+02 1.1225600000000000e+00 1.8038289290000000e+03
1.4952793400000000e+03 5.4470934499999998e+02 1.1279999999999999e+00 1.8085024790000000e+03
1.5051301900000001e+03 5.4998955999999998e+02 1.1334400000000000e+00 1.8131721789999999e+03
1.5150064330000000e+03 5.5529076699999996e+02 1.1388799999999999e+00 1.8178379960000000e+03
1.5249080480000000e+03 5.6061289099999999e+02 1.1443200000000000e+00 1.8224999029999999e+03
1.5348350129999999e+03 5.6595585400000004e+02 1.1497599999999999e+00 1.8271578680000000e+03
1.5447873079999999e+03 5.7131958099999997e+02 1.1552000000000000e+00 1.8318118629999999e+03
1.5547649100000001e+03 5.7670399599999996e+02 1.1606399999999999e+00 1.8364618599999999e+03
1.5647677970000000e+03 5.8210902499999997e+02 1.1660800000000000e+00 1.8411078330000000e+03
1.5747959480000000e+03 5.8753459299999997e+02 1.1715199999999999e+00 1.8457497559999999e+03
1.5848493400000000e+03 5.9298062600000003e+02 1.1769600000000000e+00 1.8503876020000000e+03
1.5949279509999999e+03 5.9844705099999999e+02 1.1823999999999999e+00 1.8550213470000001e+03
1.6050317600000001e+03 6.0393379400000003e+02 1.1878400000000000e+00 1.8596509679999999e+03
1.6151607420000000e+03 6.0944078400000001e+02 1.1932799999999999e+00 1.8642764400000001e+03
1.6253148759999999e+03 6.1496794899999998e+02 1.1987200000000000e+00 1.8688977430000000e+03
1.6354941389999999e+03 6.2051521600000001e+02 1.2041599999999999e+00 1.8735148529999999e+03
1.6456985079999999e+03 6.2608251399999995e+02 1.2096000000000000e+00 1.8781277490000000e+03
1.6559279600000000e+03 6.3166977399999996e+02 1.2150399999999999e+00 1.8827364120000000e+03
1.6661824720000000e+03 6.3727692400000001e+02 1.2204800000000000e+00 1.8873408210000000e+03
1.6764620210000000e+03 6.4290389500000003e+02 1.2259199999999999e+00 1.8919409559999999e+03
1.6867665830000001e+03 6.4855061699999999e+02 1.2313600000000000e+00 1.8965368010000000e+03
1.6970961350000000e+03 6.5421702200000004e+02 1.2367999999999999e+00 1.9011283350000001e+03
1.7074506540000000e+03 6.5990304100000003e+02 1.2422400000000000e+00 1.9057155430000000e+03
1.7178301160000001e+03 6.6560860700000001e+02 1.2476799999999999e+00 1.9102984070000000e+03
1.7282344969999999e+03 6.7133365000000003e+02 1.2531200000000000e+00 1.9148769110000001e+03
1.7386637740000001e+03 6.7707810500000005e+02 1.2585599999999999e+00 1.9194510379999999e+03
1.7491179219999999e+03 6.8284190500000000e+02 1.2640000000000000e+00 1.9240207750000000e+03
1.7595969180000000e+03 6.8862498300000004e+02 1.2694399999999999e+00 1.9285861060000000e+03
1.7701007380000001e+03 6.9442727300000001e+02 1.2748800000000000e+00 1.9331470179999999e+03
1.7806293049999999e+03 7.0021174199999996e+02 1.2803199999999999e+00 1.9376745810000000e+03
1.7911823890000001e+03 7.0597529699999996e+02 1.2857600000000000e+00 1.9421666339999999e+03
1.8017598579999999e+03 7.1173983099999998e+02 1.2911999999999999e+00 1.9466404800000000e+03
1.8123616259999999e+03 7.1751090699999997e+02 1.2966400000000000e+00 1.9511005709999999e+03
1.8229876260000001e+03 7.2329137100000003e+02 1.3020799999999999e+00 1.9555492150000000e+03
1.8336378000000000e+03 7.2908298300000001e+02 1.3075200000000000e+00 1.9599878550000001e+03
1.8443120950000000e+03 7.3488694199999998e+02 1.3129599999999999e+00 1.9644174889999999e+03
1.8550104650000001e+03 7.4070411700000000e+02 1.3184000000000000e+00 1.9688388540000001e+03
1.8657328660000001e+03 7.4653516800000000e+02 1.3238399999999999e+00 1.9732525160000000e+03
1.8764792580000001e+03 7.5238060700000005e+02 1.3292800000000000e+00 1.9776589230000000e+03
1.8872496020000001e+03 7.5824084200000004e+02 1.3347199999999999e+00 1.9820584440000000e+03
1.8980438620000000e+03 7.6411620700000003e+02 1.3401600000000000e+00 1.9864513820000000e+03
1.9088620030000000e+03 7.7000697400000001e+02 1.3455999999999999e+00 1.9908379950000001e+03
1.9197039910000001e+03 7.7591337099999998e+02 1.3510400000000000e+00 1.9952185010000001e+03
1.9305697920000000e+03 7.8183558900000003e+02 1.3564799999999999e+00 1.9995930910000000e+03
1.9414593760000000e+03 7.8777378899999997e+02 1.3619200000000000e+00 2.0039619310000000e+03
1.9523727120000001e+03 7.9372810800000002e+02 1.3673599999999999e+00 2.0083251670000000e+03
1.9633097690000000e+03 7.9969866300000001e+02 1.3728000000000000e+00 2.0126829290000001e+03
1.9742705180000000e+03 8.0568555300000003e+02 1.3782399999999999e+00 2.0170353330000000e+03
1.9852549289999999e+03 8.1168886499999996e+02 1.3836800000000000e+00 2.0213824830000001e+03
1.9962629760000000e+03 8.1770867099999998e+02 1.3891199999999999e+00 2.0257244730000000e+03
2.0072946290000000e+03 8.2374503400000003e+02 1.3945600000000000e+00 2.0300613880000001e+03
2.0183498620000000e+03 8.2979800699999998e+02 1.3999999999999999e+00 2.0343933059999999e+03
