# epsilon[MeV/fm^3] P[MeV/fm^3] nB[fm^-3] muB[MeV]
3.7952280999999999e+01 1.8349799999999999e-01 4.0000000000000001e-02 9.5339628800000003e+02
4.3140269000000004e+01 2.0647599999999999e-01 4.5440000000000001e-02 9.5393543899999997e+02
4.8330755000000003e+01 2.2509599999999999e-01 5.0880000000000002e-02 9.5432277499999998e+02
5.3523010999999997e+01 2.3959200000000000e-01 5.6320000000000002e-02 9.5459345699999994e+02
5.8716493000000000e+01 2.5070399999999998e-01 6.1760000000000002e-02 9.5478153399999997e+02
6.3910842000000002e+01 2.5960499999999997e-01 6.7199999999999996e-02 9.5491913999999997e+02
6.9105862999999999e+01 2.6782899999999998e-01 7.2639999999999996e-02 9.5503607199999999e+02
7.4301519999999996e+01 2.7720400000000001e-01 7.8079999999999997e-02 9.5515960600000005e+02
7.9497917999999999e+01 2.8980000000000000e-01 8.3519999999999997e-02 9.5531446500000004e+02
8.4695286999999993e+01 3.0787199999999998e-01 8.8959999999999997e-02 9.5552287000000001e+02
8.9893973000000003e+01 3.3371899999999999e-01 9.4399999999999998e-02 9.5580356400000005e+02
9.5094352999999998e+01 3.6737399999999998e-01 9.9839999999999998e-02 9.5614885300000003e+02
1.0029685400000000e+02 4.1280000000000000e-01 1.0528000000000000e-01 9.5659038499999997e+02
1.0550206000000000e+02 4.7331800000000002e-01 1.1072000000000000e-01 9.5714928899999995e+02
1.1071065100000000e+02 5.5176999999999998e-01 1.1616000000000000e-01 9.5783937300000002e+02
1.1592337000000001e+02 6.5081100000000003e-01 1.2160000000000000e-01 9.5867096800000002e+02
1.2114100700000000e+02 7.7296100000000001e-01 1.2703999999999999e-01 9.5965196700000001e+02
1.2636439400000000e+02 9.2061899999999997e-01 1.3247999999999999e-01 9.6078834700000004e+02
1.3159438900000001e+02 1.0960710000000000e+00 1.3791999999999999e-01 9.6208450600000003e+02
1.3683186799999999e+02 1.3014870000000001e+00 1.4335999999999999e-01 9.6354352500000005e+02
1.4207772499999999e+02 1.5389290000000000e+00 1.4879999999999999e-01 9.6516738399999997e+02
1.4733285900000001e+02 1.8103499999999999e+00 1.5423999999999999e-01 9.6695714699999996e+02
1.5259817400000000e+02 2.1176040000000000e+00 1.5967999999999999e-01 9.6891312900000003e+02
1.5787457400000000e+02 2.4624530000000000e+00 1.6511999999999999e-01 9.7103503899999998e+02
1.6316295900000000e+02 2.8465710000000000e+00 1.7055999999999999e-01 9.7332210399999997e+02
1.6846422600000000e+02 3.2715580000000002e+00 1.7599999999999999e-01 9.7577318300000002e+02
1.7377926199999999e+02 3.7389440000000000e+00 1.8143999999999999e-01 9.7838685599999997e+02
1.7910894800000000e+02 4.2501980000000001e+00 1.8687999999999999e-01 9.8116149700000005e+02
1.8445415600000001e+02 4.8067370000000000e+00 1.9231999999999999e-01 9.8409533799999997e+02
1.8981574599999999e+02 5.4099279999999998e+00 1.9775999999999999e-01 9.8718651599999998e+02
1.9519456900000000e+02 6.0610970000000002e+00 2.0319999999999999e-01 9.9043310299999996e+02
2.0059146600000000e+02 6.7615309999999997e+00 2.0863999999999999e-01 9.9383313899999996e+02
2.0600726599999999e+02 7.5124789999999999e+00 2.1407999999999999e-01 9.9738463899999999e+02
2.1144278800000001e+02 8.3151560000000000e+00 2.1951999999999999e-01 1.0010856070000000e+03
2.1689884100000000e+02 9.1707439999999991e+00 2.2495999999999999e-01 1.0049340380000000e+03
2.2237621999999999e+02 1.0080386000000001e+01 2.3039999999999999e-01 1.0089279180000000e+03
2.2787571199999999e+02 1.1045192999999999e+01 2.3583999999999999e-01 1.0130652150000000e+03
2.3339809299999999e+02 1.2066234000000000e+01 2.4127999999999999e-01 1.0173438780000000e+03
2.3894412399999999e+02 1.3144539000000000e+01 2.4671999999999999e-01 1.0217618260000000e+03
2.4451455999999999e+02 1.4281096000000000e+01 2.5216000000000000e-01 1.0263169399999999e+03
2.5011014100000000e+02 1.5476844000000000e+01 2.5760000000000000e-01 1.0310070539999999e+03
2.5573159400000000e+02 1.6732672999999998e+01 2.6304000000000000e-01 1.0358299500000001e+03
2.6137963800000000e+02 1.8049423000000001e+01 2.6848000000000000e-01 1.0407833450000001e+03
2.6705497500000001e+02 1.9427875000000000e+01 2.7392000000000000e-01 1.0458648920000001e+03
2.7275829599999997e+02 2.0868753000000002e+01 2.7936000000000000e-01 1.0510721670000000e+03
2.7849027999999998e+02 2.2372720999999999e+01 2.8480000000000000e-01 1.0564026750000000e+03
2.8425158900000002e+02 2.3940377999999999e+01 2.9024000000000000e-01 1.0618538390000001e+03
2.9004287399999998e+02 2.5572258999999999e+01 2.9568000000000000e-01 1.0674230040000000e+03
2.9586476900000002e+02 2.7268832000000000e+01 3.0112000000000000e-01 1.0731074390000001e+03
3.0171789400000000e+02 2.9030497000000000e+01 3.0656000000000000e-01 1.0789043340000001e+03
3.0760285299999998e+02 3.0857588000000000e+01 3.1200000000000000e-01 1.0848108110000001e+03
3.1352023500000001e+02 3.2750368999999999e+01 3.1744000000000000e-01 1.0908239209999999e+03
3.1947061100000002e+02 3.4709035000000000e+01 3.2288000000000000e-01 1.0969406560000000e+03
3.2545453900000001e+02 3.6733716999999999e+01 3.2832000000000000e-01 1.1031579500000000e+03
3.3147255500000000e+02 3.8824477000000002e+01 3.3376000000000000e-01 1.1094726920000001e+03
3.3752518300000003e+02 4.0981315000000002e+01 3.3920000000000000e-01 1.1158817280000001e+03
3.4361292600000002e+02 4.3204168000000003e+01 3.4464000000000000e-01 1.1223818730000000e+03
3.4973627199999999e+02 4.5491697000000002e+01 3.5008000000000000e-01 1.1289664470000000e+03
3.5589327200000002e+02 4.7481428000000001e+01 3.5552000000000000e-01 1.1346065360000000e+03
3.6207951400000002e+02 4.9345751000000000e+01 3.6096000000000000e-01 1.1398101990000000e+03
3.6829352899999998e+02 5.1173115000000003e+01 3.6640000000000000e-01 1.1448342760000000e+03
3.7453456199999999e+02 5.2987904000000000e+01 3.7184000000000000e-01 1.1497501840000000e+03
3.8080212599999999e+02 5.4802034999999997e+01 3.7728000000000000e-01 1.1545929120000001e+03
3.8709588600000001e+02 5.6622546000000000e+01 3.8272000000000000e-01 1.1593830820000001e+03
3.9341559400000000e+02 5.8454044000000003e+01 3.8816000000000001e-01 1.1641341399999999e+03
3.9976106299999998e+02 6.0299759999999999e+01 3.9360000000000001e-01 1.1688554429999999e+03
4.0613215200000002e+02 6.2162070000000000e+01 3.9904000000000001e-01 1.1735538050000000e+03
4.1252875000000000e+02 6.4042781000000005e+01 4.0448000000000001e-01 1.1782343480000000e+03
4.1895055600000001e+02 6.5863489999999999e+01 4.0992000000000001e-01 1.1827057789999999e+03
4.2539536500000003e+02 6.7547944999999999e+01 4.1536000000000001e-01 1.1867874290000000e+03
4.3186219000000000e+02 6.9229963999999995e+01 4.2080000000000001e-01 1.1908100730000001e+03
4.3835083100000003e+02 7.0924572999999995e+01 4.2624000000000001e-01 1.1948107590000000e+03
4.4486121000000003e+02 7.2637212000000005e+01 4.3168000000000001e-01 1.1988027330000000e+03
4.5139329800000002e+02 7.4370701999999994e+01 4.3712000000000001e-01 1.2027927130000000e+03
4.5794709599999999e+02 7.6126763999999994e+01 4.4256000000000001e-01 1.2067846629999999e+03
4.6452262300000001e+02 7.7906558000000004e+01 4.4800000000000001e-01 1.2107811369999999e+03
4.7111990700000001e+02 7.9710910999999996e+01 4.5344000000000001e-01 1.2147838670000001e+03
4.7773898800000001e+02 8.1540447000000000e+01 4.5888000000000001e-01 1.2187940670000000e+03
4.8437990700000000e+02 8.3395644000000004e+01 4.6432000000000001e-01 1.2228126020000000e+03
4.9104271199999999e+02 8.5276886000000005e+01 4.6976000000000001e-01 1.2268400939999999e+03
4.9772745300000003e+02 8.7184478999999996e+01 4.7520000000000001e-01 1.2308769890000001e+03
5.0443418100000002e+02 8.9118673000000001e+01 4.8064000000000001e-01 1.2349235960000001e+03
5.1116295100000002e+02 9.1079676000000006e+01 4.8608000000000001e-01 1.2389801250000000e+03
5.1791381699999999e+02 9.3067656999999997e+01 4.9152000000000001e-01 1.2430467030000000e+03
5.2468683399999998e+02 9.5082758999999996e+01 4.9696000000000001e-01 1.2471233960000000e+03
5.3148205599999994e+02 9.7125096999999997e+01 5.0239999999999996e-01 1.2512102150000001e+03
5.3829953899999998e+02 9.9194766999999999e+01 5.0783999999999996e-01 1.2553071330000000e+03
5.4513933799999995e+02 1.0129184600000001e+02 5.1327999999999996e-01 1.2594140849999999e+03
5.5200150699999995e+02 1.0341639499999999e+02 5.1871999999999996e-01 1.2635309780000000e+03
5.5888609899999994e+02 1.0556846299999999e+02 5.2415999999999996e-01 1.2676576970000001e+03
5.6579316900000003e+02 1.0774808400000001e+02 5.2959999999999996e-01 1.2717941049999999e+03
5.7272276699999998e+02 1.0995528200000000e+02 5.3503999999999996e-01 1.2759400490000000e+03
5.7967494599999998e+02 1.1219007100000000e+02 5.4047999999999996e-01 1.2800953620000000e+03
5.8664975600000002e+02 1.1445245500000000e+02 5.4591999999999996e-01 1.2842598640000001e+03
5.9364724699999999e+02 1.1674243000000000e+02 5.5135999999999996e-01 1.2884333650000001e+03
6.0066746699999999e+02 1.1905998500000000e+02 5.5679999999999996e-01 1.2926156699999999e+03
6.0771046300000000e+02 1.2140510200000000e+02 5.6223999999999996e-01 1.2968065720000000e+03
6.1477628200000004e+02 1.2377775400000000e+02 5.6767999999999996e-01 1.3010058630000001e+03
6.2186496899999997e+02 1.2617791200000001e+02 5.7311999999999996e-01 1.3052133269999999e+03
6.2897656700000005e+02 1.2860553700000000e+02 5.7855999999999996e-01 1.3094287449999999e+03
6.3611111900000003e+02 1.3106058899999999e+02 5.8399999999999996e-01 1.3136518970000000e+03
6.4326866700000005e+02 1.3354301899999999e+02 5.8943999999999996e-01 1.3178825589999999e+03
6.5044925100000000e+02 1.3605277599999999e+02 5.9487999999999996e-01 1.3221205060000000e+03
6.5765291000000002e+02 1.3858980500000001e+02 6.0031999999999996e-01 1.3263655120000001e+03
6.6487968100000001e+02 1.4115404599999999e+02 6.0575999999999997e-01 1.3306173510000001e+03
6.7212960199999998e+02 1.4374543600000001e+02 6.1119999999999997e-01 1.3348757960000000e+03
6.7940270699999996e+02 1.4636390700000001e+02 6.1663999999999997e-01 1.3391406219999999e+03
6.8669903099999999e+02 1.4900938900000000e+02 6.2207999999999997e-01 1.3434116019999999e+03
6.9401860699999997e+02 1.5168181000000001e+02 6.2751999999999997e-01 1.3476885130000001e+03
7.0136146599999995e+02 1.5438109299999999e+02 6.3295999999999997e-01 1.3519711319999999e+03
7.0872763899999995e+02 1.5710715999999999e+02 6.3839999999999997e-01 1.3562592370000000e+03
7.1611715400000003e+02 1.5985992899999999e+02 6.4383999999999997e-01 1.3605526090000001e+03
7.2353004099999998e+02 1.6263931700000001e+02 6.4927999999999997e-01 1.3648510300000000e+03
7.3096632499999998e+02 1.6544524000000001e+02 6.5471999999999997e-01 1.3691542850000001e+03
7.3842603299999996e+02 1.6827760799999999e+02 6.6015999999999997e-01 1.3734621609999999e+03
7.4590918899999997e+02 1.7113633400000001e+02 6.6559999999999997e-01 1.3777744470000000e+03
7.5341581699999995e+02 1.7402132499999999e+02 6.7103999999999997e-01 1.3820909349999999e+03
7.6094593899999995e+02 1.7693248900000000e+02 6.7647999999999997e-01 1.3864114190000000e+03
7.6849957500000005e+02 1.7986973200000000e+02 6.8191999999999997e-01 1.3907356970000001e+03
7.7607674699999995e+02 1.8283295899999999e+02 6.8735999999999997e-01 1.3950635700000000e+03
7.8367747299999996e+02 1.8582207199999999e+02 6.9279999999999997e-01 1.3993948390000000e+03
7.9130177100000003e+02 1.8883697400000000e+02 6.9823999999999997e-01 1.4037293119999999e+03
7.9894965800000000e+02 1.9187756600000000e+02 7.0367999999999997e-01 1.4080667970000000e+03
8.0662114999999994e+02 1.9494374700000000e+02 7.0911999999999997e-01 1.4124071060000001e+03
8.1431626100000005e+02 1.9803541700000000e+02 7.1455999999999997e-01 1.4167500550000000e+03
8.2203500599999995e+02 2.0115247400000001e+02 7.1999999999999997e-01 1.4210954609999999e+03
8.2977739799999995e+02 2.0429481600000000e+02 7.2543999999999997e-01 1.4254431460000001e+03
8.3754344700000001e+02 2.0746233899999999e+02 7.3087999999999997e-01 1.4297929340000001e+03
8.4533316700000000e+02 2.1065494100000001e+02 7.3631999999999997e-01 1.4341446520000000e+03
8.5314656500000001e+02 2.1387251599999999e+02 7.4175999999999997e-01 1.4384981319999999e+03
8.6098365200000001e+02 2.1711496000000000e+02 7.4719999999999998e-01 1.4428532070000001e+03
8.6884443599999997e+02 2.2038216900000000e+02 7.5263999999999998e-01 1.4472097140000001e+03
8.7672892300000001e+02 2.2367403600000000e+02 7.5807999999999998e-01 1.4515674930000000e+03
8.8463712199999998e+02 2.2699045699999999e+02 7.6351999999999998e-01 1.4559263870000000e+03
8.9256903599999998e+02 2.3033132499999999e+02 7.6895999999999998e-01 1.4602862410000000e+03
9.0052467100000001e+02 2.3369653400000001e+02 7.7439999999999998e-01 1.4646469050000001e+03
9.0850403100000005e+02 2.3708597800000001e+02 7.7983999999999998e-01 1.4690082299999999e+03
9.1650711999999999e+02 2.4049955100000000e+02 7.8527999999999998e-01 1.4733700719999999e+03
9.2453393900000003e+02 2.4393714600000001e+02 7.9071999999999998e-01 1.4777322890000000e+03
9.3258448999999996e+02 2.4739865800000001e+02 7.9615999999999998e-01 1.4820947410000001e+03
9.4065877399999999e+02 2.5088397900000001e+02 8.0159999999999998e-01 1.4864572929999999e+03
9.4875679200000002e+02 2.5439300399999999e+02 8.0703999999999998e-01 1.4908198100000000e+03
9.5687854200000004e+02 2.5792562600000002e+02 8.1247999999999998e-01 1.4951821620000001e+03
9.6502402400000005e+02 2.6148174000000000e+02 8.1791999999999998e-01 1.4995442210000001e+03
9.7319323499999996e+02 2.6506123900000000e+02 8.2335999999999998e-01 1.5039058620000001e+03
9.8138617399999998e+02 2.6866401800000000e+02 8.2879999999999998e-01 1.5082669619999999e+03
9.8960283600000002e+02 2.7228996999999998e+02 8.3423999999999998e-01 1.5126274030000000e+03
9.9784321699999998e+02 2.7593899199999998e+02 8.3967999999999998e-01 1.5169870650000000e+03
1.0061073140000000e+03 2.7961097799999999e+02 8.4511999999999998e-01 1.5213458360000000e+03
1.0143951210000000e+03 2.8330582299999998e+02 8.5055999999999998e-01 1.5257036020000000e+03
1.0227066320000000e+03 2.8702342299999998e+02 8.5599999999999998e-01 1.5300602540000000e+03
1.0310418410000000e+03 2.9076367399999998e+02 8.6143999999999998e-01 1.5344156860000001e+03
1.0394007400000000e+03 2.9452647100000002e+02 8.6687999999999998e-01 1.5387697920000001e+03
1.0477833240000000e+03 2.9831171300000000e+02 8.7231999999999998e-01 1.5431224700000000e+03
1.0561895820000000e+03 3.0211929500000002e+02 8.7775999999999998e-01 1.5474736200000000e+03
1.0646195080000000e+03 3.0594911400000001e+02 8.8319999999999999e-01 1.5518231450000001e+03
1.0730730910000000e+03 3.0980106999999998e+02 8.8863999999999999e-01 1.5561709490000001e+03
1.0815503220000001e+03 3.1367505999999997e+02 8.9407999999999999e-01 1.5605169380000000e+03
1.0900511910000000e+03 3.1757098300000001e+02 8.9951999999999999e-01 1.5648610229999999e+03
1.0985756879999999e+03 3.2148873700000001e+02 9.0495999999999999e-01 1.5692031139999999e+03
1.1071238000000001e+03 3.2542822300000000e+02 9.1039999999999999e-01 1.5735431240000000e+03
1.1156955180000000e+03 3.2938934100000000e+02 9.1583999999999999e-01 1.5778809690000001e+03
1.1242908279999999e+03 3.3337198999999998e+02 9.2127999999999999e-01 1.5822165649999999e+03
1.1329097180000001e+03 3.3737607300000002e+02 9.2671999999999999e-01 1.5865498339999999e+03
1.1415521750000000e+03 3.4140149000000002e+02 9.3215999999999999e-01 1.5908806939999999e+03
1.1502181869999999e+03 3.4544814400000001e+02 9.3759999999999999e-01 1.5952090710000000e+03
1.1589077390000000e+03 3.4951593800000001e+02 9.4303999999999999e-01 1.5995348890000000e+03
1.1676208170000000e+03 3.5360477300000002e+02 9.4847999999999999e-01 1.6038580760000000e+03
1.1763574060000001e+03 3.5771455500000002e+02 9.5391999999999999e-01 1.6081785590000000e+03
1.1851174920000001e+03 3.6184518700000001e+02 9.5935999999999999e-01 1.6124962690000000e+03
1.1939010599999999e+03 3.6599657400000001e+02 9.6479999999999999e-01 1.6168111389999999e+03
1.2027080940000001e+03 3.7016862200000003e+02 9.7023999999999999e-01 1.6211231040000000e+03
1.2115385770000000e+03 3.7436123500000002e+02 9.7567999999999999e-01 1.6254320980000000e+03
1.2203924939999999e+03 3.7857432200000000e+02 9.8111999999999999e-01 1.6297380579999999e+03
1.2292698280000000e+03 3.8280778700000002e+02 9.8655999999999999e-01 1.6340409250000000e+03
1.2381705609999999e+03 3.8706154099999998e+02 9.9199999999999999e-01 1.6383406390000000e+03
1.2470946770000000e+03 3.9133548900000000e+02 9.9743999999999999e-01 1.6426371420000000e+03
1.2560421580000000e+03 3.9562954200000001e+02 1.0028800000000000e+00 1.6469303769999999e+03
1.2650129860000000e+03 3.9994360799999998e+02 1.0083200000000001e+00 1.6512202890000001e+03
1.2740071430000000e+03 4.0427759800000001e+02 1.0137600000000000e+00 1.6555068269999999e+03
1.2830246090000001e+03 4.0863142199999999e+02 1.0192000000000001e+00 1.6597899359999999e+03
1.2920653669999999e+03 4.1300499100000002e+02 1.0246400000000000e+00 1.6640695679999999e+03
1.3011293980000000e+03 4.1739821799999999e+02 1.0300800000000001e+00 1.6683456739999999e+03
1.3102166810000001e+03 4.2181101400000000e+02 1.0355200000000000e+00 1.6726182040000001e+03
1.3193271980000000e+03 4.2624329200000000e+02 1.0409600000000001e+00 1.6768871140000001e+03
1.3284609290000001e+03 4.3069496700000002e+02 1.0464000000000000e+00 1.6811523580000000e+03
1.3376178530000000e+03 4.3516595200000000e+02 1.0518400000000001e+00 1.6854138929999999e+03
1.3467979499999999e+03 4.3965616299999999e+02 1.0572800000000000e+00 1.6896716759999999e+03
1.3560011999999999e+03 4.4416551500000003e+02 1.0627200000000001e+00 1.6939256660000001e+03
1.3652275820000000e+03 4.4869392399999998e+02 1.0681600000000000e+00 1.6981758230000000e+03
1.3744770750000000e+03 4.5324130800000000e+02 1.0736000000000001e+00 1.7024221090000001e+03
1.3837496580000000e+03 4.5780758400000002e+02 1.0790400000000000e+00 1.7066644870000000e+03
1.3930453100000000e+03 4.6239267000000001e+02 1.0844800000000001e+00 1.7109029190000001e+03
1.4023640080000000e+03 4.6699648600000000e+02 1.0899200000000000e+00 1.7151373719999999e+03
1.4117057310000000e+03 4.7161895199999998e+02 1.0953599999999999e+00 1.7193678110000001e+03
1.4210704579999999e+03 4.7625998700000002e+02 1.1008000000000000e+00 1.7235942050000001e+03
1.4304581659999999e+03 4.8091951499999999e+02 1.1062399999999999e+00 1.7278165210000000e+03
1.4398688330000000e+03 4.8559745600000002e+02 1.1116800000000000e+00 1.7320347290000000e+03
1.4493024359999999e+03 4.9029373399999997e+02 1.1171199999999999e+00 1.7362488020000001e+03
1.4587589530000000e+03 4.9500827299999997e+02 1.1225600000000000e+00 1.7404587100000001e+03
1.4682383609999999e+03 4.9974099899999999e+02 1.1279999999999999e+00 1.7446644289999999e+03
1.4777406370000001e+03 5.0449183799999997e+02 1.1334400000000000e+00 1.7488659339999999e+03
1.4872657589999999e+03 5.0926071700000000e+02 1.1388799999999999e+00 1.7530632009999999e+03
1.4968137019999999e+03 5.1404756799999996e+02 1.1443200000000000e+00 1.7572562089999999e+03
1.5063844449999999e+03 5.1885231999999996e+02 1.1497599999999999e+00 1.7614449380000001e+03
1.5159779630000000e+03 5.2367490799999996e+02 1.1552000000000000e+00 1.7656293730000000e+03
1.5255942339999999e+03 5.2851526999999999e+02 1.1606399999999999e+00 1.7698094980000001e+03
1.5352332329999999e+03 5.3337334799999996e+02 1.1660800000000000e+00 1.7739853060000000e+03
1.5448949370000000e+03 5.3824909200000002e+02 1.1715199999999999e+00 1.7781567940000000e+03
1.5545793229999999e+03 5.4314246900000001e+02 1.1769600000000000e+00 1.7823239730000000e+03
1.5642863680000000e+03 5.4805348500000002e+02 1.1823999999999999e+00 1.7864868879999999e+03
1.5740160480000000e+03 5.5298235299999999e+02 1.1878400000000000e+00 1.7906457579999999e+03
1.5837683410000000e+03 5.5792862700000001e+02 1.1932799999999999e+00 1.7948002449999999e+03
1.5935432229999999e+03 5.6289193999999998e+02 1.1987200000000000e+00 1.7989500840000001e+03
1.6033406680000001e+03 5.6787222299999996e+02 1.2041599999999999e+00 1.8030952569999999e+03
1.6131606500000000e+03 5.7286940700000002e+02 1.2096000000000000e+00 1.8072357500000001e+03
1.6230031440000000e+03 5.7788342200000000e+02 1.2150399999999999e+00 1.8113715480000001e+03
1.6328681250000000e+03 5.8291420100000005e+02 1.2204800000000000e+00 1.8155026370000000e+03
1.6427555660000000e+03 5.8796167600000001e+02 1.2259199999999999e+00 1.8196290030000000e+03
1.6526654430000001e+03 5.9302577900000006e+02 1.2313600000000000e+00 1.8237506340000000e+03
1.6625977290000001e+03 5.9810644400000001e+02 1.2367999999999999e+00 1.8278675160000000e+03
1.6725523980000000e+03 6.0320360500000004e+02 1.2422400000000000e+00 1.8319796389999999e+03
1.6825294249999999e+03 6.0831719599999997e+02 1.2476799999999999e+00 1.8360869909999999e+03
1.6925287830000000e+03 6.1344715099999996e+02 1.2531200000000000e+00 1.8401895620000000e+03
1.7025504470000001e+03 6.1859340699999996e+02 1.2585599999999999e+00 1.8442873420000001e+03
1.7125943900000000e+03 6.2375590000000000e+02 1.2640000000000000e+00 1.8483803210000001e+03
1.7226605860000000e+03 6.2893456500000002e+02 1.2694399999999999e+00 1.8524684900000000e+03
1.7327490089999999e+03 6.3412933899999996e+02 1.2748800000000000e+00 1.8565518400000001e+03
1.7428596330000000e+03 6.3934015999999997e+02 1.2803199999999999e+00 1.8606303650000000e+03
1.7529924320000000e+03 6.4456696599999998e+02 1.2857600000000000e+00 1.8647040549999999e+03
1.7631473779999999e+03 6.4980969500000003e+02 1.2911999999999999e+00 1.8687729050000000e+03
1.7733244470000000e+03 6.5506828599999994e+02 1.2966400000000000e+00 1.8728369080000000e+03
1.7835236110000001e+03 6.6034267799999998e+02 1.3020799999999999e+00 1.8768960560000000e+03
1.7937448440000001e+03 6.6563281099999995e+02 1.3075200000000000e+00 1.8809503460000001e+03
1.8039881200000000e+03 6.7093862500000000e+02 1.3129599999999999e+00 1.8849997699999999e+03
1.8142534109999999e+03 6.7626006099999995e+02 1.3184000000000000e+00 1.8890443260000000e+03
1.8245406920000000e+03 6.8159705899999994e+02 1.3238399999999999e+00 1.8930840069999999e+03
1.8348499370000000e+03 6.8694956200000001e+02 1.3292800000000000e+00 1.8971188110000001e+03
1.8451811170000001e+03 6.9231751199999997e+02 1.3347199999999999e+00 1.9011487330000000e+03
1.8555342080000000e+03 6.9770085099999994e+02 1.3401600000000000e+00 1.9051737690000000e+03
1.8659091820000001e+03 7.0309952099999998e+02 1.3455999999999999e+00 1.9091939179999999e+03
1.8763060129999999e+03 7.0851346599999999e+02 1.3510400000000000e+00 1.9132091770000000e+03
1.8867246740000001e+03 7.1394263100000001e+02 1.3564799999999999e+00 1.9172195420000000e+03
1.8971651380000001e+03 7.1938695900000005e+02 1.3619200000000000e+00 1.9212250130000000e+03
1.9076273790000000e+03 7.2484639400000003e+02 1.3673599999999999e+00 1.9252255880000000e+03
1.9181113710000000e+03 7.3032088199999998e+02 1.3728000000000000e+00 1.9292212649999999e+03
1.9286170860000000e+03 7.3581036800000004e+02 1.3782399999999999e+00 1.9332120440000001e+03
1.9391444970000000e+03 7.4131479800000000e+02 1.3836800000000000e+00 1.9371979240000001e+03
1.9496935800000001e+03 7.4683411899999999e+02 1.3891199999999999e+00 1.9411789040000001e+03
1.9602643049999999e+03 7.5236827600000004e+02 1.3945600000000000e+00 1.9451549849999999e+03
1.9708566480000000e+03 7.5791721700000005e+02 1.3999999999999999e+00 1.9491261660000000e+03
