# epsilon[MeV/fm^3] P[MeV/fm^3] nB[fm^-3] muB[MeV]
3.7831327999999999e+01 1.3206200000000001e-01 4.0000000000000001e-02 9.4908656299999996e+02
4.2996459999999999e+01 1.6543500000000000e-01 4.5440000000000001e-02 9.4986744299999998e+02
4.8165813000000000e+01 2.0267800000000000e-01 5.0880000000000002e-02 9.5064036599999997e+02
5.3339353000000003e+01 2.4392400000000000e-01 5.6320000000000002e-02 9.5140940100000000e+02
5.8517073000000003e+01 2.8942499999999999e-01 6.1760000000000002e-02 9.5217952800000000e+02
6.3698993000000002e+01 3.3957700000000002e-01 6.7199999999999996e-02 9.5295669699999996e+02
6.8885171000000000e+01 3.9493499999999998e-01 7.2639999999999996e-02 9.5374771399999997e+02
7.4075699999999998e+01 4.5621200000000001e-01 7.8079999999999997e-02 9.5456006200000002e+02
7.9270719999999997e+01 5.2428500000000000e-01 8.3519999999999997e-02 9.5540171199999997e+02
8.4470410000000001e+01 6.0018600000000000e-01 8.8959999999999997e-02 9.5628093200000001e+02
8.9674999000000000e+01 6.8509500000000001e-01 9.4399999999999998e-02 9.5720613300000002e+02
9.4884759000000003e+01 7.8033100000000000e-01 9.9839999999999998e-02 9.5818573100000003e+02
1.0010000900000000e+02 8.8733700000000004e-01 1.0528000000000000e-01 9.5922803799999997e+02
1.0532111100000000e+02 1.0076730000000000e+00 1.1072000000000000e-01 9.6034117200000003e+02
1.1054842100000000e+02 1.1398290000000000e+00 1.1616000000000000e-01 9.6150524700000005e+02
1.1578219600000000e+02 1.2852779999999999e+00 1.2160000000000000e-01 9.6272764700000005e+02
1.2102283100000000e+02 1.4476070000000001e+00 1.2703999999999999e-01 9.6403223900000000e+02
1.2627080800000000e+02 1.6292390000000001e+00 1.3247999999999999e-01 9.6543080399999997e+02
1.3152666300000001e+02 1.8324080000000000e+00 1.3791999999999999e-01 9.6693231600000001e+02
1.3679097600000000e+02 2.0592830000000002e+00 1.4335999999999999e-01 9.6854424400000005e+02
1.4206436800000000e+02 2.3120069999999999e+00 1.4879999999999999e-01 9.7027302599999996e+02
1.4734748800000000e+02 2.5927039999999999e+00 1.5423999999999999e-01 9.7212429999999995e+02
1.5264101700000001e+02 2.9034849999999999e+00 1.5967999999999999e-01 9.7410302899999999e+02
1.5794566100000000e+02 3.2464490000000001e+00 1.6511999999999999e-01 9.7621358999999995e+02
1.6326214800000000e+02 3.6236739999999998e+00 1.7055999999999999e-01 9.7845982800000002e+02
1.6859122500000001e+02 4.0372180000000002e+00 1.7599999999999999e-01 9.8084510100000000e+02
1.7393365600000001e+02 4.4891129999999997e+00 1.8143999999999999e-01 9.8337231599999996e+02
1.7929022200000000e+02 4.9813590000000003e+00 1.8687999999999999e-01 9.8604395399999999e+02
1.8466171399999999e+02 5.5159229999999999e+00 1.9231999999999999e-01 9.8886209499999995e+02
1.9004893300000001e+02 6.0947279999999999e+00 1.9775999999999999e-01 9.9182843700000001e+02
1.9545268999999999e+02 6.7196559999999996e+00 2.0319999999999999e-01 9.9494431499999996e+02
2.0087380200000001e+02 7.3925340000000004e+00 2.0863999999999999e-01 9.9821071600000005e+02
2.0631308899999999e+02 8.1151389999999992e+00 2.1407999999999999e-01 1.0016282920000000e+03
2.1177137500000001e+02 8.8891869999999997e+00 2.1951999999999999e-01 1.0051973750000000e+03
2.1724948499999999e+02 9.7163310000000003e+00 2.2495999999999999e-01 1.0089179880000000e+03
2.2274824200000000e+02 1.0598155999999999e+01 2.3039999999999999e-01 1.0127898550000000e+03
2.2826846900000001e+02 1.1536177000000000e+01 2.3583999999999999e-01 1.0168124140000000e+03
2.3381098399999999e+02 1.2531833000000001e+01 2.4127999999999999e-01 1.0209848270000000e+03
2.3937659800000000e+02 1.3586484000000000e+01 2.4671999999999999e-01 1.0253059900000001e+03
2.4496611799999999e+02 1.4701409000000000e+01 2.5216000000000000e-01 1.0297745420000001e+03
2.5058034200000000e+02 1.5877803000000000e+01 2.5760000000000000e-01 1.0343888800000000e+03
2.5622005799999999e+02 1.7116772000000001e+01 2.6304000000000000e-01 1.0391471650000001e+03
2.6188604400000003e+02 1.8419336000000001e+01 2.6848000000000000e-01 1.0440473380000001e+03
2.6757906600000001e+02 1.9786421000000001e+01 2.7392000000000000e-01 1.0490871270000000e+03
2.7329987699999998e+02 2.1218862999999999e+01 2.7936000000000000e-01 1.0542640660000000e+03
2.7904921700000000e+02 2.2717407000000001e+01 2.8480000000000000e-01 1.0595755019999999e+03
2.8482780900000000e+02 2.4282703999999999e+01 2.9024000000000000e-01 1.0650186120000001e+03
2.9063636300000002e+02 2.5915312000000000e+01 2.9568000000000000e-01 1.0705904149999999e+03
2.9647557100000000e+02 2.7615698999999999e+01 3.0112000000000000e-01 1.0762877890000000e+03
3.0234610600000002e+02 2.9384245000000000e+01 3.0656000000000000e-01 1.0821074819999999e+03
3.0824862500000000e+02 3.1221238000000000e+01 3.1200000000000000e-01 1.0880461310000001e+03
3.1418376699999999e+02 3.3126883999999997e+01 3.1744000000000000e-01 1.0941002739999999e+03
3.2015215000000001e+02 3.5101305000000004e+01 3.2288000000000000e-01 1.1002663680000001e+03
3.2615437400000002e+02 3.7144540999999997e+01 3.2832000000000000e-01 1.1065408010000001e+03
3.3219101899999998e+02 3.9256559000000003e+01 3.3376000000000000e-01 1.1129199070000000e+03
3.3826264300000003e+02 4.1437249999999999e+01 3.3920000000000000e-01 1.1193999819999999e+03
3.4436978599999998e+02 4.3686438000000003e+01 3.4464000000000000e-01 1.1259772980000000e+03
3.5051296100000002e+02 4.5991419999999998e+01 3.5008000000000000e-01 1.1326124980000000e+03
3.5668984399999999e+02 4.7988930000000003e+01 3.5552000000000000e-01 1.1382746040000000e+03
3.6289629000000002e+02 4.9880274999999997e+01 3.6096000000000000e-01 1.1435538230000000e+03
3.6913096200000001e+02 5.1740034999999999e+01 3.6640000000000000e-01 1.1486671080000001e+03
3.7539316000000002e+02 5.3590783999999999e+01 3.7184000000000000e-01 1.1536805730000001e+03
3.8168243899999999e+02 5.5443702999999999e+01 3.7728000000000000e-01 1.1586269920000000e+03
3.8799849000000000e+02 5.7305410000000002e+01 3.8272000000000000e-01 1.1635257099999999e+03
3.9434109200000000e+02 5.9180231999999997e+01 3.8816000000000001e-01 1.1683893040000000e+03
4.0071007700000001e+02 6.1071187000000002e+01 3.9360000000000001e-01 1.1732264760000000e+03
4.0710487599999999e+02 6.2859793000000003e+01 3.9904000000000001e-01 1.1777399650000000e+03
4.1352289500000001e+02 6.4526009999999999e+01 4.0448000000000001e-01 1.1818868680000000e+03
4.1996330000000000e+02 6.6192605999999998e+01 4.0992000000000001e-01 1.1859792420000001e+03
4.2642590400000000e+02 6.7872898000000006e+01 4.1536000000000001e-01 1.1900508359999999e+03
4.3291063400000002e+02 6.9572046000000000e+01 4.2080000000000001e-01 1.1941145469999999e+03
4.3941746499999999e+02 7.1292783999999997e+01 4.2624000000000001e-01 1.1981770340000000e+03
4.4594640199999998e+02 7.3036788999999999e+01 4.3168000000000001e-01 1.2022422429999999e+03
4.5249746900000002e+02 7.4805190999999994e+01 4.3712000000000001e-01 1.2063127030000001e+03
4.5907069799999999e+02 7.6598793999999998e+01 4.4256000000000001e-01 1.2103901140000000e+03
4.6566613000000001e+02 7.8418194000000000e+01 4.4800000000000001e-01 1.2144756490000000e+03
4.7228381300000001e+02 8.0263850000000005e+01 4.5344000000000001e-01 1.2185701260000001e+03
4.7892379599999998e+02 8.2136118999999994e+01 4.5888000000000001e-01 1.2226741190000000e+03
4.8558613200000002e+02 8.4035286999999997e+01 4.6432000000000001e-01 1.2267880190000001e+03
4.9227087699999998e+02 8.5961582000000007e+01 4.6976000000000001e-01 1.2309120860000000e+03
4.9897808500000002e+02 8.7915188999999998e+01 4.7520000000000001e-01 1.2350464760000000e+03
5.0570781299999999e+02 8.9896257000000006e+01 4.8064000000000001e-01 1.2391912669999999e+03
5.1246011799999997e+02 9.1904905999999997e+01 4.8608000000000001e-01 1.2433464739999999e+03
5.1923505699999998e+02 9.3941232999999997e+01 4.9152000000000001e-01 1.2475120629999999e+03
5.2603268500000001e+02 9.6005314999999996e+01 4.9696000000000001e-01 1.2516879600000000e+03
5.3285305900000003e+02 9.8097210000000004e+01 5.0239999999999996e-01 1.2558740580000001e+03
5.3969623400000000e+02 1.0021696300000001e+02 5.0783999999999996e-01 1.2600702240000001e+03
5.4656226300000003e+02 1.0236460200000000e+02 5.1327999999999996e-01 1.2642763040000000e+03
5.5345120199999997e+02 1.0454014900000000e+02 5.1871999999999996e-01 1.2684921260000001e+03
5.6036310100000003e+02 1.0674361000000000e+02 5.2415999999999996e-01 1.2727175010000001e+03
5.6729801299999997e+02 1.0897498600000000e+02 5.2959999999999996e-01 1.2769522320000001e+03
5.7425598700000000e+02 1.1123426600000001e+02 5.3503999999999996e-01 1.2811961090000000e+03
5.8123707400000001e+02 1.1352143400000000e+02 5.4047999999999996e-01 1.2854489169999999e+03
5.8824132099999997e+02 1.1583646600000000e+02 5.4591999999999996e-01 1.2897104320000001e+03
5.9526877400000001e+02 1.1817933200000000e+02 5.5135999999999996e-01 1.2939804270000000e+03
6.0231948000000000e+02 1.2054999599999999e+02 5.5679999999999996e-01 1.2982586690000001e+03
6.0939348199999995e+02 1.2294841599999999e+02 5.6223999999999996e-01 1.3025449240000000e+03
6.1649082299999998e+02 1.2537454400000000e+02 5.6767999999999996e-01 1.3068389549999999e+03
6.2361154599999998e+02 1.2782833200000000e+02 5.7311999999999996e-01 1.3111405250000000e+03
6.3075568999999996e+02 1.3030972100000000e+02 5.7855999999999996e-01 1.3154493940000000e+03
6.3792329500000005e+02 1.3281865500000001e+02 5.8399999999999996e-01 1.3197653230000001e+03
6.4511439800000005e+02 1.3535506799999999e+02 5.8943999999999996e-01 1.3240880740000000e+03
6.5232903599999997e+02 1.3791889499999999e+02 5.9487999999999996e-01 1.3284174100000000e+03
6.5956724299999996e+02 1.4051006500000000e+02 6.0031999999999996e-01 1.3327530930000000e+03
6.6682905500000004e+02 1.4312850599999999e+02 6.0575999999999997e-01 1.3370948880000001e+03
6.7411450300000001e+02 1.4577414300000001e+02 6.1119999999999997e-01 1.3414425620000000e+03
6.8142361800000003e+02 1.4844689700000001e+02 6.1663999999999997e-01 1.3457958830000000e+03
6.8875643200000002e+02 1.5114668699999999e+02 6.2207999999999997e-01 1.3501546209999999e+03
6.9611297200000001e+02 1.5387343100000001e+02 6.2751999999999997e-01 1.3545185509999999e+03
7.0349326699999995e+02 1.5662704400000001e+02 6.3295999999999997e-01 1.3588874470000001e+03
7.1089734199999998e+02 1.5940743800000001e+02 6.3839999999999997e-01 1.3632610880000000e+03
7.1832522400000005e+02 1.6221452600000001e+02 6.4383999999999997e-01 1.3676392539999999e+03
7.2577693499999998e+02 1.6504821699999999e+02 6.4927999999999997e-01 1.3720217299999999e+03
7.3325249899999994e+02 1.6790841800000001e+02 6.5471999999999997e-01 1.3764083040000000e+03
7.4075193800000000e+02 1.7079503600000001e+02 6.6015999999999997e-01 1.3807987639999999e+03
7.4827527199999997e+02 1.7370797700000000e+02 6.6559999999999997e-01 1.3851929040000000e+03
7.5582252000000005e+02 1.7664714499999999e+02 6.7103999999999997e-01 1.3895905210000001e+03
7.6339370199999996e+02 1.7961244199999999e+02 6.7647999999999997e-01 1.3939914140000001e+03
7.7098883400000000e+02 1.8260377000000000e+02 6.8191999999999997e-01 1.3983953870000000e+03
7.7860793200000001e+02 1.8562102999999999e+02 6.8735999999999997e-01 1.4028022450000001e+03
7.8625101199999995e+02 1.8866412199999999e+02 6.9279999999999997e-01 1.4072117980000000e+03
7.9391808700000001e+02 1.9173294600000000e+02 6.9823999999999997e-01 1.4116238579999999e+03
8.0160917199999994e+02 1.9482739900000001e+02 7.0367999999999997e-01 1.4160382430000000e+03
8.0932427800000005e+02 1.9794737900000001e+02 7.0911999999999997e-01 1.4204547709999999e+03
8.1706341499999996e+02 2.0109278399999999e+02 7.1455999999999997e-01 1.4248732660000001e+03
8.2482659600000000e+02 2.0426351099999999e+02 7.1999999999999997e-01 1.4292935520000001e+03
8.3261382800000001e+02 2.0745945399999999e+02 7.2543999999999997e-01 1.4337154610000000e+03
8.4042511999999999e+02 2.1068051100000000e+02 7.3087999999999997e-01 1.4381388240000001e+03
8.4826048000000003e+02 2.1392657700000001e+02 7.3631999999999997e-01 1.4425634769999999e+03
8.5611991399999999e+02 2.1719754599999999e+02 7.4175999999999997e-01 1.4469892589999999e+03
8.6400342699999999e+02 2.2049331400000000e+02 7.4719999999999998e-01 1.4514160130000000e+03
8.7191102599999999e+02 2.2381377499999999e+02 7.5263999999999998e-01 1.4558435840000000e+03
8.7984271300000000e+02 2.2715882400000001e+02 7.5807999999999998e-01 1.4602718210000000e+03
8.8779849200000001e+02 2.3052835500000000e+02 7.6351999999999998e-01 1.4647005740000000e+03
8.9577836500000001e+02 2.3392226199999999e+02 7.6895999999999998e-01 1.4691297000000000e+03
9.0378233399999999e+02 2.3734044000000000e+02 7.7439999999999998e-01 1.4735590549999999e+03
9.1181040099999996e+02 2.4078278299999999e+02 7.7983999999999998e-01 1.4779885010000000e+03
9.1986256400000002e+02 2.4424918600000001e+02 7.8527999999999998e-01 1.4824178999999999e+03
9.2793882299999996e+02 2.4773954200000000e+02 7.9071999999999998e-01 1.4868471199999999e+03
9.3603917700000000e+02 2.5125374600000001e+02 7.9615999999999998e-01 1.4912760300000000e+03
9.4416362500000002e+02 2.5479169200000001e+02 8.0159999999999998e-01 1.4957045020000000e+03
9.5231216199999994e+02 2.5835327599999999e+02 8.0703999999999998e-01 1.5001324110000000e+03
9.6048478699999998e+02 2.6193839100000002e+02 8.1247999999999998e-01 1.5045596340000000e+03
9.6868149400000004e+02 2.6554693400000002e+02 8.1791999999999998e-01 1.5089860530000001e+03
9.7690227900000002e+02 2.6917880000000002e+02 8.2335999999999998e-01 1.5134115509999999e+03
9.8514713700000004e+02 2.7283388300000001e+02 8.2879999999999998e-01 1.5178360120000000e+03
9.9341606100000001e+02 2.7651208100000002e+02 8.3423999999999998e-01 1.5222593250000000e+03
1.0017090459999999e+03 2.8021328799999998e+02 8.3967999999999998e-01 1.5266813820000000e+03
1.0100260840000000e+03 2.8393740100000002e+02 8.4511999999999998e-01 1.5311020739999999e+03
1.0183671670000000e+03 2.8768431800000002e+02 8.5055999999999998e-01 1.5355212990000000e+03
1.0267322870000000e+03 2.9145393400000000e+02 8.5599999999999998e-01 1.5399389540000000e+03
1.0351214359999999e+03 2.9524614900000000e+02 8.6143999999999998e-01 1.5443549390000001e+03
1.0435346030000001e+03 2.9906085800000000e+02 8.6687999999999998e-01 1.5487691570000000e+03
1.0519717800000001e+03 3.0289796100000001e+02 8.7231999999999998e-01 1.5531815130000000e+03
1.0604329550000000e+03 3.0675735700000001e+02 8.7775999999999998e-01 1.5575919150000000e+03
1.0689181180000000e+03 3.1063894299999998e+02 8.8319999999999999e-01 1.5620002720000000e+03
1.0774272570000001e+03 3.1454262000000000e+02 8.8863999999999999e-01 1.5664064949999999e+03
1.0859603609999999e+03 3.1846828799999997e+02 8.9407999999999999e-01 1.5708104989999999e+03
1.0945174170000000e+03 3.2241584599999999e+02 8.9951999999999999e-01 1.5752121979999999e+03
1.1030984129999999e+03 3.2638519600000001e+02 9.0495999999999999e-01 1.5796115119999999e+03
1.1117033349999999e+03 3.3037623900000000e+02 9.1039999999999999e-01 1.5840083589999999e+03
1.1203321690000000e+03 3.3438887699999998e+02 9.1583999999999999e-01 1.5884026610000001e+03
1.1289849019999999e+03 3.3842301099999997e+02 9.2127999999999999e-01 1.5927943430000000e+03
1.1376615200000001e+03 3.4247854500000000e+02 9.2671999999999999e-01 1.5971833300000001e+03
1.1463620060000001e+03 3.4655538200000001e+02 9.3215999999999999e-01 1.6015695479999999e+03
1.1550863460000000e+03 3.5065342600000002e+02 9.3759999999999999e-01 1.6059529290000000e+03
1.1638345250000000e+03 3.5477258000000000e+02 9.4303999999999999e-01 1.6103334010000001e+03
1.1726065260000000e+03 3.5891275100000001e+02 9.4847999999999999e-01 1.6147108989999999e+03
1.1814023330000000e+03 3.6307384200000001e+02 9.5391999999999999e-01 1.6190853569999999e+03
1.1902219290000000e+03 3.6725576100000001e+02 9.5935999999999999e-01 1.6234567110000000e+03
1.1990652980000000e+03 3.7145841300000001e+02 9.6479999999999999e-01 1.6278248990000000e+03
1.2079324210000000e+03 3.7568170500000002e+02 9.7023999999999999e-01 1.6321898610000001e+03
1.2168232820000001e+03 3.7992554500000000e+02 9.7567999999999999e-01 1.6365515359999999e+03
1.2257378610000001e+03 3.8418984200000000e+02 9.8111999999999999e-01 1.6409098690000001e+03
1.2346761409999999e+03 3.8847450400000002e+02 9.8655999999999999e-01 1.6452648030000000e+03
1.2436381030000000e+03 3.9277943900000002e+02 9.9199999999999999e-01 1.6496162840000000e+03
1.2526237289999999e+03 3.9710455899999999e+02 9.9743999999999999e-01 1.6539642600000000e+03
1.2616329980000000e+03 4.0144977299999999e+02 1.0028800000000000e+00 1.6583086770000000e+03
1.2706658920000000e+03 4.0581499300000002e+02 1.0083200000000001e+00 1.6626494880000000e+03
1.2797223899999999e+03 4.1020013000000000e+02 1.0137600000000000e+00 1.6669866430000000e+03
1.2888024730000000e+03 4.1460509600000000e+02 1.0192000000000001e+00 1.6713200939999999e+03
1.2979061200000001e+03 4.1902980500000001e+02 1.0246400000000000e+00 1.6756497970000000e+03
1.3070333109999999e+03 4.2347417000000002e+02 1.0300800000000001e+00 1.6799757070000001e+03
1.3161840250000000e+03 4.2793810400000001e+02 1.0355200000000000e+00 1.6842977800000001e+03
1.3253582420000000e+03 4.3242152299999998e+02 1.0409600000000001e+00 1.6886159740000001e+03
1.3345559390000001e+03 4.3692434300000002e+02 1.0464000000000000e+00 1.6929302490000000e+03
1.3437770949999999e+03 4.4144647800000001e+02 1.0518400000000001e+00 1.6972405659999999e+03
1.3530216900000000e+03 4.4598784699999999e+02 1.0572800000000000e+00 1.7015468870000000e+03
1.3622897000000000e+03 4.5054836599999999e+02 1.0627200000000001e+00 1.7058491739999999e+03
1.3715811040000001e+03 4.5512795399999999e+02 1.0681600000000000e+00 1.7101473920000001e+03
1.3808958800000000e+03 4.5972652900000003e+02 1.0736000000000001e+00 1.7144415059999999e+03
1.3902340050000000e+03 4.6434401100000002e+02 1.0790400000000000e+00 1.7187314839999999e+03
1.3995954569999999e+03 4.6898032100000000e+02 1.0844800000000001e+00 1.7230172940000000e+03
1.4089802130000000e+03 4.7363538000000000e+02 1.0899200000000000e+00 1.7272989040000000e+03
1.4183882490000001e+03 4.7830910899999998e+02 1.0953599999999999e+00 1.7315762860000000e+03
1.4278195440000000e+03 4.8300143300000002e+02 1.1008000000000000e+00 1.7358494100000000e+03
1.4372740730000000e+03 4.8771227499999998e+02 1.1062399999999999e+00 1.7401182510000001e+03
1.4467518140000000e+03 4.9244155999999998e+02 1.1116800000000000e+00 1.7443827830000000e+03
1.4562527419999999e+03 4.9718921599999999e+02 1.1171199999999999e+00 1.7486429820000001e+03
1.4657768340000000e+03 5.0195516900000001e+02 1.1225600000000000e+00 1.7528988260000001e+03
1.4753240670000000e+03 5.0673935000000000e+02 1.1279999999999999e+00 1.7571502949999999e+03
1.4848944160000001e+03 5.1154169100000001e+02 1.1334400000000000e+00 1.7613973699999999e+03
1.4944878580000000e+03 5.1636212699999999e+02 1.1388799999999999e+00 1.7656400369999999e+03
1.5041043680000000e+03 5.2120059600000002e+02 1.1443200000000000e+00 1.7698782830000000e+03
1.5137439230000000e+03 5.2605704200000002e+02 1.1497599999999999e+00 1.7741121020000000e+03
1.5234064980000001e+03 5.3093142100000000e+02 1.1552000000000000e+00 1.7783414969999999e+03
1.5330920690000000e+03 5.3582370600000002e+02 1.1606399999999999e+00 1.7825664859999999e+03
1.5428006130000001e+03 5.4073392300000000e+02 1.1660800000000000e+00 1.7867871319999999e+03
1.5525321070000000e+03 5.4566232000000002e+02 1.1715199999999999e+00 1.7910036900000000e+03
1.5622865270000000e+03 5.5060825899999998e+02 1.1769600000000000e+00 1.7952156530000000e+03
1.5720638469999999e+03 5.5557147099999997e+02 1.1823999999999999e+00 1.7994228340000000e+03
1.5818640419999999e+03 5.6055188499999997e+02 1.1878400000000000e+00 1.8036252190000000e+03
1.5916870850000000e+03 5.6554943100000003e+02 1.1932799999999999e+00 1.8078227939999999e+03
1.6015329500000000e+03 5.7056404199999997e+02 1.1987200000000000e+00 1.8120155430000000e+03
1.6114016110000000e+03 5.7559564699999999e+02 1.2041599999999999e+00 1.8162034540000000e+03
1.6212930420000000e+03 5.8064418000000001e+02 1.2096000000000000e+00 1.8203865140000000e+03
1.6312072149999999e+03 5.8570957199999998e+02 1.2150399999999999e+00 1.8245647100000001e+03
1.6411441050000001e+03 5.9079175699999996e+02 1.2204800000000000e+00 1.8287380320000000e+03
1.6511036850000000e+03 5.9589066700000001e+02 1.2259199999999999e+00 1.8329064670000000e+03
1.6610859290000001e+03 6.0100623800000005e+02 1.2313600000000000e+00 1.8370700070000000e+03
1.6710908090000000e+03 6.0613840400000004e+02 1.2367999999999999e+00 1.8412286400000000e+03
1.6811182990000000e+03 6.1128709900000001e+02 1.2422400000000000e+00 1.8453823580000001e+03
1.6911683720000001e+03 6.1645225900000003e+02 1.2476799999999999e+00 1.8495311509999999e+03
1.7012410020000000e+03 6.2163382000000001e+02 1.2531200000000000e+00 1.8536750110000000e+03
1.7113361609999999e+03 6.2683171900000002e+02 1.2585599999999999e+00 1.8578139309999999e+03
1.7214538230000001e+03 6.3204589299999998e+02 1.2640000000000000e+00 1.8619479040000001e+03
1.7315939610000000e+03 6.3727627900000005e+02 1.2694399999999999e+00 1.8660769210000001e+03
1.7417565470000000e+03 6.4252281500000004e+02 1.2748800000000000e+00 1.8702009780000001e+03
1.7519415550000001e+03 6.4778543999999999e+02 1.2803199999999999e+00 1.8743200670000001e+03
1.7621489580000000e+03 6.5306409199999996e+02 1.2857600000000000e+00 1.8784341840000000e+03
1.7723787279999999e+03 6.5835871099999997e+02 1.2911999999999999e+00 1.8825433230000001e+03
1.7826308389999999e+03 6.6366923699999995e+02 1.2966400000000000e+00 1.8866474810000000e+03
1.7929052640000000e+03 6.6899561000000006e+02 1.3020799999999999e+00 1.8907466509999999e+03
1.8032019740000001e+03 6.7433777099999998e+02 1.3075200000000000e+00 1.8948408320000001e+03
1.8135209440000001e+03 6.7969566099999997e+02 1.3129599999999999e+00 1.8989300180000000e+03
1.8238621459999999e+03 6.8506922099999997e+02 1.3184000000000000e+00 1.9030142080000001e+03
1.8342255520000001e+03 6.9045839400000000e+02 1.3238399999999999e+00 1.9070933980000000e+03
1.8446111360000000e+03 6.9586312199999998e+02 1.3292800000000000e+00 1.9111675869999999e+03
1.8550188700000001e+03 7.0128334800000005e+02 1.3347199999999999e+00 1.9152367710000001e+03
1.8654487280000001e+03 7.0671901600000001e+02 1.3401600000000000e+00 1.9193009500000001e+03
1.8759006810000001e+03 7.1217006900000001e+02 1.3455999999999999e+00 1.9233601229999999e+03
1.8863747030000000e+03 7.1763645199999996e+02 1.3510400000000000e+00 1.9274142879999999e+03
1.8968707660000000e+03 7.2311810900000000e+02 1.3564799999999999e+00 1.9314634440000000e+03
1.9073888430000000e+03 7.2861498500000005e+02 1.3619200000000000e+00 1.9355075919999999e+03
1.9179289070000000e+03 7.3412702600000000e+02 1.3673599999999999e+00 1.9395467300000000e+03
1.9284909310000000e+03 7.3965417700000000e+02 1.3728000000000000e+00 1.9435808609999999e+03
1.9390748870000000e+03 7.4519638499999996e+02 1.3782399999999999e+00 1.9476099830000001e+03
1.9496807480000000e+03 7.5075359700000001e+02 1.3836800000000000e+00 1.9516340980000000e+03
1.9603084870000000e+03 7.5632575899999995e+02 1.3891199999999999e+00 1.9556532079999999e+03
1.9709580770000000e+03 7.6191281900000001e+02 1.3945600000000000e+00 1.9596673120000000e+03
1.9816294900000000e+03 7.6751472500000000e+02 1.3999999999999999e+00 1.9636764140000000e+03
