# epsilon[MeV/fm^3] P[MeV/fm^3] nB[fm^-3] muB[MeV]
3.7861012000000002e+01 1.4674799999999999e-01 4.0000000000000001e-02 9.5019582700000001e+02
4.3032066999999998e+01 1.7804400000000001e-01 4.5440000000000001e-02 9.5092854599999998e+02
4.8206963000000002e+01 2.1092000000000000e-01 5.0880000000000002e-02 9.5161112300000002e+02
5.3385455999999998e+01 2.4544600000000000e-01 5.6320000000000002e-02 9.5225503400000002e+02
5.8567371000000001e+01 2.8195599999999998e-01 6.1760000000000002e-02 9.5287300500000003e+02
6.3752602000000003e+01 3.2103999999999999e-01 6.7199999999999996e-02 9.5347860000000003e+02
6.8941120999999995e+01 3.6354300000000001e-01 7.2639999999999996e-02 9.5408579199999997e+02
7.4132973000000007e+01 4.1053699999999999e-01 7.8079999999999997e-02 9.5470859900000005e+02
7.9328281000000004e+01 4.6330500000000002e-01 8.3519999999999997e-02 9.5536078399999997e+02
8.4527242000000001e+01 5.2331300000000003e-01 8.8959999999999997e-02 9.5605564700000002e+02
8.9730120999999997e+01 5.9218700000000002e-01 9.4399999999999998e-02 9.5680586000000005e+02
9.4937253999999996e+01 6.7168899999999998e-01 9.9839999999999998e-02 9.5762336500000004e+02
1.0014903600000000e+02 7.6369399999999998e-01 1.0528000000000000e-01 9.5851930500000003e+02
1.0536587400000001e+02 8.6747399999999997e-01 1.1072000000000000e-01 9.5947922700000004e+02
1.1058811799999999e+02 9.8516700000000001e-01 1.1616000000000000e-01 9.6051554199999998e+02
1.1581625600000000e+02 1.1203080000000001e+00 1.2160000000000000e-01 9.6165109800000005e+02
1.2105086300000001e+02 1.2754580000000000e+00 1.2703999999999999e-01 9.6289782500000001e+02
1.2629256900000000e+02 1.4529829999999999e+00 1.3247999999999999e-01 9.6426463999999999e+02
1.3154204799999999e+02 1.6551510000000000e+00 1.3791999999999999e-01 9.6575866199999996e+02
1.3680000699999999e+02 1.8841610000000000e+00 1.4335999999999999e-01 9.6738568899999996e+02
1.4206718300000000e+02 2.1421500000000000e+00 1.4879999999999999e-01 9.6915045199999997e+02
1.4734433799999999e+02 2.4311980000000002e+00 1.5423999999999999e-01 9.7105678200000000e+02
1.5263224900000000e+02 2.7533219999999998e+00 1.5967999999999999e-01 9.7310772599999996e+02
1.5793171000000001e+02 3.1104769999999999e+00 1.6511999999999999e-01 9.7530563900000004e+02
1.6324352500000001e+02 3.5045560000000000e+00 1.7055999999999999e-01 9.7765226199999995e+02
1.6856850800000001e+02 3.9373809999999998e+00 1.7599999999999999e-01 9.8014878899999997e+02
1.7390747600000000e+02 4.4107099999999999e+00 1.8143999999999999e-01 9.8279592600000001e+02
1.7926124999999999e+02 4.9262300000000003e+00 1.8687999999999999e-01 9.8559394199999997e+02
1.8463065000000000e+02 5.4855619999999998e+00 1.9231999999999999e-01 9.8854272000000003e+02
1.9001649499999999e+02 6.0902529999999997e+00 1.9775999999999999e-01 9.9164179300000001e+02
1.9541960200000000e+02 6.7417829999999999e+00 2.0319999999999999e-01 9.9489038900000003e+02
2.0084078000000000e+02 7.4415639999999996e+00 2.0863999999999999e-01 9.9828746200000000e+02
2.0628083599999999e+02 8.1909390000000002e+00 2.1407999999999999e-01 1.0018317210000000e+03
2.1174056500000000e+02 8.9911799999999999e+00 2.1951999999999999e-01 1.0055216600000000e+03
2.1722075500000000e+02 9.8434969999999993e+00 2.2495999999999999e-01 1.0093555780000000e+03
2.2272218599999999e+02 1.0749027000000000e+01 2.3039999999999999e-01 1.0133316050000000e+03
2.2824562499999999e+02 1.1708845999999999e+01 2.3583999999999999e-01 1.0174477130000000e+03
2.3379182900000001e+02 1.2723960000000000e+01 2.4127999999999999e-01 1.0217017400000000e+03
2.3936154199999999e+02 1.3795311999999999e+01 2.4671999999999999e-01 1.0260913980000000e+03
2.4495549500000001e+02 1.4923778000000000e+01 2.5216000000000000e-01 1.0306142850000001e+03
2.5057440600000001e+02 1.6110170000000000e+01 2.5760000000000000e-01 1.0352679029999999e+03
2.5621898099999999e+02 1.7355236000000001e+01 2.6304000000000000e-01 1.0400496590000000e+03
2.6188990899999999e+02 1.8659659000000001e+01 2.6848000000000000e-01 1.0449568790000001e+03
2.6758786600000002e+02 2.0024056999999999e+01 2.7392000000000000e-01 1.0499868130000000e+03
2.7331351100000001e+02 2.1448988000000000e+01 2.7936000000000000e-01 1.0551366459999999e+03
2.7906749000000002e+02 2.2934943000000001e+01 2.8480000000000000e-01 1.0604035019999999e+03
2.8485043100000001e+02 2.4482354000000001e+01 2.9024000000000000e-01 1.0657844530000000e+03
2.9066294699999997e+02 2.6091591000000001e+01 2.9568000000000000e-01 1.0712765240000001e+03
2.9650563499999998e+02 2.7762962000000002e+01 3.0112000000000000e-01 1.0768766989999999e+03
3.0237907400000000e+02 2.9496717000000000e+01 3.0656000000000000e-01 1.0825819300000001e+03
3.0828382900000003e+02 3.1293047999999999e+01 3.1200000000000000e-01 1.0883891410000001e+03
3.1422044499999998e+02 3.3152090000000001e+01 3.1744000000000000e-01 1.0942952370000000e+03
3.2018945200000002e+02 3.5073920999999999e+01 3.2288000000000000e-01 1.1002971040000000e+03
3.2619136300000002e+02 3.7058568000000001e+01 3.2832000000000000e-01 1.1063916240000001e+03
3.3222667400000000e+02 3.9106006000000001e+01 3.3376000000000000e-01 1.1125756739999999e+03
3.3829586300000000e+02 4.1216158000000000e+01 3.3920000000000000e-01 1.1188461350000000e+03
3.4439939299999998e+02 4.3388900999999997e+01 3.4464000000000000e-01 1.1251998960000001e+03
3.5053770700000001e+02 4.5624066999999997e+01 3.5008000000000000e-01 1.1316338639999999e+03
3.5671123399999999e+02 4.7921442999999996e+01 3.5552000000000000e-01 1.1381449620000001e+03
3.6292035900000002e+02 5.0253461999999999e+01 3.6096000000000000e-01 1.1446543999999999e+03
3.6916249099999999e+02 5.2284239999999997e+01 3.6640000000000000e-01 1.1502384589999999e+03
3.7543392699999998e+02 5.4220742999999999e+01 3.7184000000000000e-01 1.1554844040000000e+03
3.8173343199999999e+02 5.6126233999999997e+01 3.7728000000000000e-01 1.1605712599999999e+03
3.8806031999999999e+02 5.8021484999999998e+01 3.8272000000000000e-01 1.1655583050000000e+03
3.9441413999999997e+02 5.9917031000000001e+01 3.8816000000000001e-01 1.1704757040000000e+03
4.0079415000000000e+02 6.1696274000000003e+01 3.9360000000000001e-01 1.1750282319999999e+03
4.0719725799999998e+02 6.3315002000000000e+01 3.9904000000000001e-01 1.1791122610000000e+03
4.1362236000000001e+02 6.4927592000000004e+01 4.0448000000000001e-01 1.1831256380000000e+03
4.2006920500000001e+02 6.6549807999999999e+01 4.0992000000000001e-01 1.1871090150000000e+03
4.2653767499999998e+02 6.8187548000000007e+01 4.1536000000000001e-01 1.1910774899999999e+03
4.3302771200000001e+02 6.9843897999999996e+01 4.2080000000000001e-01 1.1950388350000001e+03
4.3953928999999999e+02 7.1520745000000005e+01 4.2624000000000001e-01 1.1989976919999999e+03
4.4607240600000000e+02 7.3219356000000005e+01 4.3168000000000001e-01 1.2029570799999999e+03
4.5262706800000001e+02 7.4940638000000007e+01 4.3712000000000001e-01 1.2069190730000000e+03
4.5920329400000003e+02 7.6685267999999994e+01 4.4256000000000001e-01 1.2108851460000001e+03
4.6580110900000000e+02 7.8453768999999994e+01 4.4800000000000001e-01 1.2148563740000000e+03
4.7242054500000000e+02 8.0246554000000003e+01 4.5344000000000001e-01 1.2188335509999999e+03
4.7906163400000003e+02 8.2063957000000002e+01 4.5888000000000001e-01 1.2228172660000000e+03
4.8572441500000002e+02 8.3906250999999997e+01 4.6432000000000001e-01 1.2268079570000000e+03
4.9240892500000001e+02 8.5773661000000004e+01 4.6976000000000001e-01 1.2308059420000000e+03
4.9911520500000000e+02 8.7666374000000005e+01 4.7520000000000001e-01 1.2348114499999999e+03
5.0584329600000001e+02 8.9584546000000003e+01 4.8064000000000001e-01 1.2388246389999999e+03
5.1259324100000003e+02 9.1528308999999993e+01 4.8608000000000001e-01 1.2428456040000001e+03
5.1936508200000003e+02 9.3497771999999998e+01 4.9152000000000001e-01 1.2468743990000000e+03
5.2615886200000000e+02 9.5493026000000000e+01 4.9696000000000001e-01 1.2509110330000001e+03
5.3297462199999995e+02 9.7514144999999999e+01 5.0239999999999996e-01 1.2549554860000001e+03
5.3981240700000001e+02 9.9561192000000005e+01 5.0783999999999996e-01 1.2590077130000000e+03
5.4667225699999995e+02 1.0163421400000000e+02 5.1327999999999996e-01 1.2630676410000001e+03
5.5355421500000000e+02 1.0373325100000000e+02 5.1871999999999996e-01 1.2671351830000001e+03
5.6045832099999996e+02 1.0585832900000000e+02 5.2415999999999996e-01 1.2712102350000000e+03
5.6738461700000005e+02 1.0800946900000000e+02 5.2959999999999996e-01 1.2752926769999999e+03
5.7433314199999995e+02 1.1018668200000000e+02 5.3503999999999996e-01 1.2793823800000000e+03
5.8130393500000002e+02 1.1238997100000000e+02 5.4047999999999996e-01 1.2834792040000000e+03
5.8829703400000005e+02 1.1461933399999999e+02 5.4591999999999996e-01 1.2875830010000000e+03
5.9531247800000006e+02 1.1687476200000000e+02 5.5135999999999996e-01 1.2916936169999999e+03
6.0235030200000006e+02 1.1915623900000000e+02 5.5679999999999996e-01 1.2958108910000001e+03
6.0941054299999996e+02 1.2146374700000000e+02 5.6223999999999996e-01 1.2999346570000000e+03
6.1649323500000003e+02 1.2379725900000000e+02 5.6767999999999996e-01 1.3040647460000000e+03
6.2359841200000005e+02 1.2615674500000000e+02 5.7311999999999996e-01 1.3082009860000001e+03
6.3072610799999995e+02 1.2854217299999999e+02 5.7855999999999996e-01 1.3123432000000000e+03
6.3787635399999999e+02 1.3095350199999999e+02 5.8399999999999996e-01 1.3164912110000000e+03
6.4504918099999998e+02 1.3339069300000000e+02 5.8943999999999996e-01 1.3206448399999999e+03
6.5224462000000005e+02 1.3585369700000001e+02 5.9487999999999996e-01 1.3248039070000000e+03
6.5946269900000004e+02 1.3834246800000000e+02 6.0031999999999996e-01 1.3289682299999999e+03
6.6670344699999998e+02 1.4085695300000000e+02 6.0575999999999997e-01 1.3331376290000001e+03
6.7396689100000003e+02 1.4339709500000001e+02 6.1119999999999997e-01 1.3373119220000001e+03
6.8125305700000001e+02 1.4596283900000000e+02 6.1663999999999997e-01 1.3414909279999999e+03
6.8856196999999997e+02 1.4855412200000001e+02 6.2207999999999997e-01 1.3456744659999999e+03
6.9589365399999997e+02 1.5117088200000001e+02 6.2751999999999997e-01 1.3498623560000001e+03
7.0324813200000006e+02 1.5381305399999999e+02 6.3295999999999997e-01 1.3540544199999999e+03
7.1062542699999995e+02 1.5648056900000000e+02 6.3839999999999997e-01 1.3582504790000000e+03
7.1802556000000004e+02 1.5917335800000001e+02 6.4383999999999997e-01 1.3624503569999999e+03
7.2544855099999995e+02 1.6189134899999999e+02 6.4927999999999997e-01 1.3666538790000000e+03
7.3289441999999997e+02 1.6463446900000000e+02 6.5471999999999997e-01 1.3708608710000001e+03
7.4036318500000004e+02 1.6740264300000001e+02 6.6015999999999997e-01 1.3750711600000000e+03
7.4785486300000002e+02 1.7019579200000001e+02 6.6559999999999997e-01 1.3792845780000000e+03
7.5536947099999998e+02 1.7301383999999999e+02 6.7103999999999997e-01 1.3835009550000000e+03
7.6290702499999998e+02 1.7585670500000001e+02 6.7647999999999997e-01 1.3877201250000001e+03
7.7046753899999999e+02 1.7872430800000001e+02 6.8191999999999997e-01 1.3919419230000001e+03
7.7805102699999998e+02 1.8161656400000001e+02 6.8735999999999997e-01 1.3961661879999999e+03
7.8565750200000002e+02 1.8453339000000000e+02 6.9279999999999997e-01 1.4003927590000001e+03
7.9328697699999998e+02 1.8747470200000001e+02 6.9823999999999997e-01 1.4046214769999999e+03
8.0093946200000005e+02 1.9044041400000000e+02 7.0367999999999997e-01 1.4088521880000001e+03
8.0861496899999997e+02 1.9343043800000001e+02 7.0911999999999997e-01 1.4130847360000000e+03
8.1631350499999996e+02 1.9644468699999999e+02 7.1455999999999997e-01 1.4173189720000000e+03
8.2403508199999999e+02 1.9948307299999999e+02 7.1999999999999997e-01 1.4215547460000000e+03
8.3177970500000004e+02 2.0254550499999999e+02 7.2543999999999997e-01 1.4257919110000000e+03
8.3954738299999997e+02 2.0563189499999999e+02 7.3087999999999997e-01 1.4300303220000001e+03
8.4733812200000000e+02 2.0874215100000001e+02 7.3631999999999997e-01 1.4342698379999999e+03
8.5515192700000000e+02 2.1187618300000000e+02 7.4175999999999997e-01 1.4385103200000001e+03
8.6298880399999996e+02 2.1503389799999999e+02 7.4719999999999998e-01 1.4427516280000000e+03
8.7084875599999998e+02 2.1821520300000000e+02 7.5263999999999998e-01 1.4469936290000001e+03
8.7873178700000005e+02 2.2142000800000000e+02 7.5807999999999998e-01 1.4512361900000001e+03
8.8663789899999995e+02 2.2464821699999999e+02 7.6351999999999998e-01 1.4554791800000000e+03
8.9456709599999999e+02 2.2789973800000001e+02 7.6895999999999998e-01 1.4597224719999999e+03
9.0251937699999996e+02 2.3117447799999999e+02 7.7439999999999998e-01 1.4639659380000001e+03
9.1049474299999997e+02 2.3447234100000000e+02 7.7983999999999998e-01 1.4682094569999999e+03
9.1849319500000001e+02 2.3779323400000001e+02 7.8527999999999998e-01 1.4724529070000001e+03
9.2651473099999998e+02 2.4113706300000001e+02 7.9071999999999998e-01 1.4766961690000001e+03
9.3455935099999999e+02 2.4450373200000001e+02 7.9615999999999998e-01 1.4809391260000000e+03
9.4262705200000005e+02 2.4789314700000000e+02 8.0159999999999998e-01 1.4851816640000000e+03
9.5071783300000004e+02 2.5130521400000001e+02 8.0703999999999998e-01 1.4894236710000000e+03
9.5883168799999999e+02 2.5473983699999999e+02 8.1247999999999998e-01 1.4936650370000000e+03
9.6696861600000000e+02 2.5819692199999997e+02 8.1791999999999998e-01 1.4979056539999999e+03
9.7512861099999998e+02 2.6167637300000001e+02 8.2335999999999998e-01 1.5021454160000001e+03
9.8331166800000005e+02 2.6517809699999998e+02 8.2879999999999998e-01 1.5063842210000000e+03
9.9151778200000001e+02 2.6870199800000000e+02 8.3423999999999998e-01 1.5106219650000000e+03
9.9974694799999997e+02 2.7224798099999998e+02 8.3967999999999998e-01 1.5148585510000000e+03
1.0079991580000000e+03 2.7581595199999998e+02 8.4511999999999998e-01 1.5190938799999999e+03
1.0162744050000000e+03 2.7940581700000001e+02 8.5055999999999998e-01 1.5233278580000001e+03
1.0245726810000001e+03 2.8301748099999998e+02 8.5599999999999998e-01 1.5275603920000001e+03
1.0328939800000001e+03 2.8665085099999999e+02 8.6143999999999998e-01 1.5317913890000000e+03
1.0412382909999999e+03 2.9030583200000001e+02 8.6687999999999998e-01 1.5360207610000000e+03
1.0496056060000001e+03 2.9398232999999999e+02 8.7231999999999998e-01 1.5402484199999999e+03
1.0579959160000001e+03 2.9768025200000000e+02 8.7775999999999998e-01 1.5444742810000000e+03
1.0664092100000000e+03 3.0139950599999997e+02 8.8319999999999999e-01 1.5486982610000000e+03
1.0748454770000001e+03 3.0513999699999999e+02 8.8863999999999999e-01 1.5529202760000001e+03
1.0833047079999999e+03 3.0890163400000000e+02 8.9407999999999999e-01 1.5571402479999999e+03
1.0917868900000001e+03 3.1268432400000000e+02 8.9951999999999999e-01 1.5613580979999999e+03
1.1002920120000001e+03 3.1648797500000001e+02 9.0495999999999999e-01 1.5655737500000000e+03
1.1088200620000000e+03 3.2031249500000001e+02 9.1039999999999999e-01 1.5697871290000000e+03
1.1173710260000000e+03 3.2415779300000003e+02 9.1583999999999999e-01 1.5739981610000000e+03
1.1259448930000001e+03 3.2802377799999999e+02 9.2127999999999999e-01 1.5782067770000001e+03
1.1345416490000000e+03 3.3191035900000003e+02 9.2671999999999999e-01 1.5824129049999999e+03
1.1431612800000000e+03 3.3581744600000002e+02 9.3215999999999999e-01 1.5866164790000000e+03
1.1518037720000000e+03 3.3974494900000002e+02 9.3759999999999999e-01 1.5908174309999999e+03
1.1604691100000000e+03 3.4369277799999998e+02 9.4303999999999999e-01 1.5950156959999999e+03
1.1691572799999999e+03 3.4766084499999999e+02 9.4847999999999999e-01 1.5992112119999999e+03
1.1778682670000001e+03 3.5164906000000002e+02 9.5391999999999999e-01 1.6034039170000001e+03
1.1866020550000001e+03 3.5565733599999999e+02 9.5935999999999999e-01 1.6075937500000000e+03
1.1953586280000000e+03 3.5968558400000001e+02 9.6479999999999999e-01 1.6117806519999999e+03
1.2041379710000001e+03 3.6373371800000001e+02 9.7023999999999999e-01 1.6159645670000000e+03
1.2129400659999999e+03 3.6780165000000000e+02 9.7567999999999999e-01 1.6201454369999999e+03
1.2217648979999999e+03 3.7188929400000001e+02 9.8111999999999999e-01 1.6243232089999999e+03
1.2306124490000000e+03 3.7599656299999998e+02 9.8655999999999999e-01 1.6284978300000000e+03
1.2394827009999999e+03 3.8012337300000002e+02 9.9199999999999999e-01 1.6326692470000000e+03
1.2483756380000000e+03 3.8426963799999999e+02 9.9743999999999999e-01 1.6368374110000000e+03
1.2572912409999999e+03 3.8843527399999999e+02 1.0028800000000000e+00 1.6410022719999999e+03
1.2662294930000000e+03 3.9262019600000002e+02 1.0083200000000001e+00 1.6451637820000001e+03
1.2751903749999999e+03 3.9682432200000000e+02 1.0137600000000000e+00 1.6493218939999999e+03
1.2841738680000001e+03 4.0104756800000001e+02 1.0192000000000001e+00 1.6534765640000001e+03
1.2931799530000001e+03 4.0528985100000000e+02 1.0246400000000000e+00 1.6576277470000000e+03
1.3022086119999999e+03 4.0955108999999999e+02 1.0300800000000001e+00 1.6617754000000000e+03
1.3112598250000001e+03 4.1383120300000002e+02 1.0355200000000000e+00 1.6659194820000000e+03
1.3203335729999999e+03 4.1813010900000000e+02 1.0409600000000001e+00 1.6700599530000000e+03
1.3294298349999999e+03 4.2244772899999998e+02 1.0464000000000000e+00 1.6741967720000000e+03
1.3385485920000001e+03 4.2678398099999998e+02 1.0518400000000001e+00 1.6783299019999999e+03
1.3476898240000000e+03 4.3113878799999998e+02 1.0572800000000000e+00 1.6824593050000001e+03
1.3568535099999999e+03 4.3551206999999999e+02 1.0627200000000001e+00 1.6865849470000001e+03
1.3660396300000000e+03 4.3990374900000000e+02 1.0681600000000000e+00 1.6907067910000001e+03
1.3752481630000000e+03 4.4431374899999997e+02 1.0736000000000001e+00 1.6948248050000000e+03
1.3844790880000000e+03 4.4874199299999998e+02 1.0790400000000000e+00 1.6989389570000001e+03
1.3937323839999999e+03 4.5318840399999999e+02 1.0844800000000001e+00 1.7030492130000000e+03
1.4030080290000001e+03 4.5765290800000002e+02 1.0899200000000000e+00 1.7071555460000000e+03
1.4123060029999999e+03 4.6213542999999999e+02 1.0953599999999999e+00 1.7112579240000000e+03
1.4216262830000001e+03 4.6663589600000000e+02 1.1008000000000000e+00 1.7153563210000000e+03
1.4309688480000000e+03 4.7115423399999997e+02 1.1062399999999999e+00 1.7194507100000001e+03
1.4403336770000001e+03 4.7569037100000003e+02 1.1116800000000000e+00 1.7235410660000000e+03
1.4497207460000000e+03 4.8024423800000000e+02 1.1171199999999999e+00 1.7276273639999999e+03
1.4591300340000000e+03 4.8481576600000000e+02 1.1225600000000000e+00 1.7317095820000000e+03
1.4685615190000001e+03 4.8940488499999998e+02 1.1279999999999999e+00 1.7357876990000000e+03
1.4780151780000001e+03 4.9401153099999999e+02 1.1334400000000000e+00 1.7398616970000000e+03
1.4874909889999999e+03 4.9863564000000002e+02 1.1388799999999999e+00 1.7439315590000001e+03
1.4969889290000001e+03 5.0327715100000000e+02 1.1443200000000000e+00 1.7479972720000001e+03
1.5065089750000000e+03 5.0793601100000001e+02 1.1497599999999999e+00 1.7520588270000001e+03
1.5160511059999999e+03 5.1261217099999999e+02 1.1552000000000000e+00 1.7561162230000000e+03
1.5256152979999999e+03 5.1730560300000002e+02 1.1606399999999999e+00 1.7601694729999999e+03
1.5352015289999999e+03 5.2201632400000005e+02 1.1660800000000000e+00 1.7642186310000000e+03
1.5448097769999999e+03 5.2674453100000005e+02 1.1715199999999999e+00 1.7682639039999999e+03
1.5544400209999999e+03 5.3148965399999997e+02 1.1769600000000000e+00 1.7723048429999999e+03
1.5640922350000001e+03 5.3625148100000001e+02 1.1823999999999999e+00 1.7763413080000000e+03
1.5737663970000001e+03 5.4102994600000000e+02 1.1878400000000000e+00 1.7803732829999999e+03
1.5834624799999999e+03 5.4582497899999998e+02 1.1932799999999999e+00 1.7844007529999999e+03
1.5931804609999999e+03 5.5063651600000003e+02 1.1987200000000000e+00 1.7884237020000000e+03
1.6029203150000001e+03 5.5546449099999995e+02 1.2041599999999999e+00 1.7924421179999999e+03
1.6126820170000001e+03 5.6030883600000004e+02 1.2096000000000000e+00 1.7964559870000001e+03
1.6224655419999999e+03 5.6516948800000000e+02 1.2150399999999999e+00 1.8004652950000000e+03
1.6322708660000001e+03 5.7004638299999999e+02 1.2204800000000000e+00 1.8044700310000001e+03
1.6420979640000000e+03 5.7493945499999995e+02 1.2259199999999999e+00 1.8084701829999999e+03
1.6519468110000000e+03 5.7984864100000004e+02 1.2313600000000000e+00 1.8124657390000000e+03
1.6618173810000001e+03 5.8477387899999997e+02 1.2367999999999999e+00 1.8164566890000001e+03
1.6717096509999999e+03 5.8971510499999999e+02 1.2422400000000000e+00 1.8204430230000000e+03
1.6816235930000000e+03 5.9467225800000006e+02 1.2476799999999999e+00 1.8244247310000001e+03
1.6915591840000000e+03 5.9964527499999997e+02 1.2531200000000000e+00 1.8284018050000000e+03
1.7015163980000000e+03 6.0463409500000000e+02 1.2585599999999999e+00 1.8323742350000000e+03
1.7114952100000000e+03 6.0963865899999996e+02 1.2640000000000000e+00 1.8363420130000000e+03
1.7214955940000000e+03 6.1465890400000001e+02 1.2694399999999999e+00 1.8403051320000000e+03
1.7315175250000000e+03 6.1969477199999994e+02 1.2748800000000000e+00 1.8442635849999999e+03
1.7415609780000000e+03 6.2474620200000004e+02 1.2803199999999999e+00 1.8482173640000001e+03
1.7516259270000000e+03 6.2981313699999998e+02 1.2857600000000000e+00 1.8521664639999999e+03
1.7617123469999999e+03 6.3489551700000004e+02 1.2911999999999999e+00 1.8561108780000000e+03
1.7718202120000001e+03 6.3999328400000002e+02 1.2966400000000000e+00 1.8600506000000000e+03
1.7819494970000001e+03 6.4510638100000006e+02 1.3020799999999999e+00 1.8639856270000000e+03
1.7921001759999999e+03 6.5023474999999996e+02 1.3075200000000000e+00 1.8679159520000001e+03
1.8022722229999999e+03 6.5537833400000000e+02 1.3129599999999999e+00 1.8718415720000000e+03
1.8124656140000000e+03 6.6053707699999995e+02 1.3184000000000000e+00 1.8757624830000000e+03
1.8226803210000000e+03 6.6571092399999998e+02 1.3238399999999999e+00 1.8796786800000000e+03
1.8329163209999999e+03 6.7089981699999998e+02 1.3292800000000000e+00 1.8835901620000000e+03
1.8431735859999999e+03 6.7610370300000000e+02 1.3347199999999999e+00 1.8874969249999999e+03
1.8534520920000000e+03 6.8132252700000004e+02 1.3401600000000000e+00 1.8913989660000000e+03
1.8637518120000000e+03 6.8655623400000002e+02 1.3455999999999999e+00 1.8952962829999999e+03
1.8740727210000000e+03 6.9180476999999996e+02 1.3510400000000000e+00 1.8991888739999999e+03
1.8844147940000000e+03 6.9706808200000000e+02 1.3564799999999999e+00 1.9030767380000000e+03
1.8947780040000000e+03 7.0234611600000005e+02 1.3619200000000000e+00 1.9069598739999999e+03
1.9051623250000000e+03 7.0763882000000001e+02 1.3673599999999999e+00 1.9108382790000001e+03
1.9155677330000001e+03 7.1294614100000001e+02 1.3728000000000000e+00 1.9147119550000000e+03
1.9259942010000000e+03 7.1826802799999996e+02 1.3782399999999999e+00 1.9185808999999999e+03
1.9364417030000000e+03 7.2360442899999998e+02 1.3836800000000000e+00 1.9224451150000000e+03
1.9469102150000001e+03 7.2895529199999999e+02 1.3891199999999999e+00 1.9263045990000001e+03
1.9573997090000000e+03 7.3432056699999998e+02 1.3945600000000000e+00 1.9301593530000000e+03
1.9679101610000000e+03 7.3970020299999999e+02 1.3999999999999999e+00 1.9340093770000001e+03
