# epsilon[MeV/fm^3] P[MeV/fm^3] nB[fm^-3] muB[MeV]
3.7808100000000003e+01 1.2156599999999999e-01 4.0000000000000001e-02 9.4824346200000002e+02
4.2968603000000002e+01 1.5443200000000001e-01 4.5440000000000001e-02 9.4901227500000005e+02
4.8133287000000003e+01 1.9156999999999999e-01 5.0880000000000002e-02 9.4978280900000004e+02
5.3302166000000000e+01 2.3308999999999999e-01 5.6320000000000002e-02 9.5055678100000000e+02
5.8475265999999998e+01 2.7921200000000002e-01 6.1760000000000002e-02 9.5133726799999999e+02
6.3652633000000002e+01 3.3028900000000000e-01 6.7199999999999996e-02 9.5212861199999998e+02
6.8834340999999995e+01 3.8681599999999999e-01 7.2639999999999996e-02 9.5293621599999994e+02
7.4020493000000002e+01 4.4943899999999998e-01 7.8079999999999997e-02 9.5376628000000005e+02
7.9211230999999998e+01 5.1894700000000005e-01 8.3519999999999997e-02 9.5462556099999995e+02
8.4406732000000005e+01 5.9627200000000002e-01 8.8959999999999997e-02 9.5552115800000001e+02
8.9607213000000002e+01 6.8247400000000003e-01 9.4399999999999998e-02 9.5646032700000001e+02
9.4812932000000004e+01 7.7873300000000001e-01 9.9839999999999998e-02 9.5745033599999999e+02
1.0002418299999999e+02 8.8633700000000004e-01 1.0528000000000000e-01 9.5849834499999997e+02
1.0524130200000000e+02 1.0066679999999999e+00 1.1072000000000000e-01 9.5961132199999997e+02
1.1046465800000000e+02 1.1406240000000001e+00 1.1616000000000000e-01 9.6079102100000000e+02
1.1569454500000001e+02 1.2865489999999999e+00 1.2160000000000000e-01 9.6201732900000002e+02
1.2093128200000000e+02 1.4479970000000000e+00 1.2703999999999999e-01 9.6331471599999998e+02
1.2617529300000000e+02 1.6273629999999999e+00 1.3247999999999999e-01 9.6469570099999999e+02
1.3142705500000000e+02 1.8266709999999999e+00 1.3791999999999999e-01 9.6616854899999998e+02
1.3668708699999999e+02 2.0478360000000002e+00 1.4335999999999999e-01 9.6773975499999995e+02
1.4195593800000000e+02 2.2927130000000000e+00 1.4879999999999999e-01 9.6941470900000002e+02
1.4723418699999999e+02 2.5631240000000002e+00 1.5423999999999999e-01 9.7119798700000001e+02
1.5252243200000001e+02 2.8608630000000002e+00 1.5967999999999999e-01 9.7309350600000005e+02
1.5782129499999999e+02 3.1876950000000002e+00 1.6511999999999999e-01 9.7510462700000005e+02
1.6313141300000001e+02 3.5453610000000002e+00 1.7055999999999999e-01 9.7723421699999994e+02
1.6845343500000001e+02 3.9355699999999998e+00 1.7599999999999999e-01 9.7948470999999995e+02
1.7378802700000000e+02 4.3600019999999997e+00 1.8143999999999999e-01 9.8185814500000004e+02
1.7913586200000000e+02 4.8203040000000001e+00 1.8687999999999999e-01 9.8435620200000005e+02
1.8449762100000001e+02 5.3180880000000004e+00 1.9231999999999999e-01 9.8698023999999998e+02
1.8987399400000001e+02 5.8549309999999997e+00 1.9775999999999999e-01 9.8973131699999999e+02
1.9526567299999999e+02 6.4323750000000004e+00 2.0319999999999999e-01 9.9261022200000002e+02
2.0067335600000001e+02 7.0519210000000001e+00 2.0863999999999999e-01 9.9561749799999996e+02
2.0609774200000001e+02 7.7150309999999998e+00 2.1407999999999999e-01 9.9875346000000002e+02
2.1153953200000001e+02 8.4231300000000005e+00 2.1951999999999999e-01 1.0020182170000000e+03
2.1699942700000000e+02 9.1776009999999992e+00 2.2495999999999999e-01 1.0054116900000000e+03
2.2247812600000000e+02 9.9797860000000007e+00 2.3039999999999999e-01 1.0089336270000000e+03
2.2797632700000000e+02 1.0830988000000000e+01 2.3583999999999999e-01 1.0125836170000000e+03
2.3349472700000001e+02 1.1732466000000001e+01 2.4127999999999999e-01 1.0163611050000000e+03
2.3903401600000001e+02 1.2685440000000000e+01 2.4671999999999999e-01 1.0202654010000000e+03
2.4459488200000001e+02 1.3691086000000000e+01 2.5216000000000000e-01 1.0242956930000000e+03
2.5017801000000000e+02 1.4750538000000001e+01 2.5760000000000000e-01 1.0284510510000000e+03
2.5578407600000000e+02 1.5864887000000000e+01 2.6304000000000000e-01 1.0327304429999999e+03
2.6141375299999999e+02 1.7035180000000000e+01 2.6848000000000000e-01 1.0371327320000000e+03
2.6706770699999998e+02 1.8262422000000001e+01 2.7392000000000000e-01 1.0416566920000000e+03
2.7274659500000001e+02 1.9547571999999999e+01 2.7936000000000000e-01 1.0463010070000000e+03
2.7845106900000002e+02 2.0891545000000001e+01 2.8480000000000000e-01 1.0510642780000001e+03
2.8418177300000002e+02 2.2295210000000001e+01 2.9024000000000000e-01 1.0559450280000001e+03
2.8993934100000001e+02 2.3759390000000000e+01 2.9568000000000000e-01 1.0609417050000000e+03
2.9572440100000000e+02 2.5284862000000000e+01 3.0112000000000000e-01 1.0660526890000001e+03
3.0153756900000002e+02 2.6872357999999998e+01 3.0656000000000000e-01 1.0712762920000000e+03
3.0737945500000001e+02 2.8522559999999999e+01 3.1200000000000000e-01 1.0766107620000000e+03
3.1325065499999999e+02 3.0236105999999999e+01 3.1744000000000000e-01 1.0820542920000000e+03
3.1915176000000002e+02 3.2013584999999999e+01 3.2288000000000000e-01 1.0876050170000001e+03
3.2508334700000000e+02 3.3855538000000003e+01 3.2832000000000000e-01 1.0932610219999999e+03
3.3104598299999998e+02 3.5762462999999997e+01 3.3376000000000000e-01 1.0990203440000000e+03
3.3704022600000002e+02 3.7734807000000004e+01 3.3920000000000000e-01 1.1048809779999999e+03
3.4306662200000000e+02 3.9772973000000000e+01 3.4464000000000000e-01 1.1108408790000001e+03
3.4912570399999998e+02 4.1877319000000000e+01 3.5008000000000000e-01 1.1168979670000001e+03
3.5521799700000003e+02 4.4048158000000001e+01 3.5552000000000000e-01 1.1230501310000000e+03
3.6134401200000002e+02 4.6285758000000001e+01 3.6096000000000000e-01 1.1292952350000000e+03
3.6750424900000002e+02 4.8590344999999999e+01 3.6640000000000000e-01 1.1356311209999999e+03
3.7369919299999998e+02 5.0955447999999997e+01 3.7184000000000000e-01 1.1420377060000001e+03
3.7992695400000002e+02 5.3033996000000002e+01 3.7728000000000000e-01 1.1475869889999999e+03
3.8618371200000001e+02 5.5003610000000002e+01 3.8272000000000000e-01 1.1527696530000001e+03
3.9246819699999998e+02 5.6940776000000000e+01 3.8816000000000001e-01 1.1577948830000000e+03
3.9877974300000000e+02 5.8868228999999999e+01 3.9360000000000001e-01 1.1627252810000000e+03
4.0511792800000001e+02 6.0797277999999999e+01 3.9904000000000001e-01 1.1675920050000000e+03
4.1148245900000001e+02 6.2734665000000000e+01 4.0448000000000001e-01 1.1724135710000000e+03
4.1787312500000002e+02 6.4684842000000003e+01 4.0992000000000001e-01 1.1772021239999999e+03
4.2428886799999998e+02 6.6457910999999996e+01 4.1536000000000001e-01 1.1814992190000000e+03
4.3072688399999998e+02 6.8134569999999997e+01 4.2080000000000001e-01 1.1855090279999999e+03
4.3718655799999999e+02 6.9811869000000002e+01 4.2624000000000001e-01 1.1894687990000000e+03
4.4366771000000000e+02 7.1501874000000001e+01 4.3168000000000001e-01 1.1934079549999999e+03
4.5017026399999997e+02 7.3209711999999996e+01 4.3712000000000001e-01 1.1973388279999999e+03
4.5669419699999997e+02 7.4938236000000003e+01 4.4256000000000001e-01 1.2012681070000001e+03
4.6323951000000000e+02 7.6689265000000006e+01 4.4800000000000001e-01 1.2051999209999999e+03
4.6980622699999998e+02 7.8464067000000000e+01 4.5344000000000001e-01 1.2091370230000000e+03
4.7639438000000001e+02 8.0263581000000002e+01 4.5888000000000001e-01 1.2130813479999999e+03
4.8300401399999998e+02 8.2088537000000002e+01 4.6432000000000001e-01 1.2170343009999999e+03
4.8963517800000000e+02 8.3939515999999998e+01 4.6976000000000001e-01 1.2209969329999999e+03
4.9628792700000002e+02 8.5817001000000005e+01 4.7520000000000001e-01 1.2249700399999999e+03
5.0296232099999997e+02 8.7721396999999996e+01 4.8064000000000001e-01 1.2289542289999999e+03
5.0965841999999998e+02 8.9653049999999993e+01 4.8608000000000001e-01 1.2329499719999999e+03
5.1637628900000004e+02 9.1612262999999999e+01 4.9152000000000001e-01 1.2369576280000001e+03
5.2311599200000001e+02 9.3599301999999994e+01 4.9696000000000001e-01 1.2409774720000000e+03
5.2987759800000003e+02 9.5614401999999998e+01 5.0239999999999996e-01 1.2450097129999999e+03
5.3666117399999996e+02 9.7657774000000003e+01 5.0783999999999996e-01 1.2490545000000000e+03
5.4346678899999995e+02 9.9729609999999994e+01 5.1327999999999996e-01 1.2531119409999999e+03
5.5029451100000006e+02 1.0183008300000000e+02 5.1871999999999996e-01 1.2571821030000001e+03
5.5714440999999999e+02 1.0395934900000000e+02 5.2415999999999996e-01 1.2612650229999999e+03
5.6401655500000004e+02 1.0611755200000000e+02 5.2959999999999996e-01 1.2653607110000000e+03
5.7091101700000002e+02 1.0830482400000000e+02 5.3503999999999996e-01 1.2694691530000000e+03
5.7782786299999998e+02 1.1052128700000000e+02 5.4047999999999996e-01 1.2735903169999999e+03
5.8476716399999998e+02 1.1276705200000001e+02 5.4591999999999996e-01 1.2777241529999999e+03
5.9172898799999996e+02 1.1504222100000000e+02 5.5135999999999996e-01 1.2818705970000001e+03
5.9871340399999997e+02 1.1734689000000000e+02 5.5679999999999996e-01 1.2860295719999999e+03
6.0572047899999995e+02 1.1968114500000000e+02 5.6223999999999996e-01 1.2902009909999999e+03
6.1275028099999997e+02 1.2204506700000000e+02 5.6767999999999996e-01 1.2943847570000000e+03
6.1980287699999997e+02 1.2443873000000001e+02 5.7311999999999996e-01 1.2985807640000000e+03
6.2687833300000000e+02 1.2686220299999999e+02 5.7855999999999996e-01 1.3027888989999999e+03
6.3397671400000002e+02 1.2931554800000001e+02 5.8399999999999996e-01 1.3070090439999999e+03
6.4109808699999996e+02 1.3179882200000000e+02 5.8943999999999996e-01 1.3112410729999999e+03
6.4824251400000003e+02 1.3431207900000001e+02 5.9487999999999996e-01 1.3154848580000000e+03
6.5541006100000004e+02 1.3685536700000000e+02 6.0031999999999996e-01 1.3197402649999999e+03
6.6260078899999996e+02 1.3942872900000000e+02 6.0575999999999997e-01 1.3240071570000000e+03
6.6981476099999998e+02 1.4203220400000001e+02 6.1119999999999997e-01 1.3282853930000001e+03
6.7705203700000004e+02 1.4466582900000000e+02 6.1663999999999997e-01 1.3325748309999999e+03
6.8431268000000000e+02 1.4732963599999999e+02 6.2207999999999997e-01 1.3368753260000001e+03
6.9159674800000005e+02 1.5002365300000000e+02 6.2751999999999997e-01 1.3411867310000000e+03
6.9890430000000003e+02 1.5274790500000000e+02 6.3295999999999997e-01 1.3455088969999999e+03
7.0623539400000004e+02 1.5550241399999999e+02 6.3839999999999997e-01 1.3498416740000000e+03
7.1359008900000003e+02 1.5828719899999999e+02 6.4383999999999997e-01 1.3541849119999999e+03
7.2096843899999999e+02 1.6110227599999999e+02 6.4927999999999997e-01 1.3585384600000000e+03
7.2837050199999999e+02 1.6394765799999999e+02 6.5471999999999997e-01 1.3629021660000001e+03
7.3579633100000001e+02 1.6682335599999999e+02 6.6015999999999997e-01 1.3672758770000000e+03
7.4324598200000003e+02 1.6972937700000000e+02 6.6559999999999997e-01 1.3716594419999999e+03
7.5071950600000002e+02 1.7266572700000000e+02 6.7103999999999997e-01 1.3760527079999999e+03
7.5821695699999998e+02 1.7563240999999999e+02 6.7647999999999997e-01 1.3804555230000001e+03
7.6573838599999999e+02 1.7862942600000000e+02 6.8191999999999997e-01 1.3848677370000000e+03
7.7328384300000005e+02 1.8165677400000001e+02 6.8735999999999997e-01 1.3892891970000001e+03
7.8085337900000002e+02 1.8471445100000000e+02 6.9279999999999997e-01 1.3937197540000000e+03
7.8844704300000001e+02 1.8780245199999999e+02 6.9823999999999997e-01 1.3981592579999999e+03
7.9606488200000001e+02 1.9092077000000000e+02 7.0367999999999997e-01 1.4026075610000000e+03
8.0370694500000002e+02 1.9406939600000001e+02 7.0911999999999997e-01 1.4070645139999999e+03
8.1137327800000003e+02 1.9724832000000001e+02 7.1455999999999997e-01 1.4115299700000000e+03
8.1906392700000004e+02 2.0045752999999999e+02 7.1999999999999997e-01 1.4160037840000000e+03
8.2677893700000004e+02 2.0369701300000000e+02 7.2543999999999997e-01 1.4204858119999999e+03
8.3451835200000005e+02 2.0696675300000001e+02 7.3087999999999997e-01 1.4249759100000001e+03
8.4228221599999995e+02 2.1026673400000001e+02 7.3631999999999997e-01 1.4294739360000001e+03
8.5007057199999997e+02 2.1359693799999999e+02 7.4175999999999997e-01 1.4339797490000001e+03
8.5788346100000001e+02 2.1695734600000000e+02 7.4719999999999998e-01 1.4384932090000000e+03
8.6572092399999997e+02 2.2034793800000000e+02 7.5263999999999998e-01 1.4430141799999999e+03
8.7358300299999996e+02 2.2376869300000001e+02 7.5807999999999998e-01 1.4475425240000000e+03
8.8146973700000001e+02 2.2721958699999999e+02 7.6351999999999998e-01 1.4520781059999999e+03
8.8938116500000001e+02 2.3070059800000001e+02 7.6895999999999998e-01 1.4566207919999999e+03
8.9731732499999998e+02 2.3421170000000001e+02 7.7439999999999998e-01 1.4611704510000000e+03
9.0527825499999994e+02 2.3775286900000000e+02 7.7983999999999998e-01 1.4657269530000001e+03
9.1326399200000003e+02 2.4132407699999999e+02 7.8527999999999998e-01 1.4702901670000001e+03
9.2127457200000003e+02 2.4492529800000000e+02 7.9071999999999998e-01 1.4748599680000000e+03
9.2931002999999998e+02 2.4855650299999999e+02 7.9615999999999998e-01 1.4794362280000000e+03
9.3737040100000002e+02 2.5221766400000001e+02 8.0159999999999998e-01 1.4840188250000001e+03
9.4545571900000004e+02 2.5590875100000000e+02 8.0703999999999998e-01 1.4886076350000001e+03
9.5356601799999999e+02 2.5962973299999999e+02 8.1247999999999998e-01 1.4932025380000000e+03
9.6170133099999998e+02 2.6338058000000001e+02 8.1791999999999998e-01 1.4978034140000000e+03
9.6986168899999996e+02 2.6716126000000003e+02 8.2335999999999998e-01 1.5024101459999999e+03
9.7804712500000005e+02 2.7097174100000001e+02 8.2879999999999998e-01 1.5070226170000001e+03
9.8625766899999996e+02 2.7481198999999998e+02 8.3423999999999998e-01 1.5116407150000000e+03
9.9449335099999996e+02 2.7868197500000002e+02 8.3967999999999998e-01 1.5162643250000001e+03
1.0027542020000000e+03 2.8258166199999999e+02 8.4511999999999998e-01 1.5208933360000001e+03
1.0110402490000000e+03 2.8651101699999998e+02 8.5055999999999998e-01 1.5255276400000000e+03
1.0193515230000000e+03 2.9047000500000001e+02 8.5599999999999998e-01 1.5301671289999999e+03
1.0276880500000000e+03 2.9445859200000001e+02 8.6143999999999998e-01 1.5348116970000001e+03
1.0360498580000001e+03 2.9847674300000000e+02 8.6687999999999998e-01 1.5394612380000001e+03
1.0444369740000000e+03 3.0252442300000001e+02 8.7231999999999998e-01 1.5441156510000001e+03
1.0528494240000000e+03 3.0660159499999997e+02 8.7775999999999998e-01 1.5487748340000001e+03
1.0612872330000000e+03 3.1070822500000003e+02 8.8319999999999999e-01 1.5534386870000001e+03
1.0697504269999999e+03 3.1484427599999998e+02 8.8863999999999999e-01 1.5581071130000000e+03
1.0782390310000001e+03 3.1900971299999998e+02 8.9407999999999999e-01 1.5627800159999999e+03
1.0867530680000000e+03 3.2320450000000000e+02 8.9951999999999999e-01 1.5674573009999999e+03
1.0952925620000001e+03 3.2742859900000002e+02 9.0495999999999999e-01 1.5721388760000000e+03
1.1038575360000000e+03 3.3168197600000002e+02 9.1039999999999999e-01 1.5768246480000000e+03
1.1124480129999999e+03 3.3596459499999997e+02 9.1583999999999999e-01 1.5815145290000000e+03
1.1210640149999999e+03 3.4027641899999998e+02 9.2127999999999999e-01 1.5862084319999999e+03
1.1297055640000001e+03 3.4461741300000000e+02 9.2671999999999999e-01 1.5909062690000001e+03
1.1383726790000001e+03 3.4898754200000002e+02 9.3215999999999999e-01 1.5956079580000001e+03
1.1470653840000000e+03 3.5338677100000001e+02 9.3759999999999999e-01 1.6003134160000000e+03
1.1557836970000001e+03 3.5781506600000000e+02 9.4303999999999999e-01 1.6050225630000000e+03
1.1645276380000000e+03 3.6227239200000002e+02 9.4847999999999999e-01 1.6097353210000001e+03
1.1732972270000000e+03 3.6675871799999999e+02 9.5391999999999999e-01 1.6144516140000001e+03
1.1820924829999999e+03 3.7127400999999998e+02 9.5935999999999999e-01 1.6191713680000000e+03
1.1909134250000000e+03 3.7581823900000001e+02 9.6479999999999999e-01 1.6238945130000000e+03
1.1997600709999999e+03 3.8039137499999998e+02 9.7023999999999999e-01 1.6286209799999999e+03
1.2086324380000001e+03 3.8499339199999997e+02 9.7567999999999999e-01 1.6333507050000001e+03
1.2175305440000000e+03 3.8962426499999998e+02 9.8111999999999999e-01 1.6380836250000000e+03
1.2264544069999999e+03 3.9428397300000000e+02 9.8655999999999999e-01 1.6428196860000000e+03
1.2354040440000001e+03 3.9897250100000002e+02 9.9199999999999999e-01 1.6475588370000000e+03
1.2443794700000001e+03 4.0368984000000000e+02 9.9743999999999999e-01 1.6523010330000000e+03
1.2533807030000000e+03 4.0843598900000001e+02 1.0028800000000000e+00 1.6570462439999999e+03
1.2624077589999999e+03 4.1321096699999998e+02 1.0083200000000001e+00 1.6617944530000000e+03
1.2714606540000000e+03 4.1801481999999999e+02 1.0137600000000000e+00 1.6665456740000000e+03
1.2805394050000000e+03 4.2284765299999998e+02 1.0192000000000001e+00 1.6712999789999999e+03
1.2896440290000000e+03 4.2770977599999998e+02 1.0246400000000000e+00 1.6760576370000001e+03
1.2987745470000000e+03 4.3260187600000000e+02 1.0300800000000001e+00 1.6808192830000000e+03
1.3079309750000000e+03 4.3752210800000000e+02 1.0355200000000000e+00 1.6855830880000001e+03
1.3171133239999999e+03 4.4247025100000002e+02 1.0409600000000001e+00 1.6903488150000001e+03
1.3263216040000000e+03 4.4744625700000000e+02 1.0464000000000000e+00 1.6951164010000000e+03
1.3355558260000000e+03 4.5245008100000001e+02 1.0518400000000001e+00 1.6998857800000001e+03
1.3448159989999999e+03 4.5748167599999999e+02 1.0572800000000000e+00 1.7046568920000000e+03
1.3541021320000000e+03 4.6254099500000001e+02 1.0627200000000001e+00 1.7094296750000001e+03
1.3634142340000001e+03 4.6762799300000000e+02 1.0681600000000000e+00 1.7142040669999999e+03
1.3727523140000001e+03 4.7274262399999998e+02 1.0736000000000001e+00 1.7189800100000000e+03
1.3821163790000001e+03 4.7788484099999999e+02 1.0790400000000000e+00 1.7237574450000000e+03
1.3915064390000000e+03 4.8305459900000000e+02 1.0844800000000001e+00 1.7285363150000001e+03
1.4009224999999999e+03 4.8825185199999999e+02 1.0899200000000000e+00 1.7333165640000000e+03
1.4103645700000000e+03 4.9347655500000002e+02 1.0953599999999999e+00 1.7380981370000000e+03
1.4198326560000000e+03 4.9872866199999999e+02 1.1008000000000000e+00 1.7428809790000000e+03
1.4293267650000000e+03 5.0400812900000000e+02 1.1062399999999999e+00 1.7476650360000001e+03
1.4388469030000001e+03 5.0931491100000000e+02 1.1116800000000000e+00 1.7524502560000001e+03
1.4483930760000001e+03 5.1464896199999998e+02 1.1171199999999999e+00 1.7572365890000001e+03
1.4579652900000001e+03 5.2001023899999996e+02 1.1225600000000000e+00 1.7620239819999999e+03
1.4675635520000001e+03 5.2539869599999997e+02 1.1279999999999999e+00 1.7668123869999999e+03
1.4771878650000001e+03 5.3081428900000003e+02 1.1334400000000000e+00 1.7716017540000000e+03
1.4868382360000001e+03 5.3625697500000001e+02 1.1388799999999999e+00 1.7763920350000001e+03
1.4965146689999999e+03 5.4172670900000003e+02 1.1443200000000000e+00 1.7811831840000000e+03
1.5062171690000000e+03 5.4722344799999996e+02 1.1497599999999999e+00 1.7859751530000001e+03
1.5159457399999999e+03 5.5274714800000004e+02 1.1552000000000000e+00 1.7907678969999999e+03
1.5257003860000000e+03 5.5829776500000003e+02 1.1606399999999999e+00 1.7955613719999999e+03
1.5354811110000001e+03 5.6387525700000003e+02 1.1660800000000000e+00 1.8003555340000000e+03
1.5452879190000001e+03 5.6947958000000006e+02 1.1715199999999999e+00 1.8051503379999999e+03
1.5551208130000000e+03 5.7511069099999997e+02 1.1769600000000000e+00 1.8099457440000001e+03
1.5649797960000001e+03 5.8076854800000001e+02 1.1823999999999999e+00 1.8147417080000000e+03
1.5748648710000000e+03 5.8645310900000004e+02 1.1878400000000000e+00 1.8195381900000000e+03
1.5847760410000001e+03 5.9216432999999995e+02 1.1932799999999999e+00 1.8243351490000000e+03
1.5947133080000001e+03 5.9790216899999996e+02 1.1987200000000000e+00 1.8291325469999999e+03
1.6046766740000000e+03 6.0366658600000005e+02 1.2041599999999999e+00 1.8339303430000000e+03
1.6146661429999999e+03 6.0945753600000000e+02 1.2096000000000000e+00 1.8387285010000001e+03
1.6246817140000001e+03 6.1527498000000003e+02 1.2150399999999999e+00 1.8435269810000000e+03
1.6347233910000000e+03 6.2111887600000000e+02 1.2204800000000000e+00 1.8483257480000000e+03
1.6447911750000001e+03 6.2698918200000003e+02 1.2259199999999999e+00 1.8531247639999999e+03
1.6548850660000001e+03 6.3288585699999999e+02 1.2313600000000000e+00 1.8579239940000000e+03
1.6650050659999999e+03 6.3880885999999998e+02 1.2367999999999999e+00 1.8627234040000001e+03
1.6751511730000000e+03 6.4474961800000005e+02 1.2422400000000000e+00 1.8675160870000000e+03
1.6853231550000000e+03 6.5062078799999995e+02 1.2476799999999999e+00 1.8722319419999999e+03
1.6955206830000000e+03 6.5647238300000004e+02 1.2531200000000000e+00 1.8769116160000001e+03
1.7057436080000000e+03 6.6232290999999998e+02 1.2585599999999999e+00 1.8815701670000001e+03
1.7159918330000000e+03 6.6817948899999999e+02 1.2640000000000000e+00 1.8862134229999999e+03
1.7262652849999999e+03 6.7404607199999998e+02 1.2694399999999999e+00 1.8908446349999999e+03
1.7365639030000000e+03 6.7992520000000002e+02 1.2748800000000000e+00 1.8954659050000000e+03
1.7468876379999999e+03 6.8581865100000005e+02 1.2803199999999999e+00 1.9000787089999999e+03
1.7572364470000000e+03 6.9172773900000004e+02 1.2857600000000000e+00 1.9046841420000001e+03
1.7676102930000000e+03 6.9765347299999996e+02 1.2911999999999999e+00 1.9092830500000000e+03
1.7780091399999999e+03 7.0359665500000006e+02 1.2966400000000000e+00 1.9138761079999999e+03
1.7884329600000001e+03 7.0955793100000005e+02 1.3020799999999999e+00 1.9184638620000001e+03
1.7988817250000000e+03 7.1553783799999997e+02 1.3075200000000000e+00 1.9230467679999999e+03
1.8093554090000000e+03 7.2153682500000002e+02 1.3129599999999999e+00 1.9276252079999999e+03
1.8198539880000001e+03 7.2755527099999995e+02 1.3184000000000000e+00 1.9321995079999999e+03
1.8303774420000000e+03 7.3359350199999994e+02 1.3238399999999999e+00 1.9367699500000001e+03
1.8409257500000001e+03 7.3965180299999997e+02 1.3292800000000000e+00 1.9413367770000000e+03
1.8514988920000001e+03 7.4573041699999999e+02 1.3347199999999999e+00 1.9459002040000000e+03
1.8620968510000000e+03 7.5182956200000001e+02 1.3401600000000000e+00 1.9504604210000000e+03
1.8727196100000001e+03 7.5794942800000001e+02 1.3455999999999999e+00 1.9550175950000000e+03
1.8833671529999999e+03 7.6409018500000002e+02 1.3510400000000000e+00 1.9595718770000001e+03
1.8940394630000001e+03 7.7025198399999999e+02 1.3564799999999999e+00 1.9641234010000001e+03
1.9047365270000000e+03 7.7643496000000005e+02 1.3619200000000000e+00 1.9686722880000000e+03
1.9154583310000000e+03 7.8263923399999999e+02 1.3673599999999999e+00 1.9732186500000000e+03
1.9262048600000001e+03 7.8886491599999999e+02 1.3728000000000000e+00 1.9777625860000001e+03
1.9369761030000000e+03 7.9511210500000004e+02 1.3782399999999999e+00 1.9823041870000000e+03
1.9477720460000000e+03 8.0138089000000002e+02 1.3836800000000000e+00 1.9868435360000001e+03
1.9585926780000000e+03 8.0767135299999995e+02 1.3891199999999999e+00 1.9913807099999999e+03
1.9694379859999999e+03 8.1398356899999999e+02 1.3945600000000000e+00 1.9959157789999999e+03
1.9803079610000000e+03 8.2031760299999996e+02 1.3999999999999999e+00 2.0004488080000001e+03
