# epsilon[MeV/fm^3] P[MeV/fm^3] nB[fm^-3] muB[MeV]
3.7811974999999997e+01 1.2159900000000000e-01 4.0000000000000001e-02 9.4834117900000001e+02
4.2972901999999998e+01 1.5267300000000000e-01 4.5440000000000001e-02 9.4906816400000002e+02
4.8137748000000002e+01 1.8719600000000000e-01 5.0880000000000002e-02 9.4978449599999999e+02
5.3306465000000003e+01 2.2527400000000000e-01 5.6320000000000002e-02 9.5049431400000003e+02
5.8479033000000001e+01 2.6717999999999997e-01 6.1760000000000002e-02 9.5120341499999995e+02
6.3655467000000002e+01 3.1337199999999998e-01 6.7199999999999996e-02 9.5191901399999995e+02
6.8835821999999993e+01 3.6450100000000002e-01 7.2639999999999996e-02 9.5264938900000004e+02
7.4020205000000004e+01 4.2140600000000000e-01 7.8079999999999997e-02 9.5340354700000000e+02
7.9208770000000001e+01 4.8510799999999998e-01 8.3519999999999997e-02 9.5419090700000004e+02
8.4401722000000007e+01 5.5679500000000004e-01 8.8959999999999997e-02 9.5502104999999995e+02
8.9599321000000003e+01 6.3780599999999998e-01 9.4399999999999998e-02 9.5590350999999998e+02
9.4801877000000005e+01 7.2961600000000004e-01 9.9839999999999998e-02 9.5684761900000001e+02
1.0000974900000000e+02 8.3382100000000003e-01 1.0528000000000000e-01 9.5786238700000001e+02
1.0522334499999999e+02 9.5211900000000005e-01 1.1072000000000000e-01 9.5895641899999998e+02
1.1044311900000000e+02 1.0862940000000001e+00 1.1616000000000000e-01 9.6013785199999995e+02
1.1566952100000000e+02 1.2354740000000000e+00 1.2160000000000000e-01 9.6139147300000002e+02
1.2090294500000000e+02 1.4017550000000001e+00 1.2703999999999999e-01 9.6272761600000001e+02
1.2614389700000000e+02 1.5883430000000001e+00 1.3247999999999999e-01 9.6416414099999997e+02
1.3139295000000001e+02 1.7976049999999999e+00 1.3791999999999999e-01 9.6571047699999997e+02
1.3665072200000000e+02 2.0317440000000002e+00 1.4335999999999999e-01 9.6737380599999995e+02
1.4191786700000000e+02 2.2928910000000000e+00 1.4879999999999999e-01 9.6916001100000005e+02
1.4719506500000000e+02 2.5831360000000001e+00 1.5423999999999999e-01 9.7107405200000005e+02
1.5248302600000000e+02 2.9045329999999998e+00 1.5967999999999999e-01 9.7312016100000005e+02
1.5778247600000000e+02 3.2591070000000002e+00 1.6511999999999999e-01 9.7530196300000000e+02
1.6309416400000001e+02 3.6488540000000000e+00 1.7055999999999999e-01 9.7762256300000001e+02
1.6841885099999999e+02 4.0757450000000004e+00 1.7599999999999999e-01 9.8008460900000000e+02
1.7375731400000001e+02 4.5417189999999996e+00 1.8143999999999999e-01 9.8269034699999997e+02
1.7911034000000001e+02 5.0486849999999999e+00 1.8687999999999999e-01 9.8544165899999996e+02
1.8447872500000000e+02 5.5985220000000000e+00 1.9231999999999999e-01 9.8834009800000001e+02
1.8986327299999999e+02 6.1930740000000002e+00 1.9775999999999999e-01 9.9138692000000003e+02
1.9526479499999999e+02 6.8341529999999997e+00 2.0319999999999999e-01 9.9458310100000006e+02
2.0068410499999999e+02 7.5235289999999999e+00 2.0863999999999999e-01 9.9792936099999997e+02
2.0612202199999999e+02 8.2629380000000001e+00 2.1407999999999999e-01 1.0014261770000001e+03
2.1157936500000000e+02 9.0540679999999991e+00 2.1951999999999999e-01 1.0050737910000000e+03
2.1705695600000001e+02 9.8985649999999996e+00 2.2495999999999999e-01 1.0088722220000000e+03
2.2255561399999999e+02 1.0798023000000001e+01 2.3039999999999999e-01 1.0128212710000000e+03
2.2807615899999999e+02 1.1753984000000001e+01 2.3583999999999999e-01 1.0169205220000000e+03
2.3361940600000000e+02 1.2767932000000000e+01 2.4127999999999999e-01 1.0211693480000000e+03
2.3918616700000001e+02 1.3841289000000000e+01 2.4671999999999999e-01 1.0255669089999999e+03
2.4477724900000001e+02 1.4975410999999999e+01 2.5216000000000000e-01 1.0301121530000000e+03
2.5039345299999999e+02 1.6171582000000001e+01 2.5760000000000000e-01 1.0348038190000000e+03
2.5603557000000001e+02 1.7431011000000002e+01 2.6304000000000000e-01 1.0396404359999999e+03
2.6170438600000000e+02 1.8754829000000001e+01 2.6848000000000000e-01 1.0446203230000001e+03
2.6740067599999998e+02 2.0144083999999999e+01 2.7392000000000000e-01 1.0497415960000001e+03
2.7312520300000000e+02 2.1599734000000002e+01 2.7936000000000000e-01 1.0550021660000000e+03
2.7887871999999999e+02 2.3122651000000001e+01 2.8480000000000000e-01 1.0603997489999999e+03
2.8466196600000001e+02 2.4713612000000001e+01 2.9024000000000000e-01 1.0659318670000000e+03
2.9047566499999999e+02 2.6373303000000000e+01 2.9568000000000000e-01 1.0715958630000000e+03
2.9632052800000002e+02 2.8102311000000000e+01 3.0112000000000000e-01 1.0773889019999999e+03
3.0219724900000000e+02 2.9901130999999999e+01 3.0656000000000000e-01 1.0833079889999999e+03
3.0810650500000003e+02 3.1770160000000001e+01 3.1200000000000000e-01 1.0893499770000001e+03
3.1404895800000003e+02 3.3709701000000003e+01 3.1744000000000000e-01 1.0955115810000000e+03
3.2002524799999998e+02 3.5719963000000000e+01 3.2288000000000000e-01 1.1017893950000000e+03
3.2603599900000000e+02 3.7801067000000003e+01 3.2832000000000000e-01 1.1081799000000001e+03
3.3208181300000001e+02 3.9953043000000001e+01 3.3376000000000000e-01 1.1146794870000001e+03
3.3816327600000000e+02 4.2175835999999997e+01 3.3920000000000000e-01 1.1212844689999999e+03
3.4428095000000002e+02 4.4469312000000002e+01 3.4464000000000000e-01 1.1279910980000000e+03
3.5043537500000002e+02 4.6826622000000000e+01 3.5008000000000000e-01 1.1347766170000000e+03
3.5662428799999998e+02 4.8860765000000001e+01 3.5552000000000000e-01 1.1405424829999999e+03
3.6284317800000002e+02 5.0774172999999998e+01 3.6096000000000000e-01 1.1458831200000000e+03
3.6909058900000002e+02 5.2651671000000000e+01 3.6640000000000000e-01 1.1510450030000000e+03
3.7536577000000000e+02 5.4517816000000003e+01 3.7184000000000000e-01 1.1561000010000000e+03
3.8166824500000001e+02 5.6384672000000002e+01 3.7728000000000000e-01 1.1610834510000000e+03
3.8799768599999999e+02 5.8259359000000003e+01 3.8272000000000000e-01 1.1660161510000000e+03
3.9435385500000001e+02 6.0146532000000001e+01 3.8816000000000001e-01 1.1709116170000000e+03
4.0073657700000001e+02 6.2049444999999999e+01 3.9360000000000001e-01 1.1757792099999999e+03
4.0714525300000003e+02 6.3846459000000003e+01 3.9904000000000001e-01 1.1803137409999999e+03
4.1357730099999998e+02 6.5526465000000002e+01 4.0448000000000001e-01 1.1844948030000000e+03
4.2003193099999999e+02 6.7208303000000001e+01 4.0992000000000001e-01 1.1886244509999999e+03
4.2650896899999998e+02 6.8904858000000004e+01 4.1536000000000001e-01 1.1927353069999999e+03
4.3300835000000001e+02 7.0621185999999994e+01 4.2080000000000001e-01 1.1968399580000000e+03
4.3953005999999999e+02 7.2359982000000002e+01 4.2624000000000001e-01 1.2009449370000000e+03
4.4607411300000001e+02 7.4122916000000004e+01 4.3168000000000001e-01 1.2050541280000000e+03
4.5264053799999999e+02 7.5911118999999999e+01 4.3712000000000001e-01 1.2091700290000001e+03
4.5922937700000000e+02 7.7725401000000005e+01 4.4256000000000001e-01 1.2132943160000000e+03
4.6584067900000002e+02 7.9566368999999995e+01 4.4800000000000001e-01 1.2174281500000000e+03
4.7247449699999999e+02 8.1434489999999997e+01 4.5344000000000001e-01 1.2215723350000001e+03
4.7913089100000002e+02 8.3330132000000006e+01 4.5888000000000001e-01 1.2257274319999999e+03
4.8580991999999998e+02 8.5253587999999993e+01 4.6432000000000001e-01 1.2298938189999999e+03
4.9251164699999998e+02 8.7205095000000000e+01 4.6976000000000001e-01 1.2340717410000000e+03
4.9923613399999999e+02 8.9184844999999996e+01 4.7520000000000001e-01 1.2382613360000000e+03
5.0598344600000001e+02 9.1192992000000004e+01 4.8064000000000001e-01 1.2424626639999999e+03
5.1275364600000000e+02 9.3229662000000005e+01 4.8608000000000001e-01 1.2466757200000000e+03
5.1954679799999997e+02 9.5294955000000002e+01 4.9152000000000001e-01 1.2509004480000001e+03
5.2636296500000003e+02 9.7388948999999997e+01 4.9696000000000001e-01 1.2551367490000000e+03
5.3320221100000003e+02 9.9511703999999995e+01 5.0239999999999996e-01 1.2593844919999999e+03
5.4006459600000005e+02 1.0166326500000000e+02 5.0783999999999996e-01 1.2636435160000001e+03
5.4695018200000004e+02 1.0384365900000000e+02 5.1327999999999996e-01 1.2679136400000000e+03
5.5385902799999997e+02 1.0605290500000000e+02 5.1871999999999996e-01 1.2721946610000000e+03
5.6079119400000002e+02 1.0829100800000001e+02 5.2415999999999996e-01 1.2764863640000001e+03
5.6774673600000006e+02 1.1055796300000000e+02 5.2959999999999996e-01 1.2807885180000001e+03
5.7472571100000005e+02 1.1285375700000000e+02 5.3503999999999996e-01 1.2851008830000001e+03
5.8172817399999997e+02 1.1517836600000000e+02 5.4047999999999996e-01 1.2894232130000000e+03
5.8875417800000002e+02 1.1753176000000001e+02 5.4591999999999996e-01 1.2937552499999999e+03
5.9580377599999997e+02 1.1991390300000000e+02 5.5135999999999996e-01 1.2980967360000000e+03
6.0287701800000002e+02 1.2232475100000001e+02 5.5679999999999996e-01 1.3024474060000000e+03
6.0997395300000005e+02 1.2476425399999999e+02 5.6223999999999996e-01 1.3068069929999999e+03
6.1709463000000005e+02 1.2723235699999999e+02 5.6767999999999996e-01 1.3111752260000001e+03
6.2423909400000002e+02 1.2972900000000001e+02 5.7311999999999996e-01 1.3155518370000000e+03
6.3140738999999996e+02 1.3225411700000001e+02 5.7855999999999996e-01 1.3199365539999999e+03
6.3859956199999999e+02 1.3480764099999999e+02 5.8399999999999996e-01 1.3243291050000000e+03
6.4581565100000000e+02 1.3738949700000001e+02 5.8943999999999996e-01 1.3287292210000001e+03
6.5305569900000000e+02 1.3999960799999999e+02 5.9487999999999996e-01 1.3331366330000001e+03
6.6031974300000002e+02 1.4263789299999999e+02 6.0031999999999996e-01 1.3375510730000001e+03
6.6760782200000006e+02 1.4530427000000000e+02 6.0575999999999997e-01 1.3419722750000001e+03
6.7491997100000003e+02 1.4799865100000000e+02 6.1119999999999997e-01 1.3463999770000000e+03
6.8225622599999997e+02 1.5072094700000000e+02 6.1663999999999997e-01 1.3508339160000000e+03
6.8961661800000002e+02 1.5347106600000001e+02 6.2207999999999997e-01 1.3552738350000000e+03
6.9700118099999997e+02 1.5624891299999999e+02 6.2751999999999997e-01 1.3597194800000000e+03
7.0440994499999999e+02 1.5905439300000000e+02 6.3295999999999997e-01 1.3641705959999999e+03
7.1184293800000000e+02 1.6188740500000000e+02 6.3839999999999997e-01 1.3686269380000001e+03
7.1930018900000005e+02 1.6474785100000000e+02 6.4383999999999997e-01 1.3730882570000001e+03
7.2678172400000005e+02 1.6763562800000000e+02 6.4927999999999997e-01 1.3775543140000000e+03
7.3428756799999996e+02 1.7055063200000001e+02 6.5471999999999997e-01 1.3820248710000001e+03
7.4181774499999995e+02 1.7349275900000001e+02 6.6015999999999997e-01 1.3864996920000001e+03
7.4937227700000005e+02 1.7646190100000001e+02 6.6559999999999997e-01 1.3909785469999999e+03
7.5695118600000001e+02 1.7945795100000001e+02 6.7103999999999997e-01 1.3954612099999999e+03
7.6455449099999998e+02 1.8248080200000001e+02 6.7647999999999997e-01 1.3999474590000000e+03
7.7218221300000005e+02 1.8553034199999999e+02 6.8191999999999997e-01 1.4044370730000001e+03
7.7983436800000004e+02 1.8860646299999999e+02 6.8735999999999997e-01 1.4089298400000000e+03
7.8751097200000004e+02 1.9170905099999999e+02 6.9279999999999997e-01 1.4134255459999999e+03
7.9521204299999999e+02 1.9483799700000000e+02 6.9823999999999997e-01 1.4179239869999999e+03
8.0293759299999999e+02 1.9799318600000001e+02 7.0367999999999997e-01 1.4224249580000001e+03
8.1068763600000000e+02 2.0117450600000001e+02 7.0911999999999997e-01 1.4269282610000000e+03
8.1846218399999998e+02 2.0438184400000000e+02 7.1455999999999997e-01 1.4314337000000000e+03
8.2626124800000002e+02 2.0761508599999999e+02 7.1999999999999997e-01 1.4359410849999999e+03
8.3408483899999999e+02 2.1087411700000001e+02 7.2543999999999997e-01 1.4404502270000000e+03
8.4193296499999997e+02 2.1415882300000001e+02 7.3087999999999997e-01 1.4449609450000000e+03
8.4980563400000005e+02 2.1746908900000000e+02 7.3631999999999997e-01 1.4494730569999999e+03
8.5770285400000000e+02 2.2080480000000000e+02 7.4175999999999997e-01 1.4539863880000000e+03
8.6562463000000002e+02 2.2416584200000000e+02 7.4719999999999998e-01 1.4585007660000001e+03
8.7357096899999999e+02 2.2755210000000000e+02 7.5263999999999998e-01 1.4630160220000000e+03
8.8154187300000001e+02 2.3096345800000000e+02 7.5807999999999998e-01 1.4675319919999999e+03
8.8953734699999995e+02 2.3439980299999999e+02 7.6351999999999998e-01 1.4720485140000001e+03
8.9755739300000005e+02 2.3786101800000000e+02 7.6895999999999998e-01 1.4765654310000000e+03
9.0560201300000006e+02 2.4134698900000001e+02 7.7439999999999998e-01 1.4810825870000001e+03
9.1367120799999998e+02 2.4485760200000001e+02 7.7983999999999998e-01 1.4855998340000001e+03
9.2176497800000004e+02 2.4839274300000000e+02 7.8527999999999998e-01 1.4901170230000000e+03
9.2988332200000002e+02 2.5195229699999999e+02 7.9071999999999998e-01 1.4946340090000001e+03
9.3802623800000003e+02 2.5553614999999999e+02 7.9615999999999998e-01 1.4991506540000000e+03
9.4619372499999997e+02 2.5914418899999998e+02 8.0159999999999998e-01 1.5036668179999999e+03
9.5438577899999996e+02 2.6277630099999999e+02 8.0703999999999998e-01 1.5081823680000000e+03
9.6260239700000000e+02 2.6643237199999999e+02 8.1247999999999998e-01 1.5126971719999999e+03
9.7084357399999999e+02 2.7011229100000003e+02 8.1791999999999998e-01 1.5172111030000001e+03
9.7910930599999995e+02 2.7381594400000000e+02 8.2335999999999998e-01 1.5217240350000000e+03
9.8739958500000000e+02 2.7754322100000002e+02 8.2879999999999998e-01 1.5262358449999999e+03
9.9571440700000005e+02 2.8129400900000002e+02 8.3423999999999998e-01 1.5307464160000000e+03
1.0040537640000000e+03 2.8506819899999999e+02 8.3967999999999998e-01 1.5352556300000001e+03
1.0124176470000000e+03 2.8886567900000000e+02 8.4511999999999998e-01 1.5397633730000000e+03
1.0208060500000000e+03 2.9268633899999998e+02 8.5055999999999998e-01 1.5442695360000000e+03
1.0292189619999999e+03 2.9653007100000002e+02 8.5599999999999998e-01 1.5487740090000000e+03
1.0376563750000000e+03 3.0039676500000002e+02 8.6143999999999998e-01 1.5532766879999999e+03
1.0461182790000000e+03 3.0428631200000001e+02 8.6687999999999998e-01 1.5577774680000000e+03
1.0546046620000000e+03 3.0819860499999999e+02 8.7231999999999998e-01 1.5622762510000000e+03
1.0631155140000001e+03 3.1213353599999999e+02 8.7775999999999998e-01 1.5667729380000001e+03
1.0716508229999999e+03 3.1609099900000001e+02 8.8319999999999999e-01 1.5712674330000000e+03
1.0802105770000001e+03 3.2007088700000003e+02 8.8863999999999999e-01 1.5757596440000000e+03
1.0887947620000000e+03 3.2407309400000003e+02 8.9407999999999999e-01 1.5802494799999999e+03
1.0974033669999999e+03 3.2809751599999998e+02 8.9951999999999999e-01 1.5847368520000000e+03
1.1060363769999999e+03 3.3214404800000000e+02 9.0495999999999999e-01 1.5892216739999999e+03
1.1146937789999999e+03 3.3621258599999999e+02 9.1039999999999999e-01 1.5937038630000000e+03
1.1233755570000001e+03 3.4030302599999999e+02 9.1583999999999999e-01 1.5981833360000001e+03
1.1320816960000000e+03 3.4441526599999997e+02 9.2127999999999999e-01 1.6026600140000000e+03
1.1408121819999999e+03 3.4854920399999997e+02 9.2671999999999999e-01 1.6071338200000000e+03
1.1495669980000000e+03 3.5270473900000002e+02 9.3215999999999999e-01 1.6116046770000000e+03
1.1583461279999999e+03 3.5688176900000002e+02 9.3759999999999999e-01 1.6160725120000000e+03
1.1671495560000001e+03 3.6108019400000001e+02 9.4303999999999999e-01 1.6205372540000001e+03
1.1759772640000001e+03 3.6529991500000000e+02 9.4847999999999999e-01 1.6249988330000001e+03
1.1848292360000000e+03 3.6954083200000002e+02 9.5391999999999999e-01 1.6294571810000000e+03
1.1937054519999999e+03 3.7380284899999998e+02 9.5935999999999999e-01 1.6339122310000000e+03
1.2026058960000000e+03 3.7808586600000001e+02 9.6479999999999999e-01 1.6383639209999999e+03
1.2115305480000000e+03 3.8238978700000001e+02 9.7023999999999999e-01 1.6428121870000000e+03
1.2204793910000001e+03 3.8671451600000000e+02 9.7567999999999999e-01 1.6472569690000000e+03
1.2294524039999999e+03 3.9105995700000000e+02 9.8111999999999999e-01 1.6516982080000000e+03
1.2384495680000000e+03 3.9542601500000001e+02 9.8655999999999999e-01 1.6561358459999999e+03
1.2474708639999999e+03 3.9981259599999998e+02 9.9199999999999999e-01 1.6605698279999999e+03
1.2565162720000001e+03 4.0421960600000000e+02 9.9743999999999999e-01 1.6650000990000001e+03
1.2655857710000000e+03 4.0864695300000000e+02 1.0028800000000000e+00 1.6694266080000000e+03
1.2746793399999999e+03 4.1309454399999998e+02 1.0083200000000001e+00 1.6738493020000001e+03
1.2837969599999999e+03 4.1756228700000003e+02 1.0137600000000000e+00 1.6782681330000000e+03
1.2929386070000000e+03 4.2205009200000001e+02 1.0192000000000001e+00 1.6826830530000000e+03
1.3021042620000001e+03 4.2655786899999998e+02 1.0246400000000000e+00 1.6870940160000000e+03
1.3112939019999999e+03 4.3108552900000001e+02 1.0300800000000001e+00 1.6915009749999999e+03
1.3205075059999999e+03 4.3563298300000002e+02 1.0355200000000000e+00 1.6959038869999999e+03
1.3297450520000000e+03 4.4020014200000003e+02 1.0409600000000001e+00 1.7003027110000000e+03
1.3390065159999999e+03 4.4478692000000001e+02 1.0464000000000000e+00 1.7046974060000000e+03
1.3482918770000001e+03 4.4939323100000001e+02 1.0518400000000001e+00 1.7090879310000000e+03
1.3576011120000001e+03 4.5401898999999997e+02 1.0572800000000000e+00 1.7134742500000000e+03
1.3669341970000000e+03 4.5866411099999999e+02 1.0627200000000001e+00 1.7178563240000001e+03
1.3762911099999999e+03 4.6332850999999999e+02 1.0681600000000000e+00 1.7222341200000001e+03
1.3856718269999999e+03 4.6801210600000002e+02 1.0736000000000001e+00 1.7266076029999999e+03
1.3950763240000001e+03 4.7271481499999999e+02 1.0790400000000000e+00 1.7309767409999999e+03
1.4045045789999999e+03 4.7743655799999999e+02 1.0844800000000001e+00 1.7353415020000000e+03
1.4139565660000001e+03 4.8217725400000000e+02 1.0899200000000000e+00 1.7397018570000000e+03
1.4234322629999999e+03 4.8693682600000000e+02 1.0953599999999999e+00 1.7440577790000000e+03
1.4329316440000000e+03 4.9171519599999999e+02 1.1008000000000000e+00 1.7484092400000000e+03
1.4424546849999999e+03 4.9651228800000001e+02 1.1062399999999999e+00 1.7527562180000000e+03
1.4520013630000001e+03 5.0132803100000001e+02 1.1116800000000000e+00 1.7570986889999999e+03
1.4615716510000000e+03 5.0616235200000000e+02 1.1171199999999999e+00 1.7614366339999999e+03
1.4711655270000001e+03 5.1101518399999998e+02 1.1225600000000000e+00 1.7657700370000000e+03
1.4807829640000000e+03 5.1588646600000004e+02 1.1279999999999999e+00 1.7700988870000001e+03
1.4904239390000000e+03 5.2077614100000005e+02 1.1334400000000000e+00 1.7744231780000000e+03
1.5000884260000000e+03 5.2568416700000000e+02 1.1388799999999999e+00 1.7787429159999999e+03
1.5097764000000000e+03 5.3061053100000004e+02 1.1443200000000000e+00 1.7830581330000000e+03
1.5194878380000000e+03 5.3555533800000001e+02 1.1497599999999999e+00 1.7873689640000000e+03
1.5292227160000000e+03 5.4051864100000000e+02 1.1552000000000000e+00 1.7916754960000001e+03
1.5389810080000000e+03 5.4549966900000004e+02 1.1606399999999999e+00 1.7959771049999999e+03
1.5487626889999999e+03 5.5049834699999997e+02 1.1660800000000000e+00 1.8002737709999999e+03
1.5585677300000000e+03 5.5551460199999997e+02 1.1715199999999999e+00 1.8045654770000001e+03
1.5683961050000000e+03 5.6054836100000000e+02 1.1769600000000000e+00 1.8088522069999999e+03
1.5782477870000000e+03 5.6559955000000002e+02 1.1823999999999999e+00 1.8131339459999999e+03
1.5881227490000001e+03 5.7066809899999998e+02 1.1878400000000000e+00 1.8174106790000001e+03
1.5980209629999999e+03 5.7575393499999996e+02 1.1932799999999999e+00 1.8216823919999999e+03
1.6079424019999999e+03 5.8085698900000000e+02 1.1987200000000000e+00 1.8259490710000000e+03
1.6178870390000000e+03 5.8597718999999995e+02 1.2041599999999999e+00 1.8302107030000000e+03
1.6278548450000001e+03 5.9111446799999999e+02 1.2096000000000000e+00 1.8344672770000000e+03
1.6378457940000001e+03 5.9626875500000006e+02 1.2150399999999999e+00 1.8387187799999999e+03
1.6478598580000000e+03 6.0143998199999999e+02 1.2204800000000000e+00 1.8429652030000000e+03
1.6578970090000000e+03 6.0662808099999995e+02 1.2259199999999999e+00 1.8472065330000000e+03
1.6679572200000000e+03 6.1183298400000001e+02 1.2313600000000000e+00 1.8514427630000000e+03
1.6780404619999999e+03 6.1705462599999998e+02 1.2367999999999999e+00 1.8556738820000000e+03
1.6881467080000000e+03 6.2229293900000005e+02 1.2422400000000000e+00 1.8598998819999999e+03
1.6982759309999999e+03 6.2754785700000002e+02 1.2476799999999999e+00 1.8641207540000000e+03
1.7084281010000000e+03 6.3281931599999996e+02 1.2531200000000000e+00 1.8683364919999999e+03
1.7186031909999999e+03 6.3810725000000002e+02 1.2585599999999999e+00 1.8725470869999999e+03
1.7288011730000001e+03 6.4341159600000003e+02 1.2640000000000000e+00 1.8767525340000000e+03
1.7390220200000001e+03 6.4873228800000004e+02 1.2694399999999999e+00 1.8809528260000000e+03
1.7492657019999999e+03 6.5406926499999997e+02 1.2748800000000000e+00 1.8851479580000000e+03
1.7595321930000000e+03 6.5942246399999999e+02 1.2803199999999999e+00 1.8893379230000000e+03
1.7698214630000000e+03 6.6479182100000003e+02 1.2857600000000000e+00 1.8935227190000001e+03
1.7801334850000001e+03 6.7017727500000001e+02 1.2911999999999999e+00 1.8977023389999999e+03
1.7904682299999999e+03 6.7557876499999998e+02 1.2966400000000000e+00 1.9018767809999999e+03
1.8008256710000001e+03 6.8099622999999997e+02 1.3020799999999999e+00 1.9060460399999999e+03
1.8112057789999999e+03 6.8642960900000003e+02 1.3075200000000000e+00 1.9102101140000000e+03
1.8216085260000000e+03 6.9187884299999996e+02 1.3129599999999999e+00 1.9143689990000000e+03
1.8320338830000001e+03 6.9734387100000004e+02 1.3184000000000000e+00 1.9185226940000000e+03
1.8424818230000001e+03 7.0282463499999994e+02 1.3238399999999999e+00 1.9226711969999999e+03
1.8529523170000000e+03 7.0832107599999995e+02 1.3292800000000000e+00 1.9268145050000001e+03
1.8634453370000001e+03 7.1383313599999997e+02 1.3347199999999999e+00 1.9309526180000000e+03
1.8739608539999999e+03 7.1936075800000003e+02 1.3401600000000000e+00 1.9350855349999999e+03
1.8844988410000001e+03 7.2490388199999995e+02 1.3455999999999999e+00 1.9392132549999999e+03
1.8950592690000001e+03 7.3046245399999998e+02 1.3510400000000000e+00 1.9433357770000000e+03
1.9056421089999999e+03 7.3603641600000003e+02 1.3564799999999999e+00 1.9474531030000001e+03
1.9162473339999999e+03 7.4162571300000002e+02 1.3619200000000000e+00 1.9515652310000000e+03
1.9268749160000000e+03 7.4723028799999997e+02 1.3673599999999999e+00 1.9556721630000000e+03
1.9375248250000000e+03 7.5285008600000003e+02 1.3728000000000000e+00 1.9597738999999999e+03
1.9481970340000000e+03 7.5848505200000000e+02 1.3782399999999999e+00 1.9638704430000000e+03
1.9588915150000000e+03 7.6413513300000000e+02 1.3836800000000000e+00 1.9679617929999999e+03
1.9696082380000000e+03 7.6980027299999995e+02 1.3891199999999999e+00 1.9720479519999999e+03
1.9803471770000001e+03 7.7548041999999998e+02 1.3945600000000000e+00 1.9761289220000001e+03
1.9911083030000000e+03 7.8117551900000001e+02 1.3999999999999999e+00 1.9802047060000000e+03
