# epsilon[MeV/fm^3] P[MeV/fm^3] nB[fm^-3] muB[MeV]
3.7864162000000000e+01 1.6120200000000001e-01 4.0000000000000001e-02 9.5063590799999997e+02
4.3038117999999997e+01 2.0065800000000000e-01 4.5440000000000001e-02 9.5155936999999994e+02
4.8217013000000001e+01 2.4375700000000000e-01 5.0880000000000002e-02 9.5245403299999998e+02
5.3400703000000000e+01 2.9046600000000000e-01 5.6320000000000002e-02 9.5332510500000001e+02
5.8589077000000003e+01 3.4090900000000002e-01 6.1760000000000002e-02 9.5417901400000005e+02
6.3782060999999999e+01 3.9538400000000001e-01 6.7199999999999996e-02 9.5502328199999999e+02
6.8979624000000001e+01 4.5437400000000000e-01 7.2639999999999996e-02 9.5586629000000005e+02
7.4181785000000005e+01 5.1854100000000003e-01 7.8079999999999997e-02 9.5671701599999994e+02
7.9388610000000000e+01 5.8872599999999997e-01 8.3519999999999997e-02 9.5758480599999996e+02
8.4600217000000001e+01 6.6593300000000000e-01 8.8959999999999997e-02 9.5847915999999998e+02
8.9816777000000002e+01 7.5132200000000005e-01 9.4399999999999998e-02 9.5940957600000002e+02
9.5038511000000000e+01 8.4619500000000003e-01 9.9839999999999998e-02 9.6038541999999995e+02
1.0026566699999999e+02 9.5001599999999997e-01 1.0528000000000000e-01 9.6139690800000005e+02
1.0549836100000000e+02 1.0618870000000000e+00 1.1072000000000000e-01 9.6243171900000004e+02
1.1073682500000000e+02 1.1859869999999999e+00 1.1616000000000000e-01 9.6352457100000004e+02
1.1598142300000001e+02 1.3248059999999999e+00 1.2160000000000000e-01 9.6469111299999997e+02
1.2123258600000000e+02 1.4805480000000000e+00 1.2703999999999999e-01 9.6594264299999998e+02
1.2649080300000000e+02 1.6553359999999999e+00 1.3247999999999999e-01 9.6728839700000003e+02
1.3175660900000000e+02 1.8512630000000001e+00 1.3791999999999999e-01 9.6873628799999994e+02
1.3703057699999999e+02 2.0704170000000000e+00 1.4335999999999999e-01 9.7029324399999996e+02
1.4231332000000000e+02 2.3148770000000001e+00 1.4879999999999999e-01 9.7196539299999995e+02
1.4760547700000001e+02 2.5867230000000001e+00 1.5423999999999999e-01 9.7375818600000002e+02
1.5290772000000001e+02 2.8880279999999998e+00 1.5967999999999999e-01 9.7567647399999998e+02
1.5822074200000000e+02 3.2208570000000001e+00 1.6511999999999999e-01 9.7772456299999999e+02
1.6354526100000001e+02 3.5872620000000000e+00 1.7055999999999999e-01 9.7990626699999996e+02
1.6888201300000000e+02 3.9892780000000001e+00 1.7599999999999999e-01 9.8222493999999995e+02
1.7423175200000000e+02 4.4289170000000002e+00 1.8143999999999999e-01 9.8468350799999996e+02
1.7959524500000001e+02 4.9081650000000003e+00 1.8687999999999999e-01 9.8728449400000000e+02
1.8497327300000001e+02 5.4289800000000001e+00 1.9231999999999999e-01 9.9003004499999997e+02
1.9036662899999999e+02 5.9932829999999999e+00 1.9775999999999999e-01 9.9292195100000004e+02
1.9577611200000001e+02 6.6029559999999998e+00 2.0319999999999999e-01 9.9596166600000004e+02
2.0120253000000000e+02 7.2598419999999999e+00 2.0863999999999999e-01 9.9915032399999996e+02
2.0664669599999999e+02 7.9657359999999997e+00 2.1407999999999999e-01 1.0024887540000000e+03
2.1210942700000001e+02 8.7223849999999992e+00 2.1951999999999999e-01 1.0059775010000000e+03
2.1759154100000001e+02 9.5314840000000007e+00 2.2495999999999999e-01 1.0096168350000000e+03
2.2309385700000001e+02 1.0394672999999999e+01 2.3039999999999999e-01 1.0134067640000000e+03
2.2861719600000001e+02 1.1313535000000000e+01 2.3583999999999999e-01 1.0173470500000000e+03
2.3416237400000000e+02 1.2289592000000001e+01 2.4127999999999999e-01 1.0214372180000000e+03
2.3973020399999999e+02 1.3324303000000000e+01 2.4671999999999999e-01 1.0256765680000001e+03
2.4532149600000000e+02 1.4419063000000000e+01 2.5216000000000000e-01 1.0300641830000000e+03
2.5093705499999999e+02 1.5575199000000000e+01 2.5760000000000000e-01 1.0345989450000000e+03
2.5657767600000000e+02 1.6793968000000000e+01 2.6304000000000000e-01 1.0392795369999999e+03
2.6224415099999999e+02 1.8076560000000001e+01 2.6848000000000000e-01 1.0441044589999999e+03
2.6793725999999998e+02 1.9424088000000001e+01 2.7392000000000000e-01 1.0490720340000000e+03
2.7365777400000002e+02 2.0837593999999999e+01 2.7936000000000000e-01 1.0541804179999999e+03
2.7940645400000000e+02 2.2318045999999999e+01 2.8480000000000000e-01 1.0594276100000000e+03
2.8518405000000001e+02 2.3866336000000000e+01 2.9024000000000000e-01 1.0648114639999999e+03
2.9099129900000003e+02 2.5483281999999999e+01 2.9568000000000000e-01 1.0703296929999999e+03
2.9682892600000002e+02 2.7169623000000001e+01 3.0112000000000000e-01 1.0759798850000000e+03
3.0269764300000003e+02 2.8926029000000000e+01 3.0656000000000000e-01 1.0817595100000001e+03
3.0859814699999998e+02 3.0753088999999999e+01 3.1200000000000000e-01 1.0876659290000000e+03
3.1453111999999999e+02 3.2651324000000002e+01 3.1744000000000000e-01 1.0936964089999999e+03
3.2049723000000000e+02 3.4621180000000003e+01 3.2288000000000000e-01 1.0998481290000000e+03
3.2649712899999997e+02 3.6663032000000001e+01 3.2832000000000000e-01 1.1061181939999999e+03
3.3253145200000000e+02 3.8777189000000000e+01 3.3376000000000000e-01 1.1125036439999999e+03
3.3860082000000000e+02 4.0963889999999999e+01 3.3920000000000000e-01 1.1190014619999999e+03
3.4470583599999998e+02 4.3223312000000000e+01 3.4464000000000000e-01 1.1256085900000000e+03
3.5084708599999999e+02 4.5555570000000003e+01 3.5008000000000000e-01 1.1323219349999999e+03
3.5702330799999999e+02 4.7649822999999998e+01 3.5552000000000000e-01 1.1382587430000001e+03
3.6323001900000003e+02 4.9590519999999998e+01 3.6096000000000000e-01 1.1436756590000000e+03
3.6946566400000000e+02 5.1495859000000003e+01 3.6640000000000000e-01 1.1489141870000001e+03
3.7572950700000001e+02 5.3391995999999999e+01 3.7184000000000000e-01 1.1540505260000000e+03
3.8202110099999999e+02 5.5291289999999996e+01 3.7728000000000000e-01 1.1591206660000000e+03
3.8834014600000000e+02 5.7200902999999997e+01 3.8272000000000000e-01 1.1641453610000001e+03
3.9468643400000002e+02 5.9125467999999998e+01 3.8816000000000001e-01 1.1691379199999999e+03
4.0105981600000001e+02 6.1068201999999999e+01 3.9360000000000001e-01 1.1741074690000000e+03
4.0746018400000003e+02 6.3026049000000000e+01 3.9904000000000001e-01 1.1790470240000000e+03
4.1388588299999998e+02 6.4768825000000007e+01 4.0448000000000001e-01 1.1833846120000001e+03
4.2033473400000003e+02 6.6483328000000000e+01 4.0992000000000001e-01 1.1875945819999999e+03
4.2680637899999999e+02 6.8206565999999995e+01 4.1536000000000001e-01 1.1917701830000001e+03
4.3330070100000000e+02 6.9947315000000003e+01 4.2080000000000001e-01 1.1959333260000001e+03
4.3981766099999999e+02 7.1709648000000001e+01 4.2624000000000001e-01 1.2000939490000001e+03
4.4635726199999999e+02 7.3495913000000002e+01 4.3168000000000001e-01 1.2042575979999999e+03
4.5291953100000001e+02 7.5307642999999999e+01 4.3712000000000001e-01 1.2084277239999999e+03
4.5950450799999999e+02 7.7145915000000002e+01 4.4256000000000001e-01 1.2126066180000000e+03
4.6611224600000003e+02 7.9011532000000003e+01 4.4800000000000001e-01 1.2167958679999999e+03
4.7274280599999997e+02 8.0905113000000000e+01 4.5344000000000001e-01 1.2209966010000001e+03
4.7939625100000001e+02 8.2827157000000000e+01 4.5888000000000001e-01 1.2252096329999999e+03
4.8607265100000001e+02 8.4778069000000002e+01 4.6432000000000001e-01 1.2294355550000000e+03
4.9277207600000003e+02 8.6758188000000004e+01 4.6976000000000001e-01 1.2336747920000000e+03
4.9949459999999999e+02 8.8767802000000003e+01 4.7520000000000001e-01 1.2379276460000001e+03
5.0624029800000000e+02 9.0807156000000006e+01 4.8064000000000001e-01 1.2421943229999999e+03
5.1300924599999996e+02 9.2876464999999996e+01 4.8608000000000001e-01 1.2464749520000000e+03
5.1980151799999999e+02 9.4975915000000001e+01 4.9152000000000001e-01 1.2507696050000000e+03
5.2661719300000004e+02 9.7105667999999994e+01 4.9696000000000001e-01 1.2550783019999999e+03
5.3345634600000005e+02 9.9265868999999995e+01 5.0239999999999996e-01 1.2594010260000000e+03
5.4031905300000005e+02 1.0145664400000000e+02 5.0783999999999996e-01 1.2637377280000001e+03
5.4720539099999996e+02 1.0367810700000000e+02 5.1327999999999996e-01 1.2680883289999999e+03
5.5411543400000005e+02 1.0593035800000000e+02 5.1871999999999996e-01 1.2724527310000001e+03
5.6104925800000001e+02 1.0821348399999999e+02 5.2415999999999996e-01 1.2768308150000000e+03
5.6800693600000000e+02 1.1052756500000000e+02 5.2959999999999996e-01 1.2812224470000001e+03
5.7498854200000005e+02 1.1287266800000000e+02 5.3503999999999996e-01 1.2856274800000001e+03
5.8199414899999999e+02 1.1524885600000000e+02 5.4047999999999996e-01 1.2900457550000001e+03
5.8902382699999998e+02 1.1765617899999999e+02 5.4591999999999996e-01 1.2944771049999999e+03
5.9607764799999995e+02 1.2009468500000000e+02 5.5135999999999996e-01 1.2989213530000000e+03
6.0315568099999996e+02 1.2256441200000000e+02 5.5679999999999996e-01 1.3033783180000000e+03
6.1025799500000005e+02 1.2506539400000000e+02 5.6223999999999996e-01 1.3078478100000000e+03
6.1738465799999994e+02 1.2759765800000000e+02 5.6767999999999996e-01 1.3123296379999999e+03
6.2453573600000004e+02 1.3016122600000000e+02 5.7311999999999996e-01 1.3168236039999999e+03
6.3171129399999995e+02 1.3275611599999999e+02 5.7855999999999996e-01 1.3213295109999999e+03
6.3891139799999996e+02 1.3538233900000000e+02 5.8399999999999996e-01 1.3258471560000000e+03
6.4613611000000003e+02 1.3803990600000000e+02 5.8943999999999996e-01 1.3303763340000000e+03
6.5338549300000000e+02 1.4072881799999999e+02 5.9487999999999996e-01 1.3349168430000000e+03
6.6065960700000005e+02 1.4344907799999999e+02 6.0031999999999996e-01 1.3394684749999999e+03
6.6795851300000004e+02 1.4620068100000000e+02 6.0575999999999997e-01 1.3440310250000000e+03
6.7528226900000004e+02 1.4898362100000000e+02 6.1119999999999997e-01 1.3486042860000000e+03
6.8263093400000002e+02 1.5179788700000000e+02 6.1663999999999997e-01 1.3531880520000000e+03
6.9000456299999996e+02 1.5464346699999999e+02 6.2207999999999997e-01 1.3577821170000000e+03
6.9740321300000005e+02 1.5752034499999999e+02 6.2751999999999997e-01 1.3623862770000001e+03
7.0482693700000004e+02 1.6042850100000001e+02 6.3295999999999997e-01 1.3670003260000001e+03
7.1227578900000003e+02 1.6336791400000001e+02 6.3839999999999997e-01 1.3716240630000000e+03
7.1974982100000000e+02 1.6633856000000000e+02 6.4383999999999997e-01 1.3762572840000000e+03
7.2724908400000004e+02 1.6934041300000001e+02 6.4927999999999997e-01 1.3808997899999999e+03
7.3477362800000003e+02 1.7237344400000001e+02 6.5471999999999997e-01 1.3855513820000001e+03
7.4232350199999996e+02 1.7543762300000000e+02 6.6015999999999997e-01 1.3902118630000000e+03
7.4989875300000006e+02 1.7853291600000000e+02 6.6559999999999997e-01 1.3948810380000000e+03
7.5749942899999996e+02 1.8165929000000000e+02 6.7103999999999997e-01 1.3995587129999999e+03
7.6512557600000002e+02 1.8481670700000001e+02 6.7647999999999997e-01 1.4042446960000000e+03
7.7277723700000001e+02 1.8800512900000001e+02 6.8191999999999997e-01 1.4089387979999999e+03
7.8045445700000005e+02 1.9122451699999999e+02 6.8735999999999997e-01 1.4136408329999999e+03
7.8815727800000002e+02 1.9447482800000000e+02 6.9279999999999997e-01 1.4183506150000001e+03
7.9588574200000005e+02 1.9775602100000000e+02 6.9823999999999997e-01 1.4230679600000001e+03
8.0363988900000004e+02 2.0106805000000000e+02 7.0367999999999997e-01 1.4277926900000000e+03
8.1141975900000000e+02 2.0441087099999999e+02 7.0911999999999997e-01 1.4325246239999999e+03
8.1922539200000006e+02 2.0778443600000000e+02 7.1455999999999997e-01 1.4372635880000000e+03
8.2705682400000001e+02 2.1118869699999999e+02 7.1999999999999997e-01 1.4420094070000000e+03
8.3491409199999998e+02 2.1462360600000000e+02 7.2543999999999997e-01 1.4467619099999999e+03
8.4279723300000001e+02 2.1808911100000000e+02 7.3087999999999997e-01 1.4515209290000000e+03
8.5070628099999999e+02 2.2158516200000000e+02 7.3631999999999997e-01 1.4562862970000001e+03
8.5864127099999996e+02 2.2511170600000000e+02 7.4175999999999997e-01 1.4610578490000000e+03
8.6660223499999995e+02 2.2866869100000000e+02 7.4719999999999998e-01 1.4658354250000000e+03
8.7458920599999999e+02 2.3225606199999999e+02 7.5263999999999998e-01 1.4706188649999999e+03
8.8260221600000000e+02 2.3587376399999999e+02 7.5807999999999998e-01 1.4754080120000001e+03
8.9064129400000002e+02 2.3952174299999999e+02 7.6351999999999998e-01 1.4802027109999999e+03
8.9870647199999996e+02 2.4319994199999999e+02 7.6895999999999998e-01 1.4850028100000000e+03
9.0679777700000000e+02 2.4690830500000001e+02 7.7439999999999998e-01 1.4898081600000000e+03
9.1491523800000004e+02 2.5064677300000000e+02 7.7983999999999998e-01 1.4946186130000001e+03
9.2305888300000004e+02 2.5441528900000000e+02 7.8527999999999998e-01 1.4994340239999999e+03
9.3122873700000002e+02 2.5821379400000001e+02 7.9071999999999998e-01 1.5042542510000001e+03
9.3942482700000005e+02 2.6204223000000002e+02 7.9615999999999998e-01 1.5090791529999999e+03
9.4764717800000005e+02 2.6590053699999999e+02 8.0159999999999998e-01 1.5139085909999999e+03
9.5589581399999997e+02 2.6978865500000001e+02 8.0703999999999998e-01 1.5187424309999999e+03
9.6417075899999998e+02 2.7370652300000000e+02 8.1247999999999998e-01 1.5235805379999999e+03
9.7247203500000001e+02 2.7765408200000002e+02 8.1791999999999998e-01 1.5284227810000000e+03
9.8079966400000001e+02 2.8163126999999997e+02 8.2335999999999998e-01 1.5332690310000000e+03
9.8915366900000004e+02 2.8563802600000002e+02 8.2879999999999998e-01 1.5381191620000000e+03
9.9753406900000004e+02 2.8967428899999999e+02 8.3423999999999998e-01 1.5429730480000001e+03
1.0059408860000000e+03 2.9373999600000002e+02 8.3967999999999998e-01 1.5478305670000000e+03
1.0143741380000000e+03 2.9783508699999999e+02 8.4511999999999998e-01 1.5526915990000000e+03
1.0228338430000000e+03 3.0195949800000000e+02 8.5055999999999998e-01 1.5575560250000001e+03
1.0313200220000001e+03 3.0611316900000003e+02 8.5599999999999998e-01 1.5624237290000001e+03
1.0398326900000000e+03 3.1029603600000002e+02 8.6143999999999998e-01 1.5672945980000000e+03
1.0483718640000000e+03 3.1450803800000000e+02 8.6687999999999998e-01 1.5721685199999999e+03
1.0569375620000001e+03 3.1874911200000003e+02 8.7231999999999998e-01 1.5770453829999999e+03
1.0655297980000000e+03 3.2301919500000002e+02 8.7775999999999998e-01 1.5819250820000000e+03
1.0741485880000000e+03 3.2731822699999998e+02 8.8319999999999999e-01 1.5868075110000000e+03
1.0827939460000000e+03 3.3164614399999999e+02 8.8863999999999999e-01 1.5916925639999999e+03
1.0914658870000001e+03 3.3600288499999999e+02 8.9407999999999999e-01 1.5965801429999999e+03
1.1001644240000001e+03 3.4038838900000002e+02 8.9951999999999999e-01 1.6014701450000000e+03
1.1088895689999999e+03 3.4480259300000000e+02 9.0495999999999999e-01 1.6063624760000000e+03
1.1176413359999999e+03 3.4924543599999998e+02 9.1039999999999999e-01 1.6112570380000000e+03
1.1264197349999999e+03 3.5371685900000000e+02 9.1583999999999999e-01 1.6161537400000000e+03
1.1352247789999999e+03 3.5821680099999998e+02 9.2127999999999999e-01 1.6210524909999999e+03
1.1440564790000001e+03 3.6274520200000001e+02 9.2671999999999999e-01 1.6259532010000000e+03
1.1529148439999999e+03 3.6730200300000001e+02 9.3215999999999999e-01 1.6308557850000000e+03
1.1617998840000000e+03 3.7188714800000002e+02 9.3759999999999999e-01 1.6357601589999999e+03
1.1707116100000001e+03 3.7650057800000002e+02 9.4303999999999999e-01 1.6406662429999999e+03
1.1796500300000000e+03 3.8114224000000002e+02 9.4847999999999999e-01 1.6455739570000001e+03
1.1886151530000000e+03 3.8581207799999999e+02 9.5391999999999999e-01 1.6504832269999999e+03
1.1976069880000000e+03 3.9051004300000000e+02 9.5935999999999999e-01 1.6553939820000001e+03
1.2066255410000001e+03 3.9523608400000001e+02 9.6479999999999999e-01 1.6603061540000001e+03
1.2156708209999999e+03 3.9999015800000001e+02 9.7023999999999999e-01 1.6652196810000000e+03
1.2247428350000000e+03 4.0477222399999999e+02 9.7567999999999999e-01 1.6701345060000001e+03
1.2338415890000001e+03 4.0958224999999999e+02 9.8111999999999999e-01 1.6750505820000001e+03
1.2429670910000000e+03 4.1442021299999999e+02 9.8655999999999999e-01 1.6799678719999999e+03
1.2521193470000001e+03 4.1928610900000001e+02 9.9199999999999999e-01 1.6848863590000001e+03
1.2612983630000001e+03 4.2417996499999998e+02 9.9743999999999999e-01 1.6898060550000000e+03
1.2705041470000001e+03 4.2910187600000000e+02 1.0028800000000000e+00 1.6947270450000001e+03
1.2797367059999999e+03 4.3405221799999998e+02 1.0083200000000001e+00 1.6996496860000000e+03
1.2889960500000000e+03 4.3903135099999997e+02 1.0137600000000000e+00 1.7045743179999999e+03
1.2982821859999999e+03 4.4403742999999997e+02 1.0192000000000001e+00 1.7094991050000001e+03
1.3075951130000001e+03 4.4907037200000002e+02 1.0246400000000000e+00 1.7144239630000000e+03
1.3169348330000000e+03 4.5413010900000000e+02 1.0300800000000001e+00 1.7193488250000000e+03
1.3263013440000000e+03 4.5921657199999999e+02 1.0355200000000000e+00 1.7242736250000000e+03
1.3356946459999999e+03 4.6432969600000001e+02 1.0409600000000001e+00 1.7291983000000000e+03
1.3451147390000001e+03 4.6946941199999998e+02 1.0464000000000000e+00 1.7341227859999999e+03
1.3545616199999999e+03 4.7463565399999999e+02 1.0518400000000001e+00 1.7390470210000001e+03
1.3640352900000000e+03 4.7982835499999999e+02 1.0572800000000000e+00 1.7439709459999999e+03
1.3735357449999999e+03 4.8504744899999997e+02 1.0627200000000001e+00 1.7488945000000001e+03
1.3830629839999999e+03 4.9029286999999999e+02 1.0681600000000000e+00 1.7538176260000000e+03
1.3926170040000000e+03 4.9556455199999999e+02 1.0736000000000001e+00 1.7587402660000000e+03
1.4021978019999999e+03 5.0086243000000002e+02 1.0790400000000000e+00 1.7636623649999999e+03
1.4118053749999999e+03 5.0618643700000001e+02 1.0844800000000001e+00 1.7685838670000001e+03
1.4214397210000000e+03 5.1153651100000002e+02 1.0899200000000000e+00 1.7735047179999999e+03
1.4311008340000001e+03 5.1691258400000004e+02 1.0953599999999999e+00 1.7784248660000001e+03
1.4407887109999999e+03 5.2231459400000006e+02 1.1008000000000000e+00 1.7833442600000001e+03
1.4505033490000001e+03 5.2774247500000001e+02 1.1062399999999999e+00 1.7882628470000000e+03
1.4602447410000000e+03 5.3319616399999995e+02 1.1116800000000000e+00 1.7931805800000000e+03
1.4700128850000001e+03 5.3867559800000004e+02 1.1171199999999999e+00 1.7980974080000001e+03
1.4798077730000000e+03 5.4418071199999997e+02 1.1225600000000000e+00 1.8030132830000000e+03
1.4896294020000000e+03 5.4971144300000003e+02 1.1279999999999999e+00 1.8079281599999999e+03
1.4994777660000000e+03 5.5526772900000003e+02 1.1334400000000000e+00 1.8128419910000000e+03
1.5093528580000000e+03 5.6084950700000002e+02 1.1388799999999999e+00 1.8177547330000000e+03
1.5192546740000000e+03 5.6645671500000003e+02 1.1443200000000000e+00 1.8226663390000001e+03
1.5291832050000000e+03 5.7208929000000001e+02 1.1497599999999999e+00 1.8275767679999999e+03
1.5391384470000000e+03 5.7774717099999998e+02 1.1552000000000000e+00 1.8324859759999999e+03
1.5491203920000000e+03 5.8343029600000000e+02 1.1606399999999999e+00 1.8373939230000001e+03
1.5591290329999999e+03 5.8913860299999999e+02 1.1660800000000000e+00 1.8423005650000000e+03
1.5691643630000001e+03 5.9487203199999999e+02 1.1715199999999999e+00 1.8472058649999999e+03
1.5792263740000001e+03 6.0063052200000004e+02 1.1769600000000000e+00 1.8521097820000000e+03
1.5893150599999999e+03 6.0641401199999996e+02 1.1823999999999999e+00 1.8570122779999999e+03
1.5994304110000000e+03 6.1222244100000000e+02 1.1878400000000000e+00 1.8619133150000000e+03
1.6095724210000001e+03 6.1805575099999999e+02 1.1932799999999999e+00 1.8668128549999999e+03
1.6197410800000000e+03 6.2391388099999995e+02 1.1987200000000000e+00 1.8717108639999999e+03
1.6299363810000000e+03 6.2979677100000004e+02 1.2041599999999999e+00 1.8766073040000001e+03
1.6401583149999999e+03 6.3570436299999994e+02 1.2096000000000000e+00 1.8815021400000001e+03
1.6504068720000000e+03 6.4163659700000005e+02 1.2150399999999999e+00 1.8863953389999999e+03
1.6606820450000000e+03 6.4759341400000005e+02 1.2204800000000000e+00 1.8912868670000000e+03
1.6709837620000001e+03 6.5352733599999999e+02 1.2259199999999999e+00 1.8961379600000000e+03
1.6813116889999999e+03 6.5941891699999996e+02 1.2313600000000000e+00 1.9009330890000001e+03
1.6916656310000001e+03 6.6530630900000006e+02 1.2367999999999999e+00 1.9057036830000000e+03
1.7020454769999999e+03 6.7119855500000006e+02 1.2422400000000000e+00 1.9104572550000000e+03
1.7124511460000001e+03 6.7710009800000000e+02 1.2476799999999999e+00 1.9151975219999999e+03
1.7228825710000001e+03 6.8301362800000004e+02 1.2531200000000000e+00 1.9199267540000001e+03
1.7333396980000000e+03 6.8894096100000002e+02 1.2585599999999999e+00 1.9246464900000001e+03
1.7438224780000000e+03 6.9488340400000004e+02 1.2640000000000000e+00 1.9293578500000001e+03
1.7543308669999999e+03 7.0084194300000001e+02 1.2694399999999999e+00 1.9340616820000000e+03
1.7648648270000001e+03 7.0681734300000005e+02 1.2748800000000000e+00 1.9387586560000000e+03
1.7754243210000000e+03 7.1281021999999996e+02 1.2803199999999999e+00 1.9434493090000001e+03
1.7860093159999999e+03 7.1882107199999996e+02 1.2857600000000000e+00 1.9481340840000000e+03
1.7966197820000000e+03 7.2485031400000003e+02 1.2911999999999999e+00 1.9528133530000000e+03
1.8072556900000000e+03 7.3089829299999997e+02 1.2966400000000000e+00 1.9574874290000000e+03
1.8179170110000000e+03 7.3696530299999995e+02 1.3020799999999999e+00 1.9621565830000000e+03
1.8286037210000000e+03 7.4305159500000002e+02 1.3075200000000000e+00 1.9668210489999999e+03
1.8393157930000000e+03 7.4915738599999997e+02 1.3129599999999999e+00 1.9714810310000000e+03
1.8500532029999999e+03 7.5528286500000002e+02 1.3184000000000000e+00 1.9761367090000001e+03
1.8608159300000000e+03 7.6142819499999996e+02 1.3238399999999999e+00 1.9807882420000001e+03
1.8716039510000001e+03 7.6759352000000001e+02 1.3292800000000000e+00 1.9854357729999999e+03
1.8824172440000000e+03 7.7377896499999997e+02 1.3347199999999999e+00 1.9900794300000000e+03
1.8932557879999999e+03 7.7998464400000000e+02 1.3401600000000000e+00 1.9947193259999999e+03
1.9041195640000001e+03 7.8621065299999998e+02 1.3455999999999999e+00 1.9993555660000000e+03
1.9150085520000000e+03 7.9245707900000002e+02 1.3510400000000000e+00 2.0039882439999999e+03
1.9259227320000000e+03 7.9872400100000004e+02 1.3564799999999999e+00 2.0086174460000000e+03
1.9368620860000001e+03 8.0501148599999999e+02 1.3619200000000000e+00 2.0132432490000001e+03
1.9478265960000001e+03 8.1131959600000005e+02 1.3673599999999999e+00 2.0178657250000001e+03
1.9588162440000001e+03 8.1764838399999996e+02 1.3728000000000000e+00 2.0224849400000001e+03
1.9698310110000000e+03 8.2399789799999996e+02 1.3782399999999999e+00 2.0271009560000000e+03
1.9808708819999999e+03 8.3036818100000005e+02 1.3836800000000000e+00 2.0317138270000000e+03
1.9919358380000001e+03 8.3675927000000001e+02 1.3891199999999999e+00 2.0363236050000000e+03
2.0030258640000000e+03 8.4317119800000000e+02 1.3945600000000000e+00 2.0409303390000000e+03
2.0141409420000000e+03 8.4960399500000005e+02 1.3999999999999999e+00 2.0455340719999999e+03
