# epsilon[MeV/fm^3] P[MeV/fm^3] nB[fm^-3] muB[MeV]
3.7934849000000000e+01 1.8511700000000000e-01 4.0000000000000001e-02 9.5300095499999998e+02
4.3121084000000003e+01 2.1454200000000001e-01 4.5440000000000001e-02 9.5369075299999997e+02
4.8310712000000002e+01 2.4166499999999999e-01 5.0880000000000002e-02 9.5425447199999996e+02
5.3503118999999998e+01 2.6655200000000001e-01 5.6320000000000002e-02 9.5471895099999995e+02
5.8697839999999999e+01 2.8973100000000002e-01 6.1760000000000002e-02 9.5511139600000001e+02
6.3894554999999997e+01 3.1213700000000000e-01 6.7199999999999996e-02 9.5545848500000000e+02
6.9093086000000000e+01 3.3506399999999997e-01 7.2639999999999996e-02 9.5578576099999998e+02
7.4293392999999995e+01 3.6010599999999998e-01 7.8079999999999997e-02 9.5611724900000002e+02
7.9495559000000000e+01 3.8910800000000001e-01 8.3519999999999997e-02 9.5647524099999998e+02
8.4699785000000006e+01 4.2412400000000000e-01 8.8959999999999997e-02 9.5688019799999995e+02
8.9906378000000004e+01 4.6736899999999998e-01 9.4399999999999998e-02 9.5735072700000001e+02
9.5115719999999996e+01 5.1976699999999998e-01 9.9839999999999998e-02 9.5788919999999996e+02
1.0032815600000001e+02 5.8233100000000004e-01 1.0528000000000000e-01 9.5849797100000001e+02
1.0554416600000000e+02 6.5932900000000005e-01 1.1072000000000000e-01 9.5920956500000000e+02
1.1076435900000000e+02 7.5376600000000005e-01 1.1616000000000000e-01 9.6004064800000003e+02
1.1598941900000000e+02 8.6838599999999999e-01 1.2160000000000000e-01 9.6100336900000002e+02
1.2122008900000000e+02 1.0058039999999999e+00 1.2703999999999999e-01 9.6210725600000001e+02
1.2645715800000001e+02 1.1685440000000000e+00 1.3247999999999999e-01 9.6335993499999995e+02
1.3170145299999999e+02 1.3590530000000001e+00 1.3791999999999999e-01 9.6476752099999999e+02
1.3695383100000001e+02 1.5796990000000000e+00 1.4335999999999999e-01 9.6633488599999998e+02
1.4221517200000000e+02 1.8327810000000000e+00 1.4879999999999999e-01 9.6806586300000004e+02
1.4748637400000001e+02 2.1205259999999999e+00 1.5423999999999999e-01 9.6996340599999996e+02
1.5276835000000000e+02 2.4450919999999998e+00 1.5967999999999999e-01 9.7202972100000000e+02
1.5806202200000001e+02 2.8085719999999998e+00 1.6511999999999999e-01 9.7426638900000000e+02
1.6336832000000001e+02 3.2129930000000000e+00 1.7055999999999999e-01 9.7667445199999997e+02
1.6868817999999999e+02 3.6603230000000000e+00 1.7599999999999999e-01 9.7925450200000000e+02
1.7402253700000000e+02 4.1524679999999998e+00 1.8143999999999999e-01 9.8200674100000003e+02
1.7937232800000001e+02 4.6912789999999998e+00 1.8687999999999999e-01 9.8493104100000005e+02
1.8473848799999999e+02 5.2785460000000004e+00 1.9231999999999999e-01 9.8802698099999998e+02
1.9012195000000000e+02 5.9160029999999999e+00 1.9775999999999999e-01 9.9129387999999994e+02
1.9552364200000000e+02 6.6053280000000001e+00 2.0319999999999999e-01 9.9473081900000000e+02
2.0094448499999999e+02 7.3481339999999999e+00 2.0863999999999999e-01 9.9833666100000005e+02
2.0638539599999999e+02 8.1459740000000007e+00 2.1407999999999999e-01 1.0021100520000000e+03
2.1184728200000001e+02 9.0003299999999999e+00 2.1951999999999999e-01 1.0060494330000000e+03
2.1733104200000000e+02 9.9126169999999991e+00 2.2495999999999999e-01 1.0101530370000000e+03
2.2283756399999999e+02 1.0884172000000000e+01 2.3039999999999999e-01 1.0144188890000000e+03
2.2836772500000001e+02 1.1916248000000000e+01 2.3583999999999999e-01 1.0188448040000000e+03
2.3392239000000001e+02 1.3010016000000000e+01 2.4127999999999999e-01 1.0234283860000000e+03
2.3950241000000000e+02 1.4166554000000000e+01 2.4671999999999999e-01 1.0281670240000001e+03
2.4510862200000000e+02 1.5386843000000001e+01 2.5216000000000000e-01 1.0330578929999999e+03
2.5074184500000001e+02 1.6671766000000002e+01 2.5760000000000000e-01 1.0380979570000000e+03
2.5640288299999997e+02 1.8022099999999998e+01 2.6304000000000000e-01 1.0432839700000000e+03
2.6209252099999998e+02 1.9438517000000001e+01 2.6848000000000000e-01 1.0486124840000000e+03
2.6781152500000002e+02 2.0921579000000001e+01 2.7392000000000000e-01 1.0540798609999999e+03
2.7356064099999998e+02 2.2471737999999998e+01 2.7936000000000000e-01 1.0596822749999999e+03
2.7934059100000002e+02 2.4089338999999999e+01 2.8480000000000000e-01 1.0654157339999999e+03
2.8515207900000001e+02 2.5774612999999999e+01 2.9024000000000000e-01 1.0712760910000000e+03
2.9099578300000002e+02 2.7527685000000002e+01 2.9568000000000000e-01 1.0772590630000000e+03
2.9687235900000002e+02 2.9348576999999999e+01 3.0112000000000000e-01 1.0833602470000001e+03
3.0278243800000001e+02 3.1237206000000000e+01 3.0656000000000000e-01 1.0895751419999999e+03
3.0872662700000001e+02 3.3193392000000003e+01 3.1200000000000000e-01 1.0958991659999999e+03
3.1470550600000001e+02 3.5216861999999999e+01 3.1744000000000000e-01 1.1023276810000000e+03
3.2071963099999999e+02 3.7307254000000000e+01 3.2288000000000000e-01 1.1088560070000001e+03
3.2676953400000002e+02 3.9464126000000000e+01 3.2832000000000000e-01 1.1154794480000000e+03
3.3285571800000002e+02 4.1686957000000000e+01 3.3376000000000000e-01 1.1221933070000000e+03
3.3897866399999998e+02 4.3975157000000003e+01 3.3920000000000000e-01 1.1289929079999999e+03
3.4513794300000001e+02 4.6122960999999997e+01 3.4464000000000000e-01 1.1352759050000000e+03
3.5132861100000002e+02 4.8018926999999998e+01 3.5008000000000000e-01 1.1407339239999999e+03
3.5754823599999997e+02 4.9859197999999999e+01 3.5552000000000000e-01 1.1459496990000000e+03
3.6379584100000000e+02 5.1679420999999998e+01 3.6096000000000000e-01 1.1510302340000001e+03
3.7007082700000001e+02 5.3494898999999997e+01 3.6640000000000000e-01 1.1560216900000000e+03
3.7637278700000002e+02 5.5314103000000003e+01 3.7184000000000000e-01 1.1609496569999999e+03
3.8270142099999998e+02 5.7142353999999997e+01 3.7728000000000000e-01 1.1658301910000000e+03
3.8905650300000002e+02 5.8983260999999999e+01 3.8272000000000000e-01 1.1706741540000000e+03
3.9543772100000001e+02 6.0779566000000003e+01 3.8816000000000001e-01 1.1753347719999999e+03
4.0184282300000001e+02 6.2423270000000002e+01 3.9360000000000001e-01 1.1795395300000000e+03
4.0827057500000001e+02 6.4062462999999994e+01 3.9904000000000001e-01 1.1836751030000000e+03
4.1472074800000001e+02 6.5713972999999996e+01 4.0448000000000001e-01 1.1877853160000000e+03
4.2119324799999998e+02 6.7383437999999998e+01 4.0992000000000001e-01 1.1918847080000000e+03
4.2768803800000001e+02 6.9073679999999996e+01 4.1536000000000001e-01 1.1959804010000000e+03
4.3420510899999999e+02 7.0786366000000001e+01 4.2080000000000001e-01 1.2000764870000000e+03
4.4074447099999998e+02 7.2522586000000004e+01 4.2624000000000001e-01 1.2041755260000000e+03
4.4730614500000001e+02 7.4283090000000001e+01 4.3168000000000001e-01 1.2082791940000000e+03
4.5389015899999998e+02 7.6068417999999994e+01 4.3712000000000001e-01 1.2123886219999999e+03
4.6049654700000002e+02 7.7878969999999995e+01 4.4256000000000001e-01 1.2165045720000001e+03
4.6712534599999998e+02 7.9715042999999994e+01 4.4800000000000001e-01 1.2206275539999999e+03
4.7377659499999999e+02 8.1576859999999996e+01 4.5344000000000001e-01 1.2247578950000000e+03
4.8045033500000000e+02 8.3464589000000004e+01 4.5888000000000001e-01 1.2288957860000000e+03
4.8714660700000002e+02 8.5378354000000002e+01 4.6432000000000001e-01 1.2330413149999999e+03
4.9386545300000000e+02 8.7318241000000000e+01 4.6976000000000001e-01 1.2371944940000001e+03
5.0060691400000002e+02 8.9284310000000005e+01 4.7520000000000001e-01 1.2413552700000000e+03
5.0737103100000002e+02 9.1276595999999998e+01 4.8064000000000001e-01 1.2455235439999999e+03
5.1415784399999995e+02 9.3295113000000001e+01 4.8608000000000001e-01 1.2496991780000001e+03
5.2096739400000001e+02 9.5339859000000004e+01 4.9152000000000001e-01 1.2538820009999999e+03
5.2779971899999998e+02 9.7410814999999999e+01 4.9696000000000001e-01 1.2580718210000000e+03
5.3465485699999999e+02 9.9507953000000001e+01 5.0239999999999996e-01 1.2622684250000000e+03
5.4153284299999996e+02 1.0163122900000000e+02 5.0783999999999996e-01 1.2664715819999999e+03
5.4843371200000001e+02 1.0378059300000000e+02 5.1327999999999996e-01 1.2706810530000000e+03
5.5535749899999996e+02 1.0595598300000000e+02 5.1871999999999996e-01 1.2748965870000000e+03
5.6230423599999995e+02 1.0815733100000000e+02 5.2415999999999996e-01 1.2791179239999999e+03
5.6927395300000001e+02 1.1038455999999999e+02 5.2959999999999996e-01 1.2833448020000001e+03
5.7626667999999995e+02 1.1263759000000000e+02 5.3503999999999996e-01 1.2875769539999999e+03
5.8328244500000005e+02 1.1491633200000000e+02 5.4047999999999996e-01 1.2918141089999999e+03
5.9032127400000002e+02 1.1722069300000000e+02 5.4591999999999996e-01 1.2960559960000001e+03
5.9738319300000001e+02 1.1955057499999999e+02 5.5135999999999996e-01 1.3003023439999999e+03
6.0446822399999996e+02 1.2190587800000000e+02 5.5679999999999996e-01 1.3045528800000000e+03
6.1157639099999994e+02 1.2428649500000000e+02 5.6223999999999996e-01 1.3088073360000001e+03
6.1870771300000001e+02 1.2669231700000000e+02 5.6767999999999996e-01 1.3130654430000000e+03
6.2586220900000001e+02 1.2912323300000000e+02 5.7311999999999996e-01 1.3173269350000000e+03
6.3303989799999999e+02 1.3157912800000000e+02 5.7855999999999996e-01 1.3215915480000001e+03
6.4024079500000005e+02 1.3405988400000001e+02 5.8399999999999996e-01 1.3258590240000001e+03
6.4746491600000002e+02 1.3656538300000000e+02 5.8943999999999996e-01 1.3301291040000001e+03
6.5471227399999998e+02 1.3909550200000001e+02 5.9487999999999996e-01 1.3344015370000000e+03
6.6198288100000002e+02 1.4165011899999999e+02 6.0031999999999996e-01 1.3386760730000001e+03
6.6927674700000000e+02 1.4422910999999999e+02 6.0575999999999997e-01 1.3429524670000001e+03
6.7659388300000001e+02 1.4683234700000000e+02 6.1119999999999997e-01 1.3472304799999999e+03
6.8393429600000002e+02 1.4945970399999999e+02 6.1663999999999997e-01 1.3515098760000001e+03
6.9129799400000002e+02 1.5211105200000000e+02 6.2207999999999997e-01 1.3557904220000000e+03
6.9868498099999999e+02 1.5478626299999999e+02 6.2751999999999997e-01 1.3600718919999999e+03
7.0609526300000005e+02 1.5748520600000001e+02 6.3295999999999997e-01 1.3643540640000001e+03
7.1352884200000005e+02 1.6020775100000000e+02 6.3839999999999997e-01 1.3686367210000001e+03
7.2098572100000001e+02 1.6295376600000000e+02 6.4383999999999997e-01 1.3729196500000000e+03
7.2846590100000003e+02 1.6572312199999999e+02 6.4927999999999997e-01 1.3772026440000000e+03
7.3596938000000000e+02 1.6851568499999999e+02 6.5471999999999997e-01 1.3814854989999999e+03
7.4349615900000003e+02 1.7133132499999999e+02 6.6015999999999997e-01 1.3857680180000000e+03
7.5104623400000003e+02 1.7416990899999999e+02 6.6559999999999997e-01 1.3900500059999999e+03
7.5861960299999998e+02 1.7703130500000000e+02 6.7103999999999997e-01 1.3943312750000000e+03
7.6621626000000003e+02 1.7991538100000000e+02 6.7647999999999997e-01 1.3986116410000000e+03
7.7383620099999996e+02 1.8282200700000001e+02 6.8191999999999997e-01 1.4028909240000000e+03
7.8147941800000001e+02 1.8575104899999999e+02 6.8735999999999997e-01 1.4071689510000001e+03
7.8914590499999997e+02 1.8870237900000001e+02 6.9279999999999997e-01 1.4114455499999999e+03
7.9683565399999998e+02 1.9167586299999999e+02 6.9823999999999997e-01 1.4157205550000001e+03
8.0454865500000005e+02 1.9467137199999999e+02 7.0367999999999997e-01 1.4199938059999999e+03
8.1228489900000000e+02 1.9768877699999999e+02 7.0911999999999997e-01 1.4242651450000001e+03
8.2004437399999995e+02 2.0072794700000000e+02 7.1455999999999997e-01 1.4285344200000000e+03
8.2782706800000005e+02 2.0378875300000001e+02 7.1999999999999997e-01 1.4328014820000001e+03
8.3563297100000000e+02 2.0687106800000001e+02 7.2543999999999997e-01 1.4370661869999999e+03
8.4346206700000005e+02 2.0997476300000000e+02 7.3087999999999997e-01 1.4413283939999999e+03
8.5131434400000001e+02 2.1309971100000001e+02 7.3631999999999997e-01 1.4455879669999999e+03
8.5918978600000003e+02 2.1624578600000001e+02 7.4175999999999997e-01 1.4498447750000000e+03
8.6708837800000003e+02 2.1941286199999999e+02 7.4719999999999998e-01 1.4540986869999999e+03
8.7501010499999995e+02 2.2260081400000001e+02 7.5263999999999998e-01 1.4583495809999999e+03
8.8295494900000006e+02 2.2580951800000000e+02 7.5807999999999998e-01 1.4625973340000000e+03
8.9092289200000005e+02 2.2903885099999999e+02 7.6351999999999998e-01 1.4668418300000001e+03
8.9891391799999997e+02 2.3228868900000001e+02 7.6895999999999998e-01 1.4710829540000000e+03
9.0692800599999998e+02 2.3555891099999999e+02 7.7439999999999998e-01 1.4753205969999999e+03
9.1496513900000002e+02 2.3884939600000001e+02 7.7983999999999998e-01 1.4795546509999999e+03
9.2302529500000003e+02 2.4216002399999999e+02 7.8527999999999998e-01 1.4837850120000001e+03
9.3110845600000005e+02 2.4549067600000001e+02 7.9071999999999998e-01 1.4880115800000001e+03
9.3921459900000002e+02 2.4884123199999999e+02 7.9615999999999998e-01 1.4922342590000001e+03
9.4734370400000000e+02 2.5221157600000001e+02 8.0159999999999998e-01 1.4964529530000000e+03
9.5549574800000005e+02 2.5560159100000001e+02 8.0703999999999998e-01 1.5006675729999999e+03
9.6367070899999999e+02 2.5901116200000001e+02 8.1247999999999998e-01 1.5048780280000001e+03
9.7186856399999999e+02 2.6244017300000002e+02 8.1791999999999998e-01 1.5090842359999999e+03
9.8008929000000001e+02 2.6588851099999999e+02 8.2335999999999998e-01 1.5132861120000000e+03
9.8833286299999997e+02 2.6935606200000001e+02 8.2879999999999998e-01 1.5174835770000000e+03
9.9659925899999996e+02 2.7284271600000000e+02 8.3423999999999998e-01 1.5216765550000000e+03
1.0048884540000000e+03 2.7634836000000001e+02 8.3967999999999998e-01 1.5258649710000000e+03
1.0132004210000000e+03 2.7987288500000000e+02 8.4511999999999998e-01 1.5300487530000000e+03
1.0215351360000000e+03 2.8341618099999999e+02 8.5055999999999998e-01 1.5342278320000000e+03
1.0298925730000001e+03 2.8697814000000000e+02 8.5599999999999998e-01 1.5384021410000000e+03
1.0382727060000000e+03 2.9055865499999999e+02 8.6143999999999998e-01 1.5425716150000001e+03
1.0466755089999999e+03 2.9415762000000001e+02 8.6687999999999998e-01 1.5467361920000001e+03
1.0551009540000000e+03 2.9777492899999999e+02 8.7231999999999998e-01 1.5508958130000001e+03
1.0635490139999999e+03 3.0141047700000001e+02 8.7775999999999998e-01 1.5550504189999999e+03
1.0720196619999999e+03 3.0506416200000001e+02 8.8319999999999999e-01 1.5591999550000000e+03
1.0805128709999999e+03 3.0873588000000001e+02 8.8863999999999999e-01 1.5633443669999999e+03
1.0890286120000001e+03 3.1242552999999998e+02 8.9407999999999999e-01 1.5674836040000000e+03
1.0975668570000000e+03 3.1613301000000001e+02 8.9951999999999999e-01 1.5716176160000000e+03
1.1061275770000000e+03 3.1985822300000001e+02 9.0495999999999999e-01 1.5757463550000000e+03
1.1147107440000000e+03 3.2360106700000000e+02 9.1039999999999999e-01 1.5798697760000000e+03
1.1233163280000001e+03 3.2736144600000000e+02 9.1583999999999999e-01 1.5839878360000000e+03
1.1319443010000000e+03 3.3113926199999997e+02 9.2127999999999999e-01 1.5881004900000000e+03
1.1405946320000000e+03 3.3493441999999999e+02 9.2671999999999999e-01 1.5922076999999999e+03
1.1492672920000000e+03 3.3874682300000001e+02 9.3215999999999999e-01 1.5963094269999999e+03
1.1579622509999999e+03 3.4257637799999998e+02 9.3759999999999999e-01 1.6004056330000001e+03
1.1666794789999999e+03 3.4642299100000002e+02 9.4303999999999999e-01 1.6044962820000001e+03
1.1754189460000000e+03 3.5028656999999998e+02 9.4847999999999999e-01 1.6085813419999999e+03
1.1841806210000000e+03 3.5416702199999997e+02 9.5391999999999999e-01 1.6126607790000000e+03
1.1929644730000000e+03 3.5806425800000000e+02 9.5935999999999999e-01 1.6167345620000001e+03
1.2017704719999999e+03 3.6197818699999999e+02 9.6479999999999999e-01 1.6208026629999999e+03
1.2105985860000001e+03 3.6590872000000002e+02 9.7023999999999999e-01 1.6248650520000001e+03
1.2194487850000000e+03 3.6985576800000001e+02 9.7567999999999999e-01 1.6289217020000001e+03
1.2283210360000000e+03 3.7381924500000002e+02 9.8111999999999999e-01 1.6329725900000001e+03
1.2372153100000000e+03 3.7779906399999999e+02 9.8655999999999999e-01 1.6370176890000000e+03
1.2461315729999999e+03 3.8179513900000001e+02 9.9199999999999999e-01 1.6410569780000001e+03
1.2550697950000001e+03 3.8580738600000001e+02 9.9743999999999999e-01 1.6450904340000000e+03
1.2640299439999999e+03 3.8983571899999998e+02 1.0028800000000000e+00 1.6491180370000000e+03
1.2730119870000001e+03 3.9388005700000002e+02 1.0083200000000001e+00 1.6531397669999999e+03
1.2820158930000000e+03 3.9794031600000000e+02 1.0137600000000000e+00 1.6571556060000000e+03
1.2910416299999999e+03 4.0201641599999999e+02 1.0192000000000001e+00 1.6611655370000001e+03
1.3000891650000001e+03 4.0610827399999999e+02 1.0246400000000000e+00 1.6651695440000001e+03
1.3091584670000000e+03 4.1021581200000003e+02 1.0300800000000001e+00 1.6691676110000001e+03
1.3182495019999999e+03 4.1433895000000001e+02 1.0355200000000000e+00 1.6731597240000001e+03
1.3273622390000000e+03 4.1847760799999998e+02 1.0409600000000001e+00 1.6771458700000001e+03
1.3364966440000001e+03 4.2263171100000000e+02 1.0464000000000000e+00 1.6811260370000000e+03
1.3456526859999999e+03 4.2680117999999999e+02 1.0518400000000001e+00 1.6851002129999999e+03
1.3548303320000000e+03 4.3098593899999997e+02 1.0572800000000000e+00 1.6890683879999999e+03
1.3640295480000000e+03 4.3518591300000003e+02 1.0627200000000001e+00 1.6930305519999999e+03
1.3732503030000000e+03 4.3940102800000000e+02 1.0681600000000000e+00 1.6969866959999999e+03
1.3824925639999999e+03 4.4363120800000002e+02 1.0736000000000001e+00 1.7009368130000000e+03
1.3917562969999999e+03 4.4787638099999998e+02 1.0790400000000000e+00 1.7048808950000000e+03
1.4010414699999999e+03 4.5213647500000002e+02 1.0844800000000001e+00 1.7088189359999999e+03
1.4103480500000001e+03 4.5641141599999997e+02 1.0899200000000000e+00 1.7127509299999999e+03
1.4196760039999999e+03 4.6070113400000002e+02 1.0953599999999999e+00 1.7166768720000000e+03
1.4290252989999999e+03 4.6500555900000001e+02 1.1008000000000000e+00 1.7205967570000000e+03
1.4383958990000001e+03 4.6932309900000001e+02 1.1062399999999999e+00 1.7245092050000001e+03
1.4477877619999999e+03 4.7365339699999998e+02 1.1116800000000000e+00 1.7284139650000000e+03
1.4572008480000000e+03 4.7799719299999998e+02 1.1171199999999999e+00 1.7323117760000000e+03
1.4666351210000000e+03 4.8235464500000000e+02 1.1225600000000000e+00 1.7362028459999999e+03
1.4760905419999999e+03 4.8672580399999998e+02 1.1279999999999999e+00 1.7400872870000001e+03
1.4855670780000000e+03 4.9111068000000000e+02 1.1334400000000000e+00 1.7439651710000001e+03
1.4950646919999999e+03 4.9550925899999999e+02 1.1388799999999999e+00 1.7478365500000000e+03
1.5045833490000000e+03 4.9992151600000000e+02 1.1443200000000000e+00 1.7517014620000000e+03
1.5141230140000000e+03 5.0434741600000001e+02 1.1497599999999999e+00 1.7555599380000001e+03
1.5236836530000000e+03 5.0878691900000001e+02 1.1552000000000000e+00 1.7594120040000000e+03
1.5332652290000001e+03 5.1323997799999995e+02 1.1606399999999999e+00 1.7632576819999999e+03
1.5428677090000001e+03 5.1770654900000000e+02 1.1660800000000000e+00 1.7670969900000000e+03
1.5524910580000001e+03 5.2218658000000005e+02 1.1715199999999999e+00 1.7709299460000000e+03
1.5621352410000000e+03 5.2668002000000001e+02 1.1769600000000000e+00 1.7747565649999999e+03
1.5718002240000001e+03 5.3118681800000002e+02 1.1823999999999999e+00 1.7785768610000000e+03
1.5814859730000001e+03 5.3570691999999997e+02 1.1878400000000000e+00 1.7823908469999999e+03
1.5911924540000000e+03 5.4024027200000000e+02 1.1932799999999999e+00 1.7861985350000000e+03
1.6009196310000000e+03 5.4478682100000003e+02 1.1987200000000000e+00 1.7899999390000000e+03
1.6106674710000000e+03 5.4934651099999996e+02 1.2041599999999999e+00 1.7937950690000000e+03
1.6204359400000001e+03 5.5391929000000005e+02 1.2096000000000000e+00 1.7975839370000001e+03
1.6302250039999999e+03 5.5850510099999997e+02 1.2150399999999999e+00 1.8013665540000000e+03
1.6400346290000000e+03 5.6310388999999998e+02 1.2204800000000000e+00 1.8051429300000000e+03
1.6498647800000001e+03 5.6771560199999999e+02 1.2259199999999999e+00 1.8089130780000000e+03
1.6597154250000001e+03 5.7234018400000002e+02 1.2313600000000000e+00 1.8126770070000000e+03
1.6695865280000000e+03 5.7697758099999999e+02 1.2367999999999999e+00 1.8164347290000001e+03
1.6794780579999999e+03 5.8162773900000002e+02 1.2422400000000000e+00 1.8201862540000000e+03
1.6893899790000000e+03 5.8629060300000003e+02 1.2476799999999999e+00 1.8239315930000000e+03
1.6993222579999999e+03 5.9096612100000004e+02 1.2531200000000000e+00 1.8276707580000000e+03
1.7092748620000000e+03 5.9565423799999996e+02 1.2585599999999999e+00 1.8314037579999999e+03
1.7192477570000001e+03 6.0035490300000004e+02 1.2640000000000000e+00 1.8351306059999999e+03
1.7292409100000000e+03 6.0506806099999994e+02 1.2694399999999999e+00 1.8388513120000000e+03
1.7392542870000000e+03 6.0979366200000004e+02 1.2748800000000000e+00 1.8425658890000000e+03
1.7492878539999999e+03 6.1453165100000001e+02 1.2803199999999999e+00 1.8462743459999999e+03
1.7593415800000000e+03 6.1928197899999998e+02 1.2857600000000000e+00 1.8499766959999999e+03
1.7694154300000000e+03 6.2404459299999996e+02 1.2911999999999999e+00 1.8536729499999999e+03
1.7795093720000000e+03 6.2881944199999998e+02 1.2966400000000000e+00 1.8573631200000000e+03
1.7896233720000000e+03 6.3360647500000005e+02 1.3020799999999999e+00 1.8610472190000000e+03
1.7997573970000001e+03 6.3840564300000005e+02 1.3075200000000000e+00 1.8647252570000001e+03
1.8099114139999999e+03 6.4321689500000002e+02 1.3129599999999999e+00 1.8683972480000000e+03
1.8200853910000001e+03 6.4804018099999996e+02 1.3184000000000000e+00 1.8720632029999999e+03
1.8302792950000000e+03 6.5287545200000000e+02 1.3238399999999999e+00 1.8757231340000001e+03
1.8404930930000000e+03 6.5772266000000002e+02 1.3292800000000000e+00 1.8793770560000000e+03
1.8507267520000000e+03 6.6258175500000004e+02 1.3347199999999999e+00 1.8830249790000000e+03
1.8609802400000001e+03 6.6745268999999996e+02 1.3401600000000000e+00 1.8866669170000000e+03
1.8712535240000000e+03 6.7233541700000001e+02 1.3455999999999999e+00 1.8903028830000001e+03
1.8815465710000001e+03 6.7722988799999996e+02 1.3510400000000000e+00 1.8939328889999999e+03
1.8918593499999999e+03 6.8213605700000005e+02 1.3564799999999999e+00 1.8975569499999999e+03
1.9021918280000000e+03 6.8705387700000006e+02 1.3619200000000000e+00 1.9011750780000000e+03
1.9125439730000001e+03 6.9198330099999998e+02 1.3673599999999999e+00 1.9047872870000001e+03
1.9229157530000000e+03 6.9692428500000005e+02 1.3728000000000000e+00 1.9083935899999999e+03
1.9333071350000000e+03 7.0187678200000005e+02 1.3782399999999999e+00 1.9119940019999999e+03
1.9437180870000000e+03 7.0684074899999996e+02 1.3836800000000000e+00 1.9155885360000000e+03
1.9541485780000000e+03 7.1181613900000002e+02 1.3891199999999999e+00 1.9191772060000001e+03
1.9645985760000001e+03 7.1680291099999999e+02 1.3945600000000000e+00 1.9227600259999999e+03
1.9750680490000000e+03 7.2180101900000000e+02 1.3999999999999999e+00 1.9263370110000001e+03
