# epsilon[MeV/fm^3] P[MeV/fm^3] nB[fm^-3] muB[MeV]
3.7881416000000002e+01 1.3350999999999999e-01 4.0000000000000001e-02 9.5037495400000000e+02
4.3052514000000002e+01 1.4972700000000000e-01 4.5440000000000001e-02 9.5075534000000005e+02
4.8225389999999997e+01 1.6319900000000001e-01 5.0880000000000002e-02 9.5103536199999996e+02
5.3399580999999998e+01 1.7449400000000001e-01 5.6320000000000002e-02 9.5124602100000004e+02
5.8574795000000002e+01 1.8467300000000000e-01 6.1760000000000002e-02 9.5141801999999996e+02
6.3750900999999999e+01 1.9521200000000000e-01 6.7199999999999996e-02 9.5158082400000001e+02
6.8927925000000002e+01 2.0794199999999999e-01 7.2639999999999996e-02 9.5176204099999995e+02
7.4106037999999998e+01 2.2497500000000001e-01 7.8079999999999997e-02 9.5198706100000004e+02
7.9285539999999997e+01 2.4864600000000001e-01 8.3519999999999997e-02 9.5227887199999998e+02
8.4466853000000000e+01 2.8144700000000000e-01 8.8959999999999997e-02 9.5265798600000005e+02
8.9650501000000006e+01 3.2598500000000002e-01 9.4399999999999998e-02 9.5314246400000002e+02
9.4837100000000007e+01 3.8492599999999999e-01 9.9839999999999998e-02 9.5374797599999999e+02
1.0002734800000000e+02 4.6095900000000001e-01 1.0528000000000000e-01 9.5448791400000005e+02
1.0522200599999999e+02 5.5676099999999995e-01 1.1072000000000000e-01 9.5537352399999997e+02
1.1042189100000000e+02 6.7466800000000005e-01 1.1616000000000000e-01 9.5641147200000000e+02
1.1562781000000000e+02 8.1559800000000005e-01 1.2160000000000000e-01 9.5759551599999998e+02
1.2084059700000000e+02 9.8303399999999996e-01 1.2703999999999999e-01 9.5894086100000004e+02
1.2606115300000000e+02 1.1796949999999999e+00 1.3247999999999999e-01 9.6045495600000004e+02
1.3129040900000001e+02 1.4079699999999999e+00 1.3791999999999999e-01 9.6214190599999995e+02
1.3652931100000001e+02 1.6700619999999999e+00 1.4335999999999999e-01 9.6400400800000000e+02
1.4177881500000001e+02 1.9680280000000001e+00 1.4879999999999999e-01 9.6604229199999997e+02
1.4703988100000001e+02 2.3037950000000000e+00 1.5423999999999999e-01 9.6825684000000001e+02
1.5231346700000000e+02 2.6791800000000001e+00 1.5967999999999999e-01 9.7064700500000004e+02
1.5760052400000001e+02 3.0958960000000002e+00 1.6511999999999999e-01 9.7321158100000002e+02
1.6290199699999999e+02 3.5555680000000001e+00 1.7055999999999999e-01 9.7594893200000001e+02
1.6821882199999999e+02 4.0597329999999996e+00 1.7599999999999999e-01 9.7885709599999996e+02
1.7355192199999999e+02 4.6098569999999999e+00 1.8143999999999999e-01 9.8193386699999996e+02
1.7890220700000000e+02 5.2073330000000002e+00 1.8687999999999999e-01 9.8517685500000005e+02
1.8427057500000001e+02 5.8534910000000000e+00 1.9231999999999999e-01 9.8858353699999998e+02
1.8965791100000001e+02 6.5495989999999997e+00 1.9775999999999999e-01 9.9215128800000002e+02
1.9506508199999999e+02 7.2968690000000000e+00 2.0319999999999999e-01 9.9587740799999995e+02
2.0049294399999999e+02 8.0964550000000006e+00 2.0863999999999999e-01 9.9975913400000002e+02
2.0594233600000001e+02 8.9494550000000004e+00 2.1407999999999999e-01 1.0037936560000001e+03
2.1141408000000001e+02 9.8569119999999995e+00 2.1951999999999999e-01 1.0079781180000000e+03
2.1690898600000000e+02 1.0819813000000000e+01 2.2495999999999999e-01 1.0123096230000000e+03
2.2242784499999999e+02 1.1839088000000000e+01 2.3039999999999999e-01 1.0167852280000000e+03
2.2797143399999999e+02 1.2915609000000000e+01 2.3583999999999999e-01 1.0214019489999999e+03
2.3354051200000001e+02 1.4050188000000000e+01 2.4127999999999999e-01 1.0261567530000000e+03
2.3913582299999999e+02 1.5243574000000001e+01 2.4671999999999999e-01 1.0310465589999999e+03
2.4475809100000001e+02 1.6496454000000000e+01 2.5216000000000000e-01 1.0360682350000000e+03
2.5040802800000000e+02 1.7809452000000000e+01 2.5760000000000000e-01 1.0412185950000001e+03
2.5608632299999999e+02 1.9183125000000000e+01 2.6304000000000000e-01 1.0464944020000000e+03
2.6179365200000001e+02 2.0617961000000001e+01 2.6848000000000000e-01 1.0518923640000000e+03
2.6753066799999999e+02 2.2114384000000001e+01 2.7392000000000000e-01 1.0574091410000001e+03
2.7329801099999997e+02 2.3672749000000000e+01 2.7936000000000000e-01 1.0630413390000001e+03
2.7909629899999999e+02 2.5293340000000001e+01 2.8480000000000000e-01 1.0687855230000000e+03
2.8492613100000000e+02 2.6976375999999998e+01 2.9024000000000000e-01 1.0746382149999999e+03
2.9078808900000001e+02 2.8722007999999999e+01 2.9568000000000000e-01 1.0805958989999999e+03
2.9668273399999998e+02 3.0530321000000001e+01 3.0112000000000000e-01 1.0866550330000000e+03
3.0261060900000001e+02 3.2401333000000001e+01 3.0656000000000000e-01 1.0928120469999999e+03
3.0857223699999997e+02 3.4335000999999998e+01 3.1200000000000000e-01 1.0990633570000000e+03
3.1456812100000002e+02 3.6331218999999997e+01 3.1744000000000000e-01 1.1054053690000001e+03
3.2059874500000001e+02 3.8389823999999997e+01 3.2288000000000000e-01 1.1118344880000000e+03
3.2666457400000002e+02 4.0510593000000000e+01 3.2832000000000000e-01 1.1183471219999999e+03
3.3276605100000000e+02 4.2693250999999997e+01 3.3376000000000000e-01 1.1249396970000000e+03
3.3890360299999998e+02 4.4937472000000000e+01 3.3920000000000000e-01 1.1316086580000001e+03
3.4507763499999999e+02 4.7242882000000002e+01 3.4464000000000000e-01 1.1383504790000000e+03
3.5128850399999999e+02 4.9579788000000001e+01 3.5008000000000000e-01 1.1450779689999999e+03
3.5753329400000001e+02 5.1591112000000003e+01 3.5552000000000000e-01 1.1507791950000001e+03
3.6380792300000002e+02 5.3501088000000003e+01 3.6096000000000000e-01 1.1561104660000001e+03
3.7011104000000000e+02 5.5376742000000000e+01 3.6640000000000000e-01 1.1612675070000000e+03
3.7644189499999999e+02 5.7239949000000003e+01 3.7184000000000000e-01 1.1663147730000001e+03
3.8279998699999999e+02 5.9101768999999997e+01 3.7728000000000000e-01 1.1712850050000000e+03
3.8918455499999999e+02 6.0853414000000001e+01 3.8272000000000000e-01 1.1758952460000000e+03
3.9559257900000000e+02 6.2454884000000000e+01 3.8816000000000001e-01 1.1800498020000000e+03
4.0202298900000000e+02 6.4052362000000002e+01 3.9360000000000001e-01 1.1841362500000000e+03
4.0847554200000002e+02 6.5660550999999998e+01 3.9904000000000001e-01 1.1881936129999999e+03
4.1495012300000002e+02 6.7284951000000007e+01 4.0448000000000001e-01 1.1922363760000001e+03
4.2144667600000002e+02 6.8928438999999997e+01 4.0992000000000001e-01 1.1962720030000000e+03
4.2796517499999999e+02 7.0592776000000001e+01 4.1536000000000001e-01 1.2003049480000000e+03
4.3450561299999998e+02 7.2279140999999996e+01 4.2080000000000001e-01 1.2043381079999999e+03
4.4106799799999999e+02 7.3988377000000000e+01 4.2624000000000001e-01 1.2083734620000000e+03
4.4765234400000003e+02 7.5721107000000003e+01 4.3168000000000001e-01 1.2124124130000000e+03
4.5425867599999998e+02 7.7477810000000005e+01 4.3712000000000001e-01 1.2164559700000000e+03
4.6088701900000001e+02 7.9258859999999999e+01 4.4256000000000001e-01 1.2205048720000000e+03
4.6753740499999998e+02 8.1064554000000001e+01 4.4800000000000001e-01 1.2245596530000000e+03
4.7420986699999997e+02 8.2895128999999997e+01 4.5344000000000001e-01 1.2286206999999999e+03
4.8090443900000002e+02 8.4750776999999999e+01 4.5888000000000001e-01 1.2326882840000001e+03
4.8762115699999998e+02 8.6631653000000000e+01 4.6432000000000001e-01 1.2367625849999999e+03
4.9436005999999998e+02 8.8537879000000004e+01 4.6976000000000001e-01 1.2408437090000000e+03
5.0112118299999997e+02 9.0469554000000002e+01 4.7520000000000001e-01 1.2449317090000000e+03
5.0790456399999999e+02 9.2426754000000003e+01 4.8064000000000001e-01 1.2490265879999999e+03
5.1471024100000000e+02 9.4409537999999998e+01 4.8608000000000001e-01 1.2531283100000001e+03
5.2153825099999995e+02 9.6417946000000001e+01 4.9152000000000001e-01 1.2572368080000001e+03
5.2838863000000003e+02 9.8452006999999995e+01 4.9696000000000001e-01 1.2613519899999999e+03
5.3526141399999995e+02 1.0051173500000000e+02 5.0239999999999996e-01 1.2654737390000000e+03
5.4215663900000004e+02 1.0259713400000000e+02 5.0783999999999996e-01 1.2696019220000001e+03
5.4907434000000001e+02 1.0470819800000000e+02 5.1327999999999996e-01 1.2737363889999999e+03
5.5601454899999999e+02 1.0684491199999999e+02 5.1871999999999996e-01 1.2778769789999999e+03
5.6297730100000001e+02 1.0900725100000000e+02 5.2415999999999996e-01 1.2820235190000001e+03
5.6996262700000000e+02 1.1119518700000000e+02 5.2959999999999996e-01 1.2861758259999999e+03
5.7697055699999999e+02 1.1340867900000001e+02 5.3503999999999996e-01 1.2903337120000001e+03
5.8400112100000001e+02 1.1564768500000000e+02 5.4047999999999996e-01 1.2944969830000000e+03
5.9105435000000000e+02 1.1791215300000000e+02 5.4591999999999996e-01 1.2986654380000000e+03
5.9813026900000000e+02 1.2020202999999999e+02 5.5135999999999996e-01 1.3028388740000000e+03
6.0522890500000005e+02 1.2251725500000001e+02 5.5679999999999996e-01 1.3070170840000001e+03
6.1235028499999999e+02 1.2485776400000000e+02 5.6223999999999996e-01 1.3111998610000001e+03
6.1949443099999996e+02 1.2722348599999999e+02 5.6767999999999996e-01 1.3153869940000000e+03
6.2666136800000004e+02 1.2961435100000000e+02 5.7311999999999996e-01 1.3195782730000001e+03
6.3385111700000004e+02 1.3203028000000000e+02 5.7855999999999996e-01 1.3237734860000000e+03
6.4106370000000004e+02 1.3447119499999999e+02 5.8399999999999996e-01 1.3279724229999999e+03
6.4829913499999998e+02 1.3693701200000001e+02 5.8943999999999996e-01 1.3321748740000000e+03
6.5555744200000004e+02 1.3942764700000001e+02 5.9487999999999996e-01 1.3363806290000000e+03
6.6283863699999995e+02 1.4194300999999999e+02 6.0031999999999996e-01 1.3405894800000001e+03
6.7014273700000001e+02 1.4448301100000000e+02 6.0575999999999997e-01 1.3448012220000001e+03
6.7746975799999996e+02 1.4704755599999999e+02 6.1119999999999997e-01 1.3490156480000001e+03
6.8481971299999998e+02 1.4963655100000000e+02 6.1663999999999997e-01 1.3532325570000000e+03
6.9219261500000005e+02 1.5224989800000000e+02 6.2207999999999997e-01 1.3574517470000001e+03
6.9958847600000001e+02 1.5488749899999999e+02 6.2751999999999997e-01 1.3616730219999999e+03
7.0700730699999997e+02 1.5754925299999999e+02 6.3295999999999997e-01 1.3658961850000001e+03
7.1444911800000000e+02 1.6023505700000001e+02 6.3839999999999997e-01 1.3701210440000000e+03
7.2191391699999997e+02 1.6294480799999999e+02 6.4383999999999997e-01 1.3743474080000001e+03
7.2940171199999997e+02 1.6567840300000000e+02 6.4927999999999997e-01 1.3785750900000000e+03
7.3691251000000000e+02 1.6843573400000000e+02 6.5471999999999997e-01 1.3828039070000000e+03
7.4444631600000002e+02 1.7121669499999999e+02 6.6015999999999997e-01 1.3870336760000000e+03
7.5200313500000004e+02 1.7402117899999999e+02 6.6559999999999997e-01 1.3912642189999999e+03
7.5958297100000004e+02 1.7684907600000000e+02 6.7103999999999997e-01 1.3954953619999999e+03
7.6718582700000002e+02 1.7970027800000000e+02 6.7647999999999997e-01 1.3997269329999999e+03
7.7481170399999996e+02 1.8257467399999999e+02 6.8191999999999997e-01 1.4039587620000000e+03
7.8246060299999999e+02 1.8547215399999999e+02 6.8735999999999997e-01 1.4081906839999999e+03
7.9013252499999999e+02 1.8839260700000000e+02 6.9279999999999997e-01 1.4124225369999999e+03
7.9782746799999995e+02 1.9133592200000001e+02 6.9823999999999997e-01 1.4166541620000000e+03
8.0554543200000001e+02 1.9430198700000000e+02 7.0367999999999997e-01 1.4208854030000000e+03
8.1328641200000004e+02 1.9729068899999999e+02 7.0911999999999997e-01 1.4251161079999999e+03
8.2105040699999995e+02 2.0030191700000000e+02 7.1455999999999997e-01 1.4293461259999999e+03
8.2883741199999997e+02 2.0333555899999999e+02 7.1999999999999997e-01 1.4335753119999999e+03
8.3664742200000001e+02 2.0639150100000001e+02 7.2543999999999997e-01 1.4378035219999999e+03
8.4448043099999995e+02 2.0946963099999999e+02 7.3087999999999997e-01 1.4420306169999999e+03
8.5233643300000006e+02 2.1256983700000001e+02 7.3631999999999997e-01 1.4462564589999999e+03
8.6021542099999999e+02 2.1569200699999999e+02 7.4175999999999997e-01 1.4504809160000000e+03
8.6811738700000001e+02 2.1883602800000000e+02 7.4719999999999998e-01 1.4547038560000001e+03
8.7604232200000001e+02 2.2200178700000001e+02 7.5263999999999998e-01 1.4589251520000000e+03
8.8399021600000003e+02 2.2518917400000001e+02 7.5807999999999998e-01 1.4631446790000000e+03
8.9196106099999997e+02 2.2839807600000000e+02 7.6351999999999998e-01 1.4673623160000000e+03
8.9995484499999998e+02 2.3162838099999999e+02 7.6895999999999998e-01 1.4715779439999999e+03
9.0797155699999996e+02 2.3487997899999999e+02 7.7439999999999998e-01 1.4757914479999999e+03
9.1601118599999995e+02 2.3815275900000000e+02 7.7983999999999998e-01 1.4800027130000001e+03
9.2407371799999999e+02 2.4144660900000000e+02 7.8527999999999998e-01 1.4842116309999999e+03
9.3215914099999998e+02 2.4476142100000001e+02 7.9071999999999998e-01 1.4884180930000000e+03
9.4026744099999996e+02 2.4809708400000000e+02 7.9615999999999998e-01 1.4926219960000001e+03
9.4839860299999998e+02 2.5145348899999999e+02 8.0159999999999998e-01 1.4968232370000001e+03
9.5655261399999995e+02 2.5483052599999999e+02 8.0703999999999998e-01 1.5010217160000000e+03
9.6472945700000002e+02 2.5822808900000001e+02 8.1247999999999998e-01 1.5052173379999999e+03
9.7292911800000002e+02 2.6164606900000001e+02 8.1791999999999998e-01 1.5094100080000001e+03
9.8115157899999997e+02 2.6508435800000001e+02 8.2335999999999998e-01 1.5135996350000000e+03
9.8939682400000004e+02 2.6854284999999999e+02 8.2879999999999998e-01 1.5177861280000000e+03
9.9766483500000004e+02 2.7202143799999999e+02 8.3423999999999998e-01 1.5219694019999999e+03
1.0059555950000000e+03 2.7552001799999999e+02 8.3967999999999998e-01 1.5261493720000001e+03
1.0142690860000000e+03 2.7903848299999999e+02 8.4511999999999998e-01 1.5303259559999999e+03
1.0226052890000000e+03 2.8257673000000000e+02 8.5055999999999998e-01 1.5344990740000001e+03
1.0309641839999999e+03 2.8613465400000001e+02 8.5599999999999998e-01 1.5386686490000000e+03
1.0393457530000001e+03 2.8971215300000000e+02 8.6143999999999998e-01 1.5428346050000000e+03
1.0477499760000001e+03 2.9330912300000000e+02 8.6687999999999998e-01 1.5469968690000001e+03
1.0561768310000000e+03 2.9692546299999998e+02 8.7231999999999998e-01 1.5511553710000001e+03
1.0646262990000000e+03 3.0056107100000003e+02 8.7775999999999998e-01 1.5553100400000001e+03
1.0730983590000001e+03 3.0421584700000000e+02 8.8319999999999999e-01 1.5594608100000000e+03
1.0815929890000000e+03 3.0788968999999997e+02 8.8863999999999999e-01 1.5636076160000000e+03
1.0901101670000000e+03 3.1158250199999998e+02 8.9407999999999999e-01 1.5677503959999999e+03
1.0986498710000001e+03 3.1529418399999997e+02 8.9951999999999999e-01 1.5718890870000000e+03
1.1072120800000000e+03 3.1902463699999998e+02 9.0495999999999999e-01 1.5760236299999999e+03
1.1157967690000000e+03 3.2277376600000002e+02 9.1039999999999999e-01 1.5801539690000000e+03
1.1244039170000001e+03 3.2654147200000000e+02 9.1583999999999999e-01 1.5842800480000001e+03
1.1330334989999999e+03 3.3032765999999998e+02 9.2127999999999999e-01 1.5884018110000000e+03
1.1416854930000000e+03 3.3413223499999998e+02 9.2671999999999999e-01 1.5925192079999999e+03
1.1503598740000000e+03 3.3795510200000001e+02 9.3215999999999999e-01 1.5966321880000000e+03
1.1590566180000001e+03 3.4179616800000002e+02 9.3759999999999999e-01 1.6007407020000001e+03
1.1677756999999999e+03 3.4565534000000002e+02 9.4303999999999999e-01 1.6048447020000001e+03
1.1765170969999999e+03 3.4953252400000002e+02 9.4847999999999999e-01 1.6089441429999999e+03
1.1852807820000000e+03 3.5342763100000002e+02 9.5391999999999999e-01 1.6130389809999999e+03
1.1940667320000000e+03 3.5734056800000002e+02 9.5935999999999999e-01 1.6171291719999999e+03
1.2028749200000000e+03 3.6127124500000002e+02 9.6479999999999999e-01 1.6212146760000001e+03
1.2117053209999999e+03 3.6521957300000003e+02 9.7023999999999999e-01 1.6252954530000000e+03
1.2205579090000001e+03 3.6918546400000002e+02 9.7567999999999999e-01 1.6293714649999999e+03
1.2294326579999999e+03 3.7316882800000002e+02 9.8111999999999999e-01 1.6334426739999999e+03
1.2383295419999999e+03 3.7716957900000000e+02 9.8655999999999999e-01 1.6375090439999999e+03
1.2472485340000001e+03 3.8118762900000002e+02 9.9199999999999999e-01 1.6415705410000000e+03
1.2561896079999999e+03 3.8522289400000000e+02 9.9743999999999999e-01 1.6456271330000000e+03
1.2651527369999999e+03 3.8927528699999999e+02 1.0028800000000000e+00 1.6496787859999999e+03
1.2741378940000000e+03 3.9334472399999999e+02 1.0083200000000001e+00 1.6537254710000000e+03
1.2831450520000001e+03 3.9743112100000002e+02 1.0137600000000000e+00 1.6577671580000001e+03
1.2921741840000000e+03 4.0153439500000002e+02 1.0192000000000001e+00 1.6618038180000001e+03
1.3012252619999999e+03 4.0565446300000002e+02 1.0246400000000000e+00 1.6658354250000000e+03
1.3102982580000000e+03 4.0979124400000001e+02 1.0300800000000001e+00 1.6698619520000000e+03
1.3193931459999999e+03 4.1394465700000001e+02 1.0355200000000000e+00 1.6738833740000000e+03
1.3285098960000000e+03 4.1811462000000000e+02 1.0409600000000001e+00 1.6778996669999999e+03
1.3376484820000001e+03 4.2230105500000002e+02 1.0464000000000000e+00 1.6819108080000001e+03
1.3468088749999999e+03 4.2650388099999998e+02 1.0518400000000001e+00 1.6859167760000000e+03
1.3559910460000001e+03 4.3072302200000001e+02 1.0572800000000000e+00 1.6899175479999999e+03
1.3651949680000000e+03 4.3495839899999999e+02 1.0627200000000001e+00 1.6939131060000000e+03
1.3744206130000000e+03 4.3920993399999998e+02 1.0681600000000000e+00 1.6979034310000000e+03
1.3836679509999999e+03 4.4347755200000000e+02 1.0736000000000001e+00 1.7018885029999999e+03
1.3929369529999999e+03 4.4776117699999998e+02 1.0790400000000000e+00 1.7058683060000001e+03
1.4022275920000000e+03 4.5206073400000002e+02 1.0844800000000001e+00 1.7098428230000000e+03
1.4115398390000000e+03 4.5637614700000000e+02 1.0899200000000000e+00 1.7138120380000000e+03
1.4208736640000000e+03 4.6070734499999998e+02 1.0953599999999999e+00 1.7177759380000000e+03
1.4302290390000001e+03 4.6505425300000002e+02 1.1008000000000000e+00 1.7217345080000000e+03
1.4396059339999999e+03 4.6941679799999997e+02 1.1062399999999999e+00 1.7256877340000001e+03
1.4490043200000000e+03 4.7379491000000002e+02 1.1116800000000000e+00 1.7296356049999999e+03
1.4584241689999999e+03 4.7818851599999999e+02 1.1171199999999999e+00 1.7335781090000000e+03
1.4678654509999999e+03 4.8259754600000002e+02 1.1225600000000000e+00 1.7375152350000001e+03
1.4773281370000000e+03 4.8702193100000000e+02 1.1279999999999999e+00 1.7414469720000000e+03
1.4868121970000000e+03 4.9146159999999998e+02 1.1334400000000000e+00 1.7453733119999999e+03
1.4963176020000001e+03 4.9591648600000002e+02 1.1388799999999999e+00 1.7492942450000000e+03
1.5058443230000000e+03 5.0038652000000002e+02 1.1443200000000000e+00 1.7532097640000000e+03
1.5153923299999999e+03 5.0487163399999997e+02 1.1497599999999999e+00 1.7571198600000000e+03
1.5249615940000001e+03 5.0937176199999999e+02 1.1552000000000000e+00 1.7610245279999999e+03
1.5345520839999999e+03 5.1388683700000001e+02 1.1606399999999999e+00 1.7649237599999999e+03
1.5441637720000001e+03 5.1841679399999998e+02 1.1660800000000000e+00 1.7688175510000001e+03
1.5537966280000001e+03 5.2296156800000006e+02 1.1715199999999999e+00 1.7727058970000000e+03
1.5634506220000001e+03 5.2752109399999995e+02 1.1769600000000000e+00 1.7765887920000000e+03
1.5731257240000000e+03 5.3209530900000004e+02 1.1823999999999999e+00 1.7804662340000000e+03
1.5828219059999999e+03 5.3668414900000005e+02 1.1878400000000000e+00 1.7843382180000001e+03
1.5925391360000001e+03 5.4128755200000001e+02 1.1932799999999999e+00 1.7882047419999999e+03
1.6022773860000000e+03 5.4590545499999996e+02 1.1987200000000000e+00 1.7920658040000001e+03
1.6120366260000001e+03 5.5053779799999995e+02 1.2041599999999999e+00 1.7959214019999999e+03
1.6218168260000000e+03 5.5518452000000002e+02 1.2096000000000000e+00 1.7997715360000000e+03
1.6316179560000000e+03 5.5984555999999998e+02 1.2150399999999999e+00 1.8036162039999999e+03
1.6414399860000001e+03 5.6452085999999997e+02 1.2204800000000000e+00 1.8074554080000000e+03
1.6512828870000001e+03 5.6921036100000003e+02 1.2259199999999999e+00 1.8112891470000000e+03
1.6611466300000000e+03 5.7391400399999998e+02 1.2313600000000000e+00 1.8151174229999999e+03
1.6710311830000001e+03 5.7863173400000005e+02 1.2367999999999999e+00 1.8189402370000000e+03
1.6809365180000000e+03 5.8336349399999995e+02 1.2422400000000000e+00 1.8227575939999999e+03
1.6908626059999999e+03 5.8810922800000003e+02 1.2476799999999999e+00 1.8265694950000000e+03
1.7008094149999999e+03 5.9286888499999998e+02 1.2531200000000000e+00 1.8303759470000000e+03
1.7107769169999999e+03 5.9764241000000004e+02 1.2585599999999999e+00 1.8341769540000000e+03
1.7207650830000000e+03 6.0242975600000000e+02 1.2640000000000000e+00 1.8379725240000000e+03
1.7307738810000001e+03 6.0723087599999997e+02 1.2694399999999999e+00 1.8417626690000000e+03
1.7408032840000001e+03 6.1204573600000003e+02 1.2748800000000000e+00 1.8455474070000000e+03
1.7508532610000000e+03 6.1687432999999999e+02 1.2803199999999999e+00 1.8493267800000001e+03
1.7609237850000000e+03 6.2171666500000003e+02 1.2857600000000000e+00 1.8531008380000001e+03
1.7710148240000001e+03 6.2657245699999999e+02 1.2911999999999999e+00 1.8568694069999999e+03
1.7811263500000000e+03 6.3144164699999999e+02 1.2966400000000000e+00 1.8606324860000000e+03
1.7912583320000001e+03 6.3632418299999995e+02 1.3020799999999999e+00 1.8643900819999999e+03
1.8014107420000000e+03 6.4122001299999999e+02 1.3075200000000000e+00 1.8681422009999999e+03
1.8115835480000001e+03 6.4612908700000003e+02 1.3129599999999999e+00 1.8718888489999999e+03
1.8217767210000000e+03 6.5105135199999995e+02 1.3184000000000000e+00 1.8756300329999999e+03
1.8319902320000001e+03 6.5598675900000001e+02 1.3238399999999999e+00 1.8793657590000000e+03
1.8422240509999999e+03 6.6093525699999998e+02 1.3292800000000000e+00 1.8830960339999999e+03
1.8524781479999999e+03 6.6589679699999999e+02 1.3347199999999999e+00 1.8868208660000000e+03
1.8627524940000001e+03 6.7087132899999995e+02 1.3401600000000000e+00 1.8905402620000000e+03
1.8730470580000001e+03 6.7585880499999996e+02 1.3455999999999999e+00 1.8942542289999999e+03
1.8833618120000001e+03 6.8085831199999996e+02 1.3510400000000000e+00 1.8979621360000001e+03
1.8936967179999999e+03 6.8586898699999995e+02 1.3564799999999999e+00 1.9016633919999999e+03
1.9040517420000001e+03 6.9089156300000002e+02 1.3619200000000000e+00 1.9053585900000000e+03
1.9144268520000001e+03 6.9592619600000000e+02 1.3673599999999999e+00 1.9090478940000000e+03
1.9248220170000000e+03 7.0097294199999999e+02 1.3728000000000000e+00 1.9127313899999999e+03
1.9352372040000000e+03 7.0603181900000004e+02 1.3782399999999999e+00 1.9164091370000001e+03
1.9456723830000001e+03 7.1110282199999995e+02 1.3836800000000000e+00 1.9200811779999999e+03
1.9561275230000001e+03 7.1618593799999996e+02 1.3891199999999999e+00 1.9237475480000001e+03
1.9666025930000001e+03 7.2128114300000004e+02 1.3945600000000000e+00 1.9274082739999999e+03
1.9770975619999999e+03 7.2638841300000001e+02 1.3999999999999999e+00 1.9310633809999999e+03
