# epsilon[MeV/fm^3] P[MeV/fm^3] nB[fm^-3] muB[MeV]
3.7886268999999999e+01 1.6085300000000000e-01 4.0000000000000001e-02 9.5117986900000005e+02
4.3062646999999998e+01 1.9144200000000000e-01 4.5440000000000001e-02 9.5189639499999998e+02
4.8242685000000002e+01 2.2190399999999999e-01 5.0880000000000002e-02 9.5252910199999997e+02
5.3425966000000003e+01 2.5216200000000000e-01 5.6320000000000002e-02 9.5309356800000000e+02
5.8612164999999997e+01 2.8247100000000003e-01 6.1760000000000002e-02 9.5360665700000004e+02
6.3801049999999996e+01 3.1340099999999999e-01 6.7199999999999996e-02 9.5408587899999998e+02
6.8992482999999993e+01 3.4581600000000001e-01 7.2639999999999996e-02 9.5454884300000003e+02
7.4186424000000002e+01 3.8084000000000001e-01 7.8079999999999997e-02 9.5501284299999998e+02
7.9382924000000003e+01 4.1983500000000001e-01 8.3519999999999997e-02 9.5549456699999996e+02
8.4582121999999998e+01 4.6436200000000000e-01 8.8959999999999997e-02 9.5600989500000003e+02
8.9784243000000004e+01 5.1615599999999995e-01 9.4399999999999998e-02 9.5657377199999996e+02
9.4989587000000000e+01 5.7709999999999995e-01 9.9839999999999998e-02 9.5720013500000005e+02
1.0019853200000000e+02 6.4915299999999998e-01 1.0528000000000000e-01 9.5790148499999998e+02
1.0541145200000000e+02 7.3147899999999999e-01 1.1072000000000000e-01 9.5866260699999998e+02
1.1062872200000000e+02 8.2751300000000005e-01 1.1616000000000000e-01 9.5950788799999998e+02
1.1585085700000000e+02 9.4037300000000001e-01 1.2160000000000000e-01 9.6045592099999999e+02
1.2107844799999999e+02 1.0726500000000001e+00 1.2703999999999999e-01 9.6151855499999999e+02
1.2631214600000000e+02 1.2267859999999999e+00 1.3247999999999999e-01 9.6270501000000002e+02
1.3155264500000001e+02 1.4051439999999999e+00 1.3791999999999999e-01 9.6402280800000005e+02
1.3680067700000001e+02 1.6100300000000001e+00 1.4335999999999999e-01 9.6547817699999996e+02
1.4205700500000000e+02 1.8436930000000000e+00 1.4879999999999999e-01 9.6707628699999998e+02
1.4732241700000000e+02 2.1083349999999998e+00 1.5423999999999999e-01 9.6882141100000001e+02
1.5259772300000000e+02 2.4061050000000002e+00 1.5967999999999999e-01 9.7071705499999996e+02
1.5788374999999999e+02 2.7391000000000001e+00 1.6511999999999999e-01 9.7276605099999995e+02
1.6318133900000001e+02 3.1093660000000001e+00 1.7055999999999999e-01 9.7497064999999998e+02
1.6849134100000001e+02 3.5188980000000001e+00 1.7599999999999999e-01 9.7733259399999997e+02
1.7381461600000000e+02 3.9696400000000001e+00 1.8143999999999999e-01 9.7985318500000005e+02
1.7915203000000000e+02 4.4634859999999996e+00 1.8687999999999999e-01 9.8253334199999995e+02
1.8450445199999999e+02 5.0022840000000004e+00 1.9231999999999999e-01 9.8537365000000000e+02
1.8987275600000001e+02 5.5878340000000000e+00 1.9775999999999999e-01 9.8837440900000001e+02
1.9525781400000000e+02 6.2218920000000004e+00 2.0319999999999999e-01 9.9153566899999998e+02
2.0066049899999999e+02 6.9061690000000002e+00 2.0863999999999999e-01 9.9485726199999999e+02
2.0608168300000000e+02 7.6423329999999998e+00 2.1407999999999999e-01 9.9833882800000003e+02
2.1152223599999999e+02 8.4320090000000008e+00 2.1951999999999999e-01 1.0019798350000000e+03
2.1698302100000001e+02 9.2767789999999994e+00 2.2495999999999999e-01 1.0057795990000000e+03
2.2246490299999999e+02 1.0178182000000000e+01 2.3039999999999999e-01 1.0097372920000000e+03
2.2796873700000000e+02 1.1137712000000001e+01 2.3583999999999999e-01 1.0138519550000000e+03
2.3349537400000000e+02 1.2156817000000000e+01 2.4127999999999999e-01 1.0181225010000001e+03
2.3904566000000000e+02 1.3236898000000000e+01 2.4671999999999999e-01 1.0225477210000000e+03
2.4462043299999999e+02 1.4379306000000000e+01 2.5216000000000000e-01 1.0271262870000000e+03
2.5022052400000001e+02 1.5585341000000000e+01 2.5760000000000000e-01 1.0318567499999999e+03
2.5584675500000000e+02 1.6856245999999999e+01 2.6304000000000000e-01 1.0367375450000000e+03
2.6149993899999998e+02 1.8193209000000000e+01 2.6848000000000000e-01 1.0417669860000001e+03
2.6718088000000000e+02 1.9597358000000000e+01 2.7392000000000000e-01 1.0469432730000001e+03
2.7289037400000001e+02 2.1069759999999999e+01 2.7936000000000000e-01 1.0522644849999999e+03
2.7862920200000002e+02 2.2611415999999998e+01 2.8480000000000000e-01 1.0577285850000001e+03
2.8439813700000002e+02 2.4223262999999999e+01 2.9024000000000000e-01 1.0633334219999999e+03
2.9019793900000002e+02 2.5906167000000000e+01 2.9568000000000000e-01 1.0690767340000000e+03
2.9602935500000001e+02 2.7660927999999998e+01 3.0112000000000000e-01 1.0749561480000000e+03
3.0189311800000002e+02 2.9488274000000001e+01 3.0656000000000000e-01 1.0809691880000000e+03
3.0778994899999998e+02 3.1388860999999999e+01 3.1200000000000000e-01 1.0871132769999999e+03
3.1372055399999999e+02 3.3363275000000002e+01 3.1744000000000000e-01 1.0933857479999999e+03
3.1968562500000002e+02 3.5412030000000001e+01 3.2288000000000000e-01 1.0997838460000000e+03
3.2568583699999999e+02 3.7535572000000002e+01 3.2832000000000000e-01 1.1063047389999999e+03
3.3172185000000002e+02 3.9734273999999999e+01 3.3376000000000000e-01 1.1129455250000001e+03
3.3779431000000000e+02 4.2008445000000002e+01 3.3920000000000000e-01 1.1197032400000001e+03
3.4390384299999999e+02 4.4358324000000003e+01 3.4464000000000000e-01 1.1265748690000000e+03
3.5005106000000001e+02 4.6775536000000002e+01 3.5008000000000000e-01 1.1335329119999999e+03
3.5623366600000003e+02 4.8867733999999999e+01 3.5552000000000000e-01 1.1394633660000000e+03
3.6244716499999998e+02 5.0842106000000001e+01 3.6096000000000000e-01 1.1449742249999999e+03
3.6869011899999998e+02 5.2782547999999998e+01 3.6640000000000000e-01 1.1503092280000001e+03
3.7496179200000000e+02 5.4713731000000003e+01 3.7184000000000000e-01 1.1555404650000000e+03
3.8126172700000001e+02 5.6647846000000001e+01 3.7728000000000000e-01 1.1607035240000000e+03
3.8758961399999998e+02 5.8592131999999999e+01 3.8272000000000000e-01 1.1658194180000000e+03
3.9394523500000003e+02 6.0551357000000003e+01 3.8816000000000001e-01 1.1709018510000001e+03
4.0032843700000001e+02 6.2528875999999997e+01 3.9360000000000001e-01 1.1759603480000001e+03
4.0673824200000001e+02 6.4346029999999999e+01 3.9904000000000001e-01 1.1805457120000001e+03
4.1317187000000001e+02 6.6071554000000006e+01 4.0448000000000001e-01 1.1848400950000000e+03
4.1962871500000000e+02 6.7802077999999995e+01 4.0992000000000001e-01 1.1890893329999999e+03
4.2610862800000001e+02 6.9549307999999996e+01 4.1536000000000001e-01 1.1933230229999999e+03
4.3261156000000000e+02 7.1318206000000004e+01 4.2080000000000001e-01 1.1975534419999999e+03
4.3913751300000001e+02 7.3111529000000004e+01 4.2624000000000001e-01 1.2017871929999999e+03
4.4568651599999998e+02 7.4931044999999997e+01 4.3168000000000001e-01 1.2060283110000000e+03
4.5225861800000001e+02 7.6777990000000003e+01 4.3712000000000001e-01 1.2102794590000001e+03
4.5885387900000001e+02 7.8653283000000002e+01 4.4256000000000001e-01 1.2145424800000001e+03
4.6547236600000002e+02 8.0557638999999995e+01 4.4800000000000001e-01 1.2188186880000001e+03
4.7211415499999998e+02 8.2491632999999993e+01 4.5344000000000001e-01 1.2231090420000000e+03
4.7877932399999997e+02 8.4455740000000006e+01 4.5888000000000001e-01 1.2274142440000001e+03
4.8546795600000002e+02 8.6450357999999994e+01 4.6432000000000001e-01 1.2317348099999999e+03
4.9218013400000001e+02 8.8475830999999999e+01 4.6976000000000001e-01 1.2360711150000000e+03
4.9891594700000002e+02 9.0532454000000001e+01 4.7520000000000001e-01 1.2404234250000000e+03
5.0567548099999999e+02 9.2620487999999995e+01 4.8064000000000001e-01 1.2447919199999999e+03
5.1245882400000005e+02 9.4740161999999998e+01 4.8608000000000001e-01 1.2491767110000001e+03
5.1926606600000002e+02 9.6891682000000003e+01 4.9152000000000001e-01 1.2535778539999999e+03
5.2609729600000003e+02 9.9075230000000005e+01 4.9696000000000001e-01 1.2579953570000000e+03
5.3295260199999996e+02 1.0129096900000000e+02 5.0239999999999996e-01 1.2624291929999999e+03
5.3983207300000004e+02 1.0353904700000000e+02 5.0783999999999996e-01 1.2668793029999999e+03
5.4673579800000005e+02 1.0581959700000000e+02 5.1327999999999996e-01 1.2713455990000000e+03
5.5366386399999999e+02 1.0813273900000000e+02 5.1871999999999996e-01 1.2758279729999999e+03
5.6061635899999999e+02 1.1047858100000001e+02 5.2415999999999996e-01 1.2803262980000000e+03
5.6759336900000005e+02 1.1285722100000000e+02 5.2959999999999996e-01 1.2848404290000001e+03
5.7459497899999997e+02 1.1526874599999999e+02 5.3503999999999996e-01 1.2893702080000000e+03
5.8162127399999997e+02 1.1771323700000001e+02 5.4047999999999996e-01 1.2939154670000000e+03
5.8867233799999997e+02 1.2019076500000000e+02 5.4591999999999996e-01 1.2984760269999999e+03
5.9574825399999997e+02 1.2270139200000000e+02 5.5135999999999996e-01 1.3030516980000000e+03
6.0284910300000001e+02 1.2524517500000000e+02 5.5679999999999996e-01 1.3076422880000000e+03
6.0997496599999999e+02 1.2782216400000000e+02 5.6223999999999996e-01 1.3122475959999999e+03
6.1712592299999994e+02 1.3043240399999999e+02 5.6767999999999996e-01 1.3168674149999999e+03
6.2430205100000001e+02 1.3307593299999999e+02 5.7311999999999996e-01 1.3215015360000000e+03
6.3150342899999998e+02 1.3575278299999999e+02 5.7855999999999996e-01 1.3261497469999999e+03
6.3873013100000003e+02 1.3846298300000001e+02 5.8399999999999996e-01 1.3308118320000001e+03
6.4598223399999995e+02 1.4120655600000001e+02 5.8943999999999996e-01 1.3354875730000001e+03
6.5325981100000001e+02 1.4398352000000000e+02 5.9487999999999996e-01 1.3401767510000000e+03
6.6056293300000004e+02 1.4679389200000000e+02 6.0031999999999996e-01 1.3448791470000001e+03
6.6789167399999997e+02 1.4963768099999999e+02 6.0575999999999997e-01 1.3495945400000001e+03
6.7524610199999995e+02 1.5251489500000000e+02 6.1119999999999997e-01 1.3543227099999999e+03
6.8262628600000005e+02 1.5542553799999999e+02 6.1663999999999997e-01 1.3590634359999999e+03
6.9003229499999998e+02 1.5836960900000000e+02 6.2207999999999997e-01 1.3638164990000000e+03
6.9746419500000002e+02 1.6134710799999999e+02 6.2751999999999997e-01 1.3685816800000000e+03
7.0492205100000001e+02 1.6435802699999999e+02 6.3295999999999997e-01 1.3733587600000001e+03
7.1240592700000002e+02 1.6740235999999999e+02 6.3839999999999997e-01 1.3781475240000000e+03
7.1991588600000000e+02 1.7048009400000001e+02 6.4383999999999997e-01 1.3829477549999999e+03
7.2745199100000002e+02 1.7359121700000000e+02 6.4927999999999997e-01 1.3877592420000001e+03
7.3501430100000005e+02 1.7673571400000000e+02 6.5471999999999997e-01 1.3925817709999999e+03
7.4260287600000004e+02 1.7991356600000000e+02 6.6015999999999997e-01 1.3974151340000001e+03
7.5021777499999996e+02 1.8312475400000000e+02 6.6559999999999997e-01 1.4022591230000000e+03
7.5785905500000001e+02 1.8636925700000000e+02 6.7103999999999997e-01 1.4071135320000001e+03
7.6552677200000005e+02 1.8964705000000001e+02 6.7647999999999997e-01 1.4119781579999999e+03
7.7322098100000005e+02 1.9295810900000001e+02 6.8191999999999997e-01 1.4168528010000000e+03
7.8094173499999999e+02 1.9630240599999999e+02 6.8735999999999997e-01 1.4217372630000000e+03
7.8868908899999997e+02 1.9967991499999999e+02 6.9279999999999997e-01 1.4266313470000000e+03
7.9646309299999996e+02 2.0309060400000001e+02 6.9823999999999997e-01 1.4315348600000000e+03
8.0426379899999995e+02 2.0653444400000001e+02 7.0367999999999997e-01 1.4364476130000000e+03
8.1209125500000005e+02 2.1001140100000001e+02 7.0911999999999997e-01 1.4413694160000000e+03
8.1994551200000001e+02 2.1352144300000000e+02 7.1455999999999997e-01 1.4463000860000000e+03
8.2782661599999994e+02 2.1706453500000001e+02 7.1999999999999997e-01 1.4512394380000001e+03
8.3573461399999997e+02 2.2064064099999999e+02 7.2543999999999997e-01 1.4561872949999999e+03
8.4366955299999995e+02 2.2424972600000001e+02 7.3087999999999997e-01 1.4611434770000001e+03
8.5163147700000002e+02 2.2789175100000000e+02 7.3631999999999997e-01 1.4661078120000000e+03
8.5962042899999994e+02 2.3156667999999999e+02 7.4175999999999997e-01 1.4710801280000001e+03
8.6763645299999996e+02 2.3527447300000000e+02 7.4719999999999998e-01 1.4760602550000001e+03
8.7567959099999996e+02 2.3901508999999999e+02 7.5263999999999998e-01 1.4810480290000000e+03
8.8374988299999995e+02 2.4278849099999999e+02 7.5807999999999998e-01 1.4860432850000000e+03
8.9184737099999995e+02 2.4659463700000001e+02 7.6351999999999998e-01 1.4910458630000001e+03
8.9997209399999997e+02 2.5043348499999999e+02 7.6895999999999998e-01 1.4960556059999999e+03
9.0812409000000002e+02 2.5430499399999999e+02 7.7439999999999998e-01 1.5010723579999999e+03
9.1630339600000002e+02 2.5820912199999998e+02 7.7983999999999998e-01 1.5060959680000001e+03
9.2451004999999998e+02 2.6214582600000000e+02 7.8527999999999998e-01 1.5111262850000001e+03
9.3274408800000003e+02 2.6611506400000002e+02 7.9071999999999998e-01 1.5161631620000001e+03
9.4100554499999998e+02 2.7011679299999997e+02 7.9615999999999998e-01 1.5212064559999999e+03
9.4929445599999997e+02 2.7415096799999998e+02 8.0159999999999998e-01 1.5262560240000000e+03
9.5761085400000002e+02 2.7821754800000002e+02 8.0703999999999998e-01 1.5313117279999999e+03
9.6595477200000005e+02 2.8231648700000000e+02 8.1247999999999998e-01 1.5363734320000001e+03
9.7432624299999998e+02 2.8644774300000000e+02 8.1791999999999998e-01 1.5414410020000000e+03
9.8272529799999995e+02 2.9061127299999998e+02 8.2335999999999998e-01 1.5465143069999999e+03
9.9115196900000001e+02 2.9480703099999999e+02 8.2879999999999998e-01 1.5515932180000000e+03
9.9960628399999996e+02 2.9903497499999997e+02 8.3423999999999998e-01 1.5566776100000000e+03
1.0080882740000000e+03 3.0329506099999998e+02 8.3967999999999998e-01 1.5617673600000001e+03
1.0165979670000000e+03 3.0758724699999999e+02 8.4511999999999998e-01 1.5668623480000001e+03
1.0251353919999999e+03 3.1191148900000002e+02 8.5055999999999998e-01 1.5719624540000000e+03
1.0337005760000000e+03 3.1626774499999999e+02 8.5599999999999998e-01 1.5770675659999999e+03
1.0422935460000001e+03 3.2065597200000002e+02 8.6143999999999998e-01 1.5821775689999999e+03
1.0509143280000001e+03 3.2507613099999998e+02 8.6687999999999998e-01 1.5872923559999999e+03
1.0595629489999999e+03 3.2952817900000002e+02 8.7231999999999998e-01 1.5924118180000000e+03
1.0682394320000001e+03 3.3401207799999997e+02 8.7775999999999998e-01 1.5975358540000000e+03
1.0769438040000000e+03 3.3852778899999998e+02 8.8319999999999999e-01 1.6026643620000000e+03
1.0856760870000001e+03 3.4307527499999998e+02 8.8863999999999999e-01 1.6077972470000000e+03
1.0944363060000001e+03 3.4765449999999998e+02 8.9407999999999999e-01 1.6129344140000001e+03
1.1032244830000000e+03 3.5226543199999998e+02 8.9951999999999999e-01 1.6180757759999999e+03
1.1120406410000001e+03 3.5690804100000003e+02 9.0495999999999999e-01 1.6232212469999999e+03
1.1208848020000000e+03 3.6158229899999998e+02 9.1039999999999999e-01 1.6283707509999999e+03
1.1297569890000000e+03 3.6628818699999999e+02 9.1583999999999999e-01 1.6335242149999999e+03
1.1386572209999999e+03 3.7102568800000000e+02 9.2127999999999999e-01 1.6386815759999999e+03
1.1475855210000000e+03 3.7579480000000001e+02 9.2671999999999999e-01 1.6438427850000000e+03
1.1565419090000000e+03 3.8059553299999999e+02 9.3215999999999999e-01 1.6490078070000000e+03
1.1655264050000001e+03 3.8542792500000002e+02 9.3759999999999999e-01 1.6541766399999999e+03
1.1745390310000000e+03 3.9029206699999997e+02 9.4303999999999999e-01 1.6593493370000001e+03
1.1835798090000001e+03 3.9518819500000001e+02 9.4847999999999999e-01 1.6645261000000000e+03
1.1926487620000000e+03 4.0011722600000002e+02 9.5391999999999999e-01 1.6697078489999999e+03
1.2017459140000001e+03 4.0507767400000000e+02 9.5935999999999999e-01 1.6748929740000001e+03
1.2108712810000000e+03 4.1006872600000003e+02 9.6479999999999999e-01 1.6800805909999999e+03
1.2200248770000001e+03 4.1509032600000000e+02 9.7023999999999999e-01 1.6852706160000000e+03
1.2292067130000000e+03 4.2014242300000001e+02 9.7567999999999999e-01 1.6904629649999999e+03
1.2384168020000000e+03 4.2522496000000001e+02 9.8111999999999999e-01 1.6956575600000001e+03
1.2476551560000000e+03 4.3033788700000002e+02 9.8655999999999999e-01 1.7008543199999999e+03
1.2569217880000001e+03 4.3548114800000002e+02 9.9199999999999999e-01 1.7060531670000000e+03
1.2662167070000000e+03 4.4065469100000001e+02 9.9743999999999999e-01 1.7112540270000000e+03
1.2755399250000000e+03 4.4585846299999997e+02 1.0028800000000000e+00 1.7164568230000000e+03
1.2848914520000001e+03 4.5109241200000002e+02 1.0083200000000001e+00 1.7216614840000000e+03
1.2942712970000000e+03 4.5635648700000002e+02 1.0137600000000000e+00 1.7268679370000000e+03
1.3036794720000000e+03 4.6165063400000003e+02 1.0192000000000001e+00 1.7320761120000000e+03
1.3131159840000000e+03 4.6697480200000001e+02 1.0246400000000000e+00 1.7372859400000000e+03
1.3225808420000001e+03 4.7232894099999999e+02 1.0300800000000001e+00 1.7424973540000001e+03
1.3320740550000000e+03 4.7771299800000003e+02 1.0355200000000000e+00 1.7477102880000000e+03
1.3415956320000000e+03 4.8312692299999998e+02 1.0409600000000001e+00 1.7529246770000000e+03
1.3511455790000000e+03 4.8857066600000002e+02 1.0464000000000000e+00 1.7581404570000000e+03
1.3607239039999999e+03 4.9404417699999999e+02 1.0518400000000001e+00 1.7633575650000000e+03
1.3703306140000000e+03 4.9954740399999997e+02 1.0572800000000000e+00 1.7685759419999999e+03
1.3799657159999999e+03 5.0508029900000002e+02 1.0627200000000001e+00 1.7737955260000001e+03
1.3896292169999999e+03 5.1064281199999999e+02 1.0681600000000000e+00 1.7790162590000000e+03
1.3993211220000001e+03 5.1623489500000005e+02 1.0736000000000001e+00 1.7842380840000001e+03
1.4090414370000001e+03 5.2185649699999999e+02 1.0790400000000000e+00 1.7894609439999999e+03
1.4187901670000001e+03 5.2750756999999999e+02 1.0844800000000001e+00 1.7946847829999999e+03
1.4285673190000000e+03 5.3318806600000005e+02 1.0899200000000000e+00 1.7999095470000000e+03
1.4383728960000001e+03 5.3889793699999996e+02 1.0953599999999999e+00 1.8051351830000001e+03
1.4482069030000000e+03 5.4463713499999994e+02 1.1008000000000000e+00 1.8103616380000001e+03
1.4580693450000001e+03 5.5040561200000002e+02 1.1062399999999999e+00 1.8155888620000001e+03
1.4679602259999999e+03 5.5620331999999996e+02 1.1116800000000000e+00 1.8208168040000000e+03
1.4778795490000000e+03 5.6203021300000000e+02 1.1171199999999999e+00 1.8260454150000000e+03
1.4878273180000001e+03 5.6788624400000003e+02 1.1225600000000000e+00 1.8312746450000000e+03
1.4978035359999999e+03 5.7377136599999994e+02 1.1279999999999999e+00 1.8365044490000000e+03
1.5078082059999999e+03 5.7968553299999996e+02 1.1334400000000000e+00 1.8417347789999999e+03
1.5178413310000001e+03 5.8562869799999999e+02 1.1388799999999999e+00 1.8469655889999999e+03
1.5279029129999999e+03 5.9160081500000001e+02 1.1443200000000000e+00 1.8521968360000001e+03
1.5379929549999999e+03 5.9760184000000004e+02 1.1497599999999999e+00 1.8574284740000001e+03
1.5481114580000001e+03 6.0363172499999996e+02 1.1552000000000000e+00 1.8626604609999999e+03
1.5582584250000000e+03 6.0969042700000000e+02 1.1606399999999999e+00 1.8678927540000000e+03
1.5684338560000001e+03 6.1577790000000005e+02 1.1660800000000000e+00 1.8731253119999999e+03
1.5786377540000001e+03 6.2189409999999998e+02 1.1715199999999999e+00 1.8783580930000001e+03
1.5888701120000001e+03 6.2802403400000003e+02 1.1769600000000000e+00 1.8835783530000001e+03
1.5991306270000000e+03 6.3407730400000003e+02 1.1823999999999999e+00 1.8887095540000000e+03
1.6094189400000000e+03 6.4011245899999994e+02 1.1878400000000000e+00 1.8938019059999999e+03
1.6197348890000001e+03 6.4614784899999995e+02 1.1932799999999999e+00 1.8988711860000001e+03
1.6300783680000000e+03 6.5219081800000004e+02 1.1987200000000000e+00 1.9039237430000001e+03
1.6404492969999999e+03 6.5824547500000006e+02 1.2041599999999999e+00 1.9089631509999999e+03
1.6508476109999999e+03 6.6431447100000003e+02 1.2096000000000000e+00 1.9139917250000001e+03
1.6612732550000001e+03 6.7039966300000003e+02 1.2150399999999999e+00 1.9190110940000000e+03
1.6717261830000000e+03 6.7650242300000002e+02 1.2204800000000000e+00 1.9240224670000000e+03
1.6822063539999999e+03 6.8262380599999995e+02 1.2259199999999999e+00 1.9290267779999999e+03
1.6927137310000001e+03 6.8876464799999997e+02 1.2313600000000000e+00 1.9340247690000001e+03
1.7032482820000000e+03 6.9492562499999997e+02 1.2367999999999999e+00 1.9390170439999999e+03
1.7138099769999999e+03 7.0110729500000002e+02 1.2422400000000000e+00 1.9440041040000001e+03
1.7243987890000001e+03 7.0731012499999997e+02 1.2476799999999999e+00 1.9489863680000001e+03
1.7350146920000000e+03 7.1353451099999995e+02 1.2531200000000000e+00 1.9539641970000000e+03
1.7456576650000000e+03 7.1978079100000002e+02 1.2585599999999999e+00 1.9589378970000000e+03
1.7563276830000000e+03 7.2604925900000001e+02 1.2640000000000000e+00 1.9639077370000000e+03
1.7670247290000000e+03 7.3234017100000005e+02 1.2694399999999999e+00 1.9688739519999999e+03
1.7777487810000000e+03 7.3865374999999995e+02 1.2748800000000000e+00 1.9738367490000001e+03
1.7884998230000001e+03 7.4499019499999997e+02 1.2803199999999999e+00 1.9787963110000001e+03
1.7992778360000000e+03 7.5134967900000004e+02 1.2857600000000000e+00 1.9837528020000000e+03
1.8100828059999999e+03 7.5773235899999997e+02 1.2911999999999999e+00 1.9887063700000001e+03
1.8209147149999999e+03 7.6413837400000000e+02 1.2966400000000000e+00 1.9936571469999999e+03
1.8317735490000000e+03 7.7056785000000002e+02 1.3020799999999999e+00 1.9986052520000001e+03
1.8426592949999999e+03 7.7702089999999998e+02 1.3075200000000000e+00 2.0035507940000000e+03
1.8535719380000000e+03 7.8349762399999997e+02 1.3129599999999999e+00 2.0084938720000000e+03
1.8645114650000000e+03 7.8999811499999998e+02 1.3184000000000000e+00 2.0134345770000000e+03
1.8754778640000000e+03 7.9652245600000003e+02 1.3238399999999999e+00 2.0183729900000001e+03
1.8864711219999999e+03 8.0307072400000004e+02 1.3292800000000000e+00 2.0233091870000001e+03
1.8974912270000000e+03 8.0964298499999995e+02 1.3347199999999999e+00 2.0282432400000000e+03
1.9085381680000000e+03 8.1623930499999994e+02 1.3401600000000000e+00 2.0331752110000000e+03
1.9196119340000000e+03 8.2285973899999999e+02 1.3455999999999999e+00 2.0381051600000001e+03
1.9307125129999999e+03 8.2950433899999996e+02 1.3510400000000000e+00 2.0430331420000000e+03
1.9418398960000000e+03 8.3617315399999995e+02 1.3564799999999999e+00 2.0479592080000000e+03
1.9529940720000000e+03 8.4286622599999998e+02 1.3619200000000000e+00 2.0528834059999999e+03
1.9641750310000000e+03 8.4958359499999995e+02 1.3673599999999999e+00 2.0578057779999999e+03
1.9753827630000001e+03 8.5632529799999998e+02 1.3728000000000000e+00 2.0627263670000002e+03
1.9866172580000000e+03 8.6309136699999999e+02 1.3782399999999999e+00 2.0676452100000001e+03
1.9978785080000000e+03 8.6988183200000003e+02 1.3836800000000000e+00 2.0725623430000001e+03
2.0091665020000000e+03 8.7669672100000003e+02 1.3891199999999999e+00 2.0774777979999999e+03
2.0204812320000001e+03 8.8353605900000002e+02 1.3945600000000000e+00 2.0823916070000000e+03
2.0318226890000001e+03 8.9039986699999997e+02 1.3999999999999999e+00 2.0873037989999998e+03
