# epsilon[MeV/fm^3] P[MeV/fm^3] nB[fm^-3] muB[MeV]
3.7951580999999997e+01 1.8977700000000000e-01 4.0000000000000001e-02 9.5353576899999996e+02
4.3140484999999998e+01 2.1534000000000000e-01 4.5440000000000001e-02 9.5413527199999999e+02
4.8332220999999997e+01 2.3698700000000000e-01 5.0880000000000002e-02 9.5458531000000005e+02
5.3526071999999999e+01 2.5494899999999998e-01 5.6320000000000002e-02 9.5492048999999997e+02
5.8721502999999998e+01 2.6994200000000002e-01 6.1760000000000002e-02 9.5517414299999996e+02
6.3918156000000003e+01 2.8309699999999999e-01 6.7199999999999996e-02 9.5537756800000000e+02
6.9115836999999999e+01 2.9588799999999998e-01 7.2639999999999996e-02 9.5555967099999998e+02
7.4314503999999999e+01 3.1007099999999999e-01 7.8079999999999997e-02 9.5574684500000001e+02
7.9514250000000004e+01 3.2763199999999998e-01 8.3519999999999997e-02 9.5596298999999999e+02
8.4715290999999993e+01 3.5059200000000001e-01 8.8959999999999997e-02 9.5622795399999995e+02
8.9917867000000001e+01 3.7855699999999998e-01 9.4399999999999998e-02 9.5653166399999998e+02
9.5122280000000003e+01 4.1563000000000000e-01 9.9839999999999998e-02 9.5691190099999994e+02
1.0032901800000000e+02 4.6511900000000000e-01 1.0528000000000000e-01 9.5739287000000002e+02
1.0553867600000000e+02 5.2984200000000004e-01 1.1072000000000000e-01 9.5799052099999994e+02
1.1075192100000000e+02 6.1243999999999998e-01 1.1616000000000000e-01 9.5871696099999997e+02
1.1596948100000000e+02 7.1543599999999996e-01 1.2160000000000000e-01 9.5958163800000000e+02
1.2119212800000000e+02 8.4124900000000002e-01 1.2703999999999999e-01 9.6059190799999999e+02
1.2642067200000000e+02 9.9219100000000005e-01 1.3247999999999999e-01 9.6175339799999995e+02
1.3165594500000000e+02 1.1704690000000000e+00 1.3791999999999999e-01 9.6307026199999996e+02
1.3689880299999999e+02 1.3781810000000001e+00 1.4335999999999999e-01 9.6454540599999996e+02
1.4215011100000001e+02 1.6173190000000000e+00 1.4879999999999999e-01 9.6618067299999996e+02
1.4741074300000000e+02 1.8897679999999999e+00 1.5423999999999999e-01 9.6797701500000005e+02
1.5268157700000000e+02 2.1973159999999998e+00 1.5967999999999999e-01 9.6993465300000003e+02
1.5796349000000001e+02 2.5416560000000001e+00 1.6511999999999999e-01 9.7205321500000002e+02
1.6325735399999999e+02 2.9243999999999999e+00 1.7055999999999999e-01 9.7433186799999999e+02
1.6856403800000001e+02 3.3470830000000000e+00 1.7599999999999999e-01 9.7676943000000006e+02
1.7388440199999999e+02 3.8111799999999998e+00 1.8143999999999999e-01 9.7936446699999999e+02
1.7921929900000001e+02 4.3181060000000002e+00 1.8687999999999999e-01 9.8211537699999997e+02
1.8456957299999999e+02 4.8692359999999999e+00 1.9231999999999999e-01 9.8502045599999997e+02
1.8993605700000001e+02 5.4659050000000002e+00 1.9775999999999999e-01 9.8807795099999998e+02
1.9531957600000001e+02 6.1094169999999997e+00 2.0319999999999999e-01 9.9128610200000003e+02
2.0072094500000000e+02 6.8010529999999996e+00 2.0863999999999999e-01 9.9464317000000005e+02
2.0614097000000001e+02 7.5420759999999998e+00 2.1407999999999999e-01 9.9814745500000004e+02
2.1158044799999999e+02 8.3337280000000007e+00 2.1951999999999999e-01 1.0017973130000000e+03
2.1704016500000000e+02 9.1772399999999994e+00 2.2495999999999999e-01 1.0055911500000000e+03
2.2252090200000001e+02 1.0073829000000000e+01 2.3039999999999999e-01 1.0095274300000000e+03
2.2802342999999999e+02 1.1024696000000000e+01 2.3583999999999999e-01 1.0136046640000000e+03
2.3354851199999999e+02 1.2031029000000000e+01 2.4127999999999999e-01 1.0178214030000000e+03
2.3909690300000000e+02 1.3093999000000000e+01 2.4671999999999999e-01 1.0221762250000000e+03
2.4466935000000001e+02 1.4214757000000001e+01 2.5216000000000000e-01 1.0266677250000000e+03
2.5026659500000000e+02 1.5394432999999999e+01 2.5760000000000000e-01 1.0312944990000001e+03
2.5588936799999999e+02 1.6634129000000001e+01 2.6304000000000000e-01 1.0360551340000000e+03
2.6153839599999998e+02 1.7934919000000001e+01 2.6848000000000000e-01 1.0409481910000000e+03
2.6721439500000002e+02 1.9297844000000001e+01 2.7392000000000000e-01 1.0459721939999999e+03
2.7291807299999999e+02 2.0723905999999999e+01 2.7936000000000000e-01 1.0511256200000000e+03
2.7865013099999999e+02 2.2214065999999999e+01 2.8480000000000000e-01 1.0564068850000001e+03
2.8441126000000003e+02 2.3769240000000000e+01 2.9024000000000000e-01 1.0618143379999999e+03
2.9020214099999998e+02 2.5390294999999998e+01 2.9568000000000000e-01 1.0673462540000000e+03
2.9602344900000003e+02 2.7078044999999999e+01 3.0112000000000000e-01 1.0730008230000001e+03
3.0187584500000003e+02 2.8833248000000001e+01 3.0656000000000000e-01 1.0787761539999999e+03
3.0775998099999998e+02 3.0656606000000000e+01 3.1200000000000000e-01 1.0846702630000000e+03
3.1367649899999998e+02 3.2548757999999999e+01 3.1744000000000000e-01 1.0906810790000000e+03
3.1962602700000002e+02 3.4510280999999999e+01 3.2288000000000000e-01 1.0968064409999999e+03
3.2560918400000003e+02 3.6541690000000003e+01 3.2832000000000000e-01 1.1030441000000001e+03
3.3162657300000001e+02 3.8643433000000002e+01 3.3376000000000000e-01 1.1093917240000001e+03
3.3767878800000000e+02 4.0815894000000000e+01 3.3920000000000000e-01 1.1158468989999999e+03
3.4376640600000002e+02 4.3059393000000000e+01 3.4464000000000000e-01 1.1224071369999999e+03
3.4988999300000000e+02 4.5374184000000000e+01 3.5008000000000000e-01 1.1290698820000000e+03
3.5605009899999999e+02 4.7760458000000000e+01 3.5552000000000000e-01 1.1358325150000001e+03
3.6224724700000002e+02 5.0198283000000004e+01 3.6096000000000000e-01 1.1426367430000000e+03
3.6847887400000002e+02 5.2305466000000003e+01 3.6640000000000000e-01 1.1484306180000001e+03
3.7474079100000000e+02 5.4303009000000003e+01 3.7184000000000000e-01 1.1538415680000001e+03
3.8103163599999999e+02 5.6265801000000003e+01 3.7728000000000000e-01 1.1590810389999999e+03
3.8735068000000001e+02 5.8217419999999997e+01 3.8272000000000000e-01 1.1642160510000001e+03
3.9369745699999999e+02 6.0169724000000002e+01 3.8816000000000001e-01 1.1692803400000000e+03
4.0007163100000002e+02 6.2115696000000000e+01 3.9360000000000001e-01 1.1742581610000000e+03
4.0647100599999999e+02 6.3810487000000002e+01 3.9904000000000001e-01 1.1785339489999999e+03
4.1289319799999998e+02 6.5476422999999997e+01 4.0448000000000001e-01 1.1826797959999999e+03
4.1933782400000001e+02 6.7149215999999996e+01 4.0992000000000001e-01 1.1867870590000000e+03
4.2580474500000003e+02 6.8837923000000004e+01 4.1536000000000001e-01 1.1908787270000000e+03
4.3229390999999998e+02 7.0546824999999998e+01 4.2080000000000001e-01 1.1949654550000000e+03
4.3880530700000003e+02 7.2278435000000002e+01 4.2624000000000001e-01 1.1990533009999999e+03
4.4533895500000000e+02 7.4034409999999994e+01 4.3168000000000001e-01 1.2031461059999999e+03
4.5189488799999998e+02 7.5815938000000003e+01 4.3712000000000001e-01 1.2072464789999999e+03
4.5847315300000002e+02 7.7623913999999999e+01 4.4256000000000001e-01 1.2113562700000000e+03
4.6507380400000000e+02 7.9459042999999994e+01 4.4800000000000001e-01 1.2154768290000000e+03
4.7169690400000002e+02 8.1321894000000000e+01 4.5344000000000001e-01 1.2196091620000000e+03
4.7834251799999998e+02 8.3212939000000006e+01 4.5888000000000001e-01 1.2237540260000001e+03
4.8501071600000000e+02 8.5132580000000004e+01 4.6432000000000001e-01 1.2279119889999999e+03
4.9170157100000000e+02 8.7081157000000005e+01 4.6976000000000001e-01 1.2320834809999999e+03
4.9841515700000002e+02 8.9058967999999993e+01 4.7520000000000001e-01 1.2362688169999999e+03
5.0515155099999998e+02 9.1066271000000000e+01 4.8064000000000001e-01 1.2404682250000001e+03
5.1191082899999998e+02 9.3103295000000003e+01 4.8608000000000001e-01 1.2446818610000000e+03
5.1869306900000004e+02 9.5170242000000002e+01 4.9152000000000001e-01 1.2489098200000001e+03
5.2549834899999996e+02 9.7267290000000003e+01 4.9696000000000001e-01 1.2531521499999999e+03
5.3232674799999995e+02 9.9394598999999999e+01 5.0239999999999996e-01 1.2574088560000000e+03
5.3917834300000004e+02 1.0155231100000000e+02 5.0783999999999996e-01 1.2616799090000000e+03
5.4605321300000003e+02 1.0374055100000000e+02 5.1327999999999996e-01 1.2659652520000000e+03
5.5295143499999995e+02 1.0595943200000001e+02 5.1871999999999996e-01 1.2702647990000000e+03
5.5987308599999994e+02 1.0820905300000000e+02 5.2415999999999996e-01 1.2745784440000000e+03
5.6681824300000005e+02 1.1048950200000000e+02 5.2959999999999996e-01 1.2789060649999999e+03
5.7378698099999997e+02 1.1280085500000000e+02 5.3503999999999996e-01 1.2832475190000000e+03
5.8077937499999996e+02 1.1514318100000000e+02 5.4047999999999996e-01 1.2876026520000000e+03
5.8779549799999995e+02 1.1751653700000000e+02 5.4591999999999996e-01 1.2919712970000000e+03
5.9483542599999998e+02 1.1992097300000000e+02 5.5135999999999996e-01 1.2963532769999999e+03
6.0189922799999999e+02 1.2235653100000000e+02 5.5679999999999996e-01 1.3007484059999999e+03
6.0898697600000003e+02 1.2482324500000000e+02 5.6223999999999996e-01 1.3051564890000000e+03
6.1609874100000002e+02 1.2732114300000001e+02 5.6767999999999996e-01 1.3095773270000000e+03
6.2323459000000003e+02 1.2985024700000000e+02 5.7311999999999996e-01 1.3140107120000000e+03
6.3039459199999999e+02 1.3241057000000001e+02 5.7855999999999996e-01 1.3184564330000001e+03
6.3757881399999997e+02 1.3500212300000001e+02 5.8399999999999996e-01 1.3229142770000001e+03
6.4478731900000002e+02 1.3762490900000000e+02 5.8943999999999996e-01 1.3273840240000000e+03
6.5202017400000000e+02 1.4027892700000001e+02 5.9487999999999996e-01 1.3318654540000000e+03
6.5927744099999995e+02 1.4296417000000000e+02 6.0031999999999996e-01 1.3363583440000000e+03
6.6655917999999997e+02 1.4568063000000001e+02 6.0575999999999997e-01 1.3408624700000000e+03
6.7386545400000000e+02 1.4842828900000001e+02 6.1119999999999997e-01 1.3453776060000000e+03
6.8119632100000001e+02 1.5120713100000000e+02 6.1663999999999997e-01 1.3499035269999999e+03
6.8855183999999997e+02 1.5401713100000001e+02 6.2207999999999997e-01 1.3544400069999999e+03
6.9593206599999996e+02 1.5685826399999999e+02 6.2751999999999997e-01 1.3589868200000001e+03
7.0333705699999996e+02 1.5973050000000001e+02 6.3295999999999997e-01 1.3635437390000000e+03
7.1076686500000005e+02 1.6263380599999999e+02 6.3839999999999997e-01 1.3681105410000000e+03
7.1822154499999999e+02 1.6556814600000001e+02 6.4383999999999997e-01 1.3726870010000000e+03
7.2570114799999999e+02 1.6853348099999999e+02 6.4927999999999997e-01 1.3772728959999999e+03
7.3320572500000003e+02 1.7152976899999999e+02 6.5471999999999997e-01 1.3818680059999999e+03
7.4073532499999999e+02 1.7455696599999999e+02 6.6015999999999997e-01 1.3864721110000000e+03
7.4828999699999997e+02 1.7761502600000000e+02 6.6559999999999997e-01 1.3910849920000001e+03
7.5586978799999997e+02 1.8070390000000000e+02 6.7103999999999997e-01 1.3957064350000001e+03
7.6347474399999999e+02 1.8382353599999999e+02 6.7647999999999997e-01 1.4003362239999999e+03
7.7110491000000002e+02 1.8697388300000000e+02 6.8191999999999997e-01 1.4049741469999999e+03
7.7876032899999996e+02 1.9015488400000001e+02 6.8735999999999997e-01 1.4096199970000000e+03
7.8644104400000003e+02 1.9336648299999999e+02 6.9279999999999997e-01 1.4142735650000000e+03
7.9414709700000003e+02 1.9660862100000000e+02 6.9823999999999997e-01 1.4189346459999999e+03
8.0187852699999996e+02 1.9988123999999999e+02 7.0367999999999997e-01 1.4236030380000000e+03
8.0963537499999995e+02 2.0318427600000001e+02 7.0911999999999997e-01 1.4282785420000000e+03
8.1741767700000003e+02 2.0651766699999999e+02 7.1455999999999997e-01 1.4329609610000000e+03
8.2522547199999997e+02 2.0988135000000000e+02 7.1999999999999997e-01 1.4376501000000001e+03
8.3305879500000003e+02 2.1327525900000001e+02 7.2543999999999997e-01 1.4423457679999999e+03
8.4091768100000002e+02 2.1669932600000001e+02 7.3087999999999997e-01 1.4470477750000000e+03
8.4880216399999995e+02 2.2015348499999999e+02 7.3631999999999997e-01 1.4517559360000000e+03
8.5671227799999997e+02 2.2363766799999999e+02 7.4175999999999997e-01 1.4564700670000000e+03
8.6464805300000000e+02 2.2715180300000000e+02 7.4719999999999998e-01 1.4611899870000000e+03
8.7260952199999997e+02 2.3069582199999999e+02 7.5263999999999998e-01 1.4659155200000000e+03
8.8059671400000002e+02 2.3426965300000001e+02 7.5807999999999998e-01 1.4706464890000000e+03
8.8860965799999997e+02 2.3787322499999999e+02 7.6351999999999998e-01 1.4753827229999999e+03
8.9664838199999997e+02 2.4150646399999999e+02 7.6895999999999998e-01 1.4801240510000000e+03
9.0471291499999995e+02 2.4516929800000000e+02 7.7439999999999998e-01 1.4848703089999999e+03
9.1280328099999997e+02 2.4886165199999999e+02 7.7983999999999998e-01 1.4896213310000001e+03
9.2091950699999995e+02 2.5258345399999999e+02 7.8527999999999998e-01 1.4943769569999999e+03
9.2906161699999996e+02 2.5633462700000001e+02 7.9071999999999998e-01 1.4991370290000000e+03
9.3722963400000003e+02 2.6011509799999999e+02 7.9615999999999998e-01 1.5039013900000000e+03
9.4542358300000001e+02 2.6392478999999997e+02 8.0159999999999998e-01 1.5086698879999999e+03
9.5364348399999994e+02 2.6776362899999998e+02 8.0703999999999998e-01 1.5134423730000001e+03
9.6188936000000001e+02 2.7163153699999998e+02 8.1247999999999998e-01 1.5182186979999999e+03
9.7016123000000005e+02 2.7552843799999999e+02 8.1791999999999998e-01 1.5229987169999999e+03
9.7845911500000000e+02 2.7945425699999998e+02 8.2335999999999998e-01 1.5277822880000001e+03
9.8678303200000005e+02 2.8340891599999998e+02 8.2879999999999998e-01 1.5325692720000000e+03
9.9513300200000003e+02 2.8739233899999999e+02 8.3423999999999998e-01 1.5373595319999999e+03
1.0035090400000000e+03 2.9140444900000000e+02 8.3967999999999998e-01 1.5421529330000001e+03
1.0119111630000000e+03 2.9544516900000002e+02 8.4511999999999998e-01 1.5469493440000001e+03
1.0203393890000000e+03 2.9951442200000002e+02 8.5055999999999998e-01 1.5517486340000000e+03
1.0287937310000000e+03 3.0361213099999998e+02 8.5599999999999998e-01 1.5565506789999999e+03
1.0372742049999999e+03 3.0773821900000002e+02 8.6143999999999998e-01 1.5613553509999999e+03
1.0457808239999999e+03 3.1189260999999999e+02 8.6687999999999998e-01 1.5661625309999999e+03
1.0543136019999999e+03 3.1607522699999998e+02 8.7231999999999998e-01 1.5709720990000001e+03
1.0628725509999999e+03 3.2028599300000002e+02 8.7775999999999998e-01 1.5757839369999999e+03
1.0714576840000000e+03 3.2452483300000000e+02 8.8319999999999999e-01 1.5805979310000000e+03
1.0800690119999999e+03 3.2879167100000001e+02 8.8863999999999999e-01 1.5854139690000000e+03
1.0887065459999999e+03 3.3308643000000001e+02 8.9407999999999999e-01 1.5902319410000000e+03
1.0973702949999999e+03 3.3740903700000001e+02 8.9951999999999999e-01 1.5950517410000000e+03
1.1060602710000001e+03 3.4175941599999999e+02 9.0495999999999999e-01 1.5998732620000001e+03
1.1147764800000000e+03 3.4613749300000001e+02 9.1039999999999999e-01 1.6046964029999999e+03
1.1235189330000001e+03 3.5054319500000003e+02 9.1583999999999999e-01 1.6095210649999999e+03
1.1322876369999999e+03 3.5497644900000000e+02 9.2127999999999999e-01 1.6143471489999999e+03
1.1410826000000000e+03 3.5943718400000000e+02 9.2671999999999999e-01 1.6191745630000000e+03
1.1499038280000000e+03 3.6392532899999998e+02 9.3215999999999999e-01 1.6240032140000001e+03
1.1587513289999999e+03 3.6844081399999999e+02 9.3759999999999999e-01 1.6288330129999999e+03
1.1676251070000001e+03 3.7298357299999998e+02 9.4303999999999999e-01 1.6336638760000001e+03
1.1765251690000000e+03 3.7755353900000000e+02 9.4847999999999999e-01 1.6384957219999999e+03
1.1854515200000001e+03 3.8215064999999998e+02 9.5391999999999999e-01 1.6433284719999999e+03
1.1944041649999999e+03 3.8677484600000003e+02 9.5935999999999999e-01 1.6481620530000000e+03
1.2033831070000001e+03 3.9142607099999998e+02 9.6479999999999999e-01 1.6529964000000000e+03
1.2123883510000001e+03 3.9610427800000002e+02 9.7023999999999999e-01 1.6578314539999999e+03
1.2214199010000000e+03 4.0080942800000003e+02 9.7567999999999999e-01 1.6626671660000000e+03
1.2304777590000001e+03 4.0554149600000000e+02 9.8111999999999999e-01 1.6675035049999999e+03
1.2395619300000001e+03 4.1030048699999998e+02 9.8655999999999999e-01 1.6723404680000001e+03
1.2486724170000000e+03 4.1508646800000002e+02 9.9199999999999999e-01 1.6771781180000000e+03
1.2578092240000001e+03 4.1989977699999997e+02 9.9743999999999999e-01 1.6820167839999999e+03
1.2669723580000000e+03 4.2474060500000002e+02 1.0028800000000000e+00 1.6868566470000001e+03
1.2761618209999999e+03 4.2960738099999998e+02 1.0083200000000001e+00 1.6916961329999999e+03
1.2853776100000000e+03 4.3450002499999999e+02 1.0137600000000000e+00 1.6965351670000000e+03
1.2946197239999999e+03 4.3941845999999998e+02 1.0192000000000001e+00 1.7013736759999999e+03
1.3038881580000000e+03 4.4436260700000003e+02 1.0246400000000000e+00 1.7062115910000000e+03
1.3131829100000000e+03 4.4933238899999998e+02 1.0300800000000001e+00 1.7110488419999999e+03
1.3225039750000001e+03 4.5432772899999998e+02 1.0355200000000000e+00 1.7158853600000000e+03
1.3318513499999999e+03 4.5934855099999999e+02 1.0409600000000001e+00 1.7207210809999999e+03
1.3412250289999999e+03 4.6439477699999998e+02 1.0464000000000000e+00 1.7255559390000001e+03
1.3506250090000001e+03 4.6946633100000003e+02 1.0518400000000001e+00 1.7303898700000000e+03
1.3600512839999999e+03 4.7456313899999998e+02 1.0572800000000000e+00 1.7352228130000001e+03
1.3695038470000000e+03 4.7968512500000003e+02 1.0627200000000001e+00 1.7400547059999999e+03
1.3789826940000000e+03 4.8483221400000002e+02 1.0681600000000000e+00 1.7448854899999999e+03
1.3884878189999999e+03 4.9000433099999998e+02 1.0736000000000001e+00 1.7497151070000000e+03
1.3980192130000000e+03 4.9520140199999997e+02 1.0790400000000000e+00 1.7545434990000001e+03
1.4075768720000001e+03 5.0042335400000002e+02 1.0844800000000001e+00 1.7593706110000001e+03
1.4171607879999999e+03 5.0567011200000002e+02 1.0899200000000000e+00 1.7641963880000001e+03
1.4267709520000001e+03 5.1094160499999998e+02 1.0953599999999999e+00 1.7690207750000000e+03
1.4364073590000000e+03 5.1623775899999998e+02 1.1008000000000000e+00 1.7738437220000001e+03
1.4460699990000001e+03 5.2155850199999998e+02 1.1062399999999999e+00 1.7786651760000000e+03
1.4557588639999999e+03 5.2690376100000003e+02 1.1116800000000000e+00 1.7834850870000000e+03
1.4654739460000001e+03 5.3227346599999998e+02 1.1171199999999999e+00 1.7883034060000000e+03
1.4752152360000000e+03 5.3766754500000002e+02 1.1225600000000000e+00 1.7931200850000000e+03
1.4849827250000001e+03 5.4308592699999997e+02 1.1279999999999999e+00 1.7979350760000000e+03
1.4947764030000001e+03 5.4852854200000002e+02 1.1334400000000000e+00 1.8027483340000001e+03
1.5045962620000000e+03 5.5399531899999999e+02 1.1388799999999999e+00 1.8075598130000001e+03
1.5144422910000001e+03 5.5948618799999997e+02 1.1443200000000000e+00 1.8123694690000000e+03
1.5243144800000000e+03 5.6500108100000000e+02 1.1497599999999999e+00 1.8171772590000000e+03
1.5342128190000001e+03 5.7053992800000003e+02 1.1552000000000000e+00 1.8219831400000000e+03
1.5441372970000000e+03 5.7610265900000002e+02 1.1606399999999999e+00 1.8267870720000001e+03
1.5540879040000000e+03 5.8168920800000001e+02 1.1660800000000000e+00 1.8315890119999999e+03
1.5640646290000000e+03 5.8729950499999995e+02 1.1715199999999999e+00 1.8363889220000001e+03
1.5740674600000000e+03 5.9293348300000002e+02 1.1769600000000000e+00 1.8411867629999999e+03
1.5840963870000000e+03 5.9859107500000005e+02 1.1823999999999999e+00 1.8459824960000001e+03
1.5941513970000001e+03 6.0427221299999997e+02 1.1878400000000000e+00 1.8507760850000000e+03
1.6042324799999999e+03 6.0997682999999995e+02 1.1932799999999999e+00 1.8555674919999999e+03
1.6143396220000000e+03 6.1570486000000005e+02 1.1987200000000000e+00 1.8603566820000001e+03
1.6244728120000000e+03 6.2145623799999998e+02 1.2041599999999999e+00 1.8651436209999999e+03
1.6346320370000001e+03 6.2723089700000003e+02 1.2096000000000000e+00 1.8699282740000001e+03
1.6448172850000001e+03 6.3302877200000000e+02 1.2150399999999999e+00 1.8747106070000000e+03
1.6550285429999999e+03 6.3884979699999997e+02 1.2204800000000000e+00 1.8794905870000000e+03
1.6652657990000000e+03 6.4469390799999996e+02 1.2259199999999999e+00 1.8842681840000000e+03
1.6755290379999999e+03 6.5056104100000005e+02 1.2313600000000000e+00 1.8890433640000001e+03
1.6858182489999999e+03 6.5645113000000003e+02 1.2367999999999999e+00 1.8938160980000000e+03
1.6961334170000000e+03 6.6236411299999997e+02 1.2422400000000000e+00 1.8985863560000000e+03
1.7064744790000000e+03 6.6825834099999997e+02 1.2476799999999999e+00 1.9033207370000000e+03
1.7168411269999999e+03 6.7411160400000006e+02 1.2531200000000000e+00 1.9080017399999999e+03
1.7272331710000001e+03 6.7996050100000002e+02 1.2585599999999999e+00 1.9126589879999999e+03
1.7376505050000001e+03 6.8581374100000005e+02 1.2640000000000000e+00 1.9172995900000001e+03
1.7480930470000001e+03 6.9167557599999998e+02 1.2694399999999999e+00 1.9219270480000000e+03
1.7585607330000000e+03 6.9754858000000002e+02 1.2748800000000000e+00 1.9265434980000000e+03
1.7690535070000001e+03 7.0343448799999999e+02 1.2803199999999999e+00 1.9311503909999999e+03
1.7795713189999999e+03 7.0933454600000005e+02 1.2857600000000000e+00 1.9357487810000000e+03
1.7901141259999999e+03 7.1524969599999997e+02 1.2911999999999999e+00 1.9403394690000000e+03
1.8006818870000000e+03 7.2118066899999997e+02 1.2966400000000000e+00 1.9449230860000000e+03
1.8112745660000000e+03 7.2712805000000003e+02 1.3020799999999999e+00 1.9495001400000001e+03
1.8218921280000000e+03 7.3309231299999999e+02 1.3075200000000000e+00 1.9540710500000000e+03
1.8325345400000001e+03 7.3907385099999999e+02 1.3129599999999999e+00 1.9586361680000000e+03
1.8432017719999999e+03 7.4507299399999999e+02 1.3184000000000000e+00 1.9631957910000001e+03
1.8538937950000000e+03 7.5109001899999998e+02 1.3238399999999999e+00 1.9677501749999999e+03
1.8646105800000000e+03 7.5712516300000004e+02 1.3292800000000000e+00 1.9722995410000001e+03
1.8753521009999999e+03 7.6317863000000000e+02 1.3347199999999999e+00 1.9768440830000000e+03
1.8861183329999999e+03 7.6925059599999997e+02 1.3401600000000000e+00 1.9813839730000000e+03
1.8969092490000000e+03 7.7534121300000004e+02 1.3455999999999999e+00 1.9859193610000000e+03
1.9077248259999999e+03 7.8145061499999997e+02 1.3510400000000000e+00 1.9904503820000000e+03
1.9185650419999999e+03 7.8757891700000005e+02 1.3564799999999999e+00 1.9949771579999999e+03
1.9294298710000000e+03 7.9372622200000001e+02 1.3619200000000000e+00 1.9994997960000001e+03
1.9403192939999999e+03 7.9989261899999997e+02 1.3673599999999999e+00 2.0040183970000000e+03
1.9512332870000000e+03 8.0607818599999996e+02 1.3728000000000000e+00 2.0085330480000000e+03
1.9621718300000000e+03 8.1228299100000004e+02 1.3782399999999999e+00 2.0130438310000000e+03
1.9731349020000000e+03 8.1850709600000005e+02 1.3836800000000000e+00 2.0175508210000000e+03
1.9841224820000000e+03 8.2475055399999997e+02 1.3891199999999999e+00 2.0220540840000001e+03
1.9951345500000000e+03 8.3101340900000002e+02 1.3945600000000000e+00 2.0265536850000001e+03
2.0061710869999999e+03 8.3729570400000000e+02 1.3999999999999999e+00 2.0310496800000001e+03
