# epsilon[MeV/fm^3] P[MeV/fm^3] nB[fm^-3] muB[MeV]
3.7866173000000003e+01 1.5241299999999999e-01 4.0000000000000001e-02 9.5046646999999996e+02
4.3038840999999998e+01 1.8593000000000001e-01 4.5440000000000001e-02 9.5125117599999999e+02
4.8215639000000003e+01 2.2141500000000000e-01 5.0880000000000002e-02 9.5198793899999998e+02
5.3396331000000004e+01 2.5883800000000001e-01 5.6320000000000002e-02 9.5268592799999999e+02
5.8580733000000002e+01 2.9838900000000002e-01 6.1760000000000002e-02 9.5335546399999998e+02
6.3768720999999999e+01 3.4048000000000000e-01 6.7199999999999996e-02 9.5400775099999998e+02
6.8960230999999993e+01 3.8574599999999998e-01 7.2639999999999996e-02 9.5465454999999997e+02
7.4155265999999997e+01 4.3503300000000000e-01 7.8079999999999997e-02 9.5530786899999998e+02
7.9353894999999994e+01 4.8938100000000001e-01 8.3519999999999997e-02 9.5597970499999997e+02
8.4556251000000003e+01 5.5000899999999997e-01 8.8959999999999997e-02 9.5668184399999996e+02
8.9762528000000003e+01 6.1829100000000004e-01 9.4399999999999998e-02 9.5742570100000000e+02
9.4972984999999994e+01 6.9574499999999995e-01 9.9839999999999998e-02 9.5822221600000000e+02
1.0018793500000000e+02 7.8379900000000002e-01 1.0528000000000000e-01 9.5907977800000003e+02
1.0540764600000000e+02 8.8044299999999998e-01 1.1072000000000000e-01 9.5997365600000001e+02
1.1063238000000000e+02 9.8939100000000002e-01 1.1616000000000000e-01 9.6093296399999997e+02
1.1586254800000000e+02 1.1135420000000000e+00 1.2160000000000000e-01 9.6197616700000003e+02
1.2109864000000000e+02 1.2552730000000001e+00 1.2703999999999999e-01 9.6311503200000004e+02
1.2634120400000000e+02 1.4168149999999999e+00 1.3247999999999999e-01 9.6435875399999998e+02
1.3159082900000001e+02 1.6003360000000000e+00 1.3791999999999999e-01 9.6571493499999997e+02
1.3684814700000001e+02 1.8079639999999999e+00 1.4335999999999999e-01 9.6718999499999995e+02
1.4211381900000001e+02 2.0417869999999998e+00 1.4879999999999999e-01 9.6878939700000001e+02
1.4738853399999999e+02 2.3038650000000001e+00 1.5423999999999999e-01 9.7051778899999999e+02
1.5267300599999999e+02 2.5962160000000001e+00 1.5967999999999999e-01 9.7237910299999999e+02
1.5796796599999999e+02 2.9208200000000000e+00 1.6511999999999999e-01 9.7437663099999997e+02
1.6327416400000001e+02 3.2796159999999999e+00 1.7055999999999999e-01 9.7651308700000004e+02
1.6859236200000001e+02 3.6744930000000000e+00 1.7599999999999999e-01 9.7879065900000001e+02
1.7392333199999999e+02 4.1072930000000003e+00 1.8143999999999999e-01 9.8121105999999997e+02
1.7926785400000000e+02 4.5798050000000003e+00 1.8687999999999999e-01 9.8377556700000002e+02
1.8462671700000001e+02 5.0937619999999999e+00 1.9231999999999999e-01 9.8648505799999998e+02
1.9000070900000000e+02 5.6508430000000001e+00 1.9775999999999999e-01 9.8934005300000001e+02
1.9539062400000000e+02 6.2526690000000000e+00 2.0319999999999999e-01 9.9234074299999997e+02
2.0079725400000001e+02 6.9008029999999998e+00 2.0863999999999999e-01 9.9548702000000003e+02
2.0622139000000001e+02 7.5967479999999998e+00 2.1407999999999999e-01 9.9877850799999999e+02
2.1166382100000001e+02 8.3419500000000006e+00 2.1951999999999999e-01 1.0022145850000001e+03
2.1712533199999999e+02 9.1377950000000006e+00 2.2495999999999999e-01 1.0057944090000000e+03
2.2260670099999999e+02 9.9856090000000002e+00 2.3039999999999999e-01 1.0095169370000000e+03
2.2810870299999999e+02 1.0886659000000000e+01 2.3583999999999999e-01 1.0133809490000000e+03
2.3363210300000000e+02 1.1842153000000000e+01 2.4127999999999999e-01 1.0173850590000000e+03
2.3917765900000001e+02 1.2853243000000001e+01 2.4671999999999999e-01 1.0215277340000000e+03
2.4474612099999999e+02 1.3921018999999999e+01 2.5216000000000000e-01 1.0258073090000000e+03
2.5033823000000001e+02 1.5046516000000000e+01 2.5760000000000000e-01 1.0302219960000000e+03
2.5595471499999999e+02 1.6230709999999998e+01 2.6304000000000000e-01 1.0347699009999999e+03
2.6159629600000000e+02 1.7474519999999998e+01 2.6848000000000000e-01 1.0394490280000000e+03
2.6726368100000002e+02 1.8778805999999999e+01 2.7392000000000000e-01 1.0442572900000000e+03
2.7295756799999998e+02 2.0144376000000001e+01 2.7936000000000000e-01 1.0491925220000001e+03
2.7867864100000003e+02 2.1571977000000000e+01 2.8480000000000000e-01 1.0542524830000000e+03
2.8442757200000000e+02 2.3062304000000001e+01 2.9024000000000000e-01 1.0594348640000001e+03
2.9020502199999999e+02 2.4615994000000001e+01 2.9568000000000000e-01 1.0647372989999999e+03
2.9601163700000001e+02 2.6233630999999999e+01 3.0112000000000000e-01 1.0701573670000000e+03
3.0184805000000000e+02 2.7915744000000000e+01 3.0656000000000000e-01 1.0756925980000001e+03
3.0771488199999999e+02 2.9662810000000000e+01 3.1200000000000000e-01 1.0813404840000001e+03
3.1361273799999998e+02 3.1475252999999999e+01 3.1744000000000000e-01 1.0870984779999999e+03
3.1954221100000001e+02 3.3353445999999998e+01 3.2288000000000000e-01 1.0929640039999999e+03
3.2550387899999998e+02 3.5297713000000002e+01 3.2832000000000000e-01 1.0989344619999999e+03
3.3149830600000001e+02 3.7308326000000001e+01 3.3376000000000000e-01 1.1050072290000001e+03
3.3752604100000002e+02 3.9385511999999999e+01 3.3920000000000000e-01 1.1111796720000000e+03
3.4358761900000002e+02 4.1529451999999999e+01 3.4464000000000000e-01 1.1174491459999999e+03
3.4968356199999999e+02 4.3740279999999998e+01 3.5008000000000000e-01 1.1238130020000001e+03
3.5581437599999998e+02 4.6018089000000003e+01 3.5552000000000000e-01 1.1302685919999999e+03
3.6198055299999999e+02 4.8362931000000003e+01 3.6096000000000000e-01 1.1368132720000001e+03
3.6818256900000000e+02 5.0774816000000001e+01 3.6640000000000000e-01 1.1434444080000001e+03
3.7441904799999998e+02 5.2936951000000001e+01 3.7184000000000000e-01 1.1493025359999999e+03
3.8068577399999998e+02 5.4954101999999999e+01 3.7728000000000000e-01 1.1546876139999999e+03
3.8698127299999999e+02 5.6933982999999998e+01 3.8272000000000000e-01 1.1598973970000000e+03
3.9330480999999997e+02 5.8902040999999997e+01 3.8816000000000001e-01 1.1650029280000001e+03
3.9965591999999998e+02 6.0870489999999997e+01 3.9360000000000001e-01 1.1700383730000001e+03
4.0603428000000002e+02 6.2846469999999997e+01 3.9904000000000001e-01 1.1750236900000000e+03
4.1243965400000002e+02 6.4832139999999995e+01 4.0448000000000001e-01 1.1799656530000000e+03
4.1887024000000002e+02 6.6574789999999993e+01 4.0992000000000001e-01 1.1842451030000000e+03
4.2532358499999998e+02 6.8279193000000006e+01 4.1536000000000001e-01 1.1883751649999999e+03
4.3179926499999999e+02 6.9988259999999997e+01 4.2080000000000001e-01 1.1924626080000000e+03
4.3829712300000000e+02 7.1711574999999996e+01 4.2624000000000001e-01 1.1965311730000001e+03
4.4481709000000001e+02 7.3453534000000005e+01 4.3168000000000001e-01 1.2005916010000001e+03
4.5135913799999997e+02 7.5216661000000002e+01 4.3712000000000001e-01 1.2046499050000000e+03
4.5792326700000001e+02 7.7002593000000005e+01 4.4256000000000001e-01 1.2087098590000001e+03
4.6450949200000002e+02 7.8812476000000004e+01 4.4800000000000001e-01 1.2127740020000001e+03
4.7111784299999999e+02 8.0647161999999994e+01 4.5344000000000001e-01 1.2168441220000000e+03
4.7774835500000000e+02 8.2507309000000006e+01 4.5888000000000001e-01 1.2209215190000000e+03
4.8440107000000000e+02 8.4393440999999996e+01 4.6432000000000001e-01 1.2250071579999999e+03
4.9107603599999999e+02 8.6305987999999999e+01 4.6976000000000001e-01 1.2291017649999999e+03
4.9777330200000000e+02 8.8245307999999994e+01 4.7520000000000001e-01 1.2332058930000001e+03
5.0449292200000002e+02 9.0211703000000000e+01 4.8064000000000001e-01 1.2373199580000000e+03
5.1123495100000002e+02 9.2205433999999997e+01 4.8608000000000001e-01 1.2414442770000001e+03
5.1799944600000003e+02 9.4226727999999994e+01 4.9152000000000001e-01 1.2455790840000000e+03
5.2478646300000003e+02 9.6275782000000007e+01 4.9696000000000001e-01 1.2497245479999999e+03
5.3159606099999996e+02 9.8352771000000004e+01 5.0239999999999996e-01 1.2538807879999999e+03
5.3842829900000004e+02 1.0045784999999999e+02 5.0783999999999996e-01 1.2580478780000001e+03
5.4528323599999999e+02 1.0259115700000000e+02 5.1327999999999996e-01 1.2622258569999999e+03
5.5216093200000000e+02 1.0475281500000000e+02 5.1871999999999996e-01 1.2664147340000000e+03
5.5906144500000005e+02 1.0694293600000000e+02 5.2415999999999996e-01 1.2706144950000000e+03
5.6598483499999998e+02 1.0916161700000001e+02 5.2959999999999996e-01 1.2748251020000000e+03
5.7293116099999997e+02 1.1140894800000000e+02 5.3503999999999996e-01 1.2790465019999999e+03
5.7990048100000001e+02 1.1368500899999999e+02 5.4047999999999996e-01 1.2832786240000000e+03
5.8689285299999995e+02 1.1598987099999999e+02 5.4591999999999996e-01 1.2875213859999999e+03
5.9390833599999996e+02 1.1832360000000000e+02 5.5135999999999996e-01 1.2917746950000001e+03
6.0094698500000004e+02 1.2068625200000000e+02 5.5679999999999996e-01 1.2960384449999999e+03
6.0800885800000003e+02 1.2307787800000000e+02 5.6223999999999996e-01 1.3003125259999999e+03
6.1509401100000002e+02 1.2549852300000001e+02 5.6767999999999996e-01 1.3045968180000000e+03
6.2220249799999999e+02 1.2794822700000000e+02 5.7311999999999996e-01 1.3088911969999999e+03
6.2933437500000002e+02 1.3042702399999999e+02 5.7855999999999996e-01 1.3131955300000000e+03
6.3648969399999999e+02 1.3293494400000000e+02 5.8399999999999996e-01 1.3175096830000000e+03
6.4366850999999997e+02 1.3547201200000001e+02 5.8943999999999996e-01 1.3218335170000000e+03
6.5087087399999996e+02 1.3803825000000001e+02 5.9487999999999996e-01 1.3261668900000000e+03
6.5809683800000005e+02 1.4063367299999999e+02 6.0031999999999996e-01 1.3305096559999999e+03
6.6534645200000000e+02 1.4325829600000000e+02 6.0575999999999997e-01 1.3348616689999999e+03
6.7261976700000002e+02 1.4591212899999999e+02 6.1119999999999997e-01 1.3392227770000000e+03
6.7991683200000000e+02 1.4859517700000001e+02 6.1663999999999997e-01 1.3435928320000000e+03
6.8723769400000003e+02 1.5130744300000001e+02 6.2207999999999997e-01 1.3479716800000001e+03
6.9458240200000000e+02 1.5404892799999999e+02 6.2751999999999997e-01 1.3523591680000000e+03
7.0195100100000002e+02 1.5681962999999999e+02 6.3295999999999997e-01 1.3567551440000000e+03
7.0934353899999996e+02 1.5961954100000000e+02 6.3839999999999997e-01 1.3611594520000001e+03
7.1676005799999996e+02 1.6244865400000000e+02 6.4383999999999997e-01 1.3655719389999999e+03
7.2420060400000000e+02 1.6530695900000001e+02 6.4927999999999997e-01 1.3699924500000000e+03
7.3166521999999998e+02 1.6819444200000001e+02 6.5471999999999997e-01 1.3744208320000000e+03
7.3915394900000001e+02 1.7111108800000000e+02 6.6015999999999997e-01 1.3788569299999999e+03
7.4666683100000000e+02 1.7405687800000001e+02 6.6559999999999997e-01 1.3833005909999999e+03
7.5420390699999996e+02 1.7703179399999999e+02 6.7103999999999997e-01 1.3877516630000000e+03
7.6176521800000000e+02 1.8003581399999999e+02 6.7647999999999997e-01 1.3922099940000001e+03
7.6935080300000004e+02 1.8306891300000001e+02 6.8191999999999997e-01 1.3966754320000000e+03
7.7696069899999998e+02 1.8613106700000000e+02 6.8735999999999997e-01 1.4011478279999999e+03
7.8459494400000005e+02 1.8922224800000001e+02 6.9279999999999997e-01 1.4056270320000001e+03
7.9225357599999995e+02 1.9234242800000001e+02 6.9823999999999997e-01 1.4101128960000001e+03
7.9993662800000004e+02 1.9549157500000001e+02 7.0367999999999997e-01 1.4146052740000000e+03
8.0764413800000000e+02 1.9866965800000000e+02 7.0911999999999997e-01 1.4191040190000001e+03
8.1537613899999997e+02 2.0187664400000000e+02 7.1455999999999997e-01 1.4236089880000000e+03
8.2313266399999998e+02 2.0511249699999999e+02 7.1999999999999997e-01 1.4281200369999999e+03
8.3091374599999995e+02 2.0837718100000001e+02 7.2543999999999997e-01 1.4326370250000000e+03
8.3871941700000002e+02 2.1167065900000000e+02 7.3087999999999997e-01 1.4371598110000000e+03
8.4654970800000001e+02 2.1499289200000001e+02 7.3631999999999997e-01 1.4416882570000000e+03
8.5440464999999995e+02 2.1834384000000000e+02 7.4175999999999997e-01 1.4462222250000000e+03
8.6228427199999999e+02 2.2172346200000001e+02 7.4719999999999998e-01 1.4507615800000001e+03
8.7018860299999994e+02 2.2513171600000001e+02 7.5263999999999998e-01 1.4553061869999999e+03
8.7811767199999997e+02 2.2856855899999999e+02 7.5807999999999998e-01 1.4598559140000000e+03
8.8607150600000000e+02 2.3203394700000001e+02 7.6351999999999998e-01 1.4644106290000000e+03
8.9405013099999996e+02 2.3552783500000001e+02 7.6895999999999998e-01 1.4689702030000001e+03
9.0205357400000003e+02 2.3905017599999999e+02 7.7439999999999998e-01 1.4735345080000000e+03
9.1008186100000000e+02 2.4260092599999999e+02 7.7983999999999998e-01 1.4781034170000000e+03
9.1813501499999995e+02 2.4618003500000000e+02 7.8527999999999998e-01 1.4826768070000001e+03
9.2621306100000004e+02 2.4978745599999999e+02 7.9071999999999998e-01 1.4872545540000001e+03
9.3431602199999998e+02 2.5342313899999999e+02 7.9615999999999998e-01 1.4918365360000000e+03
9.4244392200000004e+02 2.5708703600000001e+02 8.0159999999999998e-01 1.4964226329999999e+03
9.5059678099999996e+02 2.6077909499999998e+02 8.0703999999999998e-01 1.5010127279999999e+03
9.5877462200000002e+02 2.6449926599999998e+02 8.1247999999999998e-01 1.5056067040000000e+03
9.6697746500000005e+02 2.6824749800000001e+02 8.1791999999999998e-01 1.5102044460000000e+03
9.7520533000000000e+02 2.7202373799999998e+02 8.2335999999999998e-01 1.5148058410000001e+03
9.8345823800000005e+02 2.7582793400000003e+02 8.2879999999999998e-01 1.5194107770000001e+03
9.9173620600000004e+02 2.7966003300000000e+02 8.3423999999999998e-01 1.5240191430000000e+03
1.0000392540000000e+03 2.8351998099999997e+02 8.3967999999999998e-01 1.5286308320000001e+03
1.0083673990000000e+03 2.8740772500000003e+02 8.4511999999999998e-01 1.5332457370000000e+03
1.0167206580000000e+03 2.9132321100000001e+02 8.5055999999999998e-01 1.5378637520000000e+03
1.0250990480000000e+03 2.9526638300000002e+02 8.5599999999999998e-01 1.5424847740000000e+03
1.0335025850000000e+03 2.9923718700000001e+02 8.6143999999999998e-01 1.5471087010000001e+03
1.0419312849999999e+03 3.0323556800000000e+02 8.6687999999999998e-01 1.5517354310000001e+03
1.0503851620000000e+03 3.0726146999999997e+02 8.7231999999999998e-01 1.5563648679999999e+03
1.0588642310000000e+03 3.1131483800000001e+02 8.7775999999999998e-01 1.5609969120000001e+03
1.0673685060000000e+03 3.1539561500000002e+02 8.8319999999999999e-01 1.5656314680000000e+03
1.0758980010000000e+03 3.1950374599999998e+02 8.8863999999999999e-01 1.5702684429999999e+03
1.0844527270000001e+03 3.2363917400000003e+02 8.9407999999999999e-01 1.5749077430000000e+03
1.0930326980000000e+03 3.2780184300000002e+02 8.9951999999999999e-01 1.5795492780000000e+03
1.1016379260000001e+03 3.3199169699999999e+02 9.0495999999999999e-01 1.5841929580000001e+03
1.1102684210000000e+03 3.3620867900000002e+02 9.1039999999999999e-01 1.5888386949999999e+03
1.1189241959999999e+03 3.4045273300000002e+02 9.1583999999999999e-01 1.5934864030000001e+03
1.1276052589999999e+03 3.4472380199999998e+02 9.2127999999999999e-01 1.5981359980000000e+03
1.1363116219999999e+03 3.4902183000000002e+02 9.2671999999999999e-01 1.6027873950000001e+03
1.1450432949999999e+03 3.5334676100000001e+02 9.3215999999999999e-01 1.6074405139999999e+03
1.1538002850000000e+03 3.5769853899999998e+02 9.3759999999999999e-01 1.6120952749999999e+03
1.1625826020000000e+03 3.6207710900000001e+02 9.4303999999999999e-01 1.6167515989999999e+03
1.1713902539999999e+03 3.6648241600000000e+02 9.4847999999999999e-01 1.6214094110000001e+03
1.1802232489999999e+03 3.7091440399999999e+02 9.5391999999999999e-01 1.6260686360000000e+03
1.1890815950000001e+03 3.7537301900000000e+02 9.5935999999999999e-01 1.6307292010000001e+03
1.1979652980000001e+03 3.7985820899999999e+02 9.6479999999999999e-01 1.6353910350000001e+03
1.2068743649999999e+03 3.8436992099999998e+02 9.7023999999999999e-01 1.6400540710000000e+03
1.2158088040000000e+03 3.8890810299999998e+02 9.7567999999999999e-01 1.6447182410000000e+03
1.2247686180000001e+03 3.9347270600000002e+02 9.8111999999999999e-01 1.6493834830000001e+03
1.2337538150000000e+03 3.9806368199999997e+02 9.8655999999999999e-01 1.6540497359999999e+03
1.2427644000000000e+03 4.0268098500000002e+02 9.9199999999999999e-01 1.6587169440000000e+03
1.2518003779999999e+03 4.0732457499999998e+02 9.9743999999999999e-01 1.6633850520000001e+03
1.2608617520000000e+03 4.1199441200000001e+02 1.0028800000000000e+00 1.6680540149999999e+03
1.2699485290000000e+03 4.1669046700000001e+02 1.0083200000000001e+00 1.6727237929999999e+03
1.2790607120000000e+03 4.2141271999999998e+02 1.0137600000000000e+00 1.6773943560000000e+03
1.2881983060000000e+03 4.2616116499999998e+02 1.0192000000000001e+00 1.6820656919999999e+03
1.2973613140000000e+03 4.3093583300000000e+02 1.0246400000000000e+00 1.6867378220000001e+03
1.3065497419999999e+03 4.3573683100000000e+02 1.0300800000000001e+00 1.6914108409999999e+03
1.3157635949999999e+03 4.4056470700000000e+02 1.0355200000000000e+00 1.6960852709999999e+03
1.3250028809999999e+03 4.4541891199999998e+02 1.0409600000000001e+00 1.7007605699999999e+03
1.3342675999999999e+03 4.5029842000000002e+02 1.0464000000000000e+00 1.7054357440000001e+03
1.3435577530000000e+03 4.5520316800000001e+02 1.0518400000000001e+00 1.7101107340000001e+03
1.3528733370000000e+03 4.6013309199999998e+02 1.0572800000000000e+00 1.7147854820000000e+03
1.3622143520000000e+03 4.6508812899999998e+02 1.0627200000000001e+00 1.7194599320000000e+03
1.3715807950000001e+03 4.7006821700000000e+02 1.0681600000000000e+00 1.7241340279999999e+03
1.3809726650000000e+03 4.7507329399999998e+02 1.0736000000000001e+00 1.7288077140000000e+03
1.3903899590000001e+03 4.8010329600000000e+02 1.0790400000000000e+00 1.7334809370000000e+03
1.3998326750000001e+03 4.8515816200000000e+02 1.0844800000000001e+00 1.7381536450000001e+03
1.4093008090000001e+03 4.9023782999999997e+02 1.0899200000000000e+00 1.7428257840000001e+03
1.4187943580000001e+03 4.9534223800000001e+02 1.0953599999999999e+00 1.7474973060000000e+03
1.4283133200000000e+03 5.0047132399999998e+02 1.1008000000000000e+00 1.7521681579999999e+03
1.4378576889999999e+03 5.0562502699999999e+02 1.1062399999999999e+00 1.7568382930000000e+03
1.4474274620000001e+03 5.1080328500000002e+02 1.1116800000000000e+00 1.7615076610000001e+03
1.4570226350000000e+03 5.1600603799999999e+02 1.1171199999999999e+00 1.7661762170000000e+03
1.4666432030000001e+03 5.2123322499999995e+02 1.1225600000000000e+00 1.7708439120000000e+03
1.4762891620000000e+03 5.2648478399999999e+02 1.1279999999999999e+00 1.7755107020000000e+03
1.4859605059999999e+03 5.3176065500000004e+02 1.1334400000000000e+00 1.7801765419999999e+03
1.4956572289999999e+03 5.3706077900000003e+02 1.1388799999999999e+00 1.7848413880000001e+03
1.5053793280000000e+03 5.4238509399999998e+02 1.1443200000000000e+00 1.7895051960000001e+03
1.5151267940000000e+03 5.4773354200000006e+02 1.1497599999999999e+00 1.7941679250000000e+03
1.5248996239999999e+03 5.5310606199999995e+02 1.1552000000000000e+00 1.7988295320000000e+03
1.5346978099999999e+03 5.5850259500000004e+02 1.1606399999999999e+00 1.8034899760000001e+03
1.5445213460000000e+03 5.6392308100000002e+02 1.1660800000000000e+00 1.8081492189999999e+03
1.5543702249999999e+03 5.6936746200000005e+02 1.1715199999999999e+00 1.8128072199999999e+03
1.5642444410000001e+03 5.7483567800000003e+02 1.1769600000000000e+00 1.8174639410000000e+03
1.5741439869999999e+03 5.8032767200000001e+02 1.1823999999999999e+00 1.8221193430000001e+03
1.5840688540000001e+03 5.8584338400000001e+02 1.1878400000000000e+00 1.8267733900000001e+03
1.5940190370000000e+03 5.9138275599999997e+02 1.1932799999999999e+00 1.8314260449999999e+03
1.6039945260000000e+03 5.9694573100000002e+02 1.1987200000000000e+00 1.8360772720000000e+03
1.6139953149999999e+03 6.0253224999999998e+02 1.2041599999999999e+00 1.8407270360000000e+03
1.6240213940000001e+03 6.0814225599999997e+02 1.2096000000000000e+00 1.8453753030000000e+03
1.6340727569999999e+03 6.1377569100000005e+02 1.2150399999999999e+00 1.8500220380000001e+03
1.6441493940000000e+03 6.1943249900000001e+02 1.2204800000000000e+00 1.8546672090000000e+03
1.6542512959999999e+03 6.2511262199999999e+02 1.2259199999999999e+00 1.8593107820000000e+03
1.6643784559999999e+03 6.3081600300000002e+02 1.2313600000000000e+00 1.8639527250000001e+03
1.6745308640000001e+03 6.3654258700000003e+02 1.2367999999999999e+00 1.8685930080000001e+03
1.6847085110000000e+03 6.4229231700000003e+02 1.2422400000000000e+00 1.8732315990000000e+03
1.6949113870000001e+03 6.4806513600000005e+02 1.2476799999999999e+00 1.8778684679999999e+03
1.7051394840000000e+03 6.5386098800000002e+02 1.2531200000000000e+00 1.8825035849999999e+03
1.7153927920000001e+03 6.5967981899999995e+02 1.2585599999999999e+00 1.8871369219999999e+03
1.7256712869999999e+03 6.6550305800000001e+02 1.2640000000000000e+00 1.8917537910000001e+03
1.7359747239999999e+03 6.7127455799999996e+02 1.2694399999999999e+00 1.8963099800000000e+03
1.7463028690000001e+03 6.7703680699999995e+02 1.2748800000000000e+00 1.9008394109999999e+03
1.7566556040000000e+03 6.8280145200000004e+02 1.2803199999999999e+00 1.9053514279999999e+03
1.7670328480000001e+03 6.8857355700000005e+02 1.2857600000000000e+00 1.9098501289999999e+03
1.7774345340000000e+03 6.9435604799999999e+02 1.2911999999999999e+00 1.9143378970000001e+03
1.7878606090000001e+03 7.0015085099999999e+02 1.2966400000000000e+00 1.9188163130000000e+03
1.7983110240000001e+03 7.0595933000000002e+02 1.3020799999999999e+00 1.9232865030000000e+03
1.8087857369999999e+03 7.1178250000000003e+02 1.3075200000000000e+00 1.9277493159999999e+03
1.8192847090000000e+03 7.1762114899999995e+02 1.3129599999999999e+00 1.9322054140000000e+03
1.8298079060000000e+03 7.2347589900000003e+02 1.3184000000000000e+00 1.9366553249999999e+03
1.8403552960000000e+03 7.2934725800000001e+02 1.3238399999999999e+00 1.9410994850000000e+03
1.8509268470000000e+03 7.3523564399999998e+02 1.3292800000000000e+00 1.9455382549999999e+03
1.8615225310000001e+03 7.4114140499999996e+02 1.3347199999999999e+00 1.9499719410000000e+03
1.8721423219999999e+03 7.4706483700000001e+02 1.3401600000000000e+00 1.9544008070000000e+03
1.8827861940000000e+03 7.5300619300000005e+02 1.3455999999999999e+00 1.9588250790000000e+03
1.8934541220000001e+03 7.5896568800000000e+02 1.3510400000000000e+00 1.9632449540000000e+03
1.9041460830000001e+03 7.6494351200000006e+02 1.3564799999999999e+00 1.9676606070000000e+03
1.9148620539999999e+03 7.7093982700000004e+02 1.3619200000000000e+00 1.9720721920000001e+03
1.9256020149999999e+03 7.7695477800000003e+02 1.3673599999999999e+00 1.9764798470000001e+03
1.9363659419999999e+03 7.8298848899999996e+02 1.3728000000000000e+00 1.9808836940000001e+03
1.9471538169999999e+03 7.8904107099999999e+02 1.3782399999999999e+00 1.9852838440000000e+03
1.9579656190000001e+03 7.9511262299999999e+02 1.3836800000000000e+00 1.9896803970000001e+03
1.9688013289999999e+03 8.0120323099999996e+02 1.3891199999999999e+00 1.9940734440000001e+03
1.9796609289999999e+03 8.0731297099999995e+02 1.3945600000000000e+00 1.9984630680000000e+03
1.9905443990000001e+03 8.1344191200000000e+02 1.3999999999999999e+00 2.0028493430000001e+03
