# epsilon[MeV/fm^3] P[MeV/fm^3] nB[fm^-3] muB[MeV]
3.7869176000000003e+01 1.4522399999999999e-01 4.0000000000000001e-02 9.5036181599999998e+02
4.3041052999999998e+01 1.7518300000000001e-01 4.5440000000000001e-02 9.5106334000000004e+02
4.8216613000000002e+01 2.0675099999999999e-01 5.0880000000000002e-02 9.5171886500000005e+02
5.3395639000000003e+01 2.4013399999999999e-01 5.6320000000000002e-02 9.5234152500000005e+02
5.8577992000000002e+01 2.7578799999999998e-01 6.1760000000000002e-02 9.5294512099999997e+02
6.3763604000000001e+01 3.1442599999999998e-01 6.7199999999999996e-02 9.5354390699999999e+02
6.8952489999999997e+01 3.5700500000000002e-01 7.2639999999999996e-02 9.5415231000000006e+02
7.4144739999999999e+01 4.0470800000000001e-01 7.8079999999999997e-02 9.5478466200000003e+02
7.9340523000000005e+01 4.5892800000000000e-01 8.3519999999999997e-02 9.5545496200000002e+02
8.4540081999999998e+01 5.2124099999999995e-01 8.8959999999999997e-02 9.5617670199999998e+02
8.9743731999999994e+01 5.9338400000000002e-01 9.4399999999999998e-02 9.5696272799999997e+02
9.4951856000000006e+01 6.7723199999999995e-01 9.9839999999999998e-02 9.5782515000000001e+02
1.0016490200000000e+02 7.7477499999999999e-01 1.0528000000000000e-01 9.5877527499999997e+02
1.0538334399999999e+02 8.8603399999999999e-01 1.1072000000000000e-01 9.5980464800000004e+02
1.1060758100000000e+02 1.0120169999999999e+00 1.1616000000000000e-01 9.6091424700000005e+02
1.1583813300000000e+02 1.1568140000000000e+00 1.2160000000000000e-01 9.6213123099999996e+02
1.2107562500000000e+02 1.3232150000000000e+00 1.2703999999999999e-01 9.6346866499999999e+02
1.2632073800000001e+02 1.5137680000000000e+00 1.3247999999999999e-01 9.6493609900000001e+02
1.3157419999999999e+02 1.7309120000000000e+00 1.3791999999999999e-01 9.6654110700000001e+02
1.3683677800000001e+02 1.9770080000000001e+00 1.4335999999999999e-01 9.6828984400000002e+02
1.4210926799999999e+02 2.2543510000000002e+00 1.4879999999999999e-01 9.7018732299999999e+02
1.4739249000000001e+02 2.5651720000000000e+00 1.5423999999999999e-01 9.7223759199999995e+02
1.5268728400000001e+02 2.9116379999999999e+00 1.5967999999999999e-01 9.7444385299999999e+02
1.5799450700000000e+02 3.2958409999999998e+00 1.6511999999999999e-01 9.7680856200000005e+02
1.6331502499999999e+02 3.7198060000000002e+00 1.7055999999999999e-01 9.7933349699999997e+02
1.6864971299999999e+02 4.1854779999999998e+00 1.7599999999999999e-01 9.8201983600000005e+02
1.7399945299999999e+02 4.6947270000000003e+00 1.8143999999999999e-01 9.8486820899999998e+02
1.7936512500000001e+02 5.2493390000000000e+00 1.8687999999999999e-01 9.8787875399999996e+02
1.8474761200000000e+02 5.8510220000000004e+00 1.9231999999999999e-01 9.9105116999999996e+02
1.9014779300000001e+02 6.5014019999999997e+00 1.9775999999999999e-01 9.9438476000000003e+02
1.9556654100000000e+02 7.2020200000000001e+00 2.0319999999999999e-01 9.9787847399999998e+02
2.0100472500000001e+02 7.9543379999999999e+00 2.0863999999999999e-01 1.0015309500000000e+03
2.0646320399999999e+02 8.7597369999999994e+00 2.1407999999999999e-01 1.0053405500000000e+03
2.1194282799999999e+02 9.6195190000000004e+00 2.1951999999999999e-01 1.0093053930000000e+03
2.1744443600000000e+02 1.0534905999999999e+01 2.2495999999999999e-01 1.0134233850000001e+03
2.2296885499999999e+02 1.1507047000000000e+01 2.3039999999999999e-01 1.0176922479999999e+03
2.2851689900000000e+02 1.2537015000000000e+01 2.3583999999999999e-01 1.0221095470000000e+03
2.3408937000000000e+02 1.3625811000000001e+01 2.4127999999999999e-01 1.0266727109999999e+03
2.3968705299999999e+02 1.4774367000000000e+01 2.4671999999999999e-01 1.0313790530000001e+03
2.4531072000000000e+02 1.5983546000000000e+01 2.5216000000000000e-01 1.0362257920000000e+03
2.5096112800000000e+02 1.7254145999999999e+01 2.5760000000000000e-01 1.0412100670000000e+03
2.5663901600000003e+02 1.8586901999999998e+01 2.6304000000000000e-01 1.0463289510000000e+03
2.6234510899999998e+02 1.9982488000000000e+01 2.6848000000000000e-01 1.0515794690000000e+03
2.6808011499999998e+02 2.1441517999999999e+01 2.7392000000000000e-01 1.0569586059999999e+03
2.7384472499999998e+02 2.2964548000000001e+01 2.7936000000000000e-01 1.0624633180000001e+03
2.7963961499999999e+02 2.4552083000000000e+01 2.8480000000000000e-01 1.0680905439999999e+03
2.8546544299999999e+02 2.6204570000000000e+01 2.9024000000000000e-01 1.0738372110000000e+03
2.9132285000000002e+02 2.7922408999999998e+01 2.9568000000000000e-01 1.0797002460000001e+03
2.9721246100000002e+02 2.9705950000000001e+01 3.0112000000000000e-01 1.0856765780000001e+03
3.0313488500000000e+02 3.1555496000000002e+01 3.0656000000000000e-01 1.0917631480000000e+03
3.0909071200000000e+02 3.3471305000000001e+01 3.1200000000000000e-01 1.0979569120000001e+03
3.1508051799999998e+02 3.5453589999999998e+01 3.1744000000000000e-01 1.1042548469999999e+03
3.2110486100000003e+02 3.7502527999999998e+01 3.2288000000000000e-01 1.1106539570000000e+03
3.2716428400000001e+02 3.9618250000000003e+01 3.2832000000000000e-01 1.1171512720000001e+03
3.3325931300000002e+02 4.1800854999999999e+01 3.3376000000000000e-01 1.1237438589999999e+03
3.3939045900000002e+02 4.4050403000000003e+01 3.3920000000000000e-01 1.1304288180000001e+03
3.4555821600000002e+02 4.6366922000000002e+01 3.4464000000000000e-01 1.1372032899999999e+03
3.5176306299999999e+02 4.8750407000000003e+01 3.5008000000000000e-01 1.1440644569999999e+03
3.5800546600000001e+02 5.1200822000000002e+01 3.5552000000000000e-01 1.1510095440000000e+03
3.6428426300000001e+02 5.3429130999999998e+01 3.6096000000000000e-01 1.1572308000000000e+03
3.7059498400000001e+02 5.5491142000000004e+01 3.6640000000000000e-01 1.1629005780000000e+03
3.7693598200000002e+02 5.7514296000000002e+01 3.7184000000000000e-01 1.1683813829999999e+03
3.8330647299999998e+02 5.9525570999999999e+01 3.7728000000000000e-01 1.1737508180000000e+03
3.8970595800000001e+02 6.1537619999999997e+01 3.8272000000000000e-01 1.1790453900000000e+03
3.9613409200000001e+02 6.3557752999999998e+01 3.8816000000000001e-01 1.1842861920000000e+03
4.0259030700000000e+02 6.5482814000000005e+01 3.9360000000000001e-01 1.1892119259999999e+03
4.0907150500000000e+02 6.7226369000000005e+01 3.9904000000000001e-01 1.1936111060000001e+03
4.1557638600000001e+02 6.8962615999999997e+01 4.0448000000000001e-01 1.1979324389999999e+03
4.2210467899999998e+02 7.0709534000000005e+01 4.0992000000000001e-01 1.2022222230000000e+03
4.2865626400000002e+02 7.2473573999999999e+01 4.1536000000000001e-01 1.2064969320000000e+03
4.3523108100000002e+02 7.4258059000000003e+01 4.2080000000000001e-01 1.2107649200000001e+03
4.4182911100000001e+02 7.6065016000000000e+01 4.2624000000000001e-01 1.2150311409999999e+03
4.4845035100000001e+02 7.7895805999999993e+01 4.3168000000000001e-01 1.2192988150000001e+03
4.5509481699999998e+02 7.9751405000000005e+01 4.3712000000000001e-01 1.2235701570000001e+03
4.6176253300000002e+02 8.1632552000000004e+01 4.4256000000000001e-01 1.2278467530000000e+03
4.6845353100000000e+02 8.3539823999999996e+01 4.4800000000000001e-01 1.2321297720000000e+03
4.7516784899999999e+02 8.5473685000000003e+01 4.5344000000000001e-01 1.2364200900000001e+03
4.8190552700000001e+02 8.7434517999999997e+01 4.5888000000000001e-01 1.2407183720000000e+03
4.8866661199999999e+02 8.9422646000000000e+01 4.6432000000000001e-01 1.2450251270000001e+03
4.9545114899999999e+02 9.1438339999999997e+01 4.6976000000000001e-01 1.2493407450000000e+03
5.0225918799999999e+02 9.3481838999999994e+01 4.7520000000000001e-01 1.2536655200000000e+03
5.0909078000000000e+02 9.5553347000000002e+01 4.8064000000000001e-01 1.2579996759999999e+03
5.1594597499999998e+02 9.7653047000000001e+01 4.8608000000000001e-01 1.2623433769999999e+03
5.2282482700000003e+02 9.9781098000000000e+01 4.9152000000000001e-01 1.2666967400000001e+03
5.2972738900000002e+02 1.0193764500000000e+02 4.9696000000000001e-01 1.2710598410000000e+03
5.3665371200000004e+02 1.0412281500000000e+02 5.0239999999999996e-01 1.2754327240000000e+03
5.4360384999999997e+02 1.0633672300000001e+02 5.0783999999999996e-01 1.2798154090000000e+03
5.5057785799999999e+02 1.0857947400000000e+02 5.1327999999999996e-01 1.2842078890000000e+03
5.5757578699999999e+02 1.1085116200000000e+02 5.1871999999999996e-01 1.2886101400000000e+03
5.6459769200000005e+02 1.1315187200000000e+02 5.2415999999999996e-01 1.2930221220000001e+03
5.7164362400000005e+02 1.1548168099999999e+02 5.2959999999999996e-01 1.2974437809999999e+03
5.7871363699999995e+02 1.1784065900000000e+02 5.3503999999999996e-01 1.3018750500000001e+03
5.8580778199999997e+02 1.2022886900000000e+02 5.4047999999999996e-01 1.3063158510000001e+03
5.9292611199999999e+02 1.2264636900000001e+02 5.4591999999999996e-01 1.3107661020000000e+03
6.0006867599999998e+02 1.2509321000000000e+02 5.5135999999999996e-01 1.3152257070000001e+03
6.0723552600000005e+02 1.2756944000000000e+02 5.5679999999999996e-01 1.3196945679999999e+03
6.1442671299999995e+02 1.3007509999999999e+02 5.6223999999999996e-01 1.3241725799999999e+03
6.2164228400000002e+02 1.3261022800000001e+02 5.6767999999999996e-01 1.3286596320000001e+03
6.2888229000000001e+02 1.3517485600000001e+02 5.7311999999999996e-01 1.3331556120000000e+03
6.3614677900000004e+02 1.3776901500000000e+02 5.7855999999999996e-01 1.3376604010000001e+03
6.4343579799999998e+02 1.4039273100000000e+02 5.8399999999999996e-01 1.3421738789999999e+03
6.5074939300000005e+02 1.4304602499999999e+02 5.8943999999999996e-01 1.3466959230000000e+03
6.5808761300000003e+02 1.4572891700000000e+02 5.9487999999999996e-01 1.3512264080000000e+03
6.6545050100000003e+02 1.4844142199999999e+02 6.0031999999999996e-01 1.3557652060000000e+03
6.7283810200000005e+02 1.5118355399999999e+02 6.0575999999999997e-01 1.3603121900000001e+03
6.8025046199999997e+02 1.5395532200000000e+02 6.1119999999999997e-01 1.3648672290000000e+03
6.8768762400000003e+02 1.5675673399999999e+02 6.1663999999999997e-01 1.3694301920000000e+03
6.9514962900000000e+02 1.5958779600000000e+02 6.2207999999999997e-01 1.3740009490000000e+03
7.0263652100000002e+02 1.6244850900000000e+02 6.2751999999999997e-01 1.3785793679999999e+03
7.1014833999999996e+02 1.6533887300000001e+02 6.3295999999999997e-01 1.3831653170000000e+03
7.1768512799999996e+02 1.6825888699999999e+02 6.3839999999999997e-01 1.3877586630000001e+03
7.2524692300000004e+02 1.7120854600000001e+02 6.4383999999999997e-01 1.3923592739999999e+03
7.3283376599999997e+02 1.7418784400000001e+02 6.4927999999999997e-01 1.3969670180000001e+03
7.4044569400000000e+02 1.7719677200000001e+02 6.5471999999999997e-01 1.4015817629999999e+03
7.4808274600000004e+02 1.8023532100000000e+02 6.6015999999999997e-01 1.4062033790000000e+03
7.5574495899999999e+02 1.8330347699999999e+02 6.6559999999999997e-01 1.4108317330000000e+03
7.6343236800000000e+02 1.8640122800000000e+02 6.7103999999999997e-01 1.4154666960000000e+03
7.7114500899999996e+02 1.8952855800000000e+02 6.7647999999999997e-01 1.4201081369999999e+03
7.7888291700000002e+02 1.9268544900000001e+02 6.8191999999999997e-01 1.4247559280000000e+03
7.8664612699999998e+02 1.9587188300000000e+02 6.8735999999999997e-01 1.4294099409999999e+03
7.9443467199999998e+02 1.9908784000000000e+02 6.9279999999999997e-01 1.4340700480000000e+03
8.0224858500000005e+02 2.0233329900000001e+02 6.9823999999999997e-01 1.4387361229999999e+03
8.1008789700000000e+02 2.0560823500000001e+02 7.0367999999999997e-01 1.4434080409999999e+03
8.1795264099999997e+02 2.0891262499999999e+02 7.0911999999999997e-01 1.4480856759999999e+03
8.2584284700000001e+02 2.1224644400000000e+02 7.1455999999999997e-01 1.4527689049999999e+03
8.3375854500000003e+02 2.1560966300000001e+02 7.1999999999999997e-01 1.4574576070000001e+03
8.4169976399999996e+02 2.1900225599999999e+02 7.2543999999999997e-01 1.4621516600000000e+03
8.4966653399999996e+02 2.2242419300000000e+02 7.3087999999999997e-01 1.4668509429999999e+03
8.5765888299999995e+02 2.2587544399999999e+02 7.3631999999999997e-01 1.4715553379999999e+03
8.6567683699999998e+02 2.2935597700000000e+02 7.4175999999999997e-01 1.4762647280000001e+03
8.7372042399999998e+02 2.3286575900000000e+02 7.4719999999999998e-01 1.4809789949999999e+03
8.8178967100000000e+02 2.3640475900000001e+02 7.5263999999999998e-01 1.4856980249999999e+03
8.8988460199999997e+02 2.3997293999999999e+02 7.5807999999999998e-01 1.4904217030000000e+03
8.9800524199999995e+02 2.4357026900000000e+02 7.6351999999999998e-01 1.4951499170000000e+03
9.0615161699999999e+02 2.4719670800000000e+02 7.6895999999999998e-01 1.4998825549999999e+03
9.1432374900000002e+02 2.5085222200000001e+02 7.7439999999999998e-01 1.5046195070000001e+03
9.2252166299999999e+02 2.5453677200000001e+02 7.7983999999999998e-01 1.5093606640000000e+03
9.3074537999999995e+02 2.5825032099999999e+02 7.8527999999999998e-01 1.5141059200000000e+03
9.3899492199999997e+02 2.6199282799999997e+02 7.9071999999999998e-01 1.5188551660000001e+03
9.4727031099999999e+02 2.6576425399999999e+02 7.9615999999999998e-01 1.5236083000000001e+03
9.5557156899999995e+02 2.6956455999999997e+02 8.0159999999999998e-01 1.5283652159999999e+03
9.6389871400000004e+02 2.7339370300000002e+02 8.0703999999999998e-01 1.5331258140000000e+03
9.7225176699999997e+02 2.7725164200000000e+02 8.1247999999999998e-01 1.5378899910000000e+03
9.8063074700000004e+02 2.8113833499999998e+02 8.1791999999999998e-01 1.5426576490000000e+03
9.8903567299999997e+02 2.8505374000000000e+02 8.2335999999999998e-01 1.5474286890000001e+03
9.9746656299999995e+02 2.8899781200000001e+02 8.2879999999999998e-01 1.5522030159999999e+03
1.0059234350000000e+03 2.9297050999999999e+02 8.3423999999999998e-01 1.5569805320000000e+03
1.0144063050000000e+03 2.9697178800000000e+02 8.3967999999999998e-01 1.5617611449999999e+03
1.0229151900000001e+03 3.0100160299999999e+02 8.4511999999999998e-01 1.5665447620000000e+03
1.0314501060000000e+03 3.0505990900000000e+02 8.5055999999999998e-01 1.5713312920000001e+03
1.0400110689999999e+03 3.0914666299999999e+02 8.5599999999999998e-01 1.5761206450000000e+03
1.0485980939999999e+03 3.1326181900000000e+02 8.6143999999999998e-01 1.5809127320000000e+03
1.0572111960000000e+03 3.1740533199999999e+02 8.6687999999999998e-01 1.5857074680000001e+03
1.0658503890000000e+03 3.2157715600000000e+02 8.7231999999999998e-01 1.5905047669999999e+03
1.0745156860000000e+03 3.2577724699999999e+02 8.7775999999999998e-01 1.5953045450000000e+03
1.0832071010000000e+03 3.3000555900000001e+02 8.8319999999999999e-01 1.6001067200000000e+03
1.0919246459999999e+03 3.3426204600000000e+02 8.8863999999999999e-01 1.6049112120000000e+03
1.1006683350000001e+03 3.3854666500000002e+02 8.9407999999999999e-01 1.6097179430000001e+03
1.1094381780000001e+03 3.4285937100000001e+02 8.9951999999999999e-01 1.6145268349999999e+03
1.1182341879999999e+03 3.4720011899999997e+02 9.0495999999999999e-01 1.6193378140000000e+03
1.1270563749999999e+03 3.5156886700000001e+02 9.1039999999999999e-01 1.6241508070000000e+03
1.1359047510000000e+03 3.5596557200000001e+02 9.1583999999999999e-01 1.6289657440000001e+03
1.1447793260000001e+03 3.6039019300000001e+02 9.2127999999999999e-01 1.6337825570000000e+03
1.1536801089999999e+03 3.6484269100000000e+02 9.2671999999999999e-01 1.6386011820000001e+03
1.1626071110000000e+03 3.6932303000000002e+02 9.3215999999999999e-01 1.6434215580000000e+03
1.1715603410000001e+03 3.7383117499999997e+02 9.3759999999999999e-01 1.6482436290000001e+03
1.1805398080000000e+03 3.7836709800000000e+02 9.4303999999999999e-01 1.6530673429999999e+03
1.1895455199999999e+03 3.8293077499999998e+02 9.4847999999999999e-01 1.6578926580000000e+03
1.1985774870000000e+03 3.8752219500000001e+02 9.5391999999999999e-01 1.6627195440000000e+03
1.2076357170000001e+03 3.9214136300000001e+02 9.5935999999999999e-01 1.6675479869999999e+03
1.2167202179999999e+03 3.9678831800000000e+02 9.6479999999999999e-01 1.6723780110000000e+03
1.2258309990000000e+03 4.0146318600000001e+02 9.7023999999999999e-01 1.6772097269999999e+03
1.2349680710000000e+03 4.0616656399999999e+02 9.7567999999999999e-01 1.6820437300000001e+03
1.2441314450000000e+03 4.1089768600000002e+02 9.8111999999999999e-01 1.6868792149999999e+03
1.2533211260000000e+03 4.1565570600000001e+02 9.8655999999999999e-01 1.6917153020000001e+03
1.2625371180000000e+03 4.2044056599999999e+02 9.9199999999999999e-01 1.6965519270000000e+03
1.2717794230000000e+03 4.2525220899999999e+02 9.9743999999999999e-01 1.7013890269999999e+03
1.2810480419999999e+03 4.3009057600000000e+02 1.0028800000000000e+00 1.7062265370000000e+03
1.2903429799999999e+03 4.3495560999999998e+02 1.0083200000000001e+00 1.7110643970000001e+03
1.2996642360000001e+03 4.3984725300000002e+02 1.0137600000000000e+00 1.7159025449999999e+03
1.3090118130000001e+03 4.4476544699999999e+02 1.0192000000000001e+00 1.7207409210000001e+03
1.3183857109999999e+03 4.4971013499999998e+02 1.0246400000000000e+00 1.7255794670000000e+03
1.3277859320000000e+03 4.5468125800000001e+02 1.0300800000000001e+00 1.7304181240000000e+03
1.3372124759999999e+03 4.5967875900000001e+02 1.0355200000000000e+00 1.7352568360000000e+03
1.3466653429999999e+03 4.6470258100000001e+02 1.0409600000000001e+00 1.7400955460000000e+03
1.3561445320000000e+03 4.6975266599999998e+02 1.0464000000000000e+00 1.7449341990000000e+03
1.3656500440000000e+03 4.7482895600000001e+02 1.0518400000000001e+00 1.7497727400000001e+03
1.3751818770000000e+03 4.7993139300000001e+02 1.0572800000000000e+00 1.7546111180000000e+03
1.3847400310000000e+03 4.8505992099999997e+02 1.0627200000000001e+00 1.7594492780000000e+03
1.3943245039999999e+03 4.9021448199999998e+02 1.0681600000000000e+00 1.7642871689999999e+03
1.4039352950000000e+03 4.9539501899999999e+02 1.0736000000000001e+00 1.7691247420000000e+03
1.4135724020000000e+03 5.0060147400000000e+02 1.0790400000000000e+00 1.7739619439999999e+03
1.4232358220000001e+03 5.0583379000000002e+02 1.0844800000000001e+00 1.7787987290000001e+03
1.4329255530000000e+03 5.1109191099999998e+02 1.0899200000000000e+00 1.7836350470000000e+03
1.4426415930000001e+03 5.1637577999999996e+02 1.0953599999999999e+00 1.7884708499999999e+03
1.4523839379999999e+03 5.2168533800000000e+02 1.1008000000000000e+00 1.7933060929999999e+03
1.4621525859999999e+03 5.2702053100000001e+02 1.1062399999999999e+00 1.7981407290000000e+03
1.4719475330000000e+03 5.3238130100000001e+02 1.1116800000000000e+00 1.8029747130000001e+03
1.4817687750000000e+03 5.3776759100000004e+02 1.1171199999999999e+00 1.8078080010000001e+03
1.4916163090000000e+03 5.4317934600000001e+02 1.1225600000000000e+00 1.8126405490000000e+03
1.5014901290000000e+03 5.4861650799999995e+02 1.1279999999999999e+00 1.8174723140000001e+03
1.5113902330000001e+03 5.5407902200000001e+02 1.1334400000000000e+00 1.8223032539999999e+03
1.5213166150000000e+03 5.5956683199999998e+02 1.1388799999999999e+00 1.8271333279999999e+03
1.5312692709999999e+03 5.6507988200000000e+02 1.1443200000000000e+00 1.8319624950000000e+03
1.5412481940000000e+03 5.7061811499999999e+02 1.1497599999999999e+00 1.8367907150000001e+03
1.5512533810000000e+03 5.7618147699999997e+02 1.1552000000000000e+00 1.8416179480000001e+03
1.5612848260000001e+03 5.8176991099999998e+02 1.1606399999999999e+00 1.8464441560000000e+03
1.5713425230000000e+03 5.8738336200000003e+02 1.1660800000000000e+00 1.8512692999999999e+03
1.5814264659999999e+03 5.9302177500000005e+02 1.1715199999999999e+00 1.8560933439999999e+03
1.5915366480000000e+03 5.9868509500000005e+02 1.1769600000000000e+00 1.8609162500000000e+03
1.6016730650000000e+03 6.0437326700000006e+02 1.1823999999999999e+00 1.8657379830000000e+03
1.6118357090000000e+03 6.1008623499999999e+02 1.1878400000000000e+00 1.8705585060000001e+03
1.6220245729999999e+03 6.1582394499999998e+02 1.1932799999999999e+00 1.8753777849999999e+03
1.6322396510000001e+03 6.2158634300000006e+02 1.1987200000000000e+00 1.8801957849999999e+03
1.6424809350000000e+03 6.2737337400000001e+02 1.2041599999999999e+00 1.8850124730000000e+03
1.6527483810000001e+03 6.3314964999999995e+02 1.2096000000000000e+00 1.8897985730000000e+03
1.6630416780000000e+03 6.3888072199999999e+02 1.2150399999999999e+00 1.8945258890000000e+03
1.6733606190000000e+03 6.4460711900000001e+02 1.2204800000000000e+00 1.8992282430000000e+03
1.6837050930000000e+03 6.5033846700000004e+02 1.2259199999999999e+00 1.9039137310000001e+03
1.6940750190000001e+03 6.5607931599999995e+02 1.2313600000000000e+00 1.9085862050000001e+03
1.7044703350000000e+03 6.6183237599999995e+02 1.2367999999999999e+00 1.9132479770000000e+03
1.7148909850000000e+03 6.6759945800000003e+02 1.2422400000000000e+00 1.9179006010000001e+03
1.7253369240000000e+03 6.7338185599999997e+02 1.2476799999999999e+00 1.9225451980000000e+03
1.7358081099999999e+03 6.7918054500000005e+02 1.2531200000000000e+00 1.9271826160000001e+03
1.7463045059999999e+03 6.8499627999999996e+02 1.2585599999999999e+00 1.9318135190000000e+03
1.7568260780000001e+03 6.9082966199999998e+02 1.2640000000000000e+00 1.9364384410000000e+03
1.7673727940000001e+03 6.9668118100000004e+02 1.2694399999999999e+00 1.9410578190000001e+03
1.7779446260000000e+03 7.0255124200000000e+02 1.2748800000000000e+00 1.9456720190000001e+03
1.7885415459999999e+03 7.0844018300000005e+02 1.2803199999999999e+00 1.9502813500000000e+03
1.7991635289999999e+03 7.1434829300000001e+02 1.2857600000000000e+00 1.9548860780000000e+03
1.8098105490000000e+03 7.2027581699999996e+02 1.2911999999999999e+00 1.9594864310000000e+03
1.8204825840000001e+03 7.2622296400000005e+02 1.2966400000000000e+00 1.9640826099999999e+03
1.8311796119999999e+03 7.3218992000000003e+02 1.3020799999999999e+00 1.9686747909999999e+03
1.8419016110000000e+03 7.3817684199999997e+02 1.3075200000000000e+00 1.9732631280000001e+03
1.8526485610000000e+03 7.4418387199999995e+02 1.3129599999999999e+00 1.9778477620000001e+03
1.8634204410000000e+03 7.5021113100000002e+02 1.3184000000000000e+00 1.9824288150000000e+03
1.8742172330000001e+03 7.5625872700000002e+02 1.3238399999999999e+00 1.9870063990000001e+03
1.8850389180000000e+03 7.6232675700000004e+02 1.3292800000000000e+00 1.9915806140000000e+03
1.8958854790000000e+03 7.6841530399999999e+02 1.3347199999999999e+00 1.9961515520000000e+03
1.9067568960000001e+03 7.7452444500000001e+02 1.3401600000000000e+00 2.0007192950000001e+03
1.9176531540000001e+03 7.8065424399999995e+02 1.3455999999999999e+00 2.0052839180000001e+03
1.9285742350000000e+03 7.8680476199999998e+02 1.3510400000000000e+00 2.0098454919999999e+03
1.9395201239999999e+03 7.9297605099999998e+02 1.3564799999999999e+00 2.0144040780000000e+03
1.9504908029999999e+03 7.9916815799999995e+02 1.3619200000000000e+00 2.0189597349999999e+03
1.9614862570000000e+03 8.0538112300000000e+02 1.3673599999999999e+00 2.0235125160000000e+03
1.9725064709999999e+03 8.1161498300000005e+02 1.3728000000000000e+00 2.0280624710000000e+03
1.9835514300000000e+03 8.1786977000000002e+02 1.3782399999999999e+00 2.0326096460000001e+03
1.9946211169999999e+03 8.2414551200000005e+02 1.3836800000000000e+00 2.0371540829999999e+03
2.0057155200000000e+03 8.3044223399999998e+02 1.3891199999999999e+00 2.0416958210000000e+03
2.0168346220000001e+03 8.3675995699999999e+02 1.3945600000000000e+00 2.0462348970000000e+03
2.0279784099999999e+03 8.4309870000000001e+02 1.3999999999999999e+00 2.0507713440000002e+03
