# epsilon[MeV/fm^3] P[MeV/fm^3] nB[fm^-3] muB[MeV]
3.7924894000000002e+01 1.9572800000000001e-01 4.0000000000000001e-02 9.5301735799999994e+02
4.3111719000000001e+01 2.3327700000000001e-01 4.5440000000000001e-02 9.5389697400000000e+02
4.8303021000000001e+01 2.7039999999999997e-01 5.0880000000000002e-02 9.5466809899999998e+02
5.3498258000000000e+01 3.0688799999999999e-01 5.6320000000000002e-02 9.5534884899999997e+02
5.8696989000000002e+01 3.4289199999999997e-01 6.1760000000000002e-02 9.5595840699999997e+02
6.3898879000000001e+01 3.7889000000000000e-01 6.7199999999999996e-02 9.5651622099999997e+02
6.9103701000000001e+01 4.1565900000000000e-01 7.2639999999999996e-02 9.5704142400000001e+02
7.4311324999999997e+01 4.5423100000000000e-01 7.8079999999999997e-02 9.5755245000000002e+02
7.9521722999999994e+01 4.9586700000000000e-01 8.3519999999999997e-02 9.5806678599999998e+02
8.4734958000000006e+01 5.4201600000000005e-01 8.8959999999999997e-02 9.5860084600000005e+02
8.9951173999999995e+01 5.9362899999999996e-01 9.4399999999999998e-02 9.5916281500000002e+02
9.5170458999999994e+01 6.4942500000000003e-01 9.9839999999999998e-02 9.5973617400000001e+02
1.0039297999999999e+02 7.1354099999999998e-01 1.0528000000000000e-01 9.6036003800000003e+02
1.0561907200000000e+02 7.8874599999999995e-01 1.1072000000000000e-01 9.6105501500000003e+02
1.1084916300000000e+02 8.7742299999999995e-01 1.1616000000000000e-01 9.6183529899999996e+02
1.1608374700000000e+02 9.8183100000000001e-01 1.2160000000000000e-01 9.6271208500000000e+02
1.2132337699999999e+02 1.1041620000000001e+00 1.2703999999999999e-01 9.6369457599999998e+02
1.2656864800000000e+02 1.2465630000000001e+00 1.3247999999999999e-01 9.6479045599999995e+02
1.3182019399999999e+02 1.4111380000000000e+00 1.3791999999999999e-01 9.6600616300000002e+02
1.3707868400000001e+02 1.5999460000000001e+00 1.4335999999999999e-01 9.6734707700000001e+02
1.4234481000000000e+02 1.8150010000000001e+00 1.4879999999999999e-01 9.6881765499999995e+02
1.4761928800000001e+02 2.0582669999999998e+00 1.5423999999999999e-01 9.7042155100000002e+02
1.5290285200000000e+02 2.3316550000000000e+00 1.5967999999999999e-01 9.7216170399999999e+02
1.5819624999999999e+02 2.6370239999999998e+00 1.6511999999999999e-01 9.7404043400000000e+02
1.6350023999999999e+02 2.9761790000000001e+00 1.7055999999999999e-01 9.7605951100000004e+02
1.6881558999999999e+02 3.3508710000000002e+00 1.7599999999999999e-01 9.7822023300000001e+02
1.7414307299999999e+02 3.7627999999999999e+00 1.8143999999999999e-01 9.8052349000000004e+02
1.7948346599999999e+02 4.2136170000000002e+00 1.8687999999999999e-01 9.8296982400000002e+02
1.8483754800000000e+02 4.7049240000000001e+00 1.9231999999999999e-01 9.8555948200000000e+02
1.9020609999999999e+02 5.2382830000000000e+00 1.9775999999999999e-01 9.8829246799999999e+02
1.9558990000000000e+02 5.8152109999999997e+00 2.0319999999999999e-01 9.9116858400000001e+02
2.0098972699999999e+02 6.4371910000000003e+00 2.0863999999999999e-01 9.9418746299999998e+02
2.0640635599999999e+02 7.1056699999999999e+00 2.1407999999999999e-01 9.9734860600000002e+02
2.1184056000000001e+02 7.8220640000000001e+00 2.1951999999999999e-01 1.0006514040000000e+03
2.1729310699999999e+02 8.5877569999999999e+00 2.2495999999999999e-01 1.0040951550000000e+03
2.2276476299999999e+02 9.4041069999999998e+00 2.3039999999999999e-01 1.0076790860000000e+03
2.2825628800000001e+02 1.0272444000000000e+01 2.3583999999999999e-01 1.0114023570000001e+03
2.3376843800000000e+02 1.1194068000000000e+01 2.4127999999999999e-01 1.0152640720000001e+03
2.3930196400000000e+02 1.2170254000000000e+01 2.4671999999999999e-01 1.0192632820000000e+03
2.4485761199999999e+02 1.3202248000000001e+01 2.5216000000000000e-01 1.0233989860000000e+03
2.5043612100000001e+02 1.4291266999999999e+01 2.5760000000000000e-01 1.0276701270000001e+03
2.5603822500000001e+02 1.5438492999999999e+01 2.6304000000000000e-01 1.0320755970000000e+03
2.6166465299999999e+02 1.6645077000000001e+01 2.6848000000000000e-01 1.0366142230000000e+03
2.6731612600000000e+02 1.7912132000000000e+01 2.7392000000000000e-01 1.0412847720000000e+03
2.7299335900000000e+02 1.9240732999999999e+01 2.7936000000000000e-01 1.0460859370000001e+03
2.7869705800000003e+02 2.0631910000000001e+01 2.8480000000000000e-01 1.0510163399999999e+03
2.8442792300000002e+02 2.2086651000000000e+01 2.9024000000000000e-01 1.0560745230000000e+03
2.9018664600000000e+02 2.3605892999999998e+01 2.9568000000000000e-01 1.0612589439999999e+03
2.9597390899999999e+02 2.5190522999999999e+01 3.0112000000000000e-01 1.0665679720000001e+03
3.0179038600000001e+02 2.6841374999999999e+01 3.0656000000000000e-01 1.0719998920000000e+03
3.0763674099999997e+02 2.8559225000000001e+01 3.1200000000000000e-01 1.0775528910000000e+03
3.1351362699999999e+02 3.0344792000000002e+01 3.1744000000000000e-01 1.0832250690000001e+03
3.1942168900000001e+02 3.2198734999999999e+01 3.2288000000000000e-01 1.0890144330000001e+03
3.2536155800000000e+02 3.4121648000000000e+01 3.2832000000000000e-01 1.0949188999999999e+03
3.3133385500000003e+02 3.6114066999999999e+01 3.3376000000000000e-01 1.1009363010000000e+03
3.3733918899999998e+02 3.8176461000000003e+01 3.3920000000000000e-01 1.1070643820000000e+03
3.4337815599999999e+02 4.0309237000000003e+01 3.4464000000000000e-01 1.1133008110000001e+03
3.4945133800000002e+02 4.2512739000000003e+01 3.5008000000000000e-01 1.1196431840000000e+03
3.5555930699999999e+02 4.4787244999999999e+01 3.5552000000000000e-01 1.1260890290000000e+03
3.6170261699999998e+02 4.7132975000000002e+01 3.6096000000000000e-01 1.1326358130000001e+03
3.6788181300000002e+02 4.9550086000000000e+01 3.6640000000000000e-01 1.1392809510000000e+03
3.7409537399999999e+02 5.1693596999999997e+01 3.7184000000000000e-01 1.1450882730000001e+03
3.8033890400000001e+02 5.3690325999999999e+01 3.7728000000000000e-01 1.1504185010000001e+03
3.8661089600000003e+02 5.5648012999999999e+01 3.8272000000000000e-01 1.1555695519999999e+03
3.9291060099999999e+02 5.7592941000000003e+01 3.8816000000000001e-01 1.1606147520000000e+03
3.9923755000000000e+02 5.9537793000000001e+01 3.9360000000000001e-01 1.1655895129999999e+03
4.0559142000000003e+02 6.1490015000000000e+01 3.9904000000000001e-01 1.1705145680000001e+03
4.1197054300000002e+02 6.3204977000000000e+01 4.0448000000000001e-01 1.1747829979999999e+03
4.1837212199999999e+02 6.4860462999999996e+01 4.0992000000000001e-01 1.1788478259999999e+03
4.2479567400000002e+02 6.6519745000000000e+01 4.1536000000000001e-01 1.1828682209999999e+03
4.3124104399999999e+02 6.8193484999999995e+01 4.2080000000000001e-01 1.1868708700000000e+03
4.3770816800000000e+02 6.9886480000000006e+01 4.2624000000000001e-01 1.1908675639999999e+03
4.4419703399999997e+02 7.1601472000000001e+01 4.3168000000000001e-01 1.1948648470000001e+03
4.5070765799999998e+02 7.3340243999999998e+01 4.3712000000000001e-01 1.1988668120000000e+03
4.5724007200000000e+02 7.5104054000000005e+01 4.4256000000000001e-01 1.2028762059999999e+03
4.6379432200000002e+02 7.6893844000000001e+01 4.4800000000000001e-01 1.2068949630000000e+03
4.7037046299999997e+02 7.8710350000000005e+01 4.5344000000000001e-01 1.2109244890000000e+03
4.7696855799999997e+02 8.0554164000000000e+01 4.5888000000000001e-01 1.2149658250000000e+03
4.8358867199999997e+02 8.2425775999999999e+01 4.6432000000000001e-01 1.2190197530000000e+03
4.9023087600000002e+02 8.4325596000000004e+01 4.6976000000000001e-01 1.2230868640000001e+03
4.9689524299999999e+02 8.6253978000000004e+01 4.7520000000000001e-01 1.2271675990000001e+03
5.0358184699999998e+02 8.8211228000000006e+01 4.8064000000000001e-01 1.2312622870000000e+03
5.1029076600000002e+02 9.0197612000000007e+01 4.8608000000000001e-01 1.2353711679999999e+03
5.1702207699999997e+02 9.2213364999999996e+01 4.9152000000000001e-01 1.2394944069999999e+03
5.2377585899999997e+02 9.4258696999999998e+01 4.9696000000000001e-01 1.2436321100000000e+03
5.3055219000000000e+02 9.6333793000000000e+01 5.0239999999999996e-01 1.2477843339999999e+03
5.3735114999999996e+02 9.8438817999999998e+01 5.0783999999999996e-01 1.2519510940000000e+03
5.4417281700000001e+02 1.0057392200000000e+02 5.1327999999999996e-01 1.2561323720000000e+03
5.5101727100000005e+02 1.0273923700000000e+02 5.1871999999999996e-01 1.2603281190000000e+03
5.5788459000000000e+02 1.0493488200000000e+02 5.2415999999999996e-01 1.2645382620000000e+03
5.6477485300000001e+02 1.0716096400000001e+02 5.2959999999999996e-01 1.2687627050000001e+03
5.7168813599999999e+02 1.0941757800000001e+02 5.3503999999999996e-01 1.2730013369999999e+03
5.7862451699999997e+02 1.1170480900000000e+02 5.4047999999999996e-01 1.2772540260000001e+03
5.8558407099999999e+02 1.1402273200000000e+02 5.4591999999999996e-01 1.2815206310000001e+03
5.9256687499999998e+02 1.1637141300000000e+02 5.5135999999999996e-01 1.2858009970000001e+03
5.9957300199999997e+02 1.1875091200000000e+02 5.5679999999999996e-01 1.2900949570000000e+03
6.0660252600000001e+02 1.2116127800000000e+02 5.6223999999999996e-01 1.2944023400000001e+03
6.1365551900000003e+02 1.2360255400000000e+02 5.6767999999999996e-01 1.2987229620000001e+03
6.2073205399999995e+02 1.2607477799999999e+02 5.7311999999999996e-01 1.3030566360000000e+03
6.2783219999999994e+02 1.2857798099999999e+02 5.7855999999999996e-01 1.3074031680000001e+03
6.3495602699999995e+02 1.3111218600000001e+02 5.8399999999999996e-01 1.3117623599999999e+03
6.4210360300000002e+02 1.3367741200000000e+02 5.8943999999999996e-01 1.3161340100000000e+03
6.4927499599999999e+02 1.3627367500000000e+02 5.9487999999999996e-01 1.3205179129999999e+03
6.5647027200000002e+02 1.3890098200000000e+02 6.0031999999999996e-01 1.3249138590000000e+03
6.6368949499999997e+02 1.4155933800000000e+02 6.0575999999999997e-01 1.3293216410000000e+03
6.7093272899999999e+02 1.4424874299999999e+02 6.1119999999999997e-01 1.3337410440000001e+03
6.7820003799999995e+02 1.4696919299999999e+02 6.1663999999999997e-01 1.3381718570000000e+03
6.8549148200000002e+02 1.4972067899999999e+02 6.2207999999999997e-01 1.3426138670000000e+03
6.9280712200000005e+02 1.5250318999999999e+02 6.2751999999999997e-01 1.3470668590000000e+03
7.0014701800000000e+02 1.5531671000000000e+02 6.3295999999999997e-01 1.3515306189999999e+03
7.0751122599999997e+02 1.5816122100000001e+02 6.3839999999999997e-01 1.3560049340000000e+03
7.1489980400000002e+02 1.6103670099999999e+02 6.4383999999999997e-01 1.3604895899999999e+03
7.2231280800000002e+02 1.6394312600000001e+02 6.4927999999999997e-01 1.3649843760000001e+03
7.2975029199999994e+02 1.6688046700000001e+02 6.5471999999999997e-01 1.3694890809999999e+03
7.3721230900000000e+02 1.6984869499999999e+02 6.6015999999999997e-01 1.3740034929999999e+03
7.4469891199999995e+02 1.7284777600000001e+02 6.6559999999999997e-01 1.3785274050000000e+03
7.5221015199999999e+02 1.7587767600000001e+02 6.7103999999999997e-01 1.3830606090000001e+03
7.5974607900000001e+02 1.7893835799999999e+02 6.7647999999999997e-01 1.3876028990000000e+03
7.6730674199999999e+02 1.8202978100000001e+02 6.8191999999999997e-01 1.3921540729999999e+03
7.7489218800000003e+02 1.8515190600000000e+02 6.8735999999999997e-01 1.3967139290000000e+03
7.8250246500000003e+02 1.8830468700000000e+02 6.9279999999999997e-01 1.4012822670000000e+03
7.9013761699999998e+02 1.9148808099999999e+02 6.9823999999999997e-01 1.4058588890000001e+03
7.9779768899999999e+02 1.9470204000000001e+02 7.0367999999999997e-01 1.4104436000000001e+03
8.0548272499999996e+02 1.9794651700000000e+02 7.0911999999999997e-01 1.4150362070000001e+03
8.1319276800000000e+02 2.0122146100000001e+02 7.1455999999999997e-01 1.4196365209999999e+03
8.2092785800000001e+02 2.0452682100000001e+02 7.1999999999999997e-01 1.4242443510000001e+03
8.2868803600000001e+02 2.0786254500000001e+02 7.2543999999999997e-01 1.4288595140000000e+03
8.3647334200000000e+02 2.1122857900000000e+02 7.3087999999999997e-01 1.4334818240000000e+03
8.4428381300000001e+02 2.1462486899999999e+02 7.3631999999999997e-01 1.4381111020000001e+03
8.5211948800000005e+02 2.1805135799999999e+02 7.4175999999999997e-01 1.4427471700000001e+03
8.5998040200000003e+02 2.2150798900000001e+02 7.4719999999999998e-01 1.4473898509999999e+03
8.6786659099999997e+02 2.2499470400000001e+02 7.5263999999999998e-01 1.4520389720000001e+03
8.7577809000000002e+02 2.2851144600000001e+02 7.5807999999999998e-01 1.4566943640000000e+03
8.8371493299999997e+02 2.3205815400000000e+02 7.6351999999999998e-01 1.4613558570000000e+03
8.9167715099999998e+02 2.3563476800000001e+02 7.6895999999999998e-01 1.4660232870000000e+03
8.9966477699999996e+02 2.3924122700000001e+02 7.7439999999999998e-01 1.4706964909999999e+03
9.0767784300000005e+02 2.4287746899999999e+02 7.7983999999999998e-01 1.4753753090000000e+03
9.1571637699999997e+02 2.4654343200000000e+02 7.8527999999999998e-01 1.4800595830000000e+03
9.2378040899999996e+02 2.5023905400000001e+02 7.9071999999999998e-01 1.4847491580000001e+03
9.3186996899999997e+02 2.5396427100000000e+02 7.9615999999999998e-01 1.4894438809999999e+03
9.3998508200000003e+02 2.5771901800000001e+02 8.0159999999999998e-01 1.4941436040000001e+03
9.4812577599999997e+02 2.6150323400000002e+02 8.0703999999999998e-01 1.4988481770000001e+03
9.5629207799999995e+02 2.6531685099999999e+02 8.1247999999999998e-01 1.5035574570000001e+03
9.6448401200000001e+02 2.6915980700000000e+02 8.1791999999999998e-01 1.5082713010000000e+03
9.7270160199999998e+02 2.7303203500000001e+02 8.2335999999999998e-01 1.5129895700000000e+03
9.8094487200000003e+02 2.7693347000000000e+02 8.2879999999999998e-01 1.5177121250000000e+03
9.8921384599999999e+02 2.8086404700000003e+02 8.3423999999999998e-01 1.5224388309999999e+03
9.9750854600000002e+02 2.8482369899999998e+02 8.3967999999999998e-01 1.5271695569999999e+03
1.0058289920000000e+03 2.8881236100000001e+02 8.4511999999999998e-01 1.5319041709999999e+03
1.0141752060000000e+03 2.9282996800000001e+02 8.5055999999999998e-01 1.5366425469999999e+03
1.0225472090000000e+03 2.9687645099999997e+02 8.5599999999999998e-01 1.5413845580000000e+03
1.0309450179999999e+03 3.0095174600000001e+02 8.6143999999999998e-01 1.5461300810000000e+03
1.0393686540000001e+03 3.0505578700000001e+02 8.6687999999999998e-01 1.5508789959999999e+03
1.0478181330000000e+03 3.0918850600000002e+02 8.7231999999999998e-01 1.5556311840000001e+03
1.0562934749999999e+03 3.1334983899999997e+02 8.7775999999999998e-01 1.5603865290000001e+03
1.0647946950000000e+03 3.1753971799999999e+02 8.8319999999999999e-01 1.5651449170000001e+03
1.0733218090000000e+03 3.2175807900000001e+02 8.8863999999999999e-01 1.5699062360000000e+03
1.0818748350000001e+03 3.2600485600000002e+02 8.9407999999999999e-01 1.5746703769999999e+03
1.0904537849999999e+03 3.3027998200000002e+02 8.9951999999999999e-01 1.5794372320000000e+03
1.0990586760000001e+03 3.3458339400000000e+02 9.0495999999999999e-01 1.5842066980000000e+03
1.1076895199999999e+03 3.3891502600000001e+02 9.1039999999999999e-01 1.5889786700000000e+03
1.1163463320000001e+03 3.4327481499999999e+02 9.1583999999999999e-01 1.5937530489999999e+03
1.1250291239999999e+03 3.4766269499999999e+02 9.2127999999999999e-01 1.5985297370000001e+03
1.1337379080000001e+03 3.5207860499999998e+02 9.2671999999999999e-01 1.6033086390000001e+03
1.1424726960000000e+03 3.5652248200000002e+02 9.3215999999999999e-01 1.6080896610000000e+03
1.1512334989999999e+03 3.6099426299999999e+02 9.3759999999999999e-01 1.6128727120000001e+03
1.1600203289999999e+03 3.6549388900000002e+02 9.4303999999999999e-01 1.6176577040000000e+03
1.1688331949999999e+03 3.7002130000000000e+02 9.4847999999999999e-01 1.6224445530000000e+03
1.1776721070000001e+03 3.7457643800000000e+02 9.5391999999999999e-01 1.6272331760000000e+03
1.1865370750000000e+03 3.7915924600000000e+02 9.5935999999999999e-01 1.6320234949999999e+03
1.1954281080000001e+03 3.8376967100000002e+02 9.6479999999999999e-01 1.6368154330000000e+03
1.2043452139999999e+03 3.8840766200000002e+02 9.7023999999999999e-01 1.6416089199999999e+03
1.2132884019999999e+03 3.9307317200000000e+02 9.7567999999999999e-01 1.6464038900000000e+03
1.2222576790000001e+03 3.9776615800000002e+02 9.8111999999999999e-01 1.6512002840000000e+03
1.2312530540000000e+03 4.0248658599999999e+02 9.8655999999999999e-01 1.6559980510000000e+03
1.2402745319999999e+03 4.0723443300000002e+02 9.9199999999999999e-01 1.6607971520000001e+03
1.2493221229999999e+03 4.1200969300000003e+02 9.9743999999999999e-01 1.6655975670000000e+03
1.2583958319999999e+03 4.1681239599999998e+02 1.0028800000000000e+00 1.6703993109999999e+03
1.2674956669999999e+03 4.2164265000000000e+02 1.0083200000000001e+00 1.6752024779999999e+03
1.2766216380000001e+03 4.2650099499999999e+02 1.0137600000000000e+00 1.6800075859999999e+03
1.2857737540000001e+03 4.3138714499999998e+02 1.0192000000000001e+00 1.6848143330000000e+03
1.2949520210000001e+03 4.3629971499999999e+02 1.0246400000000000e+00 1.6896213470000000e+03
1.3041564390000001e+03 4.4123863499999999e+02 1.0300800000000001e+00 1.6944285570000000e+03
1.3133870099999999e+03 4.4620383700000002e+02 1.0355200000000000e+00 1.6992358939999999e+03
1.3226437340000000e+03 4.5119525199999998e+02 1.0409600000000001e+00 1.7040432900000001e+03
1.3319266110000001e+03 4.5621280899999999e+02 1.0464000000000000e+00 1.7088506789999999e+03
1.3412356410000000e+03 4.6125644299999999e+02 1.0518400000000001e+00 1.7136579950000000e+03
1.3505708230000000e+03 4.6632608299999998e+02 1.0572800000000000e+00 1.7184651750000000e+03
1.3599321570000000e+03 4.7142166300000002e+02 1.0627200000000001e+00 1.7232721570000001e+03
1.3693196410000000e+03 4.7654311500000000e+02 1.0681600000000000e+00 1.7280788780000000e+03
1.3787332730000001e+03 4.8169037200000002e+02 1.0736000000000001e+00 1.7328852790000001e+03
1.3881730520000001e+03 4.8686336699999998e+02 1.0790400000000000e+00 1.7376913020000000e+03
1.3976389760000000e+03 4.9206203399999998e+02 1.0844800000000001e+00 1.7424968879999999e+03
1.4071310410000001e+03 4.9728630600000002e+02 1.0899200000000000e+00 1.7473019810000001e+03
1.4166492450000001e+03 5.0253611899999999e+02 1.0953599999999999e+00 1.7521065260000000e+03
1.4261935850000000e+03 5.0781140499999998e+02 1.1008000000000000e+00 1.7569104669999999e+03
1.4357640580000000e+03 5.1311210000000005e+02 1.1062399999999999e+00 1.7617137540000001e+03
1.4453606600000001e+03 5.1843813799999998e+02 1.1116800000000000e+00 1.7665163319999999e+03
1.4549833860000001e+03 5.2378945699999997e+02 1.1171199999999999e+00 1.7713181509999999e+03
1.4646322319999999e+03 5.2916598999999997e+02 1.1225600000000000e+00 1.7761191600000000e+03
1.4743071950000001e+03 5.3456767400000001e+02 1.1279999999999999e+00 1.7809193120000000e+03
1.4840082689999999e+03 5.3999444500000004e+02 1.1334400000000000e+00 1.7857185569999999e+03
1.4937354490000000e+03 5.4544623999999999e+02 1.1388799999999999e+00 1.7905168490000001e+03
1.5034887289999999e+03 5.5092299600000001e+02 1.1443200000000000e+00 1.7953141410000001e+03
1.5132681050000001e+03 5.5642464900000004e+02 1.1497599999999999e+00 1.8001103880000001e+03
1.5230735700000000e+03 5.6195113800000001e+02 1.1552000000000000e+00 1.8049055450000001e+03
1.5329051179999999e+03 5.6750239999999997e+02 1.1606399999999999e+00 1.8096995700000000e+03
1.5427627430000000e+03 5.7307837300000006e+02 1.1660800000000000e+00 1.8144924189999999e+03
1.5526464390000001e+03 5.7867899599999998e+02 1.1715199999999999e+00 1.8192840510000001e+03
1.5625561990000001e+03 5.8430420600000002e+02 1.1769600000000000e+00 1.8240744239999999e+03
1.5724920150000000e+03 5.8995394399999998e+02 1.1823999999999999e+00 1.8288634990000000e+03
1.5824538809999999e+03 5.9562814800000001e+02 1.1878400000000000e+00 1.8336512359999999e+03
1.5924417890000000e+03 6.0132675800000004e+02 1.1932799999999999e+00 1.8384375960000000e+03
1.6024557319999999e+03 6.0704971300000000e+02 1.1987200000000000e+00 1.8432225420000000e+03
1.6124957019999999e+03 6.1279695400000003e+02 1.2041599999999999e+00 1.8480060370000001e+03
1.6225616900000000e+03 6.1856842099999994e+02 1.2096000000000000e+00 1.8527880439999999e+03
1.6326536890000000e+03 6.2436405400000001e+02 1.2150399999999999e+00 1.8575685269999999e+03
1.6427716909999999e+03 6.3018379500000003e+02 1.2204800000000000e+00 1.8623474510000001e+03
1.6529156849999999e+03 6.3602758400000005e+02 1.2259199999999999e+00 1.8671247840000001e+03
1.6630856650000001e+03 6.4189536299999997e+02 1.2313600000000000e+00 1.8719004890000001e+03
1.6732816210000001e+03 6.4778707299999996e+02 1.2367999999999999e+00 1.8766745360000000e+03
1.6835035180000000e+03 6.5367330600000003e+02 1.2422400000000000e+00 1.8814232420000001e+03
1.6937510540000001e+03 6.5950561800000003e+02 1.2476799999999999e+00 1.8861078720000000e+03
1.7040239950000000e+03 6.6532925899999998e+02 1.2531200000000000e+00 1.8907651820000001e+03
1.7143222220000000e+03 6.7115543600000001e+02 1.2585599999999999e+00 1.8954043360000001e+03
1.7246456470000001e+03 6.7698926600000004e+02 1.2640000000000000e+00 1.9000295480000000e+03
1.7349942020000001e+03 6.8283375999999998e+02 1.2694399999999999e+00 1.9046433159999999e+03
1.7453678290000000e+03 6.8869091500000002e+02 1.2748800000000000e+00 1.9092473060000000e+03
1.7557664800000000e+03 6.9456215299999997e+02 1.2803199999999999e+00 1.9138427170000000e+03
1.7661901080000000e+03 7.0044854099999998e+02 1.2857600000000000e+00 1.9184304509999999e+03
1.7766386760000000e+03 7.0635090500000001e+02 1.2911999999999999e+00 1.9230112150000000e+03
1.7871121450000001e+03 7.1226990100000000e+02 1.2966400000000000e+00 1.9275855750000001e+03
1.7976104840000000e+03 7.1820606499999997e+02 1.3020799999999999e+00 1.9321539949999999e+03
1.8081336600000000e+03 7.2415983700000004e+02 1.3075200000000000e+00 1.9367168650000001e+03
1.8186816440000000e+03 7.3013158699999997e+02 1.3129599999999999e+00 1.9412745120000000e+03
1.8292544089999999e+03 7.3612162899999998e+02 1.3184000000000000e+00 1.9458272170000000e+03
1.8398519280000000e+03 7.4213022899999999e+02 1.3238399999999999e+00 1.9503752230000000e+03
1.8504741770000001e+03 7.4815761799999996e+02 1.3292800000000000e+00 1.9549187420000001e+03
1.8611211310000001e+03 7.5420399599999996e+02 1.3347199999999999e+00 1.9594579610000001e+03
1.8717927680000000e+03 7.6026953600000002e+02 1.3401600000000000e+00 1.9639930460000000e+03
1.8824890650000000e+03 7.6635439199999996e+02 1.3455999999999999e+00 1.9685241420000000e+03
1.8932100009999999e+03 7.7245869600000003e+02 1.3510400000000000e+00 1.9730513820000001e+03
1.9039555559999999e+03 7.7858256800000004e+02 1.3564799999999999e+00 1.9775748840000001e+03
1.9147257090000001e+03 7.8472611099999995e+02 1.3619200000000000e+00 1.9820947540000000e+03
1.9255204400000000e+03 7.9088941899999998e+02 1.3673599999999999e+00 1.9866110900000001e+03
1.9363397319999999e+03 7.9707257300000003e+02 1.3728000000000000e+00 1.9911239800000001e+03
1.9471835650000000e+03 8.0327564600000005e+02 1.3782399999999999e+00 1.9956335030000000e+03
1.9580519220000001e+03 8.0949870399999998e+02 1.3836800000000000e+00 2.0001397330000000e+03
1.9689447840000000e+03 8.1574180300000000e+02 1.3891199999999999e+00 2.0046427380000000e+03
1.9798621340000000e+03 8.2200499600000001e+02 1.3945600000000000e+00 2.0091425790000001e+03
1.9908039550000001e+03 8.2828832599999998e+02 1.3999999999999999e+00 2.0136393140000000e+03
