# epsilon[MeV/fm^3] P[MeV/fm^3] nB[fm^-3] muB[MeV]
3.7895926000000003e+01 1.5779799999999999e-01 4.0000000000000001e-02 9.5134493599999996e+02
4.3072812999999996e+01 1.8212200000000001e-01 4.5440000000000001e-02 9.5191501500000004e+02
4.8252491999999997e+01 2.0437400000000000e-01 5.0880000000000002e-02 9.5237730899999997e+02
5.3434443999999999e+01 2.2476499999999999e-01 5.6320000000000002e-02 9.5275765200000001e+02
5.8618296000000001e+01 2.4394099999999999e-01 6.1760000000000002e-02 9.5308205799999996e+02
6.3803812000000001e+01 2.6292500000000002e-01 6.7199999999999996e-02 9.5337583900000004e+02
6.8990889999999993e+01 2.8306300000000001e-01 7.2639999999999996e-02 9.5366303100000005e+02
7.4179558000000000e+01 3.0597400000000002e-01 7.8079999999999997e-02 9.5396606599999996e+02
7.9369956999999999e+01 3.3349899999999999e-01 8.3519999999999997e-02 9.5430559700000003e+02
8.4562337999999997e+01 3.6765599999999998e-01 8.8959999999999997e-02 9.5470043599999997e+02
8.9757048999999995e+01 4.1060099999999999e-01 9.4399999999999998e-02 9.5516754200000003e+02
9.4954524000000006e+01 4.6459000000000000e-01 9.9839999999999998e-02 9.5572205299999996e+02
1.0015525900000000e+02 5.3068800000000005e-01 1.0528000000000000e-01 9.5636523000000000e+02
1.0535972800000000e+02 6.1060899999999996e-01 1.1072000000000000e-01 9.5710377700000004e+02
1.1056852200000000e+02 7.0798200000000000e-01 1.1616000000000000e-01 9.5796063000000004e+02
1.1578231900000000e+02 8.2549099999999997e-01 1.2160000000000000e-01 9.5894754300000000e+02
1.2100185000000000e+02 9.6557899999999997e-01 1.2703999999999999e-01 9.6007280900000001e+02
1.2622788500000000e+02 1.1305449999999999e+00 1.3247999999999999e-01 9.6134253999999999e+02
1.3146122299999999e+02 1.3225620000000000e+00 1.3791999999999999e-01 9.6276119000000006e+02
1.3670268300000001e+02 1.5436870000000000e+00 1.4335999999999999e-01 9.6433187199999998e+02
1.4195309800000001e+02 1.7958670000000001e+00 1.4879999999999999e-01 9.6605659300000002e+02
1.4721330900000001e+02 2.0809419999999998e+00 1.5423999999999999e-01 9.6793643799999995e+02
1.5248416200000000e+02 2.4006490000000000e+00 1.5967999999999999e-01 9.6997172200000000e+02
1.5776650200000000e+02 2.7566280000000001e+00 1.6511999999999999e-01 9.7216213600000003e+02
1.6306116900000001e+02 3.1504300000000001e+00 1.7055999999999999e-01 9.7450686399999995e+02
1.6836900199999999e+02 3.5835219999999999e+00 1.7599999999999999e-01 9.7700468699999999e+02
1.7369082900000001e+02 4.0572970000000002e+00 1.8143999999999999e-01 9.7965407800000003e+02
1.7902746900000000e+02 4.5730810000000002e+00 1.8687999999999999e-01 9.8245327999999995e+02
1.8437973400000001e+02 5.1321370000000002e+00 1.9231999999999999e-01 9.8540036699999996e+02
1.8974842100000001e+02 5.7356769999999999e+00 1.9775999999999999e-01 9.8849329999999998e+02
1.9513431900000000e+02 6.3848649999999996e+00 2.0319999999999999e-01 9.9172996999999998e+02
2.0053820500000000e+02 7.0808210000000003e+00 2.0863999999999999e-01 9.9510823100000005e+02
2.0596084200000001e+02 7.8246310000000001e+00 2.1407999999999999e-01 9.9862592199999995e+02
2.1140298300000001e+02 8.6173430000000000e+00 2.1951999999999999e-01 1.0022808870000000e+03
2.1686537100000001e+02 9.4599750000000000e+00 2.2495999999999999e-01 1.0060709850000000e+03
2.2234873300000001e+02 1.0353514000000001e+01 2.3039999999999999e-01 1.0099940980000000e+03
2.2785379000000000e+02 1.1298920000000001e+01 2.3583999999999999e-01 1.0140481330000000e+03
2.3338124600000000e+02 1.2297122999999999e+01 2.4127999999999999e-01 1.0182310220000001e+03
2.3893179900000001e+02 1.3349027000000000e+01 2.4671999999999999e-01 1.0225407190000000e+03
2.4450613200000001e+02 1.4455503999999999e+01 2.5216000000000000e-01 1.0269751970000000e+03
2.5010491900000000e+02 1.5617399000000001e+01 2.5760000000000000e-01 1.0315324439999999e+03
2.5572882300000001e+02 1.6835525000000001e+01 2.6304000000000000e-01 1.0362104549999999e+03
2.6137849599999998e+02 1.8110665000000001e+01 2.6848000000000000e-01 1.0410072259999999e+03
2.6705457799999999e+02 1.9443565000000000e+01 2.7392000000000000e-01 1.0459207520000000e+03
2.7275770000000000e+02 2.0834938999999999e+01 2.7936000000000000e-01 1.0509490169999999e+03
2.7848847999999998e+02 2.2285461000000002e+01 2.8480000000000000e-01 1.0560899930000000e+03
2.8424752599999999e+02 2.3795770000000001e+01 2.9024000000000000e-01 1.0613416319999999e+03
2.9003543600000000e+02 2.5366463000000000e+01 2.9568000000000000e-01 1.0667018660000001e+03
2.9585279400000002e+02 2.6998096000000000e+01 3.0112000000000000e-01 1.0721686010000001e+03
3.0170017400000000e+02 2.8691184000000000e+01 3.0656000000000000e-01 1.0777397149999999e+03
3.0757813800000002e+02 3.0446196000000000e+01 3.1200000000000000e-01 1.0834130590000000e+03
3.1348723799999999e+02 3.2263559999999998e+01 3.1744000000000000e-01 1.0891864539999999e+03
3.1942801100000003e+02 3.4143655000000003e+01 3.2288000000000000e-01 1.0950576900000001e+03
3.2540098399999999e+02 3.6086818000000001e+01 3.2832000000000000e-01 1.1010245299999999e+03
3.3140667200000001e+02 3.8093339000000000e+01 3.3376000000000000e-01 1.1070847090000000e+03
3.3744557500000002e+02 4.0163462000000003e+01 3.3920000000000000e-01 1.1132359369999999e+03
3.4351818400000002e+02 4.2297387000000001e+01 3.4464000000000000e-01 1.1194758990000000e+03
3.4962497500000001e+02 4.4495266999999998e+01 3.5008000000000000e-01 1.1258022610000000e+03
3.5576641100000001e+02 4.6757213999999998e+01 3.5552000000000000e-01 1.1322126710000000e+03
3.6194266599999997e+02 4.8978149999999999e+01 3.6096000000000000e-01 1.1384127089999999e+03
3.6815001100000001e+02 5.0919437000000002e+01 3.6640000000000000e-01 1.1437502520000000e+03
3.7438558499999999e+02 5.2792969999999997e+01 3.7184000000000000e-01 1.1488253250000000e+03
3.8064836300000002e+02 5.4642539999999997e+01 3.7728000000000000e-01 1.1537626330000001e+03
3.8693774400000001e+02 5.6485393999999999e+01 3.8272000000000000e-01 1.1586115460000001e+03
3.9325332700000001e+02 5.8330829000000001e+01 3.8816000000000001e-01 1.1633986960000000e+03
3.9959482400000002e+02 6.0184632000000001e+01 3.9360000000000001e-01 1.1681406159999999e+03
4.0596201900000000e+02 6.2050730999999999e+01 3.9904000000000001e-01 1.1728484650000000e+03
4.1235475200000002e+02 6.3931956000000000e+01 4.0448000000000001e-01 1.1775302059999999e+03
4.1877289700000000e+02 6.5830427999999998e+01 4.0992000000000001e-01 1.1821917539999999e+03
4.2521632299999999e+02 6.7717945000000000e+01 4.1536000000000001e-01 1.1867656880000000e+03
4.3168318599999998e+02 6.9420252000000005e+01 4.2080000000000001e-01 1.1908369170000001e+03
4.3817190299999999e+02 7.1107173000000003e+01 4.2624000000000001e-01 1.1948194020000001e+03
4.4468219199999999e+02 7.2802813000000000e+01 4.3168000000000001e-01 1.1987716829999999e+03
4.5121394299999997e+02 7.4514281999999994e+01 4.3712000000000001e-01 1.2027109000000000e+03
4.5776710700000001e+02 7.6245053999999996e+01 4.4256000000000001e-01 1.2066452760000000e+03
4.6434167300000001e+02 7.7997190000000003e+01 4.4800000000000001e-01 1.2105795639999999e+03
4.7093764900000002e+02 7.9772062000000005e+01 4.5344000000000001e-01 1.2145168080000001e+03
4.7755505599999998e+02 8.1570650999999998e+01 4.5888000000000001e-01 1.2184590900000001e+03
4.8419392800000003e+02 8.3393694999999994e+01 4.6432000000000001e-01 1.2224078910000001e+03
4.9085430200000002e+02 8.5241774000000007e+01 4.6976000000000001e-01 1.2263642990000001e+03
4.9753622200000001e+02 8.7115353999999996e+01 4.7520000000000001e-01 1.2303291280000001e+03
5.0423973500000000e+02 8.9014820000000000e+01 4.8064000000000001e-01 1.2343029919999999e+03
5.1096489200000002e+02 9.0940494999999999e+01 4.8608000000000001e-01 1.2382863560000001e+03
5.1771174599999995e+02 9.2892657000000000e+01 4.9152000000000001e-01 1.2422795750000000e+03
5.2448035200000004e+02 9.4871540999999993e+01 4.9696000000000001e-01 1.2462829110000000e+03
5.3127076399999999e+02 9.6877354999999994e+01 5.0239999999999996e-01 1.2502965569999999e+03
5.3808303899999999e+02 9.8910278000000005e+01 5.0783999999999996e-01 1.2543206490000000e+03
5.4491723500000001e+02 1.0097047000000001e+02 5.1327999999999996e-01 1.2583552749999999e+03
5.5177340900000002e+02 1.0305807000000000e+02 5.1871999999999996e-01 1.2624004829999999e+03
5.5865161799999998e+02 1.0517320200000000e+02 5.2415999999999996e-01 1.2664562900000001e+03
5.6555192099999999e+02 1.0731597499999999e+02 5.2959999999999996e-01 1.2705226840000000e+03
5.7247437400000001e+02 1.0948648400000000e+02 5.3503999999999996e-01 1.2745996279999999e+03
5.7941903500000001e+02 1.1168481500000000e+02 5.4047999999999996e-01 1.2786870690000001e+03
5.8638596099999995e+02 1.1391104300000001e+02 5.4591999999999996e-01 1.2827849309999999e+03
5.9337520900000004e+02 1.1616523100000001e+02 5.5135999999999996e-01 1.2868931279999999e+03
6.0038683400000002e+02 1.1844743600000000e+02 5.5679999999999996e-01 1.2910115559999999e+03
6.0742089099999998e+02 1.2075770700000000e+02 5.6223999999999996e-01 1.2951401040000001e+03
6.1447743600000001e+02 1.2309608299999999e+02 5.6767999999999996e-01 1.2992786490000001e+03
6.2155652299999997e+02 1.2546259999999999e+02 5.7311999999999996e-01 1.3034270590000001e+03
6.2865820499999995e+02 1.2785728300000000e+02 5.7855999999999996e-01 1.3075851950000001e+03
6.3578253400000006e+02 1.3028015400000001e+02 5.8399999999999996e-01 1.3117529119999999e+03
6.4292956200000003e+02 1.3273123000000001e+02 5.8943999999999996e-01 1.3159300590000000e+03
6.5009933999999998e+02 1.3521052000000000e+02 5.9487999999999996e-01 1.3201164790000000e+03
6.5729191800000001e+02 1.3771802800000000e+02 6.0031999999999996e-01 1.3243120130000000e+03
6.6450734599999998e+02 1.4025375700000001e+02 6.0575999999999997e-01 1.3285164970000001e+03
6.7174567000000002e+02 1.4281770000000000e+02 6.1119999999999997e-01 1.3327297630000000e+03
6.7900693999999999e+02 1.4540985100000000e+02 6.1663999999999997e-01 1.3369516430000001e+03
6.8629120100000000e+02 1.4803019499999999e+02 6.2207999999999997e-01 1.3411819640000001e+03
6.9359849799999995e+02 1.5067871800000000e+02 6.2751999999999997e-01 1.3454205540000000e+03
7.0092887599999995e+02 1.5335539800000001e+02 6.3295999999999997e-01 1.3496672380000000e+03
7.0828237999999999e+02 1.5606021300000000e+02 6.3839999999999997e-01 1.3539218400000000e+03
7.1565904999999998e+02 1.5879313500000001e+02 6.4383999999999997e-01 1.3581841830000001e+03
7.2305893000000003e+02 1.6155413400000000e+02 6.4927999999999997e-01 1.3624540919999999e+03
7.3048205900000005e+02 1.6434317700000000e+02 6.5471999999999997e-01 1.3667313890000000e+03
7.3792847700000004e+02 1.6716022799999999e+02 6.6015999999999997e-01 1.3710158960000001e+03
7.4539822400000003e+02 1.7000524799999999e+02 6.6559999999999997e-01 1.3753074380000000e+03
7.5289133600000002e+02 1.7287819600000000e+02 6.7103999999999997e-01 1.3796058379999999e+03
7.6040785100000005e+02 1.7577902900000001e+02 6.7647999999999997e-01 1.3839109209999999e+03
7.6794780500000002e+02 1.7870769999999999e+02 6.8191999999999997e-01 1.3882225100000001e+03
7.7551123199999995e+02 1.8166416000000001e+02 6.8735999999999997e-01 1.3925404329999999e+03
7.8309816699999999e+02 1.8464836000000000e+02 6.9279999999999997e-01 1.3968645160000001e+03
7.9070864200000005e+02 1.8766024600000000e+02 6.9823999999999997e-01 1.4011945870000000e+03
7.9834268999999995e+02 1.9069976500000001e+02 7.0367999999999997e-01 1.4055304759999999e+03
8.0600034200000005e+02 1.9376686000000001e+02 7.0911999999999997e-01 1.4098720140000000e+03
8.1368162800000005e+02 1.9686147299999999e+02 7.1455999999999997e-01 1.4142190320000000e+03
8.2138657699999999e+02 1.9998354399999999e+02 7.1999999999999997e-01 1.4185713639999999e+03
8.2911521800000003e+02 2.0313301200000001e+02 7.2543999999999997e-01 1.4229288460000000e+03
8.3686757899999998e+02 2.0630981399999999e+02 7.3087999999999997e-01 1.4272913140000001e+03
8.4464368600000000e+02 2.0951388700000001e+02 7.3631999999999997e-01 1.4316586080000000e+03
8.5244356500000004e+02 2.1274516399999999e+02 7.4175999999999997e-01 1.4360305670000000e+03
8.6026724100000001e+02 2.1600358000000000e+02 7.4719999999999998e-01 1.4404070330000000e+03
8.6811473799999999e+02 2.1928906599999999e+02 7.5263999999999998e-01 1.4447878519999999e+03
8.7598608000000002e+02 2.2260155300000000e+02 7.5807999999999998e-01 1.4491728680000001e+03
8.8388128800000004e+02 2.2594097099999999e+02 7.6351999999999998e-01 1.4535619300000001e+03
8.9180038400000001e+02 2.2930725000000001e+02 7.6895999999999998e-01 1.4579548870000001e+03
8.9974338899999998e+02 2.3270031599999999e+02 7.7439999999999998e-01 1.4623515910000001e+03
9.0771032400000001e+02 2.3612009699999999e+02 7.7983999999999998e-01 1.4667518970000001e+03
9.1570120699999995e+02 2.3956652000000000e+02 7.8527999999999998e-01 1.4711556590000000e+03
9.2371605599999998e+02 2.4303951000000001e+02 7.9071999999999998e-01 1.4755627350000000e+03
9.3175489000000005e+02 2.4653899200000001e+02 7.9615999999999998e-01 1.4799729850000001e+03
9.3981772500000000e+02 2.5006488899999999e+02 8.0159999999999998e-01 1.4843862720000000e+03
9.4790457700000002e+02 2.5361712600000001e+02 8.0703999999999998e-01 1.4888024570000000e+03
9.5601546199999996e+02 2.5719562500000001e+02 8.1247999999999998e-01 1.4932214090000000e+03
9.6415039500000000e+02 2.6080030900000003e+02 8.1791999999999998e-01 1.4976429929999999e+03
9.7230938900000001e+02 2.6443109900000002e+02 8.2335999999999998e-01 1.5020670809999999e+03
9.8049245699999994e+02 2.6808791600000001e+02 8.2879999999999998e-01 1.5064935439999999e+03
9.8869961300000000e+02 2.7177068300000002e+02 8.3423999999999998e-01 1.5109222560000001e+03
9.9693086800000003e+02 2.7547931799999998e+02 8.3967999999999998e-01 1.5153530920000001e+03
1.0051862330000000e+03 2.7921374400000002e+02 8.4511999999999998e-01 1.5197859300000000e+03
1.0134657200000000e+03 2.8297387800000001e+02 8.5055999999999998e-01 1.5242206510000001e+03
1.0217693370000000e+03 2.8675964199999999e+02 8.5599999999999998e-01 1.5286571369999999e+03
1.0300970940000000e+03 2.9057095299999997e+02 8.6143999999999998e-01 1.5330952689999999e+03
1.0384489990000000e+03 2.9440773300000001e+02 8.6687999999999998e-01 1.5375349360000000e+03
1.0468250619999999e+03 2.9826989800000001e+02 8.7231999999999998e-01 1.5419760229999999e+03
1.0552252880000001e+03 3.0215736900000002e+02 8.7775999999999998e-01 1.5464184210000001e+03
1.0636496860000000e+03 3.0607006400000000e+02 8.8319999999999999e-01 1.5508620209999999e+03
1.0720982610000001e+03 3.1000790100000000e+02 8.8863999999999999e-01 1.5553067160000001e+03
1.0805710190000000e+03 3.1397079800000000e+02 8.9407999999999999e-01 1.5597524010000000e+03
1.0890679650000000e+03 3.1795867500000003e+02 8.9951999999999999e-01 1.5641989730000000e+03
1.0975891030000000e+03 3.2197144900000001e+02 9.0495999999999999e-01 1.5686463309999999e+03
1.1061344380000000e+03 3.2600903899999997e+02 9.1039999999999999e-01 1.5730943760000000e+03
1.1147039729999999e+03 3.3007136200000002e+02 9.1583999999999999e-01 1.5775430100000001e+03
1.1232977100000001e+03 3.3415833800000001e+02 9.2127999999999999e-01 1.5819921360000001e+03
1.1319156539999999e+03 3.3826988499999999e+02 9.2671999999999999e-01 1.5864416620000000e+03
1.1405578040000000e+03 3.4240592099999998e+02 9.3215999999999999e-01 1.5908914940000000e+03
1.1492241630000001e+03 3.4656636500000002e+02 9.3759999999999999e-01 1.5953415419999999e+03
1.1579147320000000e+03 3.5075113599999997e+02 9.4303999999999999e-01 1.5997917160000000e+03
1.1666295110000001e+03 3.5496015100000000e+02 9.4847999999999999e-01 1.6042419310000000e+03
1.1753684989999999e+03 3.5919333100000000e+02 9.5391999999999999e-01 1.6086920990000001e+03
1.1841316979999999e+03 3.6345059500000002e+02 9.5935999999999999e-01 1.6131421370000000e+03
1.1929191049999999e+03 3.6773186199999998e+02 9.6479999999999999e-01 1.6175919630000001e+03
1.2017307189999999e+03 3.7203705200000002e+02 9.7023999999999999e-01 1.6220414969999999e+03
1.2105665380000000e+03 3.7636608400000000e+02 9.7567999999999999e-01 1.6264906579999999e+03
1.2194265610000000e+03 3.8071887900000002e+02 9.8111999999999999e-01 1.6309393700000001e+03
1.2283107840000000e+03 3.8509535799999998e+02 9.8655999999999999e-01 1.6353875570000000e+03
1.2372192050000001e+03 3.8949544100000003e+02 9.9199999999999999e-01 1.6398351450000000e+03
1.2461518189999999e+03 3.9391905000000003e+02 9.9743999999999999e-01 1.6442820620000000e+03
1.2551086240000000e+03 3.9836610700000000e+02 1.0028800000000000e+00 1.6487282350000000e+03
1.2640896150000001e+03 4.0283653299999997e+02 1.0083200000000001e+00 1.6531735970000000e+03
1.2730947860000001e+03 4.0733025199999997e+02 1.0137600000000000e+00 1.6576180800000000e+03
1.2821241350000000e+03 4.1184718800000002e+02 1.0192000000000001e+00 1.6620616170000001e+03
1.2911776540000001e+03 4.1638726300000002e+02 1.0246400000000000e+00 1.6665041450000001e+03
1.3002553379999999e+03 4.2095040399999999e+02 1.0300800000000001e+00 1.6709456009999999e+03
1.3093571820000000e+03 4.2553653700000001e+02 1.0355200000000000e+00 1.6753859250000000e+03
1.3184831790000001e+03 4.3014558699999998e+02 1.0409600000000001e+00 1.6798250579999999e+03
1.3276333219999999e+03 4.3477748400000002e+02 1.0464000000000000e+00 1.6842629440000001e+03
1.3368076040000001e+03 4.3943215800000002e+02 1.0518400000000001e+00 1.6886995290000000e+03
1.3460060189999999e+03 4.4410953999999998e+02 1.0572800000000000e+00 1.6931347619999999e+03
1.3552285580000000e+03 4.4880956500000002e+02 1.0627200000000001e+00 1.6975685950000000e+03
1.3644752140000001e+03 4.5353217000000001e+02 1.0681600000000000e+00 1.7020009840000000e+03
1.3737459799999999e+03 4.5827729900000003e+02 1.0736000000000001e+00 1.7064318900000001e+03
1.3830408460000001e+03 4.6304489999999998e+02 1.0790400000000000e+00 1.7108612810000000e+03
1.3923598039999999e+03 4.6783493399999998e+02 1.0844800000000001e+00 1.7152891360000001e+03
1.4017028470000000e+03 4.7264738399999999e+02 1.0899200000000000e+00 1.7197154530000000e+03
1.4110699649999999e+03 4.7748227700000001e+02 1.0953599999999999e+00 1.7241402740000001e+03
1.4204611520000001e+03 4.8233987800000000e+02 1.1008000000000000e+00 1.7285638540000000e+03
1.4298764000000001e+03 4.8722011199999997e+02 1.1062399999999999e+00 1.7329861380000000e+03
1.4393157010000000e+03 4.9212198000000001e+02 1.1116800000000000e+00 1.7374062380000000e+03
1.4487790419999999e+03 4.9704540600000001e+02 1.1171199999999999e+00 1.7418241060000000e+03
1.4582664100000000e+03 5.0199031300000001e+02 1.1225600000000000e+00 1.7462396970000000e+03
1.4677777940000001e+03 5.0695662700000003e+02 1.1279999999999999e+00 1.7506529650000000e+03
1.4773131800000001e+03 5.1194427200000001e+02 1.1334400000000000e+00 1.7550638660000000e+03
1.4868725560000000e+03 5.1695317399999999e+02 1.1388799999999999e+00 1.7594723570000001e+03
1.4964559079999999e+03 5.2198325799999998e+02 1.1443200000000000e+00 1.7638783960000001e+03
1.5060632230000001e+03 5.2703444999999999e+02 1.1497599999999999e+00 1.7682819430000000e+03
1.5156944870000000e+03 5.3210667699999999e+02 1.1552000000000000e+00 1.7726829550000000e+03
1.5253496860000000e+03 5.3719986600000004e+02 1.1606399999999999e+00 1.7770813949999999e+03
1.5350288069999999e+03 5.4231394399999999e+02 1.1660800000000000e+00 1.7814772240000000e+03
1.5447318339999999e+03 5.4744883800000002e+02 1.1715199999999999e+00 1.7858704040000000e+03
1.5544587529999999e+03 5.5260447799999997e+02 1.1769600000000000e+00 1.7902608980000000e+03
1.5642095500000000e+03 5.5778079000000002e+02 1.1823999999999999e+00 1.7946486720000000e+03
1.5739842100000001e+03 5.6297770500000001e+02 1.1878400000000000e+00 1.7990336880000000e+03
1.5837827170000000e+03 5.6819515000000001e+02 1.1932799999999999e+00 1.8034159139999999e+03
1.5936050570000000e+03 5.7343305699999996e+02 1.1987200000000000e+00 1.8077953160000000e+03
1.6034512130000001e+03 5.7869135500000004e+02 1.2041599999999999e+00 1.8121718610000000e+03
1.6133211710000000e+03 5.8396997399999998e+02 1.2096000000000000e+00 1.8165455179999999e+03
1.6232149139999999e+03 5.8926884600000005e+02 1.2150399999999999e+00 1.8209162540000000e+03
1.6331324259999999e+03 5.9458790099999999e+02 1.2204800000000000e+00 1.8252840409999999e+03
1.6430736919999999e+03 5.9992707099999996e+02 1.2259199999999999e+00 1.8296488469999999e+03
1.6530386950000000e+03 6.0528628900000001e+02 1.2313600000000000e+00 1.8340106450000001e+03
1.6630274179999999e+03 6.1066548499999999e+02 1.2367999999999999e+00 1.8383694060000000e+03
1.6730398459999999e+03 6.1606459400000006e+02 1.2422400000000000e+00 1.8427251020000001e+03
1.6830759599999999e+03 6.2148354900000004e+02 1.2476799999999999e+00 1.8470777060000000e+03
1.6931357450000000e+03 6.2692228200000000e+02 1.2531200000000000e+00 1.8514271920000001e+03
1.7032191829999999e+03 6.3238072799999998e+02 1.2585599999999999e+00 1.8557735350000000e+03
1.7133262569999999e+03 6.3785882100000003e+02 1.2640000000000000e+00 1.8601167089999999e+03
1.7234569500000000e+03 6.4335649599999999e+02 1.2694399999999999e+00 1.8644566910000001e+03
1.7336112450000001e+03 6.4887368700000002e+02 1.2748800000000000e+00 1.8687934560000001e+03
1.7437891230000000e+03 6.5441033100000004e+02 1.2803199999999999e+00 1.8731269800000000e+03
1.7539905670000001e+03 6.5996636300000000e+02 1.2857600000000000e+00 1.8774572430000001e+03
1.7642155590000000e+03 6.6554171899999994e+02 1.2911999999999999e+00 1.8817842209999999e+03
1.7744640820000000e+03 6.7113633500000003e+02 1.2966400000000000e+00 1.8861078930000001e+03
1.7847361169999999e+03 6.7675014899999996e+02 1.3020799999999999e+00 1.8904282380000000e+03
1.7950316470000000e+03 6.8238309800000002e+02 1.3075200000000000e+00 1.8947452370000001e+03
1.8053506520000001e+03 6.8803511900000001e+02 1.3129599999999999e+00 1.8990588680000001e+03
1.8156931139999999e+03 6.9370614999999998e+02 1.3184000000000000e+00 1.9033691130000000e+03
1.8260590159999999e+03 6.9939612999999997e+02 1.3238399999999999e+00 1.9076759529999999e+03
1.8364483379999999e+03 7.0510499700000003e+02 1.3292800000000000e+00 1.9119793689999999e+03
1.8468610619999999e+03 7.1083269099999995e+02 1.3347199999999999e+00 1.9162793449999999e+03
1.8572971689999999e+03 7.1657915100000002e+02 1.3401600000000000e+00 1.9205758619999999e+03
1.8677566400000001e+03 7.2234431600000005e+02 1.3455999999999999e+00 1.9248689030000000e+03
1.8782394560000000e+03 7.2812812599999995e+02 1.3510400000000000e+00 1.9291584530000000e+03
1.8887455980000000e+03 7.3393052299999999e+02 1.3564799999999999e+00 1.9334444950000000e+03
1.8992750480000000e+03 7.3975144699999998e+02 1.3619200000000000e+00 1.9377270140000001e+03
1.9098277849999999e+03 7.4559083799999996e+02 1.3673599999999999e+00 1.9420059950000000e+03
1.9204037900000001e+03 7.5144863899999996e+02 1.3728000000000000e+00 1.9462814229999999e+03
1.9310030449999999e+03 7.5732479200000000e+02 1.3782399999999999e+00 1.9505532840000001e+03
1.9416255300000000e+03 7.6321923700000002e+02 1.3836800000000000e+00 1.9548215640000001e+03
1.9522711629999999e+03 7.6908891600000004e+02 1.3891199999999999e+00 1.9590552490000000e+03
1.9629397320000000e+03 7.7493930100000000e+02 1.3945600000000000e+00 1.9632585150000000e+03
1.9736311209999999e+03 7.8078970600000002e+02 1.3999999999999999e+00 1.9674454290000001e+03
