# epsilon[MeV/fm^3] P[MeV/fm^3] nB[fm^-3] muB[MeV]
3.7930447000000001e+01 1.7980199999999999e-01 4.0000000000000001e-02 9.5275804000000005e+02
4.3115164999999998e+01 2.0616000000000001e-01 4.5440000000000001e-02 9.5337605599999995e+02
4.8302855999999998e+01 2.2934099999999999e-01 5.0880000000000002e-02 9.5385788300000002e+02
5.3492857000000001e+01 2.4938199999999999e-01 5.6320000000000002e-02 9.5423189700000000e+02
5.8684657000000001e+01 2.6677499999999998e-01 6.1760000000000002e-02 9.5452627700000005e+02
6.3877896000000000e+01 2.8240300000000002e-01 6.7199999999999996e-02 9.5476814800000000e+02
6.9072360000000003e+01 2.9748000000000002e-01 7.2639999999999996e-02 9.5498307100000000e+02
7.4267966999999999e+01 3.1350200000000000e-01 7.8079999999999997e-02 9.5519478400000003e+02
7.9464759999999998e+01 3.3219500000000002e-01 8.3519999999999997e-02 9.5542508199999997e+02
8.4662892999999997e+01 3.5547000000000001e-01 8.8959999999999997e-02 9.5569380600000000e+02
8.9862626000000006e+01 3.8538800000000001e-01 9.4399999999999998e-02 9.5601886999999999e+02
9.5064295000000001e+01 4.2300800000000000e-01 9.9839999999999998e-02 9.5640503100000001e+02
1.0026821700000001e+02 4.6951300000000001e-01 1.0528000000000000e-01 9.5685709099999997e+02
1.0547483900000000e+02 5.2870799999999996e-01 1.1072000000000000e-01 9.5740373000000000e+02
1.1068471900000000e+02 6.0332399999999997e-01 1.1616000000000000e-01 9.5805996900000002e+02
1.1589848400000000e+02 6.9584500000000005e-01 1.2160000000000000e-01 9.5883667700000001e+02
1.2111681200000000e+02 8.0861700000000003e-01 1.2703999999999999e-01 9.5974220000000003e+02
1.2634042300000000e+02 9.4388000000000005e-01 1.3247999999999999e-01 9.6078300000000002e+02
1.3157006600000000e+02 1.1037720000000000e+00 1.3791999999999999e-01 9.6196401500000002e+02
1.3680651599999999e+02 1.2903350000000000e+00 1.4335999999999999e-01 9.6328890699999999e+02
1.4205056099999999e+02 1.5055110000000000e+00 1.4879999999999999e-01 9.6476026899999999e+02
1.4730300399999999e+02 1.7511500000000000e+00 1.5423999999999999e-01 9.6637979199999995e+02
1.5256465399999999e+02 2.0290119999999998e+00 1.5967999999999999e-01 9.6814842099999998e+02
1.5783632200000000e+02 2.3407730000000000e+00 1.6511999999999999e-01 9.7006648600000005e+02
1.6311882299999999e+02 2.6880310000000001e+00 1.7055999999999999e-01 9.7213382799999999e+02
1.6841296500000001e+02 3.0723170000000000e+00 1.7599999999999999e-01 9.7434990400000004e+02
1.7371955800000001e+02 3.4950999999999999e+00 1.8143999999999999e-01 9.7671388600000000e+02
1.7903940100000000e+02 3.9577990000000001e+00 1.8687999999999999e-01 9.7922473500000001e+02
1.8437329199999999e+02 4.4617870000000002e+00 1.9231999999999999e-01 9.8188127499999996e+02
1.8972201999999999e+02 5.0084039999999996e+00 1.9775999999999999e-01 9.8468224199999997e+02
1.9508636600000000e+02 5.5989589999999998e+00 2.0319999999999999e-01 9.8762633400000004e+02
2.0046710700000000e+02 6.2347390000000003e+00 2.0863999999999999e-01 9.9071223799999996e+02
2.0586501000000001e+02 6.9170140000000000e+00 2.1407999999999999e-01 9.9393865800000003e+02
2.1128083599999999e+02 7.6470359999999999e+00 2.1951999999999999e-01 9.9730432599999995e+02
2.1671534100000000e+02 8.4260479999999998e+00 2.2495999999999999e-01 1.0008080160000000e+03
2.2216927000000001e+02 9.2552819999999993e+00 2.3039999999999999e-01 1.0044485430000000e+03
2.2764336700000001e+02 1.0135960000000001e+01 2.3583999999999999e-01 1.0082247630000001e+03
2.3313836699999999e+02 1.1069293999999999e+01 2.4127999999999999e-01 1.0121355700000000e+03
2.3865499800000001e+02 1.2056483000000000e+01 2.4671999999999999e-01 1.0161798840000000e+03
2.4419398500000000e+02 1.3098718000000000e+01 2.5216000000000000e-01 1.0203566450000000e+03
2.4975604600000000e+02 1.4197168000000000e+01 2.5760000000000000e-01 1.0246648009999999e+03
2.5534189300000000e+02 1.5352990000000000e+01 2.6304000000000000e-01 1.0291032960000000e+03
2.6095223199999998e+02 1.6567316000000002e+01 2.6848000000000000e-01 1.0336710570000000e+03
2.6658776399999999e+02 1.7841252999999998e+01 2.7392000000000000e-01 1.0383669850000001e+03
2.7224918400000001e+02 1.9175881000000000e+01 2.7936000000000000e-01 1.0431899420000000e+03
2.7793717900000001e+02 2.0572247000000001e+01 2.8480000000000000e-01 1.0481387400000001e+03
2.8365243199999998e+02 2.2031361000000000e+01 2.9024000000000000e-01 1.0532121320000001e+03
2.8939561600000002e+02 2.3554192000000000e+01 2.9568000000000000e-01 1.0584088039999999e+03
2.9516739999999999e+02 2.5141667999999999e+01 3.0112000000000000e-01 1.0637273670000000e+03
3.0096844199999998e+02 2.6794667000000000e+01 3.0656000000000000e-01 1.0691663520000000e+03
3.0679939500000000e+02 2.8514019000000001e+01 3.1200000000000000e-01 1.0747242030000000e+03
3.1266090000000003e+02 3.0300498999999999e+01 3.1744000000000000e-01 1.0803992770000000e+03
3.1855359099999998e+02 3.2154828000000002e+01 3.2288000000000000e-01 1.0861898420000000e+03
3.2447809200000000e+02 3.4077666000000001e+01 3.2832000000000000e-01 1.0920940730000000e+03
3.3043501600000002e+02 3.6069619000000003e+01 3.3376000000000000e-01 1.0981100580000000e+03
3.3642496599999998e+02 3.8131227000000003e+01 3.3920000000000000e-01 1.1042357950000001e+03
3.4244853400000000e+02 4.0262971999999998e+01 3.4464000000000000e-01 1.1104692020000000e+03
3.4850630000000001e+02 4.2465274000000001e+01 3.5008000000000000e-01 1.1168081130000000e+03
3.5459883200000002e+02 4.4738489999999999e+01 3.5552000000000000e-01 1.1232502899999999e+03
3.6072668700000003e+02 4.7082917000000002e+01 3.6096000000000000e-01 1.1297934279999999e+03
3.6688975799999997e+02 4.9320815000000003e+01 3.6640000000000000e-01 1.1359476400000001e+03
3.7308364599999999e+02 5.1294714999999997e+01 3.7184000000000000e-01 1.1412946760000000e+03
3.7930590000000001e+02 5.3209161999999999e+01 3.7728000000000000e-01 1.1464051190000000e+03
3.8555558000000002e+02 5.5102713999999999e+01 3.8272000000000000e-01 1.1513873440000000e+03
3.9183212500000002e+02 5.6991765000000001e+01 3.8816000000000001e-01 1.1562875340000001e+03
3.9813516499999997e+02 5.8885426000000002e+01 3.9360000000000001e-01 1.1611313009999999e+03
4.0446444100000002e+02 6.0789476999999998e+01 3.9904000000000001e-01 1.1659347809999999e+03
4.1081976300000002e+02 6.2707892999999999e+01 4.0448000000000001e-01 1.1707089679999999e+03
4.1720023500000002e+02 6.4471400000000003e+01 4.0992000000000001e-01 1.1750398880000000e+03
4.2360309000000001e+02 6.6131427000000002e+01 4.1536000000000001e-01 1.1790621180000001e+03
4.3002767399999999e+02 6.7793237000000005e+01 4.2080000000000001e-01 1.1830362279999999e+03
4.3647382199999998e+02 6.9469194000000002e+01 4.2624000000000001e-01 1.1869926750000000e+03
4.4294147600000002e+02 7.1164482000000007e+01 4.3168000000000001e-01 1.1909440070000001e+03
4.4943062800000001e+02 7.2881984000000003e+01 4.3712000000000001e-01 1.1948969870000001e+03
4.5594129900000001e+02 7.4623546000000005e+01 4.4256000000000001e-01 1.1988557790000000e+03
4.6247352899999998e+02 7.6390467999999998e+01 4.4800000000000001e-01 1.2028231570000000e+03
4.6902737000000002e+02 7.8183718999999996e+01 4.5344000000000001e-01 1.2068010640000000e+03
4.7560288300000002e+02 8.0004056000000006e+01 4.5888000000000001e-01 1.2107909119999999e+03
4.8220013599999999e+02 8.1852091999999999e+01 4.6432000000000001e-01 1.2147937449999999e+03
4.8881920300000002e+02 8.3728335000000001e+01 4.6976000000000001e-01 1.2188103500000000e+03
4.9546015899999998e+02 8.5633216000000004e+01 4.7520000000000001e-01 1.2228413210000001e+03
5.0212308500000000e+02 8.7567103000000003e+01 4.8064000000000001e-01 1.2268871050000000e+03
5.0880806200000001e+02 8.9530321999999998e+01 4.8608000000000001e-01 1.2309480370000001e+03
5.1551517200000001e+02 9.1523155000000003e+01 4.9152000000000001e-01 1.2350243620000001e+03
5.2224450200000001e+02 9.3545854000000006e+01 4.9696000000000001e-01 1.2391162509999999e+03
5.2899613399999998e+02 9.5598646000000002e+01 5.0239999999999996e-01 1.2432238159999999e+03
5.3577015500000005e+02 9.7681730999999999e+01 5.0783999999999996e-01 1.2473471179999999e+03
5.4256665099999998e+02 9.9795292000000003e+01 5.1327999999999996e-01 1.2514861790000000e+03
5.4938570700000002e+02 1.0193949200000000e+02 5.1871999999999996e-01 1.2556409839999999e+03
5.5622740899999997e+02 1.0411447900000000e+02 5.2415999999999996e-01 1.2598114889999999e+03
5.6309184200000004e+02 1.0632038799999999e+02 5.2959999999999996e-01 1.2639976240000001e+03
5.6997909200000004e+02 1.0855734000000000e+02 5.3503999999999996e-01 1.2681992969999999e+03
5.7688924099999997e+02 1.1082544400000000e+02 5.4047999999999996e-01 1.2724163970000000e+03
5.8382237399999997e+02 1.1312479800000000e+02 5.4591999999999996e-01 1.2766487959999999e+03
5.9077857500000005e+02 1.1545549099999999e+02 5.5135999999999996e-01 1.2808963530000001e+03
5.9775792300000001e+02 1.1781760300000001e+02 5.5679999999999996e-01 1.2851589150000000e+03
6.0476050199999997e+02 1.2021120500000001e+02 5.6223999999999996e-01 1.2894363149999999e+03
6.1178639199999998e+02 1.2263636000000000e+02 5.6767999999999996e-01 1.2937283800000000e+03
6.1883567000000005e+02 1.2509312199999999e+02 5.7311999999999996e-01 1.2980349269999999e+03
6.2590841699999999e+02 1.2758154200000000e+02 5.7855999999999996e-01 1.3023557679999999e+03
6.3300470900000005e+02 1.3010166100000001e+02 5.8399999999999996e-01 1.3066907070000000e+03
6.4012462200000004e+02 1.3265351400000000e+02 5.8943999999999996e-01 1.3110395440000000e+03
6.4726823200000001e+02 1.3523713200000000e+02 5.9487999999999996e-01 1.3154020750000000e+03
6.5443561099999999e+02 1.3785254000000000e+02 6.0031999999999996e-01 1.3197780900000000e+03
6.6162683400000003e+02 1.4049975599999999e+02 6.0575999999999997e-01 1.3241673800000001e+03
6.6884197200000006e+02 1.4317879700000000e+02 6.1119999999999997e-01 1.3285697319999999e+03
6.7608109500000000e+02 1.4588967000000000e+02 6.1663999999999997e-01 1.3329849290000000e+03
6.8334427200000005e+02 1.4863238300000000e+02 6.2207999999999997e-01 1.3374127550000001e+03
6.9063157300000000e+02 1.5140693700000000e+02 6.2751999999999997e-01 1.3418529930000000e+03
6.9794306200000005e+02 1.5421333000000001e+02 6.3295999999999997e-01 1.3463054259999999e+03
7.0527880800000003e+02 1.5705155500000001e+02 6.3839999999999997e-01 1.3507698339999999e+03
7.1263887299999999e+02 1.5992160200000001e+02 6.4383999999999997e-01 1.3552460000000001e+03
7.2002332100000001e+02 1.6282346100000001e+02 6.4927999999999997e-01 1.3597337070000001e+03
7.2743221500000004e+02 1.6575711300000000e+02 6.5471999999999997e-01 1.3642327370000000e+03
7.3486561500000005e+02 1.6872254100000001e+02 6.6015999999999997e-01 1.3687428740000000e+03
7.4232358199999999e+02 1.7171972400000001e+02 6.6559999999999997e-01 1.3732639050000000e+03
7.4980617299999994e+02 1.7474863600000000e+02 6.7103999999999997e-01 1.3777956139999999e+03
7.5731344799999999e+02 1.7780925199999999e+02 6.7647999999999997e-01 1.3823377920000000e+03
7.6484546100000000e+02 1.8090154300000000e+02 6.8191999999999997e-01 1.3868902260000000e+03
7.7240226800000005e+02 1.8402547700000000e+02 6.8735999999999997e-01 1.3914527100000000e+03
7.7998392300000000e+02 1.8718102099999999e+02 6.9279999999999997e-01 1.3960250349999999e+03
7.8759047999999996e+02 1.9036814100000001e+02 6.9823999999999997e-01 1.4006069990000001e+03
7.9522199000000001e+02 1.9358679900000001e+02 7.0367999999999997e-01 1.4051983980000000e+03
8.0287850400000002e+02 1.9683695700000001e+02 7.0911999999999997e-01 1.4097990330000000e+03
8.1056007099999999e+02 2.0011857400000000e+02 7.1455999999999997e-01 1.4144087059999999e+03
8.1826674000000003e+02 2.0343160900000001e+02 7.1999999999999997e-01 1.4190272219999999e+03
8.2599856000000000e+02 2.0677601799999999e+02 7.2543999999999997e-01 1.4236543870000000e+03
8.3375557500000002e+02 2.1015175800000000e+02 7.3087999999999997e-01 1.4282900119999999e+03
8.4153783199999998e+02 2.1355878200000001e+02 7.3631999999999997e-01 1.4329339090000001e+03
8.4934537599999999e+02 2.1699704399999999e+02 7.4175999999999997e-01 1.4375858929999999e+03
8.5717825000000005e+02 2.2046649500000001e+02 7.4719999999999998e-01 1.4422457800000000e+03
8.6503649499999995e+02 2.2396708699999999e+02 7.5263999999999998e-01 1.4469133910000000e+03
8.7292015500000002e+02 2.2749876900000001e+02 7.5807999999999998e-01 1.4515885490000001e+03
8.8082926899999995e+02 2.3106149199999999e+02 7.6351999999999998e-01 1.4562710800000000e+03
8.8876387699999998e+02 2.3465520300000000e+02 7.6895999999999998e-01 1.4609608100000000e+03
8.9672401700000000e+02 2.3827985000000001e+02 7.7439999999999998e-01 1.4656575710000000e+03
9.0470972800000004e+02 2.4193538000000001e+02 7.7983999999999998e-01 1.4703611960000001e+03
9.1272104700000000e+02 2.4562173999999999e+02 7.8527999999999998e-01 1.4750715210000001e+03
9.2075800900000002e+02 2.4933887600000000e+02 7.9071999999999998e-01 1.4797883850000001e+03
9.2882064900000000e+02 2.5308673200000001e+02 7.9615999999999998e-01 1.4845116300000000e+03
9.3690900199999999e+02 2.5686525399999999e+02 8.0159999999999998e-01 1.4892410990000001e+03
9.4502310199999999e+02 2.6067438499999997e+02 8.0703999999999998e-01 1.4939766390000000e+03
9.5316297999999995e+02 2.6451407100000000e+02 8.1247999999999998e-01 1.4987181000000000e+03
9.6132866899999999e+02 2.6838425500000000e+02 8.1791999999999998e-01 1.5034653330000001e+03
9.6952019900000005e+02 2.7228487899999999e+02 8.2335999999999998e-01 1.5082181929999999e+03
9.7773760200000004e+02 2.7621588800000001e+02 8.2879999999999998e-01 1.5129765370000000e+03
9.8598090500000001e+02 2.8017722500000002e+02 8.3423999999999998e-01 1.5177402239999999e+03
9.9425013899999999e+02 2.8416883200000001e+02 8.3967999999999998e-01 1.5225091170000001e+03
1.0025453300000000e+03 2.8819065100000000e+02 8.4511999999999998e-01 1.5272830810000000e+03
1.0108665070000000e+03 2.9224262599999997e+02 8.5055999999999998e-01 1.5320619830000001e+03
1.0192136950000000e+03 2.9632469900000001e+02 8.5599999999999998e-01 1.5368456920000001e+03
1.0275869200000000e+03 3.0043681299999997e+02 8.6143999999999998e-01 1.5416340809999999e+03
1.0359862080000000e+03 3.0457891000000001e+02 8.6687999999999998e-01 1.5464270250000000e+03
1.0444115830000001e+03 3.0875093299999997e+02 8.7231999999999998e-01 1.5512243989999999e+03
1.0528630680000001e+03 3.1295282500000002e+02 8.7775999999999998e-01 1.5560260850000000e+03
1.0613406880000000e+03 3.1718452800000000e+02 8.8319999999999999e-01 1.5608319640000000e+03
1.0698444629999999e+03 3.2144598700000000e+02 8.8863999999999999e-01 1.5656419209999999e+03
1.0783744170000000e+03 3.2573714400000000e+02 8.9407999999999999e-01 1.5704558410000000e+03
1.0869305700000000e+03 3.3005794400000002e+02 8.9951999999999999e-01 1.5752736159999999e+03
1.0955129440000001e+03 3.3440832999999998e+02 9.0495999999999999e-01 1.5800951350000000e+03
1.1041215569999999e+03 3.3878824800000001e+02 9.1039999999999999e-01 1.5849202949999999e+03
1.1127564299999999e+03 3.4319764300000003e+02 9.1583999999999999e-01 1.5897489909999999e+03
1.1214175820000000e+03 3.4763646100000000e+02 9.2127999999999999e-01 1.5945811240000000e+03
1.1301050299999999e+03 3.5210464999999999e+02 9.2671999999999999e-01 1.5994165940000000e+03
1.1388187940000000e+03 3.5660215699999998e+02 9.3215999999999999e-01 1.6042553089999999e+03
1.1475588900000000e+03 3.6112893200000002e+02 9.3759999999999999e-01 1.6090971740000000e+03
1.1563253350000000e+03 3.6568492500000002e+02 9.4303999999999999e-01 1.6139421030000001e+03
1.1651181449999999e+03 3.7027008899999998e+02 9.4847999999999999e-01 1.6187900079999999e+03
1.1739373380000000e+03 3.7488438000000002e+02 9.5391999999999999e-01 1.6236408100000001e+03
1.1827829270000000e+03 3.7952775500000001e+02 9.5935999999999999e-01 1.6284944320000000e+03
1.1916549279999999e+03 3.8420017700000000e+02 9.6479999999999999e-01 1.6333508019999999e+03
1.2005533570000000e+03 3.8890161300000000e+02 9.7023999999999999e-01 1.6382098550000001e+03
1.2094782270000001e+03 3.9363203800000002e+02 9.7567999999999999e-01 1.6430715359999999e+03
1.2184295520000001e+03 3.9839143899999999e+02 9.8111999999999999e-01 1.6479358030000001e+03
1.2274073470000001e+03 4.0317982100000000e+02 9.8655999999999999e-01 1.6528026310000000e+03
1.2364116260000001e+03 4.0799722200000002e+02 9.9199999999999999e-01 1.6576720310000001e+03
1.2454424019999999e+03 4.1284375799999998e+02 9.9743999999999999e-01 1.6625440920000001e+03
1.2544996910000000e+03 4.1771988299999998e+02 1.0028800000000000e+00 1.6674192370000001e+03
1.2635835110000000e+03 4.2262578300000001e+02 1.0083200000000001e+00 1.6722976209999999e+03
1.2726938749999999e+03 4.2755968000000001e+02 1.0137600000000000e+00 1.6771774490000000e+03
1.2818307900000000e+03 4.3252151099999998e+02 1.0192000000000001e+00 1.6820586420000000e+03
1.2909942630000000e+03 4.3751121300000000e+02 1.0246400000000000e+00 1.6869411250000001e+03
1.3001843010000000e+03 4.4252872300000001e+02 1.0300800000000001e+00 1.6918248240000000e+03
1.3094009100000001e+03 4.4757397800000001e+02 1.0355200000000000e+00 1.6967096650000001e+03
1.3186440970000001e+03 4.5264691800000003e+02 1.0409600000000001e+00 1.7015955759999999e+03
1.3279138670000000e+03 4.5774748000000000e+02 1.0464000000000000e+00 1.7064824870000000e+03
1.3372102250000000e+03 4.6287560200000001e+02 1.0518400000000001e+00 1.7113703290000001e+03
1.3465331759999999e+03 4.6803122400000001e+02 1.0572800000000000e+00 1.7162590339999999e+03
1.3558827249999999e+03 4.7321428400000002e+02 1.0627200000000001e+00 1.7211485370000000e+03
1.3652588750000000e+03 4.7842472299999997e+02 1.0681600000000000e+00 1.7260387720000001e+03
1.3746616309999999e+03 4.8366248000000002e+02 1.0736000000000001e+00 1.7309296760000000e+03
1.3840909959999999e+03 4.8892749500000002e+02 1.0790400000000000e+00 1.7358211859999999e+03
1.3935469740000001e+03 4.9421970800000003e+02 1.0844800000000001e+00 1.7407132409999999e+03
1.4030295659999999e+03 4.9953906100000000e+02 1.0899200000000000e+00 1.7456057810000000e+03
1.4125387750000000e+03 5.0488549399999999e+02 1.0953599999999999e+00 1.7504987470000001e+03
1.4220746050000000e+03 5.1025894799999998e+02 1.1008000000000000e+00 1.7553920820000001e+03
1.4316370549999999e+03 5.1565936599999998e+02 1.1062399999999999e+00 1.7602857289999999e+03
1.4412261289999999e+03 5.2108668799999998e+02 1.1116800000000000e+00 1.7651796320000001e+03
1.4508418260000001e+03 5.2654085799999996e+02 1.1171199999999999e+00 1.7700737369999999e+03
1.4604841489999999e+03 5.3202181800000005e+02 1.1225600000000000e+00 1.7749679910000000e+03
1.4701530980000000e+03 5.3752950999999996e+02 1.1279999999999999e+00 1.7798623419999999e+03
1.4798486730000000e+03 5.4306387700000005e+02 1.1334400000000000e+00 1.7847567369999999e+03
1.4895708740000000e+03 5.4862486300000000e+02 1.1388799999999999e+00 1.7896511280000000e+03
1.4993197009999999e+03 5.5421241199999997e+02 1.1443200000000000e+00 1.7945454640000000e+03
1.5090951540000001e+03 5.5982646699999998e+02 1.1497599999999999e+00 1.7994396970000000e+03
1.5188972320000000e+03 5.6546697300000005e+02 1.1552000000000000e+00 1.8043337790000000e+03
1.5287259329999999e+03 5.7113387299999999e+02 1.1606399999999999e+00 1.8092276649999999e+03
1.5385812579999999e+03 5.7682711400000005e+02 1.1660800000000000e+00 1.8141213080000000e+03
1.5484632039999999e+03 5.8254663800000003e+02 1.1715199999999999e+00 1.8190146629999999e+03
1.5583717690000001e+03 5.8829239299999995e+02 1.1769600000000000e+00 1.8239076869999999e+03
1.5683069530000000e+03 5.9406432299999994e+02 1.1823999999999999e+00 1.8288003360000000e+03
1.5782687510000001e+03 5.9986237400000005e+02 1.1878400000000000e+00 1.8336925679999999e+03
1.5882571630000000e+03 6.0568649200000004e+02 1.1932799999999999e+00 1.8385843410000000e+03
1.5982721859999999e+03 6.1153662399999996e+02 1.1987200000000000e+00 1.8434756159999999e+03
1.6083138160000001e+03 6.1741271500000005e+02 1.2041599999999999e+00 1.8483663509999999e+03
1.6183820510000000e+03 6.2331471299999998e+02 1.2096000000000000e+00 1.8532565070000001e+03
1.6284768879999999e+03 6.2924256500000001e+02 1.2150399999999999e+00 1.8581460460000001e+03
1.6385983220000001e+03 6.3519621700000005e+02 1.2204800000000000e+00 1.8630349300000000e+03
1.6487463510000000e+03 6.4117561799999999e+02 1.2259199999999999e+00 1.8679231219999999e+03
1.6589209699999999e+03 6.4718071499999996e+02 1.2313600000000000e+00 1.8728105860000001e+03
1.6691221750000000e+03 6.5321145600000000e+02 1.2367999999999999e+00 1.8776972850000000e+03
1.6793498440000001e+03 6.5919304199999999e+02 1.2422400000000000e+00 1.8825229190000000e+03
1.6896035950000000e+03 6.6513621499999999e+02 1.2476799999999999e+00 1.8872965890000000e+03
1.6998832460000001e+03 6.7107455700000003e+02 1.2531200000000000e+00 1.8920456250000000e+03
1.7101886830000001e+03 6.7701700000000005e+02 1.2585599999999999e+00 1.8967773529999999e+03
1.7205198230000001e+03 6.8296816400000000e+02 1.2640000000000000e+00 1.9014955880000000e+03
1.7308766000000001e+03 6.8893091700000002e+02 1.2694399999999999e+00 1.9062027089999999e+03
1.7412589590000000e+03 6.9490722200000005e+02 1.2748800000000000e+00 1.9109003540000001e+03
1.7516668510000000e+03 7.0089850500000000e+02 1.2803199999999999e+00 1.9155897199999999e+03
1.7621002320000000e+03 7.0690585299999998e+02 1.2857600000000000e+00 1.9202717250000001e+03
1.7725590669999999e+03 7.1293011700000000e+02 1.2911999999999999e+00 1.9249470910000000e+03
1.7830433190000001e+03 7.1897198100000003e+02 1.2966400000000000e+00 1.9296164040000001e+03
1.7935529580000000e+03 7.2503200700000002e+02 1.3020799999999999e+00 1.9342801449999999e+03
1.8040879530000000e+03 7.3111066000000005e+02 1.3075200000000000e+00 1.9389387190000000e+03
1.8146482790000000e+03 7.3720833600000003e+02 1.3129599999999999e+00 1.9435924689999999e+03
1.8252339090000000e+03 7.4332537000000002e+02 1.3184000000000000e+00 1.9482416900000001e+03
1.8358448200000000e+03 7.4946204899999998e+02 1.3238399999999999e+00 1.9528866390000001e+03
1.8464809880000000e+03 7.5561862499999995e+02 1.3292800000000000e+00 1.9575275380000000e+03
1.8571423930000001e+03 7.6179531599999996e+02 1.3347199999999999e+00 1.9621645840000001e+03
1.8678290139999999e+03 7.6799231299999997e+02 1.3401600000000000e+00 1.9667979530000000e+03
1.8785408319999999e+03 7.7420978400000001e+02 1.3455999999999999e+00 1.9714277990000001e+03
1.8892778269999999e+03 7.8044788000000005e+02 1.3510400000000000e+00 1.9760542620000001e+03
1.9000399809999999e+03 7.8670673299999999e+02 1.3564799999999999e+00 1.9806774670000000e+03
1.9108272770000001e+03 7.9298646099999996e+02 1.3619200000000000e+00 1.9852975269999999e+03
1.9216396990000001e+03 7.9928716999999995e+02 1.3673599999999999e+00 1.9899145450000001e+03
1.9324772290000001e+03 8.0560895600000003e+02 1.3728000000000000e+00 1.9945286130000000e+03
1.9433398529999999e+03 8.1195190100000002e+02 1.3782399999999999e+00 1.9991398180000001e+03
1.9542275549999999e+03 8.1831608400000005e+02 1.3836800000000000e+00 2.0037482370000000e+03
1.9651403190000001e+03 8.2470157200000006e+02 1.3891199999999999e+00 2.0083539400000000e+03
1.9760781310000000e+03 8.3110842700000001e+02 1.3945600000000000e+00 2.0129569939999999e+03
1.9870409770000001e+03 8.3753670399999999e+02 1.3999999999999999e+00 2.0175574590000001e+03
