# epsilon[MeV/fm^3] P[MeV/fm^3] nB[fm^-3] muB[MeV]
3.7805053000000001e+01 1.0287100000000000e-01 4.0000000000000001e-02 9.4769993299999999e+02
4.2962049999999998e+01 1.2691000000000000e-01 4.5440000000000001e-02 9.4826236100000006e+02
4.8122073000000000e+01 1.5355400000000000e-01 5.0880000000000002e-02 9.4881521799999996e+02
5.3285089999999997e+01 1.8308600000000000e-01 5.6320000000000002e-02 9.4936570700000004e+02
5.8451107999999998e+01 2.1596799999999999e-01 6.1760000000000002e-02 9.4992205600000000e+02
6.3620184999999999e+01 2.5285299999999999e-01 6.7199999999999996e-02 9.5049341400000003e+02
6.8792428000000001e+01 2.9459400000000002e-01 7.2639999999999996e-02 9.5108962699999995e+02
7.3968001000000001e+01 3.4223599999999998e-01 7.8079999999999997e-02 9.5172097299999996e+02
7.9147120999999999e+01 3.9700600000000003e-01 8.3519999999999997e-02 9.5239790800000003e+02
8.4330066000000002e+01 4.6029900000000001e-01 8.8959999999999997e-02 9.5313085000000001e+02
8.9517168999999996e+01 5.3365899999999999e-01 9.4399999999999998e-02 9.5393000300000006e+02
9.4708815000000001e+01 6.1876399999999998e-01 9.9839999999999998e-02 9.5480521399999998e+02
9.9905445000000000e+01 7.1740400000000004e-01 1.0528000000000000e-01 9.5576587199999994e+02
1.0510754799999999e+02 8.3146299999999995e-01 1.1072000000000000e-01 9.5682082700000001e+02
1.1031565900000000e+02 9.6290500000000001e-01 1.1616000000000000e-01 9.5797833900000001e+02
1.1553035800000001e+02 1.1137530000000000e+00 1.2160000000000000e-01 9.5924604299999999e+02
1.2075222300000000e+02 1.2835550000000000e+00 1.2703999999999999e-01 9.6061079400000006e+02
1.2598177800000001e+02 1.4743780000000000e+00 1.3247999999999999e-01 9.6208017400000006e+02
1.3121964399999999e+02 1.6895540000000000e+00 1.3791999999999999e-01 9.6367048199999999e+02
1.3646650399999999e+02 1.9315510000000000e+00 1.4335999999999999e-01 9.6538991499999997e+02
1.4172307699999999e+02 2.2026500000000002e+00 1.4879999999999999e-01 9.6724448600000005e+02
1.4699011200000001e+02 2.5050370000000002e+00 1.5423999999999999e-01 9.6923891200000003e+02
1.5226838000000001e+02 2.8408240000000000e+00 1.5967999999999999e-01 9.7137695799999995e+02
1.5755867000000001e+02 3.2120590000000000e+00 1.6511999999999999e-01 9.7366162099999997e+02
1.6286178799999999e+02 3.6207300000000000e+00 1.7055999999999999e-01 9.7609524599999997e+02
1.6817854900000000e+02 4.0687670000000002e+00 1.7599999999999999e-01 9.7867960900000003e+02
1.7350977700000001e+02 4.5580360000000004e+00 1.8143999999999999e-01 9.8141598499999998e+02
1.7885630000000000e+02 5.0903419999999997e+00 1.8687999999999999e-01 9.8430519700000002e+02
1.8421895300000000e+02 5.6674270000000000e+00 1.9231999999999999e-01 9.8734766300000001e+02
1.8959857000000000e+02 6.2909680000000003e+00 1.9775999999999999e-01 9.9054343100000006e+02
1.9499598300000000e+02 6.9625760000000003e+00 2.0319999999999999e-01 9.9389221799999996e+02
2.0041202500000000e+02 7.6837920000000004e+00 2.0863999999999999e-01 9.9739343299999996e+02
2.0584752100000000e+02 8.4560919999999999e+00 2.1407999999999999e-01 1.0010462050000000e+03
2.1130329499999999e+02 9.2808799999999998e+00 2.1951999999999999e-01 1.0048494050000000e+03
2.1678016099999999e+02 1.0159485999999999e+01 2.2495999999999999e-01 1.0088016670000000e+03
2.2227892499999999e+02 1.1093173000000000e+01 2.3039999999999999e-01 1.0129014030000000e+03
2.2780038600000000e+02 1.2083126000000000e+01 2.3583999999999999e-01 1.0171468210000000e+03
2.3334533099999999e+02 1.3130456000000001e+01 2.4127999999999999e-01 1.0215359380000000e+03
2.3891453700000000e+02 1.4236200000000000e+01 2.4671999999999999e-01 1.0260665939999999e+03
2.4450876600000001e+02 1.5401318000000000e+01 2.5216000000000000e-01 1.0307364620000001e+03
2.5012877100000000e+02 1.6626690000000000e+01 2.5760000000000000e-01 1.0355430630000001e+03
2.5577528699999999e+02 1.7913122999999999e+01 2.6304000000000000e-01 1.0404837729999999e+03
2.6144903799999997e+02 1.9261341999999999e+01 2.6848000000000000e-01 1.0455558390000001e+03
2.6715073100000001e+02 2.0671996000000000e+01 2.7392000000000000e-01 1.0507563809999999e+03
2.7288105600000000e+02 2.2145655999999999e+01 2.7936000000000000e-01 1.0560824120000000e+03
2.7864068800000001e+02 2.3682815000000002e+01 2.8480000000000000e-01 1.0615308410000000e+03
2.8443028500000003e+02 2.5283888999999999e+01 2.9024000000000000e-01 1.0670984860000001e+03
2.9025048600000002e+02 2.6949221000000001e+01 2.9568000000000000e-01 1.0727820870000000e+03
2.9610191400000002e+02 2.8679075999999998e+01 3.0112000000000000e-01 1.0785783100000001e+03
3.0198517099999998e+02 3.0473649999999999e+01 3.0656000000000000e-01 1.0844837640000001e+03
3.0790084400000001e+02 3.2333067000000000e+01 3.1200000000000000e-01 1.0904950070000000e+03
3.1384949899999998e+02 3.4257381000000002e+01 3.1744000000000000e-01 1.0966085599999999e+03
3.1983168200000000e+02 3.6246583000000001e+01 3.2288000000000000e-01 1.1028209139999999e+03
3.2584792099999999e+02 3.8300598000000001e+01 3.2832000000000000e-01 1.1091285390000000e+03
3.3189872600000001e+02 4.0419293000000003e+01 3.3376000000000000e-01 1.1155279000000000e+03
3.3798458699999998e+02 4.2602474000000001e+01 3.3920000000000000e-01 1.1220154590000000e+03
3.4410597200000001e+02 4.4849894999999997e+01 3.4464000000000000e-01 1.1285876890000000e+03
3.5026333499999998e+02 4.7161256999999999e+01 3.5008000000000000e-01 1.1352410789999999e+03
3.5645700199999999e+02 4.9476100000000002e+01 3.5552000000000000e-01 1.1418027600000000e+03
3.6268362100000002e+02 5.1477496000000002e+01 3.6096000000000000e-01 1.1473895780000000e+03
3.6893964299999999e+02 5.3394340000000000e+01 3.6640000000000000e-01 1.1526599830000000e+03
3.7522387500000002e+02 5.5282144000000002e+01 3.7184000000000000e-01 1.1577739429999999e+03
3.8153564000000000e+02 5.7160710999999999e+01 3.7728000000000000e-01 1.1627889240000000e+03
3.8787449099999998e+02 5.9040312000000000e+01 3.8272000000000000e-01 1.1677348059999999e+03
3.9424010199999998e+02 6.0927176000000003e+01 3.8816000000000001e-01 1.1726297139999999e+03
4.0063223199999999e+02 6.2825445000000002e+01 3.9360000000000001e-01 1.1774856660000000e+03
4.0705012900000003e+02 6.4599740999999995e+01 3.9904000000000001e-01 1.1819631110000000e+03
4.1349110899999999e+02 6.6261375999999998e+01 4.0448000000000001e-01 1.1860986559999999e+03
4.1995441499999998e+02 6.7923310000000001e+01 4.0992000000000001e-01 1.1901796300000001e+03
4.2643985199999997e+02 6.9597875999999999e+01 4.1536000000000001e-01 1.1942373980000000e+03
4.3294733100000002e+02 7.1289992999999996e+01 4.2080000000000001e-01 1.1982843399999999e+03
4.3947681200000000e+02 7.3002296999999999e+01 4.2624000000000001e-01 1.2023269630000000e+03
4.4602828399999999e+02 7.4736419999999995e+01 4.3168000000000001e-01 1.2063691799999999e+03
4.5260174999999998e+02 7.6493461999999994e+01 4.3712000000000001e-01 1.2104135340000000e+03
4.5919722800000000e+02 7.8274208000000002e+01 4.4256000000000001e-01 1.2144617639999999e+03
4.6581474300000002e+02 8.0079246999999995e+01 4.4800000000000001e-01 1.2185150890000000e+03
4.7245432399999999e+02 8.1909025000000000e+01 4.5344000000000001e-01 1.2225743849999999e+03
4.7911600600000003e+02 8.3763897000000000e+01 4.5888000000000001e-01 1.2266402800000001e+03
4.8579982600000000e+02 8.5644139999999993e+01 4.6432000000000001e-01 1.2307132250000000e+03
4.9250582400000002e+02 8.7549980000000005e+01 4.6976000000000001e-01 1.2347935359999999e+03
4.9923403999999999e+02 8.9481599000000003e+01 4.7520000000000001e-01 1.2388814290000000e+03
5.0598451599999999e+02 9.1439142000000004e+01 4.8064000000000001e-01 1.2429770380000000e+03
5.1275729400000000e+02 9.3422729000000004e+01 4.8608000000000001e-01 1.2470804330000001e+03
5.1955241599999999e+02 9.5432452999999995e+01 4.9152000000000001e-01 1.2511916360000000e+03
5.2636992499999997e+02 9.7468389999999999e+01 4.9696000000000001e-01 1.2553106250000001e+03
5.3320986300000004e+02 9.9530597000000000e+01 5.0239999999999996e-01 1.2594373450000001e+03
5.4007227200000000e+02 1.0161911600000001e+02 5.0783999999999996e-01 1.2635717159999999e+03
5.4695719399999996e+02 1.0373397799999999e+02 5.1327999999999996e-01 1.2677136310000001e+03
5.5386466800000005e+02 1.0587520000000001e+02 5.1871999999999996e-01 1.2718629670000000e+03
5.6079473599999994e+02 1.0804279000000000e+02 5.2415999999999996e-01 1.2760195839999999e+03
5.6774743599999999e+02 1.1023674699999999e+02 5.2959999999999996e-01 1.2801833300000001e+03
5.7472280599999999e+02 1.1245706100000000e+02 5.3503999999999996e-01 1.2843540410000001e+03
5.8172088499999995e+02 1.1470371600000000e+02 5.4047999999999996e-01 1.2885315439999999e+03
5.8874170800000002e+02 1.1697668700000000e+02 5.4591999999999996e-01 1.2927156590000000e+03
5.9578531099999998e+02 1.1927594499999999e+02 5.5135999999999996e-01 1.2969061999999999e+03
6.0285172799999998e+02 1.2160145199999999e+02 5.5679999999999996e-01 1.3011029759999999e+03
6.0994099300000005e+02 1.2395316900000000e+02 5.6223999999999996e-01 1.3053057920000001e+03
6.1705313899999999e+02 1.2633104800000000e+02 5.6767999999999996e-01 1.3095144499999999e+03
6.2418819599999995e+02 1.2873504000000000e+02 5.7311999999999996e-01 1.3137287490000001e+03
6.3134619399999997e+02 1.3116508899999999e+02 5.7855999999999996e-01 1.3179484880000000e+03
6.3852716299999997e+02 1.3362113600000001e+02 5.8399999999999996e-01 1.3221734640000000e+03
6.4573113000000001e+02 1.3610311899999999e+02 5.8943999999999996e-01 1.3264034740000000e+03
6.5295812300000000e+02 1.3861097300000000e+02 5.9487999999999996e-01 1.3306383129999999e+03
6.6020816600000001e+02 1.4114462800000001e+02 6.0031999999999996e-01 1.3348777789999999e+03
6.6748128599999995e+02 1.4370401200000001e+02 6.0575999999999997e-01 1.3391216680000000e+03
6.7477750400000002e+02 1.4628905200000000e+02 6.1119999999999997e-01 1.3433697800000000e+03
6.8209684400000003e+02 1.4889966899999999e+02 6.1663999999999997e-01 1.3476219129999999e+03
6.8943932700000005e+02 1.5153578400000001e+02 6.2207999999999997e-01 1.3518778689999999e+03
6.9680497400000002e+02 1.5419731600000000e+02 6.2751999999999997e-01 1.3561374499999999e+03
7.0419380200000001e+02 1.5688417999999999e+02 6.3295999999999997e-01 1.3604004610000000e+03
7.1160583199999996e+02 1.5959629200000001e+02 6.3839999999999997e-01 1.3646667090000001e+03
7.1904107799999997e+02 1.6233356300000000e+02 6.4383999999999997e-01 1.3689360019999999e+03
7.2649955899999998e+02 1.6509590499999999e+02 6.4927999999999997e-01 1.3732081499999999e+03
7.3398128799999995e+02 1.6788322700000001e+02 6.5471999999999997e-01 1.3774829680000000e+03
7.4148627999999997e+02 1.7069543700000000e+02 6.6015999999999997e-01 1.3817602710000001e+03
7.4901454699999999e+02 1.7353244100000001e+02 6.6559999999999997e-01 1.3860398769999999e+03
7.5656610200000000e+02 1.7639414500000001e+02 6.7103999999999997e-01 1.3903216080000000e+03
7.6414095699999996e+02 1.7928045299999999e+02 6.7647999999999997e-01 1.3946052870000001e+03
7.7173911999999996e+02 1.8219126900000001e+02 6.8191999999999997e-01 1.3988907400000001e+03
7.7936060099999997e+02 1.8512649500000001e+02 6.8735999999999997e-01 1.4031777959999999e+03
7.8700540799999999e+02 1.8808603099999999e+02 6.9279999999999997e-01 1.4074662890000000e+03
7.9467354999999998e+02 1.9106978000000001e+02 6.9823999999999997e-01 1.4117560510000001e+03
8.0236503100000004e+02 1.9407764100000000e+02 7.0367999999999997e-01 1.4160469210000001e+03
8.1007985799999994e+02 1.9710951299999999e+02 7.0911999999999997e-01 1.4203387399999999e+03
8.1781803600000001e+02 2.0016529499999999e+02 7.1455999999999997e-01 1.4246313510000000e+03
8.2557956799999999e+02 2.0324488600000001e+02 7.1999999999999997e-01 1.4289245989999999e+03
8.3336445800000001e+02 2.0634818200000001e+02 7.2543999999999997e-01 1.4332183339999999e+03
8.4117270699999995e+02 2.0947508300000001e+02 7.3087999999999997e-01 1.4375124080000001e+03
8.4900431800000001e+02 2.1262548400000000e+02 7.3631999999999997e-01 1.4418066750000000e+03
8.5685928999999999e+02 2.1579928300000000e+02 7.4175999999999997e-01 1.4461009939999999e+03
8.6473762399999998e+02 2.1899637700000000e+02 7.4719999999999998e-01 1.4503952230000000e+03
8.7263931900000000e+02 2.2221666099999999e+02 7.5263999999999998e-01 1.4546892280000000e+03
8.8056437300000005e+02 2.2546003200000001e+02 7.5807999999999998e-01 1.4589828729999999e+03
8.8851278400000001e+02 2.2872638699999999e+02 7.6351999999999998e-01 1.4632760270000001e+03
8.9648454800000002e+02 2.3201562000000001e+02 7.6895999999999998e-01 1.4675685619999999e+03
9.0447966299999996e+02 2.3532762900000000e+02 7.7439999999999998e-01 1.4718603519999999e+03
9.1249812399999996e+02 2.3866230999999999e+02 7.7983999999999998e-01 1.4761512729999999e+03
9.2053992600000004e+02 2.4201955899999999e+02 7.8527999999999998e-01 1.4804412050000001e+03
9.2860506199999998e+02 2.4539927100000000e+02 7.9071999999999998e-01 1.4847300299999999e+03
9.3669352700000002e+02 2.4880134500000000e+02 7.9615999999999998e-01 1.4890176329999999e+03
9.4480531399999995e+02 2.5222567500000000e+02 8.0159999999999998e-01 1.4933039000000001e+03
9.5294041500000003e+02 2.5567215800000000e+02 8.0703999999999998e-01 1.4975887220000000e+03
9.6109882200000004e+02 2.5914069300000000e+02 8.1247999999999998e-01 1.5018719900000001e+03
9.6928052600000001e+02 2.6263117499999998e+02 8.1791999999999998e-01 1.5061535990000000e+03
9.7748551799999996e+02 2.6614350200000001e+02 8.2335999999999998e-01 1.5104334449999999e+03
9.8571378800000002e+02 2.6967757200000000e+02 8.2879999999999998e-01 1.5147114290000000e+03
9.9396532600000000e+02 2.7323328199999997e+02 8.3423999999999998e-01 1.5189874520000001e+03
1.0022401200000000e+03 2.7681053200000002e+02 8.3967999999999998e-01 1.5232614180000000e+03
1.0105381599999999e+03 2.8040921900000001e+02 8.4511999999999998e-01 1.5275332320000000e+03
1.0188594330000000e+03 2.8402924300000001e+02 8.5055999999999998e-01 1.5318028039999999e+03
1.0272039259999999e+03 2.8767050300000000e+02 8.5599999999999998e-01 1.5360700440000001e+03
1.0355716279999999e+03 2.9133289800000000e+02 8.6143999999999998e-01 1.5403348650000000e+03
1.0439625240000000e+03 2.9501632899999998e+02 8.6687999999999998e-01 1.5445971810000001e+03
1.0523766009999999e+03 2.9872069599999998e+02 8.7231999999999998e-01 1.5488569090000001e+03
1.0608138440000000e+03 3.0244589999999999e+02 8.7775999999999998e-01 1.5531139700000001e+03
1.0692742390000001e+03 3.0619184300000001e+02 8.8319999999999999e-01 1.5573682819999999e+03
1.0777577699999999e+03 3.0995842599999997e+02 8.8863999999999999e-01 1.5616197700000000e+03
1.0862644220000000e+03 3.1374555199999998e+02 8.9407999999999999e-01 1.5658683590000001e+03
1.0947941790000000e+03 3.1755312400000003e+02 8.9951999999999999e-01 1.5701139740000001e+03
1.1033470250000000e+03 3.2138104399999997e+02 9.0495999999999999e-01 1.5743565460000000e+03
1.1119229419999999e+03 3.2522921700000001e+02 9.1039999999999999e-01 1.5785960030000001e+03
1.1205219139999999e+03 3.2909754700000002e+02 9.1583999999999999e-01 1.5828322790000000e+03
1.1291439230000001e+03 3.3298593799999998e+02 9.2127999999999999e-01 1.5870653070000001e+03
1.1377889510000000e+03 3.3689429699999999e+02 9.2671999999999999e-01 1.5912950240000000e+03
1.1464569799999999e+03 3.4082252799999998e+02 9.3215999999999999e-01 1.5955213670000001e+03
1.1551479919999999e+03 3.4477053899999999e+02 9.3759999999999999e-01 1.5997442739999999e+03
1.1638619679999999e+03 3.4873823599999997e+02 9.4303999999999999e-01 1.6039636869999999e+03
1.1725988880000000e+03 3.5272552600000000e+02 9.4847999999999999e-01 1.6081795480000001e+03
1.1813587339999999e+03 3.5673231800000002e+02 9.5391999999999999e-01 1.6123918010000000e+03
1.1901414840000000e+03 3.6075852099999997e+02 9.5935999999999999e-01 1.6166003909999999e+03
1.1989471200000000e+03 3.6480404199999998e+02 9.6479999999999999e-01 1.6208052660000001e+03
1.2077756210000000e+03 3.6886879299999998e+02 9.7023999999999999e-01 1.6250063729999999e+03
1.2166269660000000e+03 3.7295268299999998e+02 9.7567999999999999e-01 1.6292036630000000e+03
1.2255011340000001e+03 3.7705562300000003e+02 9.8111999999999999e-01 1.6333970879999999e+03
1.2343981040000001e+03 3.8117752500000000e+02 9.8655999999999999e-01 1.6375865980000001e+03
1.2433178550000000e+03 3.8531830100000002e+02 9.9199999999999999e-01 1.6417721500000000e+03
1.2522603650000001e+03 3.8947786200000002e+02 9.9743999999999999e-01 1.6459536980000000e+03
1.2612256130000001e+03 3.9365612399999998e+02 1.0028800000000000e+00 1.6501311989999999e+03
1.2702135750000000e+03 3.9785299800000001e+02 1.0083200000000001e+00 1.6543046110000000e+03
1.2792242300000000e+03 4.0206840000000000e+02 1.0137600000000000e+00 1.6584738940000000e+03
1.2882575549999999e+03 4.0630224399999997e+02 1.0192000000000001e+00 1.6626390070000000e+03
1.2973135270000000e+03 4.1055444599999998e+02 1.0246400000000000e+00 1.6667999119999999e+03
1.3063921240000000e+03 4.1482492300000001e+02 1.0300800000000001e+00 1.6709565740000000e+03
1.3154933220000000e+03 4.1911358999999999e+02 1.0355200000000000e+00 1.6751089540000000e+03
1.3246170970000001e+03 4.2342036500000000e+02 1.0409600000000001e+00 1.6792570200000000e+03
1.3337634270000001e+03 4.2774516699999998e+02 1.0464000000000000e+00 1.6834007369999999e+03
1.3429322870000001e+03 4.3208791300000001e+02 1.0518400000000001e+00 1.6875400720000000e+03
1.3521236540000000e+03 4.3644852300000002e+02 1.0572800000000000e+00 1.6916749940000000e+03
1.3613375030000000e+03 4.4082691699999998e+02 1.0627200000000001e+00 1.6958054729999999e+03
1.3705738100000001e+03 4.4522301399999998e+02 1.0681600000000000e+00 1.6999314790000001e+03
1.3798325500000001e+03 4.4963673599999998e+02 1.0736000000000001e+00 1.7040529839999999e+03
1.3891137000000001e+03 4.5406800399999997e+02 1.0790400000000000e+00 1.7081699610000001e+03
1.3984172349999999e+03 4.5851674100000002e+02 1.0844800000000001e+00 1.7122823820000001e+03
1.4077431290000000e+03 4.6298286899999999e+02 1.0899200000000000e+00 1.7163902230000001e+03
1.4170913570000000e+03 4.6746631200000002e+02 1.0953599999999999e+00 1.7204934599999999e+03
1.4264618949999999e+03 4.7196699400000000e+02 1.1008000000000000e+00 1.7245920670000000e+03
1.4358547169999999e+03 4.7648483900000002e+02 1.1062399999999999e+00 1.7286860240000001e+03
1.4452697980000000e+03 4.8101977199999999e+02 1.1116800000000000e+00 1.7327753080000000e+03
1.4547071129999999e+03 4.8557172000000003e+02 1.1171199999999999e+00 1.7368598979999999e+03
1.4641666350000000e+03 4.9014060899999998e+02 1.1225600000000000e+00 1.7409397739999999e+03
1.4736483400000000e+03 4.9472636699999998e+02 1.1279999999999999e+00 1.7450149170000000e+03
1.4831522000000000e+03 4.9932891999999998e+02 1.1334400000000000e+00 1.7490853099999999e+03
1.4926781910000000e+03 5.0394819799999999e+02 1.1388799999999999e+00 1.7531509340000000e+03
1.5022262870000000e+03 5.0858413100000001e+02 1.1443200000000000e+00 1.7572117730000000e+03
1.5117964609999999e+03 5.1323664699999995e+02 1.1497599999999999e+00 1.7612678109999999e+03
1.5213886869999999e+03 5.1790567899999996e+02 1.1552000000000000e+00 1.7653190340000001e+03
1.5310029390000000e+03 5.2259115699999995e+02 1.1606399999999999e+00 1.7693654289999999e+03
1.5406391900000001e+03 5.2729301399999997e+02 1.1660800000000000e+00 1.7734069810000001e+03
1.5502974150000000e+03 5.3201118299999996e+02 1.1715199999999999e+00 1.7774436790000000e+03
1.5599775860000000e+03 5.3674559899999997e+02 1.1769600000000000e+00 1.7814755120000000e+03
1.5696796780000000e+03 5.4149619700000005e+02 1.1823999999999999e+00 1.7855024710000000e+03
1.5794036639999999e+03 5.4626291500000002e+02 1.1878400000000000e+00 1.7895245470000000e+03
1.5891495170000001e+03 5.5104569200000003e+02 1.1932799999999999e+00 1.7935417339999999e+03
1.5989172100000001e+03 5.5584446700000001e+02 1.1987200000000000e+00 1.7975540249999999e+03
1.6087067179999999e+03 5.6065918599999998e+02 1.2041599999999999e+00 1.8015614210000001e+03
1.6185180120000000e+03 5.6548979699999995e+02 1.2096000000000000e+00 1.8055639209999999e+03
1.6283510679999999e+03 5.7033625800000004e+02 1.2150399999999999e+00 1.8095615350000000e+03
1.6382058569999999e+03 5.7519854399999997e+02 1.2204800000000000e+00 1.8135542869999999e+03
1.6480823550000000e+03 5.8007670900000005e+02 1.2259199999999999e+00 1.8175422630000000e+03
1.6579805340000000e+03 5.8497075199999995e+02 1.2313600000000000e+00 1.8215255060000000e+03
1.6679003690000000e+03 5.8988018799999998e+02 1.2367999999999999e+00 1.8255036630000000e+03
1.6778418320000001e+03 5.9480495299999995e+02 1.2422400000000000e+00 1.8294767280000001e+03
1.6878048940000001e+03 5.9974498700000004e+02 1.2476799999999999e+00 1.8334446980000000e+03
1.6977895289999999e+03 6.0470022900000004e+02 1.2531200000000000e+00 1.8374075670000000e+03
1.7077957090000000e+03 6.0967061899999999e+02 1.2585599999999999e+00 1.8413653320000001e+03
1.7178234050000001e+03 6.1465609600000005e+02 1.2640000000000000e+00 1.8453179900000000e+03
1.7278725899999999e+03 6.1965660300000002e+02 1.2694399999999999e+00 1.8492655370000000e+03
1.7379432360000001e+03 6.2467207900000005e+02 1.2748800000000000e+00 1.8532079719999999e+03
1.7480353150000001e+03 6.2970246699999996e+02 1.2803199999999999e+00 1.8571452910000000e+03
1.7581487999999999e+03 6.3474770899999999e+02 1.2857600000000000e+00 1.8610774939999999e+03
1.7682836629999999e+03 6.3980774699999995e+02 1.2911999999999999e+00 1.8650045789999999e+03
1.7784398750000000e+03 6.4488252399999999e+02 1.2966400000000000e+00 1.8689265450000000e+03
1.7886174090000000e+03 6.4997198500000002e+02 1.3020799999999999e+00 1.8728433910000001e+03
1.7988162370000000e+03 6.5507607199999995e+02 1.3075200000000000e+00 1.8767551169999999e+03
1.8090363310000000e+03 6.6019473000000005e+02 1.3129599999999999e+00 1.8806617229999999e+03
1.8192776640000000e+03 6.6532790399999999e+02 1.3184000000000000e+00 1.8845632100000000e+03
1.8295402070000000e+03 6.7047554000000002e+02 1.3238399999999999e+00 1.8884595780000000e+03
1.8398239329999999e+03 6.7563758299999995e+02 1.3292800000000000e+00 1.8923508290000000e+03
1.8501288130000000e+03 6.8081397900000002e+02 1.3347199999999999e+00 1.8962369630000001e+03
1.8604548210000000e+03 6.8600467400000002e+02 1.3401600000000000e+00 1.9001179830000001e+03
1.8708019280000001e+03 6.9120961699999998e+02 1.3455999999999999e+00 1.9039938900000000e+03
1.8811701060000000e+03 6.9642875300000003e+02 1.3510400000000000e+00 1.9078646859999999e+03
1.8915593269999999e+03 7.0166203099999996e+02 1.3564799999999999e+00 1.9117303750000001e+03
1.9019695650000001e+03 7.0690939900000001e+02 1.3619200000000000e+00 1.9155909580000000e+03
1.9124007899999999e+03 7.1217080599999997e+02 1.3673599999999999e+00 1.9194464390000001e+03
1.9228529750000000e+03 7.1744620099999997e+02 1.3728000000000000e+00 1.9232968220000000e+03
1.9333260940000000e+03 7.2273553300000003e+02 1.3782399999999999e+00 1.9271421089999999e+03
1.9438201160000001e+03 7.2803875200000004e+02 1.3836800000000000e+00 1.9309823040000001e+03
1.9543350160000000e+03 7.3335580800000002e+02 1.3891199999999999e+00 1.9348174130000000e+03
1.9648707660000000e+03 7.3868665099999998e+02 1.3945600000000000e+00 1.9386474380000000e+03
1.9754273370000001e+03 7.4403123400000004e+02 1.3999999999999999e+00 1.9424723839999999e+03
