# epsilon[MeV/fm^3] P[MeV/fm^3] nB[fm^-3] muB[MeV]
3.7988970999999999e+01 2.0052000000000000e-01 4.0000000000000001e-02 9.5473908500000005e+02
4.3184261999999997e+01 2.2327700000000000e-01 4.5440000000000001e-02 9.5527336900000000e+02
4.8381965000000001e+01 2.4063200000000001e-01 5.0880000000000002e-02 9.5563460899999995e+02
5.3581249999999997e+01 2.5287900000000002e-01 5.6320000000000002e-02 9.5586347599999999e+02
5.8781503000000001e+01 2.6083299999999998e-01 6.1760000000000002e-02 9.5599816699999997e+02
6.3982306000000001e+01 2.6573799999999997e-01 6.7199999999999996e-02 9.5607388900000001e+02
6.9183429000000004e+01 2.6919399999999999e-01 7.2639999999999996e-02 9.5612270300000000e+02
7.4384805000000000e+01 2.7308900000000003e-01 7.8079999999999997e-02 9.5617357600000003e+02
7.9586516000000003e+01 2.7954600000000002e-01 8.3519999999999997e-02 9.5625252999999998e+02
8.4788769000000002e+01 2.8991699999999998e-01 8.8959999999999997e-02 9.5637189300000000e+02
8.9991760999999997e+01 3.0495100000000003e-01 9.4399999999999998e-02 9.5653473099999997e+02
9.5195852000000002e+01 3.2918100000000000e-01 9.9839999999999998e-02 9.5678294200000005e+02
1.0040157100000000e+02 3.6582199999999998e-01 1.0528000000000000e-01 9.5713885000000005e+02
1.0560955000000000e+02 4.1777999999999998e-01 1.1072000000000000e-01 9.5761854500000004e+02
1.1082049800000000e+02 4.8781900000000000e-01 1.1616000000000000e-01 9.5823451000000000e+02
1.1603518300000000e+02 5.7858500000000002e-01 1.2160000000000000e-01 9.5899655499999994e+02
1.2125442300000000e+02 6.9261600000000001e-01 1.2703999999999999e-01 9.5991231200000004e+02
1.2647906900000000e+02 8.3233299999999999e-01 1.3247999999999999e-01 9.6098756000000003e+02
1.3171000100000001e+02 1.0000350000000000e+00 1.3791999999999999e-01 9.6222647400000005e+02
1.3694811799999999e+02 1.1978940000000000e+00 1.4335999999999999e-01 9.6363183600000002e+02
1.4219433000000001e+02 1.4279489999999999e+00 1.4879999999999999e-01 9.6520522100000005e+02
1.4744955300000001e+02 1.6921120000000001e+00 1.5423999999999999e-01 9.6694717600000001e+02
1.5271470500000001e+02 1.9921660000000001e+00 1.5967999999999999e-01 9.6885737600000004e+02
1.5799069600000001e+02 2.3297699999999999e+00 1.6511999999999999e-01 9.7093478100000004e+02
1.6327843400000000e+02 2.7064729999999999e+00 1.7055999999999999e-01 9.7317777400000000e+02
1.6857881399999999e+02 3.1237180000000002e+00 1.7599999999999999e-01 9.7558428500000002e+02
1.7389271800000000e+02 3.5828519999999999e+00 1.8143999999999999e-01 9.7815190399999994e+02
1.7922101599999999e+02 4.0851379999999997e+00 1.8687999999999999e-01 9.8087797300000000e+02
1.8456456399999999e+02 4.6317659999999998e+00 1.9231999999999999e-01 9.8375967100000003e+02
1.8992419799999999e+02 5.2238579999999999e+00 1.9775999999999999e-01 9.8679407500000002e+02
1.9530074400000001e+02 5.8624809999999998e+00 2.0319999999999999e-01 9.8997821699999997e+02
2.0069500600000001e+02 6.5486510000000004e+00 2.0863999999999999e-01 9.9330912200000000e+02
2.0610777600000000e+02 7.2833420000000002e+00 2.1407999999999999e-01 9.9678384000000005e+02
2.1153982800000000e+02 8.0674860000000006e+00 2.1951999999999999e-01 1.0003994660000000e+03
2.1699192099999999e+02 8.9019870000000001e+00 2.2495999999999999e-01 1.0041531540000000e+03
2.2246479900000000e+02 9.7877120000000009e+00 2.3039999999999999e-01 1.0080421260000001e+03
2.2795919000000001e+02 1.0725502000000001e+01 2.3583999999999999e-01 1.0120636750000000e+03
2.3347580900000000e+02 1.1716172000000000e+01 2.4127999999999999e-01 1.0162151679999999e+03
2.3901535600000000e+02 1.2760508000000000e+01 2.4671999999999999e-01 1.0204940370000000e+03
2.4457851800000000e+02 1.3859273000000000e+01 2.5216000000000000e-01 1.0248977809999999e+03
2.5016596600000000e+02 1.5013202000000000e+01 2.5760000000000000e-01 1.0294239560000001e+03
2.5577836099999999e+02 1.6223004000000000e+01 2.6304000000000000e-01 1.0340701740000000e+03
2.6141635000000002e+02 1.7489363999999998e+01 2.6848000000000000e-01 1.0388340909999999e+03
2.6708056599999998e+02 1.8812936000000001e+01 2.7392000000000000e-01 1.0437134030000000e+03
2.7277163200000001e+02 2.0194348999999999e+01 2.7936000000000000e-01 1.0487058430000000e+03
2.7849015800000001e+02 2.1634200000000000e+01 2.8480000000000000e-01 1.0538091680000000e+03
2.8423674000000000e+02 2.3133058999999999e+01 2.9024000000000000e-01 1.0590211609999999e+03
2.9001196299999998e+02 2.4691462999999999e+01 2.9568000000000000e-01 1.0643396240000000e+03
2.9581640299999998e+02 2.6309919000000001e+01 3.0112000000000000e-01 1.0697623730000000e+03
3.0165061900000001e+02 2.7988900999999998e+01 3.0656000000000000e-01 1.0752872330000000e+03
3.0751516199999998e+02 2.9728850999999999e+01 3.1200000000000000e-01 1.0809120410000000e+03
3.1341057000000001e+02 3.1530176000000001e+01 3.1744000000000000e-01 1.0866346390000001e+03
3.1933736900000002e+02 3.3393250000000002e+01 3.2288000000000000e-01 1.0924528749999999e+03
3.2529607399999998e+02 3.5318415999999999e+01 3.2832000000000000e-01 1.0983645979999999e+03
3.3128718700000002e+02 3.7305978000000003e+01 3.3376000000000000e-01 1.1043676640000001e+03
3.3731120099999998e+02 3.9356211000000002e+01 3.3920000000000000e-01 1.1104599310000001e+03
3.4336859399999997e+02 4.1469352999999998e+01 3.4464000000000000e-01 1.1166392610000000e+03
3.4945983500000000e+02 4.3645611000000002e+01 3.5008000000000000e-01 1.1229035180000001e+03
3.5558537899999999e+02 4.5885156000000002e+01 3.5552000000000000e-01 1.1292505759999999e+03
3.6174567300000001e+02 4.8188130999999998e+01 3.6096000000000000e-01 1.1356783120000000e+03
3.6794114300000001e+02 5.0543671000000003e+01 3.6640000000000000e-01 1.1421546539999999e+03
3.7416969799999998e+02 5.2609099000000001e+01 3.7184000000000000e-01 1.1477502640000000e+03
3.8042752800000000e+02 5.4569530000000000e+01 3.7728000000000000e-01 1.1529838030000001e+03
3.8671334899999999e+02 5.6496969000000000e+01 3.8272000000000000e-01 1.1580554940000000e+03
3.9302647000000002e+02 5.8413536000000001e+01 3.8816000000000001e-01 1.1630273510000000e+03
3.9936644200000001e+02 6.0330329999999996e+01 3.9360000000000001e-01 1.1679305690000001e+03
4.0573294600000003e+02 6.2254007000000001e+01 3.9904000000000001e-01 1.1727838350000000e+03
4.1212574400000000e+02 6.4188980000000001e+01 4.0448000000000001e-01 1.1775994929999999e+03
4.1854465900000002e+02 6.6138377000000006e+01 4.0992000000000001e-01 1.1823862310000000e+03
4.2498954900000001e+02 6.8104521000000005e+01 4.1536000000000001e-01 1.1871504410000000e+03
4.3145958700000000e+02 6.9924361000000005e+01 4.2080000000000001e-01 1.1915035510000000e+03
4.3795222300000000e+02 7.1647350000000003e+01 4.2624000000000001e-01 1.1955713410000001e+03
4.4446683200000001e+02 7.3370900000000006e+01 4.3168000000000001e-01 1.1995888060000000e+03
4.5100322899999998e+02 7.5106757999999999e+01 4.3712000000000001e-01 1.2035842789999999e+03
4.5756133000000000e+02 7.6859846000000005e+01 4.4256000000000001e-01 1.2075695009999999e+03
4.6414109900000000e+02 7.8632881999999995e+01 4.4800000000000001e-01 1.2115508310000000e+03
4.7074252500000000e+02 8.0427594999999997e+01 4.5344000000000001e-01 1.2155321990000000e+03
4.7736561599999999e+02 8.2245185000000006e+01 4.5888000000000001e-01 1.2195162370000000e+03
4.8401039300000002e+02 8.4086539999999999e+01 4.6432000000000001e-01 1.2235048039999999e+03
4.9067688299999998e+02 8.5952344999999994e+01 4.6976000000000001e-01 1.2274992640000000e+03
4.9736512099999999e+02 8.7843147999999999e+01 4.7520000000000001e-01 1.2315006430000001e+03
5.0407514800000001e+02 8.9759401999999994e+01 4.8064000000000001e-01 1.2355097270000001e+03
5.1080700700000000e+02 9.1701483999999994e+01 4.8608000000000001e-01 1.2395271270000001e+03
5.1756074500000000e+02 9.3669719999999998e+01 4.9152000000000001e-01 1.2435533200000000e+03
5.2433641100000000e+02 9.5664388000000002e+01 4.9696000000000001e-01 1.2475886820000001e+03
5.3113405499999999e+02 9.7685737000000003e+01 5.0239999999999996e-01 1.2516335050000000e+03
5.3795372899999995e+02 9.9733982999999995e+01 5.0783999999999996e-01 1.2556880169999999e+03
5.4479548699999998e+02 1.0180932100000000e+02 5.1327999999999996e-01 1.2597523940000001e+03
5.5165938300000005e+02 1.0391192700000001e+02 5.1871999999999996e-01 1.2638267659999999e+03
5.5854547100000002e+02 1.0604195900000001e+02 5.2415999999999996e-01 1.2679112270000001e+03
5.6545380699999998e+02 1.0819955800000000e+02 5.2959999999999996e-01 1.2720058420000000e+03
5.7238444600000003e+02 1.1038485700000000e+02 5.3503999999999996e-01 1.2761106460000001e+03
5.7933744400000000e+02 1.1259797300000000e+02 5.4047999999999996e-01 1.2802256570000000e+03
5.8631285500000001e+02 1.1483901500000000e+02 5.4591999999999996e-01 1.2843508670000001e+03
5.9331073600000002e+02 1.1710808200000000e+02 5.5135999999999996e-01 1.2884862579999999e+03
6.0033114100000000e+02 1.1940526600000000e+02 5.5679999999999996e-01 1.2926317919999999e+03
6.0737412600000005e+02 1.2173065000000000e+02 5.6223999999999996e-01 1.2967874230000000e+03
6.1443974600000001e+02 1.2408431000000000e+02 5.6767999999999996e-01 1.3009530890000001e+03
6.2152805499999999e+02 1.2646631499999999e+02 5.7311999999999996e-01 1.3051287219999999e+03
6.2863910599999997e+02 1.2887673000000001e+02 5.7855999999999996e-01 1.3093142450000000e+03
6.3577295500000002e+02 1.3131561199999999e+02 5.8399999999999996e-01 1.3135095710000001e+03
6.4292965300000003e+02 1.3378301400000001e+02 5.8943999999999996e-01 1.3177146090000001e+03
6.5010925299999997e+02 1.3627898400000001e+02 5.9487999999999996e-01 1.3219292610000000e+03
6.5731180800000004e+02 1.3880356399999999e+02 6.0031999999999996e-01 1.3261534230000000e+03
6.6453736800000001e+02 1.4135679300000001e+02 6.0575999999999997e-01 1.3303869880000000e+03
6.7178598499999998e+02 1.4393870500000000e+02 6.1119999999999997e-01 1.3346298449999999e+03
6.7905770900000005e+02 1.4654933100000000e+02 6.1663999999999997e-01 1.3388818770000000e+03
6.8635258999999996e+02 1.4918869699999999e+02 6.2207999999999997e-01 1.3431429670000000e+03
6.9367067599999996e+02 1.5185682600000001e+02 6.2751999999999997e-01 1.3474129929999999e+03
7.0101201500000002e+02 1.5455373700000001e+02 6.3295999999999997e-01 1.3516918320000000e+03
7.0837665600000003e+02 1.5727944700000000e+02 6.3839999999999997e-01 1.3559793589999999e+03
7.1576464599999997e+02 1.6003396799999999e+02 6.4383999999999997e-01 1.3602754460000001e+03
7.2317602899999997e+02 1.6281731099999999e+02 6.4927999999999997e-01 1.3645799649999999e+03
7.3061085300000002e+02 1.6562948299999999e+02 6.5471999999999997e-01 1.3688927859999999e+03
7.3806916200000001e+02 1.6847048699999999e+02 6.6015999999999997e-01 1.3732137789999999e+03
7.4555099900000005e+02 1.7134032600000000e+02 6.6559999999999997e-01 1.3775428110000000e+03
7.5305640900000003e+02 1.7423899900000001e+02 6.7103999999999997e-01 1.3818797500000001e+03
7.6058543399999996e+02 1.7716650300000001e+02 6.7647999999999997e-01 1.3862244650000000e+03
7.6813811499999997e+02 1.8012283099999999e+02 6.8191999999999997e-01 1.3905768220000000e+03
7.7571449500000006e+02 1.8310797700000001e+02 6.8735999999999997e-01 1.3949366880000000e+03
7.8331461400000001e+02 1.8612192999999999e+02 6.9279999999999997e-01 1.3993039309999999e+03
7.9093850999999995e+02 1.8916467700000001e+02 6.9823999999999997e-01 1.4036784170000001e+03
7.9858622500000001e+02 1.9223620600000001e+02 7.0367999999999997e-01 1.4080600159999999e+03
8.0625779499999999e+02 1.9533650100000000e+02 7.0911999999999997e-01 1.4124485930000001e+03
8.1395325800000001e+02 1.9846554200000000e+02 7.1455999999999997e-01 1.4168440180000000e+03
8.2167265199999997e+02 2.0162331200000000e+02 7.1999999999999997e-01 1.4212461599999999e+03
8.2941601200000002e+02 2.0480978800000000e+02 7.2543999999999997e-01 1.4256548880000000e+03
8.3718337399999996e+02 2.0802494799999999e+02 7.3087999999999997e-01 1.4300700730000001e+03
8.4497477300000003e+02 2.1126876799999999e+02 7.3631999999999997e-01 1.4344915850000000e+03
8.5279024300000003e+02 2.1454122200000000e+02 7.4175999999999997e-01 1.4389192969999999e+03
8.6062981700000000e+02 2.1784228200000001e+02 7.4719999999999998e-01 1.4433530810000000e+03
8.6849352699999997e+02 2.2117192000000000e+02 7.5263999999999998e-01 1.4477928110000000e+03
8.7638140699999997e+02 2.2453010499999999e+02 7.5807999999999998e-01 1.4522383609999999e+03
8.8429348700000003e+02 2.2791680800000000e+02 7.6351999999999998e-01 1.4566896079999999e+03
8.9222979699999996e+02 2.3133199400000001e+02 7.6895999999999998e-01 1.4611464289999999e+03
9.0019036900000003e+02 2.3477563200000000e+02 7.7439999999999998e-01 1.4656087000000000e+03
9.0817523100000005e+02 2.3824768499999999e+02 7.7983999999999998e-01 1.4700763019999999e+03
9.1618441099999995e+02 2.4174811900000000e+02 7.8527999999999998e-01 1.4745491139999999e+03
9.2421793800000000e+02 2.4527689599999999e+02 7.9071999999999998e-01 1.4790270169999999e+03
9.3227584000000002e+02 2.4883398000000000e+02 7.9615999999999998e-01 1.4835098960000000e+03
9.4035814200000004e+02 2.5241933000000000e+02 8.0159999999999998e-01 1.4879976320000001e+03
9.4846487200000001e+02 2.5603290800000002e+02 8.0703999999999998e-01 1.4924901120000000e+03
9.5659605399999998e+02 2.5967467299999998e+02 8.1247999999999998e-01 1.4969872220000000e+03
9.6475171399999999e+02 2.6334458400000000e+02 8.1791999999999998e-01 1.5014888500000000e+03
9.7293187499999999e+02 2.6704259900000000e+02 8.2335999999999998e-01 1.5059948840000000e+03
9.8113656200000003e+02 2.7076867600000003e+02 8.2879999999999998e-01 1.5105052149999999e+03
9.8936579700000004e+02 2.7452277099999998e+02 8.3423999999999998e-01 1.5150197340000000e+03
9.9761960299999998e+02 2.7830484000000001e+02 8.3967999999999998e-01 1.5195383350000000e+03
1.0058980020000000e+03 2.8211483800000002e+02 8.4511999999999998e-01 1.5240609110000000e+03
1.0142010150000000e+03 2.8595272000000000e+02 8.5055999999999998e-01 1.5285873590000001e+03
1.0225286630000001e+03 2.8981844100000001e+02 8.5599999999999998e-01 1.5331175750000000e+03
1.0308809670000001e+03 2.9371195399999999e+02 8.6143999999999998e-01 1.5376514569999999e+03
1.0392579450000001e+03 2.9763321200000001e+02 8.6687999999999998e-01 1.5421889060000001e+03
1.0476596170000000e+03 3.0158216800000002e+02 8.7231999999999998e-01 1.5467298220000000e+03
1.0560860020000000e+03 3.0555877500000003e+02 8.7775999999999998e-01 1.5512741080000001e+03
1.0645371180000000e+03 3.0956298399999997e+02 8.8319999999999999e-01 1.5558216680000000e+03
1.0730129810000001e+03 3.1359474599999999e+02 8.8863999999999999e-01 1.5603724060000000e+03
1.0815136100000000e+03 3.1765401400000002e+02 8.9407999999999999e-01 1.5649262289999999e+03
1.0900390210000000e+03 3.2174073800000002e+02 8.9951999999999999e-01 1.5694830449999999e+03
1.0985892300000000e+03 3.2585486800000001e+02 9.0495999999999999e-01 1.5740427629999999e+03
1.1071642520000000e+03 3.2999635599999999e+02 9.1039999999999999e-01 1.5786052940000000e+03
1.1157641020000001e+03 3.3416515099999998e+02 9.1583999999999999e-01 1.5831705500000000e+03
1.1243887950000001e+03 3.3836120399999999e+02 9.2127999999999999e-01 1.5877384450000000e+03
1.1330383449999999e+03 3.4258446500000002e+02 9.2671999999999999e-01 1.5923088929999999e+03
1.1417127670000000e+03 3.4683488299999999e+02 9.3215999999999999e-01 1.5968818100000001e+03
1.1504120720000001e+03 3.5111240900000001e+02 9.3759999999999999e-01 1.6014571140000000e+03
1.1591362730000001e+03 3.5541699299999999e+02 9.4303999999999999e-01 1.6060347250000000e+03
1.1678853839999999e+03 3.5974858399999999e+02 9.4847999999999999e-01 1.6106145630000001e+03
1.1766594160000000e+03 3.6410713299999998e+02 9.5391999999999999e-01 1.6151965499999999e+03
1.1854583800000000e+03 3.6849259100000000e+02 9.5935999999999999e-01 1.6197806109999999e+03
1.1942822880000001e+03 3.7290490799999998e+02 9.6479999999999999e-01 1.6243666700000001e+03
1.2031311499999999e+03 3.7734403600000002e+02 9.7023999999999999e-01 1.6289546550000000e+03
1.2120049759999999e+03 3.8180992600000002e+02 9.7567999999999999e-01 1.6335444950000001e+03
1.2209037770000000e+03 3.8630253199999999e+02 9.8111999999999999e-01 1.6381361210000000e+03
1.2298275610000001e+03 3.9082180599999998e+02 9.8655999999999999e-01 1.6427294660000000e+03
1.2387763390000000e+03 3.9536770400000000e+02 9.9199999999999999e-01 1.6473244649999999e+03
1.2477501179999999e+03 3.9994018199999999e+02 9.9743999999999999e-01 1.6519210559999999e+03
1.2567489080000000e+03 4.0453919900000000e+02 1.0028800000000000e+00 1.6565191820000000e+03
1.2657727159999999e+03 4.0916471600000000e+02 1.0083200000000001e+00 1.6611187849999999e+03
1.2748215510000000e+03 4.1381669699999998e+02 1.0137600000000000e+00 1.6657198169999999e+03
1.2838954200000001e+03 4.1849511400000000e+02 1.0192000000000001e+00 1.6703222330000001e+03
1.2929943300000000e+03 4.2319994600000001e+02 1.0246400000000000e+00 1.6749259970000001e+03
1.3021182890000000e+03 4.2793118399999997e+02 1.0300800000000001e+00 1.6795310880000000e+03
1.3112673040000000e+03 4.3268884300000002e+02 1.0355200000000000e+00 1.6841375049999999e+03
1.3204413820000000e+03 4.3747299099999998e+02 1.0409600000000001e+00 1.6887452989999999e+03
1.3296405319999999e+03 4.4228387500000002e+02 1.0464000000000000e+00 1.6933546950000000e+03
1.3388647630000000e+03 4.4712192700000003e+02 1.0518400000000001e+00 1.6979660859999999e+03
1.3481140820000001e+03 4.5198565100000002e+02 1.0572800000000000e+00 1.7025780339999999e+03
1.3573884929999999e+03 4.5687491899999998e+02 1.0627200000000001e+00 1.7071904110000000e+03
1.3666879960000001e+03 4.6178967100000000e+02 1.0681600000000000e+00 1.7118031579999999e+03
1.3760125940000000e+03 4.6672984900000000e+02 1.0736000000000001e+00 1.7164162160000001e+03
1.3853622889999999e+03 4.7169539400000002e+02 1.0790400000000000e+00 1.7210295280000000e+03
1.3947370810000000e+03 4.7668624699999998e+02 1.0844800000000001e+00 1.7256430350000001e+03
1.4041369720000000e+03 4.8170234900000003e+02 1.0899200000000000e+00 1.7302566840000000e+03
1.4135619620000000e+03 4.8674364300000002e+02 1.0953599999999999e+00 1.7348704170000001e+03
1.4230120509999999e+03 4.9181006900000000e+02 1.1008000000000000e+00 1.7394841830000000e+03
1.4324872399999999e+03 4.9690156999999999e+02 1.1062399999999999e+00 1.7440979259999999e+03
1.4419875280000001e+03 5.0201808599999998e+02 1.1116800000000000e+00 1.7487115960000001e+03
1.4515129150000000e+03 5.0715956100000000e+02 1.1171199999999999e+00 1.7533251410000000e+03
1.4610633989999999e+03 5.1232593599999996e+02 1.1225600000000000e+00 1.7579385100000000e+03
1.4706389810000001e+03 5.1751715400000000e+02 1.1279999999999999e+00 1.7625516540000001e+03
1.4802396570000001e+03 5.2273315700000001e+02 1.1334400000000000e+00 1.7671645229999999e+03
1.4898654280000001e+03 5.2797388699999999e+02 1.1388799999999999e+00 1.7717770710000000e+03
1.4995162900000000e+03 5.3323928799999999e+02 1.1443200000000000e+00 1.7763892499999999e+03
1.5091922420000001e+03 5.3852930200000003e+02 1.1497599999999999e+00 1.7810010130000001e+03
1.5188932820000000e+03 5.4384387200000003e+02 1.1552000000000000e+00 1.7856123160000000e+03
1.5286194060000000e+03 5.4918294200000003e+02 1.1606399999999999e+00 1.7902231130000000e+03
1.5383706119999999e+03 5.5454645400000004e+02 1.1660800000000000e+00 1.7948333600000001e+03
1.5481468970000001e+03 5.5993435299999999e+02 1.1715199999999999e+00 1.7994430150000001e+03
1.5579482570000000e+03 5.6534658100000001e+02 1.1769600000000000e+00 1.8040520340000000e+03
1.5677746890000001e+03 5.7078308400000003e+02 1.1823999999999999e+00 1.8086603760000000e+03
1.5776261890000001e+03 5.7624380399999995e+02 1.1878400000000000e+00 1.8132680009999999e+03
1.5875027530000000e+03 5.8172868600000004e+02 1.1932799999999999e+00 1.8178748670000000e+03
1.5974043760000000e+03 5.8723767499999997e+02 1.1987200000000000e+00 1.8224809350000000e+03
1.6073310550000001e+03 5.9277071500000000e+02 1.2041599999999999e+00 1.8270861660000000e+03
1.6172827850000001e+03 5.9832775100000003e+02 1.2096000000000000e+00 1.8316905230000000e+03
1.6272595600000000e+03 6.0390872700000000e+02 1.2150399999999999e+00 1.8362939660000000e+03
1.6372613759999999e+03 6.0951358900000002e+02 1.2204800000000000e+00 1.8408964599999999e+03
1.6472882279999999e+03 6.1514228200000002e+02 1.2259199999999999e+00 1.8454979679999999e+03
1.6573401090000000e+03 6.2079475200000002e+02 1.2313600000000000e+00 1.8500984539999999e+03
1.6674170150000000e+03 6.2647094300000003e+02 1.2367999999999999e+00 1.8546978839999999e+03
1.6775189390000000e+03 6.3217080199999998e+02 1.2422400000000000e+00 1.8592962230000001e+03
1.6876458760000000e+03 6.3789427599999999e+02 1.2476799999999999e+00 1.8638934360000001e+03
1.6977978189999999e+03 6.4364130899999998e+02 1.2531200000000000e+00 1.8684894919999999e+03
1.7079747609999999e+03 6.4941184899999996e+02 1.2585599999999999e+00 1.8730843560000001e+03
1.7181766970000001e+03 6.5520584199999996e+02 1.2640000000000000e+00 1.8776779979999999e+03
1.7284036200000000e+03 6.6102323400000000e+02 1.2694399999999999e+00 1.8822703850000000e+03
1.7386555220000000e+03 6.6686397299999999e+02 1.2748800000000000e+00 1.8868614860000000e+03
1.7489323970000000e+03 6.7272800600000005e+02 1.2803199999999999e+00 1.8914512720000000e+03
1.7592342360000000e+03 6.7861527999999998e+02 1.2857600000000000e+00 1.8960397109999999e+03
1.7695610340000001e+03 6.8452574200000004e+02 1.2911999999999999e+00 1.9006267750000000e+03
1.7799127820000001e+03 6.9045934099999999e+02 1.2966400000000000e+00 1.9052124349999999e+03
1.7902894429999999e+03 6.9638415699999996e+02 1.3020799999999999e+00 1.9097721670000001e+03
1.8006907340000000e+03 7.0225938399999995e+02 1.3075200000000000e+00 1.9142748660000000e+03
1.8111164490000001e+03 7.0812702200000001e+02 1.3129599999999999e+00 1.9187530760000000e+03
1.8215664780000000e+03 7.1399731699999995e+02 1.3184000000000000e+00 1.9232147880000000e+03
1.8320407450000000e+03 7.1987505799999997e+02 1.3238399999999999e+00 1.9276637639999999e+03
1.8425391850000001e+03 7.2576309200000003e+02 1.3292800000000000e+00 1.9321022550000000e+03
1.8530617470000000e+03 7.3166332000000000e+02 1.3347199999999999e+00 1.9365317720000000e+03
1.8636083830000000e+03 7.3757710399999996e+02 1.3401600000000000e+00 1.9409534090000000e+03
1.8741790550000001e+03 7.4350546699999995e+02 1.3455999999999999e+00 1.9453679910000001e+03
1.8847737239999999e+03 7.4944920600000000e+02 1.3510400000000000e+00 1.9497761650000000e+03
1.8953923589999999e+03 7.5540895699999999e+02 1.3564799999999999e+00 1.9541784530000000e+03
1.9060349269999999e+03 7.6138523699999996e+02 1.3619200000000000e+00 1.9585752829999999e+03
1.9167014010000000e+03 7.6737847599999998e+02 1.3673599999999999e+00 1.9629670140000001e+03
1.9273917530000001e+03 7.7338903500000004e+02 1.3728000000000000e+00 1.9673539479999999e+03
1.9381059580000001e+03 7.7941721900000005e+02 1.3782399999999999e+00 1.9717363459999999e+03
1.9488439920000001e+03 7.8546329000000003e+02 1.3836800000000000e+00 1.9761144330000000e+03
1.9596058310000001e+03 7.9152747399999998e+02 1.3891199999999999e+00 1.9804884070000001e+03
1.9703914550000000e+03 7.9760996899999998e+02 1.3945600000000000e+00 1.9848584410000001e+03
1.9812008420000000e+03 8.0371094600000004e+02 1.3999999999999999e+00 1.9892246889999999e+03
