# epsilon[MeV/fm^3] P[MeV/fm^3] nB[fm^-3] muB[MeV]
3.7790066000000003e+01 9.2279000000000000e-02 4.0000000000000001e-02 9.4706042100000002e+02
4.2943440000000002e+01 1.1412600000000001e-01 4.5440000000000001e-02 9.4757147399999997e+02
4.8099578000000001e+01 1.3859099999999999e-01 5.0880000000000002e-02 9.4807899499999996e+02
5.3258479999999999e+01 1.6607300000000000e-01 5.6320000000000002e-02 9.4859113600000001e+02
5.8420197999999999e+01 1.9717999999999999e-01 6.1760000000000002e-02 9.4911733100000004e+02
6.3584834000000001e+01 2.3274300000000001e-01 6.7199999999999996e-02 9.4966806699999995e+02
6.8752553000000006e+01 2.7381100000000003e-01 7.2639999999999996e-02 9.5025454200000001e+02
7.3923580999999999e+01 3.2164500000000001e-01 7.8079999999999997e-02 9.5088832300000001e+02
7.9098204999999993e+01 3.7769999999999998e-01 8.3519999999999997e-02 9.5158103900000003e+02
8.4276779000000005e+01 4.4360300000000003e-01 8.8959999999999997e-02 9.5234412699999996e+02
8.9459714000000005e+01 5.2113399999999999e-01 9.4399999999999998e-02 9.5318864299999996e+02
9.4647481999999997e+01 6.1219900000000005e-01 9.9839999999999998e-02 9.5412510799999995e+02
9.9840611999999993e+01 7.1881499999999998e-01 1.0528000000000000e-01 9.5516341299999999e+02
1.0503968100000000e+02 8.4308099999999997e-01 1.1072000000000000e-01 9.5631275000000005e+02
1.1024531800000000e+02 9.8716400000000004e-01 1.1616000000000000e-01 9.5758158000000003e+02
1.1545819299999999e+02 1.1532810000000000e+00 1.2160000000000000e-01 9.5897761000000003e+02
1.2067901700000000e+02 1.3432080000000000e+00 1.2703999999999999e-01 9.6050406499999997e+02
1.2590844100000000e+02 1.5560030000000000e+00 1.3247999999999999e-01 9.6214269200000001e+02
1.3114712499999999e+02 1.7955350000000001e+00 1.3791999999999999e-01 9.6391304600000001e+02
1.3639581600000000e+02 2.0646620000000002e+00 1.4335999999999999e-01 9.6582529199999999e+02
1.4165530400000000e+02 2.3658570000000001e+00 1.4879999999999999e-01 9.6788579000000004e+02
1.4692641000000000e+02 2.7014440000000000e+00 1.5423999999999999e-01 9.7009924200000000e+02
1.5220997499999999e+02 3.0736569999999999e+00 1.5967999999999999e-01 9.7246927500000004e+02
1.5750686099999999e+02 3.4846539999999999e+00 1.6511999999999999e-01 9.7499869300000000e+02
1.6281793900000000e+02 3.9365260000000002e+00 1.7055999999999999e-01 9.7768962699999997e+02
1.6814409400000000e+02 4.4312969999999998e+00 1.7599999999999999e-01 9.8054362000000003e+02
1.7348621499999999e+02 4.9709250000000003e+00 1.8143999999999999e-01 9.8356169599999998e+02
1.7884519700000001e+02 5.5572939999999997e+00 1.8687999999999999e-01 9.8674440600000003e+02
1.8422193799999999e+02 6.1922170000000003e+00 1.9231999999999999e-01 9.9009186000000000e+02
1.8961733100000001e+02 6.8774270000000000e+00 1.9775999999999999e-01 9.9360375499999998e+02
1.9503227200000001e+02 7.6145730000000000e+00 2.0319999999999999e-01 9.9727939900000001e+02
2.0046764700000000e+02 8.4052159999999994e+00 2.0863999999999999e-01 1.0011177200000000e+03
2.0592433900000000e+02 9.2508239999999997e+00 2.1407999999999999e-01 1.0051172900000000e+03
2.1140322000000000e+02 1.0152763999999999e+01 2.1951999999999999e-01 1.0092763270000000e+03
2.1690515300000001e+02 1.1112299999999999e+01 2.2495999999999999e-01 1.0135927160000000e+03
2.2243098699999999e+02 1.2130589000000001e+01 2.3039999999999999e-01 1.0180640160000000e+03
2.2798155800000001e+02 1.3208672999999999e+01 2.3583999999999999e-01 1.0226874749999999e+03
2.3355768599999999e+02 1.4347481000000000e+01 2.4127999999999999e-01 1.0274600410000000e+03
2.3916017400000001e+02 1.5547819000000000e+01 2.4671999999999999e-01 1.0323783820000001e+03
2.4478980500000000e+02 1.6810378000000000e+01 2.5216000000000000e-01 1.0374389020000001e+03
2.5044734299999999e+02 1.8135724000000000e+01 2.5760000000000000e-01 1.0426377570000000e+03
2.5613352900000001e+02 1.9524301999999999e+01 2.6304000000000000e-01 1.0479708790000000e+03
2.6184908300000001e+02 2.0976438000000002e+01 2.6848000000000000e-01 1.0534339980000000e+03
2.6759469999999999e+02 2.2492339999999999e+01 2.7392000000000000e-01 1.0590226620000001e+03
2.7337105000000003e+02 2.4072098000000000e+01 2.7936000000000000e-01 1.0647322670000001e+03
2.7917878000000002e+02 2.5715692000000001e+01 2.8480000000000000e-01 1.0705580769999999e+03
2.8501850899999999e+02 2.7422995000000000e+01 2.9024000000000000e-01 1.0764952510000001e+03
2.9089082800000000e+02 2.9193777000000001e+01 2.9568000000000000e-01 1.0825388690000000e+03
2.9679630500000002e+02 3.1027711000000000e+01 3.0112000000000000e-01 1.0886839580000001e+03
3.0273547700000000e+02 3.2924379999999999e+01 3.0656000000000000e-01 1.0949255120000000e+03
3.0870885500000003e+02 3.4883285000000001e+01 3.1200000000000000e-01 1.1012585210000000e+03
3.1471692500000000e+02 3.6903846999999999e+01 3.1744000000000000e-01 1.1076779879999999e+03
3.2076014199999997e+02 3.8985419000000000e+01 3.2288000000000000e-01 1.1141789520000000e+03
3.2683893699999999e+02 4.1127290000000002e+01 3.2832000000000000e-01 1.1207565090000001e+03
3.3295371399999999e+02 4.3328693000000001e+01 3.3376000000000000e-01 1.1274058230000001e+03
3.3910484900000000e+02 4.5588811999999997e+01 3.3920000000000000e-01 1.1341221499999999e+03
3.4529203600000000e+02 4.7734305999999997e+01 3.4464000000000000e-01 1.1403984530000000e+03
3.5151047599999998e+02 4.9610413000000001e+01 3.5008000000000000e-01 1.1457994750000000e+03
3.5775751700000001e+02 5.1425387000000001e+01 3.5552000000000000e-01 1.1509437020000000e+03
3.6403212700000000e+02 5.3217320000000001e+01 3.6096000000000000e-01 1.1559454149999999e+03
3.7033367399999997e+02 5.5002094000000000e+01 3.6640000000000000e-01 1.1608525870000001e+03
3.7666172399999999e+02 5.6788386000000003e+01 3.7184000000000000e-01 1.1656915289999999e+03
3.8301539700000001e+02 5.8453771000000003e+01 3.7728000000000000e-01 1.1701383730000000e+03
3.8939199900000000e+02 6.0015500000000003e+01 3.8272000000000000e-01 1.1742478719999999e+03
3.9579079100000001e+02 6.1579070999999999e+01 3.8816000000000001e-01 1.1783040930000000e+03
4.0221157899999997e+02 6.3155639999999998e+01 3.9360000000000001e-01 1.1823371030000001e+03
4.0865427399999999e+02 6.4749623000000000e+01 3.9904000000000001e-01 1.1863586860000000e+03
4.1511883000000000e+02 6.6363354999999999e+01 4.0448000000000001e-01 1.1903749680000001e+03
4.2160523100000000e+02 6.7998254000000003e+01 4.0992000000000001e-01 1.1943895780000000e+03
4.2811347200000000e+02 6.9655254999999997e+01 4.1536000000000001e-01 1.1984048210000001e+03
4.3464356299999997e+02 7.1334999999999994e+01 4.2080000000000001e-01 1.2024222250000000e+03
4.4119551799999999e+02 7.3037949999999995e+01 4.2624000000000001e-01 1.2064428170000001e+03
4.4776935700000001e+02 7.4764437000000001e+01 4.3168000000000001e-01 1.2104672909999999e+03
4.5436510099999998e+02 7.6514702000000000e+01 4.3712000000000001e-01 1.2144961069999999e+03
4.6098277500000000e+02 7.8288919000000007e+01 4.4256000000000001e-01 1.2185295540000000e+03
4.6762240600000001e+02 8.0087211999999994e+01 4.4800000000000001e-01 1.2225677920000001e+03
4.7428401800000000e+02 8.1909661000000000e+01 4.5344000000000001e-01 1.2266108899999999e+03
4.8096764000000002e+02 8.3756316999999996e+01 4.5888000000000001e-01 1.2306588409999999e+03
4.8767329599999999e+02 8.5627204000000006e+01 4.6432000000000001e-01 1.2347115810000000e+03
4.9440101299999998e+02 8.7522323000000000e+01 4.6976000000000001e-01 1.2387690020000000e+03
5.0115081600000002e+02 8.9441657000000006e+01 4.7520000000000001e-01 1.2428309609999999e+03
5.0792272900000000e+02 9.1385174000000006e+01 4.8064000000000001e-01 1.2468972859999999e+03
5.1471677499999998e+02 9.3352827000000005e+01 4.8608000000000001e-01 1.2509677850000000e+03
5.2153297699999996e+02 9.5344560999999999e+01 4.9152000000000001e-01 1.2550422480000000e+03
5.2837135499999999e+02 9.7360308000000003e+01 4.9696000000000001e-01 1.2591204530000000e+03
5.3523192900000004e+02 9.9399991999999997e+01 5.0239999999999996e-01 1.2632021649999999e+03
5.4211471800000004e+02 1.0146353000000001e+02 5.0783999999999996e-01 1.2672871450000000e+03
5.4901973799999996e+02 1.0355083200000000e+02 5.1327999999999996e-01 1.2713751470000000e+03
5.5594700599999999e+02 1.0566180100000000e+02 5.1871999999999996e-01 1.2754659210000000e+03
5.6289653499999997e+02 1.0779633800000001e+02 5.2415999999999996e-01 1.2795592150000000e+03
5.6986833999999999e+02 1.0995433500000000e+02 5.2959999999999996e-01 1.2836547760000001e+03
5.7686243100000002e+02 1.1213568400000000e+02 5.3503999999999996e-01 1.2877523530000001e+03
5.8387881800000002e+02 1.1434027100000000e+02 5.4047999999999996e-01 1.2918516930000001e+03
5.9091751199999999e+02 1.1656798000000001e+02 5.4591999999999996e-01 1.2959525480000000e+03
5.9797851800000001e+02 1.1881869100000000e+02 5.5135999999999996e-01 1.3000546680000000e+03
6.0506184399999995e+02 1.2109228200000000e+02 5.5679999999999996e-01 1.3041578110000000e+03
6.1216749400000003e+02 1.2338863100000000e+02 5.6223999999999996e-01 1.3082617339999999e+03
6.1929547200000002e+02 1.2570761100000000e+02 5.6767999999999996e-01 1.3123662010000000e+03
6.2644578000000001e+02 1.2804909400000000e+02 5.7311999999999996e-01 1.3164709780000001e+03
6.3361842000000001e+02 1.3041295299999999e+02 5.7855999999999996e-01 1.3205758350000001e+03
6.4081339100000002e+02 1.3279905700000000e+02 5.8399999999999996e-01 1.3246805469999999e+03
6.4803069100000005e+02 1.3520727600000001e+02 5.8943999999999996e-01 1.3287848950000000e+03
6.5527031799999997e+02 1.3763747799999999e+02 5.9487999999999996e-01 1.3328886640000001e+03
6.6253226900000004e+02 1.4008953099999999e+02 6.0031999999999996e-01 1.3369916410000001e+03
6.6981653900000003e+02 1.4256330199999999e+02 6.0575999999999997e-01 1.3410936230000000e+03
6.7712311999999997e+02 1.4505865900000001e+02 6.1119999999999997e-01 1.3451944070000000e+03
6.8445200799999998e+02 1.4757546800000000e+02 6.1663999999999997e-01 1.3492937990000000e+03
6.9180319299999996e+02 1.5011359600000000e+02 6.2207999999999997e-01 1.3533916070000000e+03
6.9917666499999996e+02 1.5267291000000000e+02 6.2751999999999997e-01 1.3574876460000000e+03
7.0657241699999997e+02 1.5525327600000000e+02 6.3295999999999997e-01 1.3615817350000000e+03
7.1399043500000005e+02 1.5785456199999999e+02 6.3839999999999997e-01 1.3656736980000001e+03
7.2143070799999998e+02 1.6047663399999999e+02 6.4383999999999997e-01 1.3697633639999999e+03
7.2889322300000003e+02 1.6311936100000000e+02 6.4927999999999997e-01 1.3738505680000001e+03
7.3637796600000001e+02 1.6578261100000000e+02 6.5471999999999997e-01 1.3779351480000000e+03
7.4388492299999996e+02 1.6846625200000000e+02 6.6015999999999997e-01 1.3820169480000000e+03
7.5141407700000002e+02 1.7117015300000000e+02 6.6559999999999997e-01 1.3860958149999999e+03
7.5896541300000001e+02 1.7389418499999999e+02 6.7103999999999997e-01 1.3901716030000000e+03
7.6653891399999998e+02 1.7663821700000000e+02 6.7647999999999997e-01 1.3942441699999999e+03
7.7413456099999996e+02 1.7940212099999999e+02 6.8191999999999997e-01 1.3983133760000001e+03
7.8175233600000001e+02 1.8218576899999999e+02 6.8735999999999997e-01 1.4023790890000000e+03
7.8939221899999995e+02 1.8498903200000001e+02 6.9279999999999997e-01 1.4064411780000000e+03
7.9705419099999995e+02 1.8781178600000001e+02 6.9823999999999997e-01 1.4104995180000001e+03
8.0473823100000004e+02 1.9065390300000001e+02 7.0367999999999997e-01 1.4145539890000000e+03
8.1244431599999996e+02 1.9351526000000001e+02 7.0911999999999997e-01 1.4186044740000000e+03
8.2017242599999997e+02 1.9639573200000001e+02 7.1455999999999997e-01 1.4226508580000000e+03
8.2792253800000003e+02 1.9929519700000000e+02 7.1999999999999997e-01 1.4266930330000000e+03
8.3569462799999997e+02 2.0221353099999999e+02 7.2543999999999997e-01 1.4307308940000000e+03
8.4348867299999995e+02 2.0515061600000001e+02 7.3087999999999997e-01 1.4347643380000000e+03
8.5130464900000004e+02 2.0810632899999999e+02 7.3631999999999997e-01 1.4387932679999999e+03
8.5914252999999997e+02 2.1108055200000001e+02 7.4175999999999997e-01 1.4428175879999999e+03
8.6700229100000001e+02 2.1407316800000001e+02 7.4719999999999998e-01 1.4468372079999999e+03
8.7488390700000002e+02 2.1708405800000000e+02 7.5263999999999998e-01 1.4508520390000001e+03
8.8278735099999994e+02 2.2011310800000001e+02 7.5807999999999998e-01 1.4548619970000000e+03
8.9071259599999996e+02 2.2316020100000000e+02 7.6351999999999998e-01 1.4588670000000000e+03
8.9865961500000003e+02 2.2622522400000000e+02 7.6895999999999998e-01 1.4628669709999999e+03
9.0662838099999999e+02 2.2930806500000000e+02 7.7439999999999998e-01 1.4668618329999999e+03
9.1461886600000003e+02 2.3240861100000001e+02 7.7983999999999998e-01 1.4708515140000000e+03
9.2263104099999998e+02 2.3552675099999999e+02 7.8527999999999998e-01 1.4748359459999999e+03
9.3066487800000004e+02 2.3866237599999999e+02 7.9071999999999998e-01 1.4788150599999999e+03
9.3872034699999995e+02 2.4181537700000001e+02 7.9615999999999998e-01 1.4827887929999999e+03
9.4679741899999999e+02 2.4498564700000000e+02 8.0159999999999998e-01 1.4867570830000000e+03
9.5489606400000002e+02 2.4817307800000000e+02 8.0703999999999998e-01 1.4907198719999999e+03
9.6301625200000001e+02 2.5137756600000000e+02 8.1247999999999998e-01 1.4946771030000000e+03
9.7115795300000002e+02 2.5459900500000001e+02 8.1791999999999998e-01 1.4986287219999999e+03
9.7932113600000002e+02 2.5783729399999999e+02 8.2335999999999998e-01 1.5025746779999999e+03
9.8750577099999998e+02 2.6109232800000001e+02 8.2879999999999998e-01 1.5065149200000001e+03
9.9571182399999998e+02 2.6436400700000002e+02 8.3423999999999998e-01 1.5104494030000001e+03
1.0039392670000000e+03 2.6765222999999997e+02 8.3967999999999998e-01 1.5143780810000001e+03
1.0121880660000000e+03 2.7095689900000002e+02 8.4511999999999998e-01 1.5183009110000000e+03
1.0204581899999999e+03 2.7427791400000001e+02 8.5055999999999998e-01 1.5222178530000001e+03
1.0287496060000001e+03 2.7761517900000001e+02 8.5599999999999998e-01 1.5261288660000000e+03
1.0370622830000000e+03 2.8096859799999999e+02 8.6143999999999998e-01 1.5300339160000001e+03
1.0453961870000001e+03 2.8433807500000000e+02 8.6687999999999998e-01 1.5339329660000001e+03
1.0537512870000000e+03 2.8772351600000002e+02 8.7231999999999998e-01 1.5378259830000000e+03
1.0621275479999999e+03 2.9112482799999998e+02 8.7775999999999998e-01 1.5417129359999999e+03
1.0705249389999999e+03 2.9454191900000001e+02 8.8319999999999999e-01 1.5455937939999999e+03
1.0789434249999999e+03 2.9797469699999999e+02 8.8863999999999999e-01 1.5494685300000001e+03
1.0873829740000001e+03 3.0142307199999999e+02 8.9407999999999999e-01 1.5533371170000000e+03
1.0958435509999999e+03 3.0488695500000000e+02 8.9951999999999999e-01 1.5571995300000001e+03
1.1043251240000000e+03 3.0836625700000002e+02 9.0495999999999999e-01 1.5610557460000000e+03
1.1128276579999999e+03 3.1186088999999998e+02 9.1039999999999999e-01 1.5649057410000000e+03
1.1213511200000000e+03 3.1537076900000000e+02 9.1583999999999999e-01 1.5687494970000000e+03
1.1298954750000000e+03 3.1889580799999999e+02 9.2127999999999999e-01 1.5725869929999999e+03
1.1384606900000001e+03 3.2243592200000001e+02 9.2671999999999999e-01 1.5764182109999999e+03
1.1470467289999999e+03 3.2599102699999997e+02 9.3215999999999999e-01 1.5802431349999999e+03
1.1556535600000000e+03 3.2956103999999999e+02 9.3759999999999999e-01 1.5840617500000001e+03
1.1642811469999999e+03 3.3314587899999998e+02 9.4303999999999999e-01 1.5878740399999999e+03
1.1729294570000000e+03 3.3674546400000003e+02 9.4847999999999999e-01 1.5916799940000001e+03
1.1815984530000001e+03 3.4035971400000000e+02 9.5391999999999999e-01 1.5954795979999999e+03
1.1902881030000001e+03 3.4398854799999998e+02 9.5935999999999999e-01 1.5992728440000001e+03
1.1989983720000000e+03 3.4763189000000000e+02 9.6479999999999999e-01 1.6030597190000001e+03
1.2077292239999999e+03 3.5128966100000002e+02 9.7023999999999999e-01 1.6068402169999999e+03
1.2164806240000000e+03 3.5496143300000000e+02 9.7567999999999999e-01 1.6106139680000001e+03
1.2252525270000001e+03 3.5864355999999998e+02 9.8111999999999999e-01 1.6143773209999999e+03
1.2340448779999999e+03 3.6233763599999997e+02 9.8655999999999999e-01 1.6181320109999999e+03
1.2428576330000001e+03 3.6604431799999998e+02 9.9199999999999999e-01 1.6218787960000000e+03
1.2516907510000001e+03 3.6976383700000002e+02 9.9743999999999999e-01 1.6256179959999999e+03
1.2605441900000001e+03 3.7349629499999998e+02 1.0028800000000000e+00 1.6293497950000001e+03
1.2694179099999999e+03 3.7724173700000000e+02 1.0083200000000001e+00 1.6330743179999999e+03
1.2783118730000001e+03 3.8100017500000001e+02 1.0137600000000000e+00 1.6367916550000000e+03
1.2872260389999999e+03 3.8477160099999998e+02 1.0192000000000001e+00 1.6405018760000000e+03
1.2961603689999999e+03 3.8855599400000000e+02 1.0246400000000000e+00 1.6442050360000001e+03
1.3051148260000000e+03 3.9235332499999998e+02 1.0300800000000001e+00 1.6479011800000001e+03
1.3140893719999999e+03 3.9616355600000003e+02 1.0355200000000000e+00 1.6515903470000001e+03
1.3230839679999999e+03 3.9998664700000000e+02 1.0409600000000001e+00 1.6552725700000001e+03
1.3320985760000001e+03 4.0382255199999997e+02 1.0464000000000000e+00 1.6589478790000001e+03
1.3411331600000001e+03 4.0767122499999999e+02 1.0518400000000001e+00 1.6626162999999999e+03
1.3501876820000000e+03 4.1153261400000002e+02 1.0572800000000000e+00 1.6662778570000000e+03
1.3592621050000000e+03 4.1540667000000002e+02 1.0627200000000001e+00 1.6699325719999999e+03
1.3683563910000000e+03 4.1929333900000000e+02 1.0681600000000000e+00 1.6735804650000000e+03
1.3774705030000000e+03 4.2319256899999999e+02 1.0736000000000001e+00 1.6772215570000001e+03
1.3866044050000000e+03 4.2710430400000001e+02 1.0790400000000000e+00 1.6808558650000000e+03
1.3957580590000000e+03 4.3102849099999997e+02 1.0844800000000001e+00 1.6844834069999999e+03
1.4049314290000000e+03 4.3496507500000001e+02 1.0899200000000000e+00 1.6881042020000000e+03
1.4141244790000001e+03 4.3891399999999999e+02 1.0953599999999999e+00 1.6917182640000001e+03
1.4233371700000000e+03 4.4287520999999998e+02 1.1008000000000000e+00 1.6953256110000000e+03
1.4325694679999999e+03 4.4684865200000002e+02 1.1062399999999999e+00 1.6989262580000000e+03
1.4418213360000000e+03 4.5083426900000001e+02 1.1116800000000000e+00 1.7025202220000001e+03
1.4510927369999999e+03 4.5483200599999998e+02 1.1171199999999999e+00 1.7061075169999999e+03
1.4603836349999999e+03 4.5884180800000001e+02 1.1225600000000000e+00 1.7096881610000000e+03
1.4696939940000000e+03 4.6286361900000003e+02 1.1279999999999999e+00 1.7132621670000001e+03
1.4790237770000001e+03 4.6689738699999998e+02 1.1334400000000000e+00 1.7168295519999999e+03
1.4883729499999999e+03 4.7094305400000002e+02 1.1388799999999999e+00 1.7203903310000001e+03
1.4977414759999999e+03 4.7500056899999998e+02 1.1443200000000000e+00 1.7239445189999999e+03
1.5071293189999999e+03 4.7906987500000002e+02 1.1497599999999999e+00 1.7274921320000001e+03
1.5165364430000000e+03 4.8315092099999998e+02 1.1552000000000000e+00 1.7310331859999999e+03
1.5259628130000001e+03 4.8724365200000000e+02 1.1606399999999999e+00 1.7345676950000000e+03
1.5354083940000000e+03 4.9134801499999998e+02 1.1660800000000000e+00 1.7380956759999999e+03
1.5448731490000000e+03 4.9546395799999999e+02 1.1715199999999999e+00 1.7416171440000001e+03
1.5543570440000001e+03 4.9959142900000001e+02 1.1769600000000000e+00 1.7451321140000000e+03
1.5638600429999999e+03 5.0373037499999998e+02 1.1823999999999999e+00 1.7486406039999999e+03
1.5733821100000000e+03 5.0788074499999999e+02 1.1878400000000000e+00 1.7521426289999999e+03
1.5829232119999999e+03 5.1204248700000005e+02 1.1932799999999999e+00 1.7556382040000001e+03
1.5924833120000001e+03 5.1621555100000000e+02 1.1987200000000000e+00 1.7591273460000000e+03
1.6020623760000001e+03 5.2039988700000004e+02 1.2041599999999999e+00 1.7626100719999999e+03
1.6116603680000001e+03 5.2459544300000005e+02 1.2096000000000000e+00 1.7660863970000000e+03
1.6212772550000000e+03 5.2880217100000004e+02 1.2150399999999999e+00 1.7695563380000001e+03
1.6309130009999999e+03 5.3302002100000004e+02 1.2204800000000000e+00 1.7730199120000000e+03
1.6405675730000000e+03 5.3724894500000005e+02 1.2259199999999999e+00 1.7764771340000000e+03
1.6502409339999999e+03 5.4148889299999996e+02 1.2313600000000000e+00 1.7799280229999999e+03
1.6599330510000000e+03 5.4573981700000002e+02 1.2367999999999999e+00 1.7833725939999999e+03
1.6696438900000001e+03 5.5000166999999999e+02 1.2422400000000000e+00 1.7868108649999999e+03
1.6793734159999999e+03 5.5427440400000000e+02 1.2476799999999999e+00 1.7902428520000001e+03
1.6891215960000000e+03 5.5855797199999995e+02 1.2531200000000000e+00 1.7936685720000000e+03
1.6988883949999999e+03 5.6285232800000006e+02 1.2585599999999999e+00 1.7970880440000001e+03
1.7086737780000001e+03 5.6715742499999999e+02 1.2640000000000000e+00 1.8005012830000001e+03
1.7184777140000001e+03 5.7147321699999998e+02 1.2694399999999999e+00 1.8039083069999999e+03
1.7283001660000000e+03 5.7579965900000002e+02 1.2748800000000000e+00 1.8073091340000001e+03
1.7381411029999999e+03 5.8013670600000000e+02 1.2803199999999999e+00 1.8107037809999999e+03
1.7480004899999999e+03 5.8448431300000004e+02 1.2857600000000000e+00 1.8140922660000001e+03
1.7578782940000001e+03 5.8884243500000002e+02 1.2911999999999999e+00 1.8174746050000001e+03
1.7677744820000000e+03 5.9321102900000005e+02 1.2966400000000000e+00 1.8208508170000000e+03
1.7776890189999999e+03 5.9759005000000002e+02 1.3020799999999999e+00 1.8242209200000000e+03
1.7876218739999999e+03 6.0197945600000003e+02 1.3075200000000000e+00 1.8275849310000001e+03
1.7975730129999999e+03 6.0637920299999996e+02 1.3129599999999999e+00 1.8309428670000000e+03
1.8075424020000000e+03 6.1078925000000004e+02 1.3184000000000000e+00 1.8342947480000000e+03
1.8175300099999999e+03 6.1520955200000003e+02 1.3238399999999999e+00 1.8376405900000000e+03
1.8275358030000000e+03 6.1964007000000004e+02 1.3292800000000000e+00 1.8409804110000000e+03
1.8375597479999999e+03 6.2408076000000005e+02 1.3347199999999999e+00 1.8443142300000000e+03
1.8476018130000000e+03 6.2853158299999996e+02 1.3401600000000000e+00 1.8476420650000000e+03
1.8576619659999999e+03 6.3299249599999996e+02 1.3455999999999999e+00 1.8509639330000000e+03
1.8677401729999999e+03 6.3746346000000005e+02 1.3510400000000000e+00 1.8542798530000000e+03
1.8778364039999999e+03 6.4194443500000000e+02 1.3564799999999999e+00 1.8575898430000000e+03
1.8879506240000001e+03 6.4643537900000001e+02 1.3619200000000000e+00 1.8608939200000000e+03
1.8980828030000000e+03 6.5093625499999996e+02 1.3673599999999999e+00 1.8641921040000000e+03
1.9082329090000001e+03 6.5544702099999995e+02 1.3728000000000000e+00 1.8674844120000000e+03
1.9184009090000000e+03 6.5996764099999996e+02 1.3782399999999999e+00 1.8707708620000001e+03
1.9285867710000000e+03 6.6449807499999997e+02 1.3836800000000000e+00 1.8740514720000001e+03
1.9387904650000000e+03 6.6903828399999998e+02 1.3891199999999999e+00 1.8773262620000000e+03
1.9490119569999999e+03 6.7358823099999995e+02 1.3945600000000000e+00 1.8805952480000001e+03
1.9592512180000001e+03 6.7814787799999999e+02 1.3999999999999999e+00 1.8838584499999999e+03
