# epsilon[MeV/fm^3] P[MeV/fm^3] nB[fm^-3] muB[MeV]
3.7779964999999997e+01 9.8474999999999993e-02 4.0000000000000001e-02 9.4696280300000001e+02
4.2933289000000002e+01 1.2822900000000001e-01 4.5440000000000001e-02 9.4765846999999997e+02
4.8090488000000001e+01 1.6345599999999999e-01 5.0880000000000002e-02 9.4838908000000004e+02
5.3251753000000001e+01 2.0455300000000001e-01 5.6320000000000002e-02 9.4915495899999996e+02
5.8417276999999999e+01 2.5196099999999999e-01 6.1760000000000002e-02 9.4995706900000005e+02
6.3587260999999998e+01 3.0619200000000002e-01 6.7199999999999996e-02 9.5079722400000003e+02
6.8761920000000003e+01 3.6784899999999998e-01 7.2639999999999996e-02 9.5167810699999995e+02
7.3941483000000005e+01 4.3763500000000000e-01 7.8079999999999997e-02 9.5260318299999994e+02
7.9126200999999995e+01 5.1636599999999999e-01 8.3519999999999997e-02 9.5357656599999996e+02
8.4316350999999997e+01 6.0496399999999995e-01 8.8959999999999997e-02 9.5460287600000004e+02
8.9512232999999995e+01 7.0446399999999998e-01 9.4399999999999998e-02 9.5568710099999998e+02
9.4714174999999997e+01 8.1600300000000003e-01 9.9839999999999998e-02 9.5683447000000001e+02
9.9922537000000005e+01 9.4081800000000004e-01 1.0528000000000000e-01 9.5805033800000001e+02
1.0513770500000000e+02 1.0802369999999999e+00 1.1072000000000000e-01 9.5934009400000002e+02
1.1036009600000000e+02 1.2356700000000000e+00 1.1616000000000000e-01 9.6070908499999996e+02
1.1559015400000000e+02 1.4086000000000001e+00 1.2160000000000000e-01 9.6216254300000003e+02
1.2082830000000000e+02 1.5972789999999999e+00 1.2703999999999999e-01 9.6367915000000005e+02
1.2607487200000000e+02 1.8036369999999999e+00 1.3247999999999999e-01 9.6526825099999996e+02
1.3133032100000000e+02 2.0307100000000000e+00 1.3791999999999999e-01 9.6694654700000001e+02
1.3659515400000001e+02 2.2806289999999998e+00 1.4335999999999999e-01 9.6872230600000000e+02
1.4186992000000001e+02 2.5553590000000002e+00 1.4879999999999999e-01 9.7060170700000003e+02
1.4715519699999999e+02 2.8567900000000002e+00 1.5423999999999999e-01 9.7258980399999996e+02
1.5245158799999999e+02 3.1867779999999999e+00 1.5967999999999999e-01 9.7469087500000001e+02
1.5775971799999999e+02 3.5471480000000000e+00 1.6511999999999999e-01 9.7690859699999999e+02
1.6308023000000000e+02 3.9397009999999999e+00 1.7055999999999999e-01 9.7924614199999996e+02
1.6841378499999999e+02 4.3662140000000003e+00 1.7599999999999999e-01 9.8170623999999998e+02
1.7376105400000000e+02 4.8284370000000001e+00 1.8143999999999999e-01 9.8429122600000005e+02
1.7912272500000000e+02 5.3280909999999997e+00 1.8687999999999999e-01 9.8700306999999998e+02
1.8449949000000001e+02 5.8668670000000001e+00 1.9231999999999999e-01 9.8984340899999995e+02
1.8989205400000000e+02 6.4464210000000000e+00 1.9775999999999999e-01 9.9281356300000004e+02
1.9530112500000001e+02 7.0683689999999997e+00 2.0319999999999999e-01 9.9591456300000004e+02
2.0072741800000000e+02 7.7342909999999998e+00 2.0863999999999999e-01 9.9914715899999999e+02
2.0617165000000000e+02 8.4457229999999992e+00 2.1407999999999999e-01 1.0025118430000000e+03
2.1163454100000001e+02 9.2041520000000006e+00 2.1951999999999999e-01 1.0060088610000000e+03
2.1711680999999999e+02 1.0011023000000000e+01 2.2495999999999999e-01 1.0096382230000000e+03
2.2261917900000000e+02 1.0867725999999999e+01 2.3039999999999999e-01 1.0133997200000000e+03
2.2814236399999999e+02 1.1775601000000000e+01 2.3583999999999999e-01 1.0172929320000000e+03
2.3368708100000001e+02 1.2735934000000000e+01 2.4127999999999999e-01 1.0213172420000000e+03
2.3925404100000000e+02 1.3749953000000000e+01 2.4671999999999999e-01 1.0254718419999999e+03
2.4484395100000000e+02 1.4818830000000000e+01 2.5216000000000000e-01 1.0297557460000000e+03
2.5045751100000001e+02 1.5943676000000000e+01 2.5760000000000000e-01 1.0341677970000001e+03
2.5609541500000000e+02 1.7125543000000000e+01 2.6304000000000000e-01 1.0387066789999999e+03
2.6175834900000001e+02 1.8365418999999999e+01 2.6848000000000000e-01 1.0433709220000001e+03
2.6744699200000002e+02 1.9664231000000001e+01 2.7392000000000000e-01 1.0481589140000001e+03
2.7316201200000000e+02 2.1022841000000000e+01 2.7936000000000000e-01 1.0530689060000000e+03
2.7890406700000000e+02 2.2442048000000000e+01 2.8480000000000000e-01 1.0580990240000001e+03
2.8467380700000001e+02 2.3922585000000002e+01 2.9024000000000000e-01 1.0632472740000001e+03
2.9047186900000003e+02 2.5465119999999999e+01 2.9568000000000000e-01 1.0685115510000001e+03
2.9629887700000000e+02 2.7070257000000002e+01 3.0112000000000000e-01 1.0738896510000000e+03
3.0215544599999998e+02 2.8738536000000000e+01 3.0656000000000000e-01 1.0793792710000000e+03
3.0804217599999998e+02 3.0470431999999999e+01 3.1200000000000000e-01 1.0849780280000000e+03
3.1395965300000000e+02 3.2266356000000002e+01 3.1744000000000000e-01 1.0906834590000001e+03
3.1990845200000001e+02 3.4126658999999997e+01 3.2288000000000000e-01 1.0964930310000000e+03
3.2588913300000002e+02 3.6051630000000003e+01 3.2832000000000000e-01 1.1024041530000000e+03
3.3190224000000001e+02 3.8041497000000000e+01 3.3376000000000000e-01 1.1084141800000000e+03
3.3794830600000000e+02 4.0096432000000000e+01 3.3920000000000000e-01 1.1145204229999999e+03
3.4402784500000001e+02 4.2216549999999998e+01 3.4464000000000000e-01 1.1207201560000001e+03
3.5014136000000002e+02 4.4401910000000001e+01 3.5008000000000000e-01 1.1270106280000000e+03
3.5628933599999999e+02 4.6652521999999998e+01 3.5552000000000000e-01 1.1333890620000000e+03
3.6247217499999999e+02 4.8921044999999999e+01 3.6096000000000000e-01 1.1397214440000000e+03
3.6868697900000001e+02 5.0895040000000002e+01 3.6640000000000000e-01 1.1451491860000001e+03
3.7493036100000000e+02 5.2787188999999998e+01 3.7184000000000000e-01 1.1502748540000000e+03
3.8120119699999998e+02 5.4652873000000000e+01 3.7728000000000000e-01 1.1552553310000001e+03
3.8749886700000002e+02 5.6511485000000000e+01 3.8272000000000000e-01 1.1601458580000001e+03
3.9382296500000001e+02 5.8373041999999998e+01 3.8816000000000001e-01 1.1649749780000000e+03
4.0017320899999999e+02 6.0243614999999998e+01 3.9360000000000001e-01 1.1697599410000000e+03
4.0654938900000002e+02 6.2127242000000003e+01 3.9904000000000001e-01 1.1745121529999999e+03
4.1295135199999999e+02 6.4026777999999993e+01 4.0448000000000001e-01 1.1792396120000001e+03
4.1937783100000001e+02 6.5737195000000000e+01 4.0992000000000001e-01 1.1834400459999999e+03
4.2582645300000001e+02 6.7393193999999994e+01 4.1536000000000001e-01 1.1874527459999999e+03
4.3229677600000002e+02 6.9053901999999994e+01 4.2080000000000001e-01 1.1914244619999999e+03
4.3878865300000001e+02 7.0728928999999994e+01 4.2624000000000001e-01 1.1953789549999999e+03
4.4530202200000002e+02 7.2422544000000002e+01 4.3168000000000001e-01 1.1993266260000000e+03
4.5183686100000000e+02 7.4137156000000004e+01 4.3712000000000001e-01 1.2032731940000001e+03
4.5839317499999999e+02 7.5874307999999999e+01 4.4256000000000001e-01 1.2072221950000001e+03
4.6497098499999998e+02 7.7635070999999996e+01 4.4800000000000001e-01 1.2111759720000000e+03
4.7157032099999998e+02 7.9420226999999997e+01 4.5344000000000001e-01 1.2151361520000000e+03
4.7819122099999998e+02 8.1230378000000002e+01 4.5888000000000001e-01 1.2191038970000000e+03
4.8483372800000001e+02 8.3065995000000001e+01 4.6432000000000001e-01 1.2230800520000000e+03
4.9149789099999998e+02 8.4927458000000001e+01 4.6976000000000001e-01 1.2270652339999999e+03
4.9818375900000001e+02 8.6815079999999995e+01 4.7520000000000001e-01 1.2310598970000001e+03
5.0489138500000001e+02 8.8729118999999997e+01 4.8064000000000001e-01 1.2350643689999999e+03
5.1162082400000003e+02 9.0669794999999993e+01 4.8608000000000001e-01 1.2390788800000000e+03
5.1837212999999997e+02 9.2637293000000000e+01 4.9152000000000001e-01 1.2431035870000001e+03
5.2514535899999998e+02 9.4631771999999998e+01 4.9696000000000001e-01 1.2471385849999999e+03
5.3194056699999999e+02 9.6653364999999994e+01 5.0239999999999996e-01 1.2511839210000001e+03
5.3875780999999995e+02 9.8702190000000002e+01 5.0783999999999996e-01 1.2552396020000001e+03
5.4559714499999995e+02 1.0077834600000000e+02 5.1327999999999996e-01 1.2593056030000000e+03
5.5245862799999998e+02 1.0288191700000000e+02 5.1871999999999996e-01 1.2633818690000001e+03
5.5934231499999999e+02 1.0501297599999999e+02 5.2415999999999996e-01 1.2674683270000000e+03
5.6624825999999996e+02 1.0717158400000000e+02 5.2959999999999996e-01 1.2715648799999999e+03
5.7317651799999999e+02 1.0935779100000001e+02 5.3503999999999996e-01 1.2756714170000000e+03
5.8012714300000005e+02 1.1157164000000000e+02 5.4047999999999996e-01 1.2797878160000000e+03
5.8710018900000000e+02 1.1381316300000000e+02 5.4591999999999996e-01 1.2839139379999999e+03
5.9409570799999995e+02 1.1608238600000000e+02 5.5135999999999996e-01 1.2880496390000001e+03
6.0111375199999998e+02 1.1837932900000000e+02 5.5679999999999996e-01 1.2921947640000001e+03
6.0815437099999997e+02 1.2070400300000000e+02 5.6223999999999996e-01 1.2963491520000000e+03
6.1521761600000002e+02 1.2305641500000000e+02 5.6767999999999996e-01 1.3005126370000000e+03
6.2230353600000001e+02 1.2543656500000000e+02 5.7311999999999996e-01 1.3046850460000001e+03
6.2941217800000004e+02 1.2784444999999999e+02 5.7855999999999996e-01 1.3088662030000000e+03
6.3654358999999999e+02 1.3028006099999999e+02 5.8399999999999996e-01 1.3130559290000001e+03
6.4369781799999998e+02 1.3274338299999999e+02 5.8943999999999996e-01 1.3172540409999999e+03
6.5087490700000001e+02 1.3523439800000000e+02 5.9487999999999996e-01 1.3214603549999999e+03
6.5807490099999995e+02 1.3775308600000000e+02 6.0031999999999996e-01 1.3256746850000000e+03
6.6529784299999994e+02 1.4029941900000000e+02 6.0575999999999997e-01 1.3298968440000001e+03
6.7254377499999998e+02 1.4287336900000000e+02 6.1119999999999997e-01 1.3341266430000001e+03
6.7981273899999997e+02 1.4547490199999999e+02 6.1663999999999997e-01 1.3383638940000001e+03
6.8710477500000002e+02 1.4810398400000000e+02 6.2207999999999997e-01 1.3426084080000001e+03
6.9441992100000004e+02 1.5076057399999999e+02 6.2751999999999997e-01 1.3468599959999999e+03
7.0175821499999995e+02 1.5344463200000001e+02 6.3295999999999997e-01 1.3511184699999999e+03
7.0911969499999998e+02 1.5615611200000001e+02 6.3839999999999997e-01 1.3553836409999999e+03
7.1650439500000005e+02 1.5889496800000001e+02 6.4383999999999997e-01 1.3596553230000000e+03
7.2391235300000005e+02 1.6166114999999999e+02 6.4927999999999997e-01 1.3639333290000000e+03
7.3134360000000004e+02 1.6445460600000001e+02 6.5471999999999997e-01 1.3682174749999999e+03
7.3879817000000003e+02 1.6727528200000000e+02 6.6015999999999997e-01 1.3725075760000000e+03
7.4627609500000005e+02 1.7012312200000000e+02 6.6559999999999997e-01 1.3768034500000001e+03
7.5377740600000004e+02 1.7299806699999999e+02 6.7103999999999997e-01 1.3811049160000000e+03
7.6130213200000003e+02 1.7590005900000000e+02 6.7647999999999997e-01 1.3854117950000000e+03
7.6885030400000005e+02 1.7882903400000001e+02 6.8191999999999997e-01 1.3897239079999999e+03
7.7642194800000004e+02 1.8178493000000000e+02 6.8735999999999997e-01 1.3940410810000001e+03
7.8401709100000005e+02 1.8476768100000001e+02 6.9279999999999997e-01 1.3983631390000000e+03
7.9163576100000000e+02 1.8777722100000000e+02 6.9823999999999997e-01 1.4026899100000001e+03
7.9927798099999995e+02 1.9081348199999999e+02 7.0367999999999997e-01 1.4070212240000001e+03
8.0694377699999995e+02 1.9387639500000000e+02 7.0911999999999997e-01 1.4113569120000000e+03
8.1463317199999995e+02 1.9696588800000001e+02 7.1455999999999997e-01 1.4156968079999999e+03
8.2234618699999999e+02 2.0008188999999999e+02 7.1999999999999997e-01 1.4200407499999999e+03
8.3008284600000002e+02 2.0322432900000001e+02 7.2543999999999997e-01 1.4243885740000001e+03
8.3784316699999999e+02 2.0639313000000001e+02 7.3087999999999997e-01 1.4287401210000000e+03
8.4562717199999997e+02 2.0958821699999999e+02 7.3631999999999997e-01 1.4330952339999999e+03
8.5343487800000003e+02 2.1280951600000000e+02 7.4175999999999997e-01 1.4374537560000001e+03
8.6126630499999999e+02 2.1605694900000000e+02 7.4719999999999998e-01 1.4418155360000001e+03
8.6912147000000004e+02 2.1933043799999999e+02 7.5263999999999998e-01 1.4461804219999999e+03
8.7700038800000004e+02 2.2262990500000001e+02 7.5807999999999998e-01 1.4505482660000000e+03
8.8490307600000006e+02 2.2595527100000001e+02 7.6351999999999998e-01 1.4549189200000001e+03
8.9282954900000004e+02 2.2930645600000000e+02 7.6895999999999998e-01 1.4592922420000000e+03
9.0077982099999997e+02 2.3268337900000000e+02 7.7439999999999998e-01 1.4636680879999999e+03
9.0875390400000003e+02 2.3608595900000000e+02 7.7983999999999998e-01 1.4680463199999999e+03
9.1675181299999997e+02 2.3951411500000000e+02 7.8527999999999998e-01 1.4724267990000001e+03
9.2477355699999998e+02 2.4296776399999999e+02 7.9071999999999998e-01 1.4768093899999999e+03
9.3281915000000004e+02 2.4644682299999999e+02 7.9615999999999998e-01 1.4811939600000001e+03
9.4088860000000000e+02 2.4995121000000000e+02 8.0159999999999998e-01 1.4855803790000000e+03
9.4898191799999995e+02 2.5348084100000000e+02 8.0703999999999998e-01 1.4899685170000000e+03
9.5709911299999999e+02 2.5703563200000002e+02 8.1247999999999998e-01 1.4943582469999999e+03
9.6524019299999998e+02 2.6061550000000000e+02 8.1791999999999998e-01 1.4987494460000000e+03
9.7340516600000001e+02 2.6422035899999997e+02 8.2335999999999998e-01 1.5031419910000000e+03
9.8159403799999995e+02 2.6785012499999999e+02 8.2879999999999998e-01 1.5075357620000000e+03
9.8980681700000002e+02 2.7150471299999998e+02 8.3423999999999998e-01 1.5119306400000000e+03
9.9804350699999998e+02 2.7518403799999999e+02 8.3967999999999998e-01 1.5163265090000000e+03
1.0063041140000000e+03 2.7888801500000000e+02 8.4511999999999998e-01 1.5207232560000000e+03
1.0145886420000000e+03 2.8261655800000000e+02 8.5055999999999998e-01 1.5251207680000000e+03
1.0228970960000000e+03 2.8636958199999998e+02 8.5599999999999998e-01 1.5295189359999999e+03
1.0312294780000000e+03 2.9014700099999999e+02 8.6143999999999998e-01 1.5339176500000001e+03
1.0395857910000000e+03 2.9394872900000001e+02 8.6687999999999998e-01 1.5383168069999999e+03
1.0479660369999999e+03 2.9777468099999999e+02 8.7231999999999998e-01 1.5427163000000000e+03
1.0563702180000000e+03 3.0162477100000001e+02 8.7775999999999998e-01 1.5471160279999999e+03
1.0647983340000001e+03 3.0549891300000002e+02 8.8319999999999999e-01 1.5515158910000000e+03
1.0732503870000000e+03 3.0939702199999999e+02 8.8863999999999999e-01 1.5559157900000000e+03
1.0817263760000001e+03 3.1331901199999999e+02 8.9407999999999999e-01 1.5603156289999999e+03
1.0902263000000000e+03 3.1726479599999999e+02 8.9951999999999999e-01 1.5647153129999999e+03
1.0987501589999999e+03 3.2123429099999998e+02 9.0495999999999999e-01 1.5691147490000001e+03
1.1072979510000000e+03 3.2522740900000002e+02 9.1039999999999999e-01 1.5735138449999999e+03
1.1158696740000000e+03 3.2924406699999997e+02 9.1583999999999999e-01 1.5779125130000000e+03
1.1244653240000000e+03 3.3328417800000000e+02 9.2127999999999999e-01 1.5823106650000000e+03
1.1330849000000001e+03 3.3734765700000003e+02 9.2671999999999999e-01 1.5867082140000000e+03
1.1417283980000000e+03 3.4143441999999999e+02 9.3215999999999999e-01 1.5911050769999999e+03
1.1503958130000001e+03 3.4554438299999998e+02 9.3759999999999999e-01 1.5955011700000000e+03
1.1590871410000000e+03 3.4967746000000000e+02 9.4303999999999999e-01 1.5998964140000000e+03
1.1678023780000001e+03 3.5383356700000002e+02 9.4847999999999999e-01 1.6042907279999999e+03
1.1765415170000001e+03 3.5801262100000002e+02 9.5391999999999999e-01 1.6086840350000000e+03
1.1853045540000001e+03 3.6221453700000001e+02 9.5935999999999999e-01 1.6130762589999999e+03
1.1940914829999999e+03 3.6643923200000000e+02 9.6479999999999999e-01 1.6174673250000001e+03
1.2029022960000000e+03 3.7068662300000000e+02 9.7023999999999999e-01 1.6218571600000000e+03
1.2117369870000000e+03 3.7495662700000003e+02 9.7567999999999999e-01 1.6262456930000001e+03
1.2205955489999999e+03 3.7924916100000002e+02 9.8111999999999999e-01 1.6306328530000001e+03
1.2294779739999999e+03 3.8356414300000000e+02 9.8655999999999999e-01 1.6350185730000001e+03
1.2383842540000001e+03 3.8790149100000002e+02 9.9199999999999999e-01 1.6394027860000001e+03
1.2473143800000000e+03 3.9226112400000000e+02 9.9743999999999999e-01 1.6437854250000000e+03
1.2562683440000001e+03 3.9664296000000002e+02 1.0028800000000000e+00 1.6481664270000001e+03
1.2652461370000001e+03 4.0104691900000000e+02 1.0083200000000001e+00 1.6525457300000000e+03
1.2742477490000001e+03 4.0547292099999999e+02 1.0137600000000000e+00 1.6569232720000000e+03
1.2832731710000000e+03 4.0992088600000000e+02 1.0192000000000001e+00 1.6612989940000000e+03
1.2923223920000000e+03 4.1439073400000001e+02 1.0246400000000000e+00 1.6656728380000000e+03
1.3013954030000000e+03 4.1888238699999999e+02 1.0300800000000001e+00 1.6700447460000000e+03
1.3104921910000000e+03 4.2339576799999998e+02 1.0355200000000000e+00 1.6744146639999999e+03
1.3196127480000000e+03 4.2793079799999998e+02 1.0409600000000001e+00 1.6787825390000000e+03
1.3287570599999999e+03 4.3248740099999998e+02 1.0464000000000000e+00 1.6831483180000000e+03
1.3379251170000000e+03 4.3706550199999998e+02 1.0518400000000001e+00 1.6875119500000001e+03
1.3471169080000000e+03 4.4166502500000001e+02 1.0572800000000000e+00 1.6918733870000001e+03
1.3563324180000000e+03 4.4628589699999998e+02 1.0627200000000001e+00 1.6962325820000001e+03
1.3655716379999999e+03 4.5092804500000000e+02 1.0681600000000000e+00 1.7005894900000001e+03
1.3748345529999999e+03 4.5559139900000002e+02 1.0736000000000001e+00 1.7049440680000000e+03
1.3841211510000001e+03 4.6027589000000000e+02 1.0790400000000000e+00 1.7092962740000000e+03
1.3934314190000000e+03 4.6498145000000000e+02 1.0844800000000001e+00 1.7136460720000000e+03
1.4027653439999999e+03 4.6970801599999999e+02 1.0899200000000000e+00 1.7179934270000001e+03
1.4121229129999999e+03 4.7445552900000001e+02 1.0953599999999999e+00 1.7223383090000000e+03
1.4215041120000001e+03 4.7922393599999998e+02 1.1008000000000000e+00 1.7266806950000000e+03
1.4309089269999999e+03 4.8401319400000000e+02 1.1062399999999999e+00 1.7310205679999999e+03
1.4403373440000000e+03 4.8882327700000002e+02 1.1116800000000000e+00 1.7353579319999999e+03
1.4497893509999999e+03 4.9365420100000000e+02 1.1171199999999999e+00 1.7396928250000001e+03
1.4592649340000000e+03 4.9850615399999998e+02 1.1225600000000000e+00 1.7440254399999999e+03
1.4687640810000000e+03 5.0337921200000000e+02 1.1279999999999999e+00 1.7483558650000000e+03
1.4782867779999999e+03 5.0827235899999999e+02 1.1334400000000000e+00 1.7526832230000000e+03
1.4878330080000001e+03 5.1318552099999999e+02 1.1388799999999999e+00 1.7570074780000000e+03
1.4974027540000000e+03 5.1811862399999995e+02 1.1443200000000000e+00 1.7613285950000000e+03
1.5069959980000001e+03 5.2307159500000000e+02 1.1497599999999999e+00 1.7656465400000000e+03
1.5166127250000000e+03 5.2804435999999998e+02 1.1552000000000000e+00 1.7699612790000001e+03
1.5262529150000000e+03 5.3303684699999997e+02 1.1606399999999999e+00 1.7742727800000000e+03
1.5359165510000000e+03 5.3804898300000002e+02 1.1660800000000000e+00 1.7785810100000001e+03
1.5456036160000001e+03 5.4308069799999998e+02 1.1715199999999999e+00 1.7828859399999999e+03
1.5553140910000000e+03 5.4813192000000004e+02 1.1769600000000000e+00 1.7871875390000000e+03
1.5650479580000001e+03 5.5320257700000002e+02 1.1823999999999999e+00 1.7914857780000000e+03
1.5748051989999999e+03 5.5829259999999999e+02 1.1878400000000000e+00 1.7957806270000001e+03
1.5845857950000000e+03 5.6340191900000002e+02 1.1932799999999999e+00 1.8000720600000000e+03
1.5943897280000001e+03 5.6853046400000005e+02 1.1987200000000000e+00 1.8043600489999999e+03
1.6042169779999999e+03 5.7367816500000004e+02 1.2041599999999999e+00 1.8086445670000001e+03
1.6140675280000000e+03 5.7884495400000003e+02 1.2096000000000000e+00 1.8129255900000001e+03
1.6239413569999999e+03 5.8403076399999998e+02 1.2150399999999999e+00 1.8172030920000000e+03
1.6338384460000000e+03 5.8923552500000005e+02 1.2204800000000000e+00 1.8214770480000000e+03
1.6437587759999999e+03 5.9445916999999997e+02 1.2259199999999999e+00 1.8257474360000001e+03
1.6537023290000000e+03 5.9970163300000002e+02 1.2313600000000000e+00 1.8300142320000000e+03
1.6636690830000000e+03 6.0496284600000001e+02 1.2367999999999999e+00 1.8342774130000000e+03
1.6736590189999999e+03 6.1024274400000002e+02 1.2422400000000000e+00 1.8385369590000000e+03
1.6836721180000000e+03 6.1554125999999997e+02 1.2476799999999999e+00 1.8427928480000000e+03
1.6937083600000001e+03 6.2085833000000002e+02 1.2531200000000000e+00 1.8470450590000000e+03
1.7037677240000000e+03 6.2619388700000002e+02 1.2585599999999999e+00 1.8512935729999999e+03
1.7138501900000001e+03 6.3154786899999999e+02 1.2640000000000000e+00 1.8555383700000000e+03
1.7239557390000000e+03 6.3692020900000000e+02 1.2694399999999999e+00 1.8597794309999999e+03
1.7340843490000000e+03 6.4231084499999997e+02 1.2748800000000000e+00 1.8640167389999999e+03
1.7442360000000001e+03 6.4771971299999996e+02 1.2803199999999999e+00 1.8682502750000001e+03
1.7544106710000001e+03 6.5314675000000000e+02 1.2857600000000000e+00 1.8724800230000001e+03
1.7646083430000001e+03 6.5859189400000002e+02 1.2911999999999999e+00 1.8767059650000001e+03
1.7748289940000000e+03 6.6405508199999997e+02 1.2966400000000000e+00 1.8809280859999999e+03
1.7850726030000001e+03 6.6953625199999999e+02 1.3020799999999999e+00 1.8851463710000000e+03
1.7953391489999999e+03 6.7503534200000001e+02 1.3075200000000000e+00 1.8893608030000000e+03
1.8056286130000001e+03 6.8055229299999996e+02 1.3129599999999999e+00 1.8935713679999999e+03
1.8159409710000000e+03 6.8608704299999999e+02 1.3184000000000000e+00 1.8977780530000000e+03
1.8262762040000000e+03 6.9163953100000003e+02 1.3238399999999999e+00 1.9019808430000000e+03
1.8366342890000001e+03 6.9720969800000000e+02 1.3292800000000000e+00 1.9061797250000000e+03
1.8470152060000000e+03 7.0279748500000005e+02 1.3347199999999999e+00 1.9103746870000000e+03
1.8574189340000000e+03 7.0840283099999999e+02 1.3401600000000000e+00 1.9145657150000000e+03
1.8678454500000000e+03 7.1402567799999997e+02 1.3455999999999999e+00 1.9187527990000001e+03
1.8782947340000001e+03 7.1966596800000002e+02 1.3510400000000000e+00 1.9229359260000001e+03
1.8887667640000000e+03 7.2532364299999995e+02 1.3564799999999999e+00 1.9271150860000000e+03
1.8992615180000000e+03 7.3099864500000001e+02 1.3619200000000000e+00 1.9312902670000001e+03
1.9097789740000001e+03 7.3669091600000002e+02 1.3673599999999999e+00 1.9354614590000001e+03
1.9203191119999999e+03 7.4240039999999999e+02 1.3728000000000000e+00 1.9396286530000000e+03
1.9308819080000001e+03 7.4812703899999997e+02 1.3782399999999999e+00 1.9437918390000000e+03
1.9414673130000001e+03 7.5384538999999995e+02 1.3836800000000000e+00 1.9479326390000001e+03
1.9520751450000000e+03 7.5954190300000005e+02 1.3891199999999999e+00 1.9520414310000001e+03
1.9627052830000000e+03 7.6523841500000003e+02 1.3945600000000000e+00 1.9561341609999999e+03
1.9733576510000000e+03 7.7094031500000006e+02 1.3999999999999999e+00 1.9602148119999999e+03
