# epsilon[MeV/fm^3] P[MeV/fm^3] nB[fm^-3] muB[MeV]
3.7834313000000002e+01 1.4439700000000000e-01 4.0000000000000001e-02 9.4946956000000000e+02
4.3001810999999996e+01 1.8227499999999999e-01 4.5440000000000001e-02 9.5035581000000002e+02
4.8174092999999999e+01 2.2441500000000000e-01 5.0880000000000002e-02 9.5123032499999999e+02
5.3351098999999998e+01 2.7081200000000000e-01 5.6320000000000002e-02 9.5209538399999997e+02
5.8532787999999996e+01 3.2158900000000001e-01 6.1760000000000002e-02 9.5295478500000002e+02
6.3719141999999998e+01 3.7701800000000002e-01 6.7199999999999996e-02 9.5381369700000005e+02
6.8910174999999995e+01 4.3753500000000001e-01 7.2639999999999996e-02 9.5467840100000001e+02
7.4105936999999997e+01 5.0373800000000002e-01 7.8079999999999997e-02 9.5555601100000001e+02
7.9306518999999994e+01 5.7638900000000004e-01 8.3519999999999997e-02 9.5645420500000000e+02
8.4512052999999995e+01 6.5640399999999999e-01 8.8959999999999997e-02 9.5738100399999996e+02
8.9722718999999998e+01 7.4484399999999995e-01 9.4399999999999998e-02 9.5834458099999995e+02
9.4938737000000003e+01 8.4290399999999999e-01 9.9839999999999998e-02 9.5935311600000000e+02
1.0016037500000000e+02 9.5189900000000005e-01 1.0528000000000000e-01 9.6041467899999998e+02
1.0538788500000000e+02 1.0700069999999999e+00 1.1072000000000000e-01 9.6150725799999998e+02
1.1062141900000000e+02 1.1986550000000000e+00 1.1616000000000000e-01 9.6264011000000005e+02
1.1586127900000000e+02 1.3412470000000001e+00 1.2160000000000000e-01 9.6383828600000004e+02
1.2110785500000000e+02 1.5000180000000001e+00 1.2703999999999999e-01 9.6511407199999996e+02
1.2636159600000001e+02 1.6770179999999999e+00 1.3247999999999999e-01 9.6647676100000001e+02
1.3162299600000000e+02 1.8742350000000001e+00 1.3791999999999999e-01 9.6793407200000001e+02
1.3689258799999999e+02 2.0936340000000002e+00 1.4335999999999999e-01 9.6949265900000000e+02
1.4217093900000000e+02 2.3371710000000001e+00 1.4879999999999999e-01 9.7115836300000001e+02
1.4745864700000001e+02 2.6067950000000000e+00 1.5423999999999999e-01 9.7293636500000002e+02
1.5275633500000001e+02 2.9044509999999999e+00 1.5967999999999999e-01 9.7483127300000001e+02
1.5806465100000000e+02 3.2320769999999999e+00 1.6511999999999999e-01 9.7684719199999995e+02
1.6338426200000001e+02 3.5916039999999998e+00 1.7055999999999999e-01 9.7898777500000006e+02
1.6871585700000000e+02 3.9849470000000000e+00 1.7599999999999999e-01 9.8125625900000000e+02
1.7406013899999999e+02 4.4140079999999999e+00 1.8143999999999999e-01 9.8365550199999996e+02
1.7941782699999999e+02 4.8806729999999998e+00 1.8687999999999999e-01 9.8618800799999997e+02
1.8478965099999999e+02 5.3868010000000002e+00 1.9231999999999999e-01 9.8885595200000000e+02
1.9017635400000000e+02 5.9342319999999997e+00 1.9775999999999999e-01 9.9166120100000001e+02
1.9557868800000000e+02 6.5247729999999997e+00 2.0319999999999999e-01 9.9460532799999999e+02
2.0099741100000000e+02 7.1602030000000001e+00 2.0863999999999999e-01 9.9768963399999996e+02
2.0643329000000000e+02 7.8422669999999997e+00 2.1407999999999999e-01 1.0009151580000000e+03
2.1188709499999999e+02 8.5726720000000007e+00 2.1951999999999999e-01 1.0042826900000000e+03
2.1735960100000000e+02 9.3530840000000008e+00 2.2495999999999999e-01 1.0077927800000000e+03
2.2285158500000000e+02 1.0185129000000000e+01 2.3039999999999999e-01 1.0114457500000000e+03
2.2836382300000000e+02 1.1070383000000000e+01 2.3583999999999999e-01 1.0152417000000000e+03
2.3389709500000001e+02 1.2010373000000000e+01 2.4127999999999999e-01 1.0191805140000000e+03
2.3945217700000001e+02 1.3006575000000000e+01 2.4671999999999999e-01 1.0232618649999999e+03
2.4502984400000000e+02 1.4060406000000000e+01 2.5216000000000000e-01 1.0274852229999999e+03
2.5063086600000000e+02 1.5173223999999999e+01 2.5760000000000000e-01 1.0318498580000000e+03
2.5625600900000001e+02 1.6346326000000001e+01 2.6304000000000000e-01 1.0363548450000001e+03
2.6190603499999997e+02 1.7580940999999999e+01 2.6848000000000000e-01 1.0409990650000000e+03
2.6758169900000001e+02 1.8878229000000001e+01 2.7392000000000000e-01 1.0457812140000001e+03
2.7328374600000001e+02 2.0239280000000001e+01 2.7936000000000000e-01 1.0506998070000000e+03
2.7901291500000002e+02 2.1665109000000001e+01 2.8480000000000000e-01 1.0557531799999999e+03
2.8476993499999998e+02 2.3156652999999999e+01 2.9024000000000000e-01 1.0609394980000000e+03
2.9055552299999999e+02 2.4714773999999998e+01 2.9568000000000000e-01 1.0662567620000000e+03
2.9637038799999999e+02 2.6340252000000000e+01 3.0112000000000000e-01 1.0717028150000001e+03
3.0221522199999998e+02 2.8033787000000000e+01 3.0656000000000000e-01 1.0772753510000000e+03
3.0809071000000000e+02 2.9795998000000001e+01 3.1200000000000000e-01 1.0829719230000001e+03
3.1399751700000002e+02 3.1627421999999999e+01 3.1744000000000000e-01 1.0887899510000000e+03
3.1993629900000002e+02 3.3528516000000003e+01 3.2288000000000000e-01 1.0947267340000001e+03
3.2590769399999999e+02 3.5499656000000002e+01 3.2832000000000000e-01 1.1007794610000001e+03
3.3191232500000001e+02 3.7541139000000001e+01 3.3376000000000000e-01 1.1069452220000001e+03
3.3795079900000002e+02 3.9653185000000001e+01 3.3920000000000000e-01 1.1132210160000000e+03
3.4402370700000000e+02 4.1835940000000001e+01 3.4464000000000000e-01 1.1196037670000001e+03
3.5013162299999999e+02 4.4089477000000002e+01 3.5008000000000000e-01 1.1260903360000000e+03
3.5627397300000001e+02 4.6178592999999999e+01 3.5552000000000000e-01 1.1320127720000000e+03
3.6244623600000000e+02 4.8062064999999997e+01 3.6096000000000000e-01 1.1372698530000000e+03
3.6864649200000002e+02 4.9901386000000002e+01 3.6640000000000000e-01 1.1423267260000000e+03
3.7487393200000002e+02 5.1727169000000004e+01 3.7184000000000000e-01 1.1472723350000001e+03
3.8112807099999998e+02 5.3553144000000003e+01 3.7728000000000000e-01 1.1521465940000001e+03
3.8740858500000002e+02 5.5387076999999998e+01 3.8272000000000000e-01 1.1569720000000000e+03
3.9371525000000003e+02 5.7233924000000002e+01 3.8816000000000001e-01 1.1617627930000001e+03
4.0004790700000001e+02 5.9097090999999999e+01 3.9360000000000001e-01 1.1665286560000000e+03
4.0640643899999998e+02 6.0979045999999997e+01 3.9904000000000001e-01 1.1712765019999999e+03
4.1279076300000003e+02 6.2881647000000001e+01 4.0448000000000001e-01 1.1760114450000001e+03
4.1920077199999997e+02 6.4770131000000006e+01 4.0992000000000001e-01 1.1806489329999999e+03
4.2563456300000001e+02 6.6481556999999995e+01 4.1536000000000001e-01 1.1847959280000000e+03
4.3209064699999999e+02 6.8181769000000003e+01 4.2080000000000001e-01 1.1888620280000000e+03
4.3856877200000002e+02 6.9893373999999994e+01 4.2624000000000001e-01 1.1929027790000000e+03
4.4506885199999999e+02 7.1623271000000003e+01 4.3168000000000001e-01 1.1969349170000000e+03
4.5159086300000001e+02 7.3374842999999998e+01 4.3712000000000001e-01 1.2009664560000001e+03
4.5813481500000000e+02 7.5150098999999997e+01 4.4256000000000001e-01 1.2050019780000000e+03
4.6470074000000000e+02 7.6950367000000000e+01 4.4800000000000001e-01 1.2090443670000000e+03
4.7128867900000000e+02 7.8776587000000006e+01 4.5344000000000001e-01 1.2130955480000000e+03
4.7789868500000000e+02 8.0629462000000004e+01 4.5888000000000001e-01 1.2171568470000000e+03
4.8453081400000002e+02 8.2509533000000005e+01 4.6432000000000001e-01 1.2212292030000001e+03
4.9118513000000002e+02 8.4417230000000004e+01 4.6976000000000001e-01 1.2253132790000000e+03
4.9786169699999999e+02 8.6352903999999995e+01 4.7520000000000001e-01 1.2294095440000001e+03
5.0456058300000001e+02 8.8316839999999999e+01 4.8064000000000001e-01 1.2335183219999999e+03
5.1128185600000000e+02 9.0309279000000004e+01 4.8608000000000001e-01 1.2376398260000001e+03
5.1802558499999998e+02 9.2330420000000004e+01 4.9152000000000001e-01 1.2417741850000000e+03
5.2479184199999997e+02 9.4380433999999994e+01 4.9696000000000001e-01 1.2459214569999999e+03
5.3158069599999999e+02 9.6459463999999997e+01 5.0239999999999996e-01 1.2500816490000000e+03
5.3839221799999996e+02 9.8567632000000003e+01 5.0783999999999996e-01 1.2542547239999999e+03
5.4522647700000005e+02 1.0070503900000000e+02 5.1327999999999996e-01 1.2584406070000000e+03
5.5208354399999996e+02 1.0287177300000000e+02 5.1871999999999996e-01 1.2626391960000001e+03
5.5896348499999999e+02 1.0506790400000000e+02 5.2415999999999996e-01 1.2668503630000000e+03
5.6586637099999996e+02 1.0729349200000000e+02 5.2959999999999996e-01 1.2710739599999999e+03
5.7279226800000004e+02 1.0954858500000000e+02 5.3503999999999996e-01 1.2753098230000001e+03
5.7974124200000006e+02 1.1183321900000000e+02 5.4047999999999996e-01 1.2795577720000001e+03
5.8671335799999997e+02 1.1414742200000001e+02 5.4591999999999996e-01 1.2838176180000000e+03
5.9370868099999996e+02 1.1649121400000000e+02 5.5135999999999996e-01 1.2880891580000000e+03
6.0072727399999997e+02 1.1886460599999999e+02 5.5679999999999996e-01 1.2923721849999999e+03
6.0776919799999996e+02 1.2126760299999999e+02 5.6223999999999996e-01 1.2966664820000001e+03
6.1483451500000001e+02 1.2370020100000001e+02 5.6767999999999996e-01 1.3009718280000000e+03
6.2192328299999997e+02 1.2616239299999999e+02 5.7311999999999996e-01 1.3052879969999999e+03
6.2903556200000003e+02 1.2865416300000001e+02 5.7855999999999996e-01 1.3096147599999999e+03
6.3617140800000004e+02 1.3117549299999999e+02 5.8399999999999996e-01 1.3139518849999999e+03
6.4333087699999999e+02 1.3372635700000001e+02 5.8943999999999996e-01 1.3182991370000000e+03
6.5051402299999995e+02 1.3630672600000000e+02 5.9487999999999996e-01 1.3226562799999999e+03
6.5772089900000003e+02 1.3891656599999999e+02 6.0031999999999996e-01 1.3270230790000001e+03
6.6495155799999998e+02 1.4155583999999999e+02 6.0575999999999997e-01 1.3313992960000000e+03
6.7220605000000000e+02 1.4422450599999999e+02 6.1119999999999997e-01 1.3357846939999999e+03
6.7948442499999999e+02 1.4692251899999999e+02 6.1663999999999997e-01 1.3401790370000001e+03
6.8678672900000004e+02 1.4964982900000001e+02 6.2207999999999997e-01 1.3445820900000001e+03
6.9411301100000003e+02 1.5240638500000000e+02 6.2751999999999997e-01 1.3489936160000000e+03
7.0146331499999997e+02 1.5519213199999999e+02 6.3295999999999997e-01 1.3534133830000001e+03
7.0883768599999996e+02 1.5800701300000000e+02 6.3839999999999997e-01 1.3578411599999999e+03
7.1623616700000002e+02 1.6085096600000000e+02 6.4383999999999997e-01 1.3622767160000001e+03
7.2365879900000004e+02 1.6372393000000000e+02 6.4927999999999997e-01 1.3667198229999999e+03
7.3110562200000004e+02 1.6662583900000001e+02 6.5471999999999997e-01 1.3711702550000000e+03
7.3857667700000002e+02 1.6955662599999999e+02 6.6015999999999997e-01 1.3756277889999999e+03
7.4607200100000000e+02 1.7251622100000000e+02 6.6559999999999997e-01 1.3800922029999999e+03
7.5359163100000001e+02 1.7550455299999999e+02 6.7103999999999997e-01 1.3845632780000001e+03
7.6113560299999995e+02 1.7852154899999999e+02 6.7647999999999997e-01 1.3890407990000001e+03
7.6870394999999996e+02 1.8156713400000001e+02 6.8191999999999997e-01 1.3935245520000001e+03
7.7629670699999997e+02 1.8464123200000000e+02 6.8735999999999997e-01 1.3980143270000001e+03
7.8391390500000000e+02 1.8774376500000000e+02 6.9279999999999997e-01 1.4025099150000001e+03
7.9155557599999997e+02 1.9087465300000000e+02 6.9823999999999997e-01 1.4070111119999999e+03
7.9922175000000004e+02 1.9403381600000000e+02 7.0367999999999997e-01 1.4115177150000000e+03
8.0691245500000002e+02 1.9722117299999999e+02 7.0911999999999997e-01 1.4160295260000000e+03
8.1462771899999996e+02 2.0043663900000001e+02 7.1455999999999997e-01 1.4205463480000001e+03
8.2236756900000000e+02 2.0368013199999999e+02 7.1999999999999997e-01 1.4250679889999999e+03
8.3013203099999998e+02 2.0695156600000001e+02 7.2543999999999997e-01 1.4295942580000001e+03
8.3792112899999995e+02 2.1025085500000000e+02 7.3087999999999997e-01 1.4341249680000001e+03
8.4573488799999996e+02 2.1357791399999999e+02 7.3631999999999997e-01 1.4386599349999999e+03
8.5357332799999995e+02 2.1693265400000001e+02 7.4175999999999997e-01 1.4431989790000000e+03
8.6143647299999998e+02 2.2031498700000000e+02 7.4719999999999998e-01 1.4477419210000000e+03
8.6932434300000000e+02 2.2372482400000001e+02 7.5263999999999998e-01 1.4522885859999999e+03
8.7723695799999996e+02 2.2716207700000001e+02 7.5807999999999998e-01 1.4568388030000001e+03
8.8517433600000004e+02 2.3062665500000000e+02 7.6351999999999998e-01 1.4613924019999999e+03
8.9313649599999997e+02 2.3411846800000001e+02 7.6895999999999998e-01 1.4659492170000001e+03
9.0112345500000004e+02 2.3763742500000001e+02 7.7439999999999998e-01 1.4705090860000000e+03
9.0913522899999998e+02 2.4118343400000001e+02 7.7983999999999998e-01 1.4750718480000000e+03
9.1717183199999999e+02 2.4475640500000000e+02 7.8527999999999998e-01 1.4796373460000000e+03
9.2523328000000004e+02 2.4835624500000000e+02 7.9071999999999998e-01 1.4842054260000000e+03
9.3331958599999996e+02 2.5198286200000001e+02 7.9615999999999998e-01 1.4887759349999999e+03
9.4143076399999995e+02 2.5563616400000001e+02 8.0159999999999998e-01 1.4933487259999999e+03
9.4956682400000000e+02 2.5931605900000000e+02 8.0703999999999998e-01 1.4979236519999999e+03
9.5772777799999994e+02 2.6302245199999999e+02 8.1247999999999998e-01 1.5025005699999999e+03
9.6591363699999999e+02 2.6675525199999998e+02 8.1791999999999998e-01 1.5070793389999999e+03
9.7412441100000001e+02 2.7051436600000000e+02 8.2335999999999998e-01 1.5116598220000001e+03
9.8236010699999997e+02 2.7429969999999997e+02 8.2879999999999998e-01 1.5162418829999999e+03
9.9062073499999997e+02 2.7811116199999998e+02 8.3423999999999998e-01 1.5208253910000001e+03
9.9890630199999998e+02 2.8194865800000002e+02 8.3967999999999998e-01 1.5254102140000000e+03
1.0072168150000000e+03 2.8581209500000000e+02 8.4511999999999998e-01 1.5299962250000001e+03
1.0155522800000000e+03 2.8970138100000003e+02 8.5055999999999998e-01 1.5345832989999999e+03
1.0239127020000000e+03 2.9361642100000000e+02 8.5599999999999998e-01 1.5391713139999999e+03
1.0322980860000000e+03 2.9755712399999999e+02 8.6143999999999998e-01 1.5437601490000000e+03
1.0407084370000000e+03 3.0152339599999999e+02 8.6687999999999998e-01 1.5483496869999999e+03
1.0491437570000001e+03 3.0551514500000002e+02 8.7231999999999998e-01 1.5529398120000001e+03
1.0576040499999999e+03 3.0953227800000002e+02 8.7775999999999998e-01 1.5575304120000001e+03
1.0660893180000000e+03 3.1357470300000000e+02 8.8319999999999999e-01 1.5621213740000001e+03
1.0745995620000001e+03 3.1764232700000002e+02 8.8863999999999999e-01 1.5667125920000001e+03
1.0831347840000001e+03 3.2173505799999998e+02 8.9407999999999999e-01 1.5713039580000000e+03
1.0916949840000000e+03 3.2585280599999999e+02 8.9951999999999999e-01 1.5758953680000000e+03
1.1002801620000000e+03 3.2999547699999999e+02 9.0495999999999999e-01 1.5804867200000001e+03
1.1088903180000000e+03 3.3416298100000000e+02 9.1039999999999999e-01 1.5850779150000001e+03
1.1175254500000001e+03 3.3835522700000001e+02 9.1583999999999999e-01 1.5896688540000000e+03
1.1261855570000000e+03 3.4257212399999997e+02 9.2127999999999999e-01 1.5942594420000000e+03
1.1348706360000001e+03 3.4681358000000000e+02 9.2671999999999999e-01 1.5988495840000000e+03
1.1435806860000000e+03 3.5107950799999998e+02 9.3215999999999999e-01 1.6034391889999999e+03
1.1523157020000001e+03 3.5536981500000002e+02 9.3759999999999999e-01 1.6080281669999999e+03
1.1610756810000000e+03 3.5968441300000001e+02 9.4303999999999999e-01 1.6126164300000000e+03
1.1698606190000000e+03 3.6402321300000000e+02 9.4847999999999999e-01 1.6172038930000001e+03
1.1786705110000000e+03 3.6838612599999999e+02 9.5391999999999999e-01 1.6217904699999999e+03
1.1875053519999999e+03 3.7277306299999998e+02 9.5935999999999999e-01 1.6263760789999999e+03
1.1963651379999999e+03 3.7718393700000001e+02 9.6479999999999999e-01 1.6309606409999999e+03
1.2052498610000000e+03 3.8161865999999998e+02 9.7023999999999999e-01 1.6355440759999999e+03
1.2141595159999999e+03 3.8607714499999997e+02 9.7567999999999999e-01 1.6401263070000000e+03
1.2230940949999999e+03 3.9055930400000000e+02 9.8111999999999999e-01 1.6447072590000000e+03
1.2320535920000000e+03 3.9506505399999998e+02 9.8655999999999999e-01 1.6492868590000000e+03
1.2410379989999999e+03 3.9959430600000002e+02 9.9199999999999999e-01 1.6538650359999999e+03
1.2500473079999999e+03 4.0414697799999999e+02 9.9743999999999999e-01 1.6584417189999999e+03
1.2590815110000001e+03 4.0872298300000000e+02 1.0028800000000000e+00 1.6630168400000000e+03
1.2681405980000000e+03 4.1332223900000002e+02 1.0083200000000001e+00 1.6675903320000000e+03
1.2772245620000001e+03 4.1794466199999999e+02 1.0137600000000000e+00 1.6721621319999999e+03
1.2863333929999999e+03 4.2259017000000000e+02 1.0192000000000001e+00 1.6767321750000001e+03
1.2954670799999999e+03 4.2725868100000002e+02 1.0246400000000000e+00 1.6813004020000001e+03
1.3046256140000000e+03 4.3195011599999998e+02 1.0300800000000001e+00 1.6858667530000000e+03
1.3138089849999999e+03 4.3666439300000002e+02 1.0355200000000000e+00 1.6904311700000001e+03
1.3230171820000000e+03 4.4140143499999999e+02 1.0409600000000001e+00 1.6949935980000000e+03
1.3322501930000001e+03 4.4616116499999998e+02 1.0464000000000000e+00 1.6995539839999999e+03
1.3415080080000000e+03 4.5094350600000001e+02 1.0518400000000001e+00 1.7041122769999999e+03
1.3507906149999999e+03 4.5574838599999998e+02 1.0572800000000000e+00 1.7086684290000001e+03
1.3600980020000000e+03 4.6057573300000001e+02 1.0627200000000001e+00 1.7132223939999999e+03
1.3694301579999999e+03 4.6542547800000000e+02 1.0681600000000000e+00 1.7177741309999999e+03
1.3787870690000000e+03 4.7029755599999999e+02 1.0736000000000001e+00 1.7223236010000001e+03
1.3881687240000001e+03 4.7519190900000001e+02 1.0790400000000000e+00 1.7268707720000000e+03
1.3975751100000000e+03 4.8010848399999998e+02 1.0844800000000001e+00 1.7314156200000000e+03
1.4070062150000001e+03 4.8504724399999998e+02 1.0899200000000000e+00 1.7359581330000001e+03
1.4164620250000000e+03 4.9000817200000000e+02 1.0953599999999999e+00 1.7404983190000000e+03
1.4259425280000000e+03 4.9499130700000001e+02 1.1008000000000000e+00 1.7450362359999999e+03
1.4354477119999999e+03 4.9999696499999999e+02 1.1062399999999999e+00 1.7495721940000001e+03
1.4449775680000000e+03 5.0502500800000001e+02 1.1116800000000000e+00 1.7541060869999999e+03
1.4545320800000000e+03 5.1007436100000001e+02 1.1171199999999999e+00 1.7586369720000000e+03
1.4641112330000001e+03 5.1514494700000000e+02 1.1225600000000000e+00 1.7631648060000000e+03
1.4737150099999999e+03 5.2023668599999996e+02 1.1279999999999999e+00 1.7676895509999999e+03
1.4833433940000000e+03 5.2534950200000003e+02 1.1334400000000000e+00 1.7722111669999999e+03
1.4929963670000000e+03 5.3048331700000006e+02 1.1388799999999999e+00 1.7767296170000000e+03
1.5026739120000000e+03 5.3563805500000001e+02 1.1443200000000000e+00 1.7812448629999999e+03
1.5123760119999999e+03 5.4081363999999996e+02 1.1497599999999999e+00 1.7857568699999999e+03
1.5221026500000000e+03 5.4600999500000000e+02 1.1552000000000000e+00 1.7902656030000001e+03
1.5318538060000001e+03 5.5122704699999997e+02 1.1606399999999999e+00 1.7947710270000000e+03
1.5416294630000000e+03 5.5646471899999995e+02 1.1660800000000000e+00 1.7992731100000001e+03
1.5514296039999999e+03 5.6172293900000000e+02 1.1715199999999999e+00 1.8037718179999999e+03
1.5612542080000001e+03 5.6700163199999997e+02 1.1769600000000000e+00 1.8082671210000001e+03
1.5711032590000000e+03 5.7230072500000006e+02 1.1823999999999999e+00 1.8127589880000000e+03
1.5809767360000001e+03 5.7762014499999998e+02 1.1878400000000000e+00 1.8172473880000000e+03
1.5908746209999999e+03 5.8295981900000004e+02 1.1932799999999999e+00 1.8217322919999999e+03
1.6007968949999999e+03 5.8831967699999996e+02 1.1987200000000000e+00 1.8262136730000000e+03
1.6107435390000001e+03 5.9369964500000003e+02 1.2041599999999999e+00 1.8306915019999999e+03
1.6207145330000001e+03 5.9909965399999999e+02 1.2096000000000000e+00 1.8351657530000000e+03
1.6307098579999999e+03 6.0451963300000000e+02 1.2150399999999999e+00 1.8396364000000001e+03
1.6407294930000000e+03 6.0995951100000002e+02 1.2204800000000000e+00 1.8441034170000000e+03
1.6507734200000000e+03 6.1541921900000000e+02 1.2259199999999999e+00 1.8485667800000001e+03
1.6608416179999999e+03 6.2089868799999999e+02 1.2313600000000000e+00 1.8530264629999999e+03
1.6709340680000000e+03 6.2639784799999995e+02 1.2367999999999999e+00 1.8574824460000000e+03
1.6810507480000001e+03 6.3191663200000005e+02 1.2422400000000000e+00 1.8619347029999999e+03
1.6911916389999999e+03 6.3745497000000000e+02 1.2476799999999999e+00 1.8663832140000000e+03
1.7013567200000000e+03 6.4301279699999998e+02 1.2531200000000000e+00 1.8708279570000000e+03
1.7115459710000000e+03 6.4859004400000003e+02 1.2585599999999999e+00 1.8752689100000000e+03
1.7217593710000001e+03 6.5418664500000000e+02 1.2640000000000000e+00 1.8797060550000001e+03
1.7319968980000001e+03 6.5980253300000004e+02 1.2694399999999999e+00 1.8841393700000001e+03
1.7422585340000001e+03 6.6543764299999998e+02 1.2748800000000000e+00 1.8885688379999999e+03
1.7525442550000000e+03 6.7109190799999999e+02 1.2803199999999999e+00 1.8929944399999999e+03
1.7628540419999999e+03 6.7676526500000000e+02 1.2857600000000000e+00 1.8974161570000001e+03
1.7731878720000000e+03 6.8245764799999995e+02 1.2911999999999999e+00 1.9018339719999999e+03
1.7835457260000001e+03 6.8816899300000000e+02 1.2966400000000000e+00 1.9062478679999999e+03
1.7939275809999999e+03 6.9389923499999998e+02 1.3020799999999999e+00 1.9106578300000001e+03
1.8043334159999999e+03 6.9964831300000003e+02 1.3075200000000000e+00 1.9150638400000000e+03
1.8147632090000000e+03 7.0541616099999999e+02 1.3129599999999999e+00 1.9194658840000000e+03
1.8252169389999999e+03 7.1120271800000000e+02 1.3184000000000000e+00 1.9238639470000001e+03
1.8356945840000001e+03 7.1700792100000001e+02 1.3238399999999999e+00 1.9282580140000000e+03
1.8461961220000001e+03 7.2283170800000005e+02 1.3292800000000000e+00 1.9326480710000001e+03
1.8567215320000000e+03 7.2867401800000005e+02 1.3347199999999999e+00 1.9370341050000000e+03
1.8672707909999999e+03 7.3453478900000005e+02 1.3401600000000000e+00 1.9414161030000000e+03
1.8778438770000000e+03 7.4041396099999997e+02 1.3455999999999999e+00 1.9457940520000000e+03
1.8884407699999999e+03 7.4631147199999998e+02 1.3510400000000000e+00 1.9501679389999999e+03
1.8990614370000001e+03 7.5221413299999995e+02 1.3564799999999999e+00 1.9545280690000000e+03
1.9097057020000000e+03 7.5808301300000005e+02 1.3619200000000000e+00 1.9588458889999999e+03
1.9203733980000000e+03 7.6394747099999995e+02 1.3673599999999999e+00 1.9631432540000001e+03
1.9310644310000000e+03 7.6981570899999997e+02 1.3728000000000000e+00 1.9674263140000000e+03
1.9417787320000000e+03 7.7569135200000005e+02 1.3782399999999999e+00 1.9716978190000000e+03
1.9525162439999999e+03 7.8157651299999998e+02 1.3836800000000000e+00 1.9759593890000001e+03
1.9632769140000000e+03 7.8747258899999997e+02 1.3891199999999999e+00 1.9802121110000000e+03
1.9740606969999999e+03 7.9338057400000002e+02 1.3945600000000000e+00 1.9844567669999999e+03
1.9848675519999999e+03 7.9930120899999997e+02 1.3999999999999999e+00 1.9886939510000000e+03
