# epsilon[MeV/fm^3] P[MeV/fm^3] nB[fm^-3] muB[MeV]
3.7839235000000002e+01 1.2567999999999999e-01 4.0000000000000001e-02 9.4912467900000001e+02
4.3003979999999999e+01 1.4935699999999999e-01 4.5440000000000001e-02 9.4967911900000001e+02
4.8171559999999999e+01 1.7304300000000000e-01 5.0880000000000002e-02 9.5017088100000001e+02
5.3341670999999998e+01 1.9682500000000000e-01 5.6320000000000002e-02 9.5061429399999997e+02
5.8514091999999998e+01 2.2111000000000000e-01 6.1760000000000002e-02 9.5102514399999995e+02
6.3688690999999999e+01 2.4661000000000000e-01 6.7199999999999996e-02 9.5141995699999995e+02
6.8865425000000002e+01 2.7431600000000000e-01 7.2639999999999996e-02 9.5181539899999996e+02
7.4044342999999998e+01 3.0546699999999999e-01 7.8079999999999997e-02 9.5222782299999994e+02
7.9225578999999996e+01 3.4151599999999999e-01 8.3519999999999997e-02 9.5267293400000005e+02
8.4409352999999996e+01 3.8410000000000000e-01 8.8959999999999997e-02 9.5316557399999999e+02
8.9595960000000005e+01 4.3500200000000000e-01 9.4399999999999998e-02 9.5371957099999997e+02
9.4785769000000002e+01 4.9612600000000001e-01 9.9839999999999998e-02 9.5434766100000002e+02
9.9979215999999994e+01 5.6946900000000000e-01 1.0528000000000000e-01 9.5506144300000005e+02
1.0517679500000000e+02 6.5709099999999998e-01 1.1072000000000000e-01 9.5587137099999995e+02
1.1037905499999999e+02 7.6109499999999997e-01 1.1616000000000000e-01 9.5678676900000005e+02
1.1558657599999999e+02 8.8236599999999998e-01 1.2160000000000000e-01 9.5780553599999996e+02
1.2079990700000000e+02 1.0222929999999999e+00 1.2703999999999999e-01 9.5892962000000000e+02
1.2601967000000000e+02 1.1840960000000000e+00 1.3247999999999999e-01 9.6017507200000000e+02
1.3124654799999999e+02 1.3701500000000000e+00 1.3791999999999999e-01 9.6154970400000002e+02
1.3648126099999999e+02 1.5826300000000000e+00 1.4335999999999999e-01 9.6305899099999999e+02
1.4172455199999999e+02 1.8235960000000000e+00 1.4879999999999999e-01 9.6470700999999997e+02
1.4697718399999999e+02 2.0950210000000000e+00 1.5423999999999999e-01 9.6649681499999997e+02
1.5223993600000000e+02 2.3987989999999999e+00 1.5967999999999999e-01 9.6843065799999999e+02
1.5751359500000001e+02 2.7367590000000002e+00 1.6511999999999999e-01 9.7051014799999996e+02
1.6279895700000000e+02 3.1106669999999998e+00 1.7055999999999999e-01 9.7273636599999998e+02
1.6809682300000000e+02 3.5222310000000001e+00 1.7599999999999999e-01 9.7510996499999999e+02
1.7340799500000000e+02 3.9731100000000001e+00 1.8143999999999999e-01 9.7763124800000003e+02
1.7873327699999999e+02 4.4649150000000004e+00 1.8687999999999999e-01 9.8030023900000003e+02
1.8407347200000001e+02 4.9992130000000001e+00 1.9231999999999999e-01 9.8311673800000005e+02
1.8942938200000000e+02 5.5775360000000003e+00 1.9775999999999999e-01 9.8608036400000003e+02
1.9480180600000000e+02 6.2013800000000003e+00 2.0319999999999999e-01 9.8919059600000003e+02
2.0019153900000001e+02 6.8722079999999997e+00 2.0863999999999999e-01 9.9244680000000005e+02
2.0559937500000001e+02 7.5914560000000000e+00 2.1407999999999999e-01 9.9584824900000001e+02
2.1102610200000001e+02 8.3605300000000007e+00 2.1951999999999999e-01 9.9939414399999998e+02
2.1647250299999999e+02 9.1808080000000007e+00 2.2495999999999999e-01 1.0030836220000000e+03
2.2193935700000000e+02 1.0053644999999999e+01 2.3039999999999999e-01 1.0069157600000000e+03
2.2742743800000000e+02 1.0980362000000000e+01 2.3583999999999999e-01 1.0108895820000000e+03
2.3293751399999999e+02 1.1962256999999999e+01 2.4127999999999999e-01 1.0150040570000000e+03
2.3847034800000000e+02 1.3000593000000000e+01 2.4671999999999999e-01 1.0192580970000000e+03
2.4402669499999999e+02 1.4096601000000000e+01 2.5216000000000000e-01 1.0236505540000001e+03
2.4960730699999999e+02 1.5251479000000000e+01 2.5760000000000000e-01 1.0281802120000000e+03
2.5521292700000001e+02 1.6466383000000000e+01 2.6304000000000000e-01 1.0328457880000001e+03
2.6084429000000000e+02 1.7742431000000000e+01 2.6848000000000000e-01 1.0376459190000000e+03
2.6650212399999998e+02 1.9080694000000001e+01 2.7392000000000000e-01 1.0425791610000001e+03
2.7218715099999997e+02 2.0482198000000000e+01 2.7936000000000000e-01 1.0476439860000000e+03
2.7790008200000000e+02 2.1947914999999998e+01 2.8480000000000000e-01 1.0528387710000000e+03
2.8364161999999999e+02 2.3478767000000001e+01 2.9024000000000000e-01 1.0581618010000000e+03
2.8941245700000002e+02 2.5075616000000000e+01 2.9568000000000000e-01 1.0636112630000000e+03
2.9521327800000000e+02 2.6739270000000001e+01 3.0112000000000000e-01 1.0691852480000000e+03
3.0104475300000001e+02 2.8470469999999999e+01 3.0656000000000000e-01 1.0748817460000000e+03
3.0690754500000003e+02 3.0269900000000000e+01 3.1200000000000000e-01 1.0806986520000000e+03
3.1280230200000000e+02 3.2138174999999997e+01 3.1744000000000000e-01 1.0866337659999999e+03
3.1872966200000002e+02 3.4075848000000001e+01 3.2288000000000000e-01 1.0926847940000000e+03
3.2469024999999999e+02 3.6083404999999999e+01 3.2832000000000000e-01 1.0988493590000000e+03
3.3068467600000002e+02 3.8161265999999998e+01 3.3376000000000000e-01 1.1051249969999999e+03
3.3671353900000003e+02 4.0309784999999998e+01 3.3920000000000000e-01 1.1115091709999999e+03
3.4277742100000000e+02 4.2529251000000002e+01 3.4464000000000000e-01 1.1179992749999999e+03
3.4887689300000000e+02 4.4819890000000001e+01 3.5008000000000000e-01 1.1245926390000000e+03
3.5501250800000003e+02 4.7181863999999997e+01 3.5552000000000000e-01 1.1312865429999999e+03
3.6118415800000002e+02 4.9436988999999997e+01 3.6096000000000000e-01 1.1375824909999999e+03
3.6738727499999999e+02 5.1419421999999997e+01 3.6640000000000000e-01 1.1430331209999999e+03
3.7361929199999997e+02 5.3340823999999998e+01 3.7184000000000000e-01 1.1482378560000000e+03
3.7987923400000000e+02 5.5240856999999998e+01 3.7728000000000000e-01 1.1533098709999999e+03
3.8616652299999998e+02 5.7136257999999998e+01 3.8272000000000000e-01 1.1582970510000000e+03
3.9248077400000000e+02 5.9036287999999999e+01 3.8816000000000001e-01 1.1632258290000000e+03
3.9882171899999997e+02 6.0946793999999997e+01 3.9360000000000001e-01 1.1681127980000001e+03
4.0518916200000001e+02 6.2871782000000003e+01 3.9904000000000001e-01 1.1729692210000001e+03
4.1158296000000001e+02 6.4814156999999994e+01 4.0448000000000001e-01 1.1778031550000001e+03
4.1800300600000003e+02 6.6770904000000002e+01 4.0992000000000001e-01 1.1826078820000000e+03
4.2444775700000002e+02 6.8522188999999997e+01 4.1536000000000001e-01 1.1868515669999999e+03
4.3091517900000002e+02 7.0246758999999997e+01 4.2080000000000001e-01 1.1909759220000001e+03
4.3740493700000002e+02 7.1980119999999999e+01 4.2624000000000001e-01 1.1950680259999999e+03
4.4391692000000000e+02 7.3730754000000005e+01 4.3168000000000001e-01 1.1991484920000000e+03
4.5045109200000002e+02 7.5502627000000004e+01 4.3712000000000001e-01 1.2032267449999999e+03
4.5700745799999999e+02 7.7298046999999997e+01 4.4256000000000001e-01 1.2073080920000000e+03
4.6358604200000002e+02 7.9118532000000002e+01 4.4800000000000001e-01 1.2113958660000001e+03
4.7018688800000001e+02 8.0965162000000007e+01 4.5344000000000001e-01 1.2154923080000001e+03
4.7681004700000000e+02 8.2838745000000003e+01 4.5888000000000001e-01 1.2195989870000001e+03
4.8345557700000001e+02 8.4739915999999994e+01 4.6432000000000001e-01 1.2237170340000000e+03
4.9012354299999998e+02 8.6669184999999999e+01 4.6976000000000001e-01 1.2278472760000000e+03
4.9681401199999999e+02 8.8626971999999995e+01 4.7520000000000001e-01 1.2319903240000001e+03
5.0352705700000001e+02 9.0613630000000001e+01 4.8064000000000001e-01 1.2361466260000000e+03
5.1026274899999999e+02 9.2629461000000006e+01 4.8608000000000001e-01 1.2403165039999999e+03
5.1702116400000000e+02 9.4674723000000000e+01 4.9152000000000001e-01 1.2445001880000000e+03
5.2380237799999998e+02 9.6749641999999994e+01 4.9696000000000001e-01 1.2486978290000000e+03
5.3060646499999996e+02 9.8854412999999994e+01 5.0239999999999996e-01 1.2529095150000001e+03
5.3743350299999997e+02 1.0098920900000000e+02 5.0783999999999996e-01 1.2571352850000001e+03
5.4428356900000006e+02 1.0315418099999999e+02 5.1327999999999996e-01 1.2613751380000001e+03
5.5115673800000002e+02 1.0534946500000000e+02 5.1871999999999996e-01 1.2656290349999999e+03
5.5805308800000000e+02 1.0757517700000000e+02 5.2415999999999996e-01 1.2698969090000001e+03
5.6497269400000005e+02 1.0983142100000001e+02 5.2959999999999996e-01 1.2741786700000000e+03
5.7191563199999996e+02 1.1211828900000000e+02 5.3503999999999996e-01 1.2784742040000001e+03
5.7888197500000001e+02 1.1443586000000001e+02 5.4047999999999996e-01 1.2827833820000001e+03
5.8587179800000001e+02 1.1678420500000000e+02 5.4591999999999996e-01 1.2871060590000000e+03
5.9288517400000001e+02 1.1916338200000000e+02 5.5135999999999996e-01 1.2914420749999999e+03
5.9992217500000004e+02 1.2157344399999999e+02 5.5679999999999996e-01 1.2957912610000001e+03
6.0698287300000004e+02 1.2401443300000000e+02 5.6223999999999996e-01 1.3001534389999999e+03
6.1406733599999995e+02 1.2648638400000000e+02 5.6767999999999996e-01 1.3045284210000000e+03
6.2117563500000006e+02 1.2898932800000000e+02 5.7311999999999996e-01 1.3089160139999999e+03
6.2830783799999995e+02 1.3152328499999999e+02 5.7855999999999996e-01 1.3133160180000000e+03
6.3546401100000003e+02 1.3408827199999999e+02 5.8399999999999996e-01 1.3177282279999999e+03
6.4264422000000002e+02 1.3668429900000001e+02 5.8943999999999996e-01 1.3221524350000000e+03
6.4984853099999998e+02 1.3931137200000001e+02 5.9487999999999996e-01 1.3265884289999999e+03
6.5707700599999998e+02 1.4196949100000000e+02 6.0031999999999996e-01 1.3310359940000001e+03
6.6432970799999998e+02 1.4465865099999999e+02 6.0575999999999997e-01 1.3354949150000000e+03
6.7160669900000005e+02 1.4737884299999999e+02 6.1119999999999997e-01 1.3399649740000000e+03
6.7890803700000004e+02 1.5013005400000000e+02 6.1663999999999997e-01 1.3444459509999999e+03
6.8623378300000002e+02 1.5291226700000001e+02 6.2207999999999997e-01 1.3489376279999999e+03
6.9358399299999996e+02 1.5572546100000000e+02 6.2751999999999997e-01 1.3534397850000000e+03
7.0095872399999996e+02 1.5856961200000001e+02 6.3295999999999997e-01 1.3579522019999999e+03
7.0835803199999998e+02 1.6144469300000000e+02 6.3839999999999997e-01 1.3624746610000000e+03
7.1578196900000000e+02 1.6435067200000000e+02 6.4383999999999997e-01 1.3670069440000000e+03
7.2323059000000001e+02 1.6728751600000001e+02 6.4927999999999997e-01 1.3715488319999999e+03
7.3070394599999997e+02 1.7025519000000000e+02 6.5471999999999997e-01 1.3761001110000000e+03
7.3820208700000001e+02 1.7325365300000001e+02 6.6015999999999997e-01 1.3806605649999999e+03
7.4572506199999998e+02 1.7628286399999999e+02 6.6559999999999997e-01 1.3852299810000000e+03
7.5327292100000000e+02 1.7934278000000000e+02 6.7103999999999997e-01 1.3898081490000000e+03
7.6084570900000006e+02 1.8243335500000001e+02 6.7647999999999997e-01 1.3943948570000000e+03
7.6844347300000004e+02 1.8555454000000000e+02 6.8191999999999997e-01 1.3989899000000000e+03
7.7606625699999995e+02 1.8870628700000000e+02 6.8735999999999997e-01 1.4035930710000000e+03
7.8371410600000002e+02 1.9188854200000000e+02 6.9279999999999997e-01 1.4082041680000000e+03
7.9138706100000002e+02 1.9510125300000001e+02 6.9823999999999997e-01 1.4128229899999999e+03
7.9908516499999996e+02 1.9834436400000001e+02 7.0367999999999997e-01 1.4174493370000000e+03
8.0680845699999998e+02 2.0161781999999999e+02 7.0911999999999997e-01 1.4220830149999999e+03
8.1455697699999996e+02 2.0492156100000000e+02 7.1455999999999997e-01 1.4267238279999999e+03
8.2233076400000004e+02 2.0825552800000000e+02 7.1999999999999997e-01 1.4313715880000000e+03
8.3012985400000002e+02 2.1161966100000001e+02 7.2543999999999997e-01 1.4360261040000000e+03
8.3795428300000003e+02 2.1501389900000001e+02 7.3087999999999997e-01 1.4406871910000000e+03
8.4580408799999998e+02 2.1843817700000000e+02 7.3631999999999997e-01 1.4453546660000000e+03
8.5367930200000001e+02 2.2189243200000001e+02 7.4175999999999997e-01 1.4500283480000001e+03
8.6157995800000003e+02 2.2537660000000000e+02 7.4719999999999998e-01 1.4547080599999999e+03
8.6950608999999997e+02 2.2889061400000000e+02 7.5263999999999998e-01 1.4593936249999999e+03
8.7745772699999998e+02 2.3243440799999999e+02 7.5807999999999998e-01 1.4640848730000000e+03
8.8543490199999997e+02 2.3600791400000000e+02 7.6351999999999998e-01 1.4687816319999999e+03
8.9343764199999998e+02 2.3961106500000000e+02 7.6895999999999998e-01 1.4734837350000000e+03
9.0146597699999995e+02 2.4324379099999999e+02 7.7439999999999998e-01 1.4781910190000001e+03
9.0951993500000003e+02 2.4690602300000000e+02 7.7983999999999998e-01 1.4829033210000000e+03
9.1759954200000004e+02 2.5059769200000000e+02 7.8527999999999998e-01 1.4876204809999999e+03
9.2570482400000003e+02 2.5431872600000000e+02 7.9071999999999998e-01 1.4923423450000000e+03
9.3383580700000005e+02 2.5806905399999999e+02 7.9615999999999998e-01 1.4970687570000000e+03
9.4199251500000003e+02 2.6184860600000002e+02 8.0159999999999998e-01 1.5017995659999999e+03
9.5017497100000003e+02 2.6565731000000000e+02 8.0703999999999998e-01 1.5065346239999999e+03
9.5838319799999999e+02 2.6949509399999999e+02 8.1247999999999998e-01 1.5112737850000001e+03
9.6661721899999998e+02 2.7336188399999998e+02 8.1791999999999998e-01 1.5160169040000001e+03
9.7487705300000005e+02 2.7725760900000000e+02 8.2335999999999998e-01 1.5207638410000000e+03
9.8316272200000003e+02 2.8118219499999998e+02 8.2879999999999998e-01 1.5255144580000001e+03
9.9147424500000000e+02 2.8513556999999997e+02 8.3423999999999998e-01 1.5302686169999999e+03
9.9981164100000001e+02 2.8911765900000000e+02 8.3967999999999998e-01 1.5350261860000001e+03
1.0081749280000000e+03 2.9312839100000002e+02 8.4511999999999998e-01 1.5397870330000001e+03
1.0165641240000000e+03 2.9716768999999999e+02 8.5055999999999998e-01 1.5445510300000001e+03
1.0249792460000001e+03 3.0123548299999999e+02 8.5599999999999998e-01 1.5493180490000000e+03
1.0334203090000001e+03 3.0533169800000002e+02 8.6143999999999998e-01 1.5540879680000000e+03
1.0418873289999999e+03 3.0945625899999999e+02 8.6687999999999998e-01 1.5588606629999999e+03
1.0503803200000000e+03 3.1360909400000003e+02 8.7231999999999998e-01 1.5636360150000000e+03
1.0588992980000000e+03 3.1779012799999998e+02 8.7775999999999998e-01 1.5684139080000000e+03
1.0674442750000001e+03 3.2199928799999998e+02 8.8319999999999999e-01 1.5731942260000001e+03
1.0760152639999999e+03 3.2623649999999998e+02 8.8863999999999999e-01 1.5779768570000001e+03
1.0846122780000001e+03 3.3050169199999999e+02 8.9407999999999999e-01 1.5827616889999999e+03
1.0932353280000000e+03 3.3479478999999998e+02 8.9951999999999999e-01 1.5875486149999999e+03
1.1018844260000001e+03 3.3911572000000001e+02 9.0495999999999999e-01 1.5923375280000000e+03
1.1105595810000000e+03 3.4346441099999998e+02 9.1039999999999999e-01 1.5971283240000000e+03
1.1192608040000000e+03 3.4784078899999997e+02 9.1583999999999999e-01 1.6019209030000000e+03
1.1279881040000000e+03 3.5224478299999998e+02 9.2127999999999999e-01 1.6067151630000001e+03
1.1367414900000001e+03 3.5667631999999998e+02 9.2671999999999999e-01 1.6115110070000001e+03
1.1455209709999999e+03 3.6113533000000001e+02 9.3215999999999999e-01 1.6163083400000000e+03
1.1543265540000000e+03 3.6562174099999999e+02 9.3759999999999999e-01 1.6211070700000000e+03
1.1631582470000001e+03 3.7013548400000002e+02 9.4303999999999999e-01 1.6259071039999999e+03
1.1720160559999999e+03 3.7467648800000001e+02 9.4847999999999999e-01 1.6307083550000000e+03
1.1808999870000000e+03 3.7924468600000000e+02 9.5391999999999999e-01 1.6355107360000000e+03
1.1898100480000001e+03 3.8384000800000001e+02 9.5935999999999999e-01 1.6403141630000000e+03
1.1987462430000000e+03 3.8846238799999998e+02 9.6479999999999999e-01 1.6451185559999999e+03
1.2077085760000000e+03 3.9311176100000000e+02 9.7023999999999999e-01 1.6499238339999999e+03
1.2166970540000000e+03 3.9778806300000002e+02 9.7567999999999999e-01 1.6547299240000000e+03
1.2257116799999999e+03 4.0249123200000002e+02 9.8111999999999999e-01 1.6595367530000001e+03
1.2347524570000000e+03 4.0722120799999999e+02 9.8655999999999999e-01 1.6643442510000000e+03
1.2438193900000001e+03 4.1197793500000000e+02 9.9199999999999999e-01 1.6691523549999999e+03
1.2529124820000000e+03 4.1676136100000002e+02 9.9743999999999999e-01 1.6739610060000000e+03
1.2620317339999999e+03 4.2157144099999999e+02 1.0028800000000000e+00 1.6787701520000001e+03
1.2711771500000000e+03 4.2640813700000001e+02 1.0083200000000001e+00 1.6835797510000000e+03
1.2803487330000000e+03 4.3127142600000002e+02 1.0137600000000000e+00 1.6883897750000001e+03
1.2895464840000000e+03 4.3616131100000001e+02 1.0192000000000001e+00 1.6932002219999999e+03
1.2987704060000001e+03 4.4107784600000002e+02 1.0246400000000000e+00 1.6980111410000000e+03
1.3080205010000000e+03 4.4602127200000001e+02 1.0300800000000001e+00 1.7028227609999999e+03
1.3172967770000000e+03 4.5099208900000002e+02 1.0355200000000000e+00 1.7076355579999999e+03
1.3265992340000000e+03 4.5598866900000002e+02 1.0409600000000001e+00 1.7124479550000001e+03
1.3359278690000001e+03 4.6101083199999999e+02 1.0464000000000000e+00 1.7172597790000000e+03
1.3452826800000000e+03 4.6605850199999998e+02 1.0518400000000001e+00 1.7220709670000001e+03
1.3546636630000000e+03 4.7113160599999998e+02 1.0572800000000000e+00 1.7268814550000000e+03
1.3640708130000000e+03 4.7623007000000001e+02 1.0627200000000001e+00 1.7316911809999999e+03
1.3735041269999999e+03 4.8135381999999998e+02 1.0681600000000000e+00 1.7365000829999999e+03
1.3829636000000000e+03 4.8650278500000002e+02 1.0736000000000001e+00 1.7413081020000000e+03
1.3924492260000000e+03 4.9167689000000001e+02 1.0790400000000000e+00 1.7461151789999999e+03
1.4019610009999999e+03 4.9687606499999998e+02 1.0844800000000001e+00 1.7509212570000000e+03
1.4114989189999999e+03 5.0210023600000000e+02 1.0899200000000000e+00 1.7557262790000000e+03
1.4210629739999999e+03 5.0734933300000000e+02 1.0953599999999999e+00 1.7605301910000001e+03
1.4306531600000001e+03 5.1262328300000001e+02 1.1008000000000000e+00 1.7653329389999999e+03
1.4402694700000000e+03 5.1792201699999998e+02 1.1062399999999999e+00 1.7701344690000001e+03
1.4499118980000001e+03 5.2324546299999997e+02 1.1116800000000000e+00 1.7749347310000001e+03
1.4595804360000000e+03 5.2859355200000005e+02 1.1171199999999999e+00 1.7797336740000001e+03
1.4692750779999999e+03 5.3396621300000004e+02 1.1225600000000000e+00 1.7845312469999999e+03
1.4789958150000000e+03 5.3936337700000001e+02 1.1279999999999999e+00 1.7893274030000000e+03
1.4887426399999999e+03 5.4478497400000003e+02 1.1334400000000000e+00 1.7941220929999999e+03
1.4985155440000001e+03 5.5023093700000004e+02 1.1388799999999999e+00 1.7989152720000000e+03
1.5083145199999999e+03 5.5570119499999998e+02 1.1443200000000000e+00 1.8037068930000000e+03
1.5181395590000000e+03 5.6119568200000003e+02 1.1497599999999999e+00 1.8084969120000001e+03
1.5279906510000001e+03 5.6671432800000002e+02 1.1552000000000000e+00 1.8132852849999999e+03
1.5378677889999999e+03 5.7225706700000001e+02 1.1606399999999999e+00 1.8180719700000000e+03
1.5477709620000001e+03 5.7782383100000004e+02 1.1660800000000000e+00 1.8228569230000001e+03
1.5577001600000001e+03 5.8341455399999995e+02 1.1715199999999999e+00 1.8276401040000001e+03
1.5676553750000000e+03 5.8902916800000003e+02 1.1769600000000000e+00 1.8324214730000001e+03
1.5776365960000001e+03 5.9466760699999998e+02 1.1823999999999999e+00 1.8372009900000000e+03
1.5876438140000000e+03 6.0032980699999996e+02 1.1878400000000000e+00 1.8419786160000001e+03
1.5976770170000000e+03 6.0601569900000004e+02 1.1932799999999999e+00 1.8467543140000000e+03
1.6077361950000000e+03 6.1172522100000003e+02 1.1987200000000000e+00 1.8515280470000000e+03
1.6178213370000001e+03 6.1745830599999999e+02 1.2041599999999999e+00 1.8562997780000001e+03
1.6279324320000001e+03 6.2321488899999997e+02 1.2096000000000000e+00 1.8610694710000000e+03
1.6380694699999999e+03 6.2899490700000001e+02 1.2150399999999999e+00 1.8658370930000001e+03
1.6482324380000000e+03 6.3479829500000005e+02 1.2204800000000000e+00 1.8706026079999999e+03
1.6584213250000000e+03 6.4062499000000003e+02 1.2259199999999999e+00 1.8753659829999999e+03
1.6686361199999999e+03 6.4647492699999998e+02 1.2313600000000000e+00 1.8801271850000001e+03
1.6788768100000000e+03 6.5234804399999996e+02 1.2367999999999999e+00 1.8848861830000001e+03
1.6891433840000000e+03 6.5824427900000001e+02 1.2422400000000000e+00 1.8896429450000001e+03
1.6994358290000000e+03 6.6416356699999994e+02 1.2476799999999999e+00 1.8943974410000001e+03
1.7097541329999999e+03 6.7010584700000004e+02 1.2531200000000000e+00 1.8991496390000000e+03
1.7200982819999999e+03 6.7607105799999999e+02 1.2585599999999999e+00 1.9038995120000000e+03
1.7304682650000000e+03 6.8205913599999997e+02 1.2640000000000000e+00 1.9086470290000000e+03
1.7408640690000000e+03 6.8807002100000000e+02 1.2694399999999999e+00 1.9133921620000001e+03
1.7512856800000000e+03 6.9410365200000001e+02 1.2748800000000000e+00 1.9181348840000001e+03
1.7617330860000000e+03 7.0015996700000005e+02 1.2803199999999999e+00 1.9228751680000000e+03
1.7722062719999999e+03 7.0623890700000004e+02 1.2857600000000000e+00 1.9276129870000000e+03
1.7827052200000001e+03 7.1232820800000002e+02 1.2911999999999999e+00 1.9323388620000001e+03
1.7932297060000001e+03 7.1836164599999995e+02 1.2966400000000000e+00 1.9370016920000000e+03
1.8037794710000001e+03 7.2438244099999997e+02 1.3020799999999999e+00 1.9416352660000000e+03
1.8143543900000000e+03 7.3040417400000001e+02 1.3075200000000000e+00 1.9462502390000000e+03
1.8249543759999999e+03 7.3643243299999995e+02 1.3129599999999999e+00 1.9508510320000000e+03
1.8355793580000000e+03 7.4247038899999995e+02 1.3184000000000000e+00 1.9554401710000000e+03
1.8462292769999999e+03 7.4852010499999994e+02 1.3238399999999999e+00 1.9600193150000000e+03
1.8569040840000000e+03 7.5458303500000000e+02 1.3292800000000000e+00 1.9645896419999999e+03
1.8676037320000000e+03 7.6066025600000000e+02 1.3347199999999999e+00 1.9691520330000001e+03
1.8783281790000001e+03 7.6675260000000003e+02 1.3401600000000000e+00 1.9737071739999999e+03
1.8890773890000000e+03 7.7286072500000000e+02 1.3455999999999999e+00 1.9782556139999999e+03
1.8998513260000000e+03 7.7898516199999995e+02 1.3510400000000000e+00 1.9827978009999999e+03
1.9106499560000000e+03 7.8512634900000000e+02 1.3564799999999999e+00 1.9873341089999999e+03
1.9214732489999999e+03 7.9128465300000005e+02 1.3619200000000000e+00 1.9918648539999999e+03
1.9323211759999999e+03 7.9746038099999998e+02 1.3673599999999999e+00 1.9963903060000000e+03
1.9431937069999999e+03 8.0365379600000006e+02 1.3728000000000000e+00 2.0009106999999999e+03
1.9540908170000000e+03 8.0986512400000004e+02 1.3782399999999999e+00 2.0054262400000000e+03
1.9650124790000000e+03 8.1609456000000000e+02 1.3836800000000000e+00 2.0099371030000000e+03
1.9759586670000001e+03 8.2234227299999998e+02 1.3891199999999999e+00 2.0144434500000000e+03
1.9869293590000000e+03 8.2860841000000005e+02 1.3945600000000000e+00 2.0189454220000000e+03
1.9979245309999999e+03 8.3489310000000000e+02 1.3999999999999999e+00 2.0234431450000000e+03
