# epsilon[MeV/fm^3] P[MeV/fm^3] nB[fm^-3] muB[MeV]
3.7936656999999997e+01 1.8184000000000000e-01 4.0000000000000001e-02 9.5296425299999999e+02
4.3122486000000002e+01 2.0801600000000001e-01 4.5440000000000001e-02 9.5357799999999997e+02
4.8311269000000003e+01 2.3108999999999999e-01 5.0880000000000002e-02 9.5405761199999995e+02
5.3502361999999998e+01 2.5128000000000000e-01 5.6320000000000002e-02 9.5443435699999998e+02
5.8695287000000000e+01 2.6927699999999999e-01 6.1760000000000002e-02 9.5473890400000005e+02
6.3889733999999997e+01 2.8617999999999999e-01 6.7199999999999996e-02 9.5500049500000000e+02
6.9085542000000004e+01 3.0343300000000001e-01 7.2639999999999996e-02 9.5524647200000004e+02
7.4282696999999999e+01 3.2276600000000000e-01 7.8079999999999997e-02 9.5550205600000004e+02
7.9481313999999998e+01 3.4614299999999998e-01 8.3519999999999997e-02 9.5579027099999996e+02
8.4681627000000006e+01 3.7571599999999999e-01 8.8959999999999997e-02 9.5613196000000005e+02
8.9883972999999997e+01 4.1298000000000001e-01 9.4399999999999998e-02 9.5653726700000004e+02
9.5088665000000006e+01 4.5843000000000000e-01 9.9839999999999998e-02 9.5700389600000005e+02
1.0029614200000000e+02 5.1638600000000001e-01 1.0528000000000000e-01 9.5756754500000000e+02
1.0550698500000000e+02 5.8993300000000004e-01 1.1072000000000000e-01 9.5824701700000003e+02
1.1072186200000000e+02 6.8183499999999997e-01 1.1616000000000000e-01 9.5905559300000004e+02
1.1594150500000001e+02 7.9470600000000002e-01 1.2160000000000000e-01 9.6000346200000001e+02
1.2116669400000001e+02 9.3104900000000002e-01 1.2703999999999999e-01 9.6109856300000001e+02
1.2639824600000000e+02 1.0932610000000000e+00 1.3247999999999999e-01 9.6234703200000001e+02
1.3163701100000000e+02 1.2836360000000000e+00 1.3791999999999999e-01 9.6375349800000004e+02
1.3688385600000001e+02 1.5043620000000000e+00 1.4335999999999999e-01 9.6532131000000004e+02
1.4213966600000001e+02 1.7575259999999999e+00 1.4879999999999999e-01 9.6705272900000000e+02
1.4740533500000001e+02 2.0451090000000001e+00 1.5423999999999999e-01 9.6894908499999997e+02
1.5268176299999999e+02 2.3689909999999998e+00 1.5967999999999999e-01 9.7101093500000002e+02
1.5796985000000001e+02 2.7309589999999999e+00 1.6511999999999999e-01 9.7323818600000004e+02
1.6327049400000001e+02 3.1327069999999999e+00 1.7055999999999999e-01 9.7563022100000001e+02
1.6858458899999999e+02 3.5758489999999998e+00 1.7599999999999999e-01 9.7818600300000003e+02
1.7391302300000001e+02 4.0619220000000000e+00 1.8143999999999999e-01 9.8090416400000004e+02
1.7925667400000000e+02 4.5923930000000004e+00 1.8687999999999999e-01 9.8378308400000003e+02
1.8461641200000000e+02 5.1686699999999997e+00 1.9231999999999999e-01 9.8682096200000001e+02
1.8999309800000000e+02 5.7921050000000003e+00 1.9775999999999999e-01 9.9001586399999997e+02
1.9538758100000001e+02 6.4640000000000004e+00 2.0319999999999999e-01 9.9336576600000001e+02
2.0080069700000001e+02 7.1856140000000002e+00 2.0863999999999999e-01 9.9686859100000004e+02
2.0623327300000000e+02 7.9581640000000000e+00 2.1407999999999999e-01 1.0005222280000000e+03
2.1168612500000000e+02 8.7828300000000006e+00 2.1951999999999999e-01 1.0043245510000000e+03
2.1716005500000000e+02 9.6607559999999992e+00 2.2495999999999999e-01 1.0082734310000000e+03
2.2265585600000000e+02 1.0593052000000000e+01 2.3039999999999999e-01 1.0123667380000001e+03
2.2817430700000000e+02 1.1580792000000001e+01 2.3583999999999999e-01 1.0166023440000000e+03
2.3371617800000001e+02 1.2625017000000000e+01 2.4127999999999999e-01 1.0209781230000000e+03
2.3928222400000001e+02 1.3726732000000000e+01 2.4671999999999999e-01 1.0254919460000001e+03
2.4487319199999999e+02 1.4886906000000000e+01 2.5216000000000000e-01 1.0301416740000000e+03
2.5048981599999999e+02 1.6106469000000001e+01 2.5760000000000000e-01 1.0349251569999999e+03
2.5613281699999999e+02 1.7386310000000002e+01 2.6304000000000000e-01 1.0398402229999999e+03
2.6180290500000001e+02 1.8727277000000001e+01 2.6848000000000000e-01 1.0448846750000000e+03
2.6750078000000002e+02 2.0130172999999999e+01 2.7392000000000000e-01 1.0500562849999999e+03
2.7322712600000000e+02 2.1595753999999999e+01 2.7936000000000000e-01 1.0553527870000000e+03
2.7898261700000000e+02 2.3124728000000001e+01 2.8480000000000000e-01 1.0607718740000000e+03
2.8476791400000002e+02 2.4717752000000001e+01 2.9024000000000000e-01 1.0663111939999999e+03
2.9058366500000000e+02 2.6375432000000000e+01 2.9568000000000000e-01 1.0719683490000000e+03
2.9643050499999998e+02 2.8098317999999999e+01 3.0112000000000000e-01 1.0777408909999999e+03
3.0230905400000000e+02 2.9886907999999998e+01 3.0656000000000000e-01 1.0836263250000000e+03
3.0821992000000000e+02 3.1741641999999999e+01 3.1200000000000000e-01 1.0896221069999999e+03
3.1416369800000001e+02 3.3662906000000000e+01 3.1744000000000000e-01 1.0957256460000001e+03
3.2014096499999999e+02 3.5651027999999997e+01 3.2288000000000000e-01 1.1019343070000000e+03
3.2615228800000000e+02 3.7706280000000000e+01 3.2832000000000000e-01 1.1082454130000001e+03
3.3219821600000000e+02 3.9828878000000003e+01 3.3376000000000000e-01 1.1146562530000001e+03
3.3827928400000002e+02 4.2018982999999999e+01 3.3920000000000000e-01 1.1211640780000000e+03
3.4439601399999998e+02 4.4276702000000000e+01 3.4464000000000000e-01 1.1277661160000000e+03
3.5054890899999998e+02 4.6602088000000002e+01 3.5008000000000000e-01 1.1344595690000001e+03
3.5673840500000000e+02 4.8952916000000002e+01 3.5552000000000000e-01 1.1411226959999999e+03
3.6296149600000001e+02 5.0987174000000003e+01 3.6096000000000000e-01 1.1468010290000000e+03
3.6921441700000003e+02 5.2930112000000001e+01 3.6640000000000000e-01 1.1521429240000000e+03
3.7549592400000000e+02 5.4842984999999999e+01 3.7184000000000000e-01 1.1573245370000000e+03
3.8180533000000003e+02 5.6746715999999999e+01 3.7728000000000000e-01 1.1624064440000000e+03
3.8814218499999998e+02 5.8652051000000000e+01 3.8272000000000000e-01 1.1674197910000000e+03
3.9450617199999999e+02 6.0565494000000001e+01 3.8816000000000001e-01 1.1723834030000000e+03
4.0089705500000002e+02 6.2491380999999997e+01 3.9360000000000001e-01 1.1773097600000001e+03
4.0731465800000001e+02 6.4432789000000000e+01 3.9904000000000001e-01 1.1822076509999999e+03
4.1375845500000003e+02 6.6276926000000003e+01 4.0448000000000001e-01 1.1867980720000000e+03
4.2022581400000001e+02 6.7985569999999996e+01 4.0992000000000001e-01 1.1909936000000000e+03
4.2671580999999998e+02 6.9692631000000006e+01 4.1536000000000001e-01 1.1951299150000000e+03
4.3322823599999998e+02 7.1412464000000000e+01 4.2080000000000001e-01 1.1992429390000000e+03
4.3976300700000002e+02 7.3150559999999999e+01 4.2624000000000001e-01 1.2033462469999999e+03
4.4632009099999999e+02 7.4909834000000004e+01 4.3168000000000001e-01 1.2074468859999999e+03
4.5289948600000002e+02 7.6692098000000001e+01 4.3712000000000001e-01 1.2115490940000000e+03
4.5950120800000002e+02 7.8498588999999996e+01 4.4256000000000001e-01 1.2156556439999999e+03
4.6612528700000001e+02 8.0330206000000004e+01 4.4800000000000001e-01 1.2197684529999999e+03
4.7277176100000003e+02 8.2187635999999998e+01 4.5344000000000001e-01 1.2238888930000001e+03
4.7944067300000000e+02 8.4071420000000003e+01 4.5888000000000001e-01 1.2280179680000001e+03
4.8613207399999999e+02 8.5981997000000007e+01 4.6432000000000001e-01 1.2321564240000000e+03
4.9284601500000002e+02 8.7919726999999995e+01 4.6976000000000001e-01 1.2363048180000001e+03
4.9958255200000002e+02 8.9884916000000004e+01 4.7520000000000001e-01 1.2404635659999999e+03
5.0634174300000001e+02 9.1877820000000000e+01 4.8064000000000001e-01 1.2446329699999999e+03
5.1312364500000001e+02 9.3898662999999999e+01 4.8608000000000001e-01 1.2488132499999999e+03
5.1992831899999999e+02 9.5947632999999996e+01 4.9152000000000001e-01 1.2530045530000000e+03
5.2675582399999996e+02 9.8024897999999993e+01 4.9696000000000001e-01 1.2572069730000001e+03
5.3360622200000000e+02 1.0013060200000000e+02 5.0239999999999996e-01 1.2614205569999999e+03
5.4047957299999996e+02 1.0226486900000000e+02 5.0783999999999996e-01 1.2656453120000001e+03
5.4737593800000002e+02 1.0442780900000000e+02 5.1327999999999996e-01 1.2698812129999999e+03
5.5429537800000003e+02 1.0661951700000000e+02 5.1871999999999996e-01 1.2741282120000001e+03
5.6123795199999995e+02 1.0884007500000000e+02 5.2415999999999996e-01 1.2783862320000001e+03
5.6820371999999998e+02 1.1108955400000001e+02 5.2959999999999996e-01 1.2826551800000000e+03
5.7519274199999995e+02 1.1336801300000000e+02 5.3503999999999996e-01 1.2869349470000000e+03
5.8220507599999996e+02 1.1567550300000001e+02 5.4047999999999996e-01 1.2912254069999999e+03
5.8924077999999997e+02 1.1801206700000000e+02 5.4591999999999996e-01 1.2955264230000000e+03
5.9629991099999995e+02 1.2037773700000000e+02 5.5135999999999996e-01 1.2998378459999999e+03
6.0338252499999999e+02 1.2277254000000001e+02 5.5679999999999996e-01 1.3041595210000000e+03
6.1048867700000005e+02 1.2519649500000000e+02 5.6223999999999996e-01 1.3084912820000000e+03
6.1761842200000001e+02 1.2764961500000000e+02 5.6767999999999996e-01 1.3128329580000000e+03
6.2477181399999995e+02 1.3013190700000001e+02 5.7311999999999996e-01 1.3171843710000001e+03
6.3194890499999997e+02 1.3264337200000000e+02 5.7855999999999996e-01 1.3215453399999999e+03
6.3914974600000005e+02 1.3518400500000001e+02 5.8399999999999996e-01 1.3259156770000000e+03
6.4637438799999995e+02 1.3775379699999999e+02 5.8943999999999996e-01 1.3302951940000000e+03
6.5362288000000001e+02 1.4035273400000000e+02 5.9487999999999996e-01 1.3346836969999999e+03
6.6089526999999998e+02 1.4298079799999999e+02 6.0031999999999996e-01 1.3390809930000000e+03
6.6819160699999998e+02 1.4563796500000001e+02 6.0575999999999997e-01 1.3434868850000000e+03
6.7551193599999999e+02 1.4832420999999999e+02 6.1119999999999997e-01 1.3479011750000000e+03
6.8285630200000003e+02 1.5103950100000000e+02 6.1663999999999997e-01 1.3523236660000000e+03
6.9022474899999997e+02 1.5378380400000000e+02 6.2207999999999997e-01 1.3567541560000000e+03
6.9761732099999995e+02 1.5655708200000001e+02 6.2751999999999997e-01 1.3611924489999999e+03
7.0503405899999996e+02 1.5935929400000001e+02 6.3295999999999997e-01 1.3656383430000001e+03
7.1247500400000001e+02 1.6219039699999999e+02 6.3839999999999997e-01 1.3700916410000000e+03
7.1994019600000001e+02 1.6505034400000000e+02 6.4383999999999997e-01 1.3745521440000000e+03
7.2742967299999998e+02 1.6793908600000000e+02 6.4927999999999997e-01 1.3790196539999999e+03
7.3494347300000004e+02 1.7085657000000000e+02 6.5471999999999997e-01 1.3834939760000000e+03
7.4248163299999999e+02 1.7380274299999999e+02 6.6015999999999997e-01 1.3879749130000000e+03
7.5004418899999996e+02 1.7677754700000000e+02 6.6559999999999997e-01 1.3924622720000000e+03
7.5763117299999999e+02 1.7978092500000000e+02 6.7103999999999997e-01 1.3969558600000000e+03
7.6524261999999999e+02 1.8281281400000000e+02 6.7647999999999997e-01 1.4014554869999999e+03
7.7287856299999999e+02 1.8587315300000000e+02 6.8191999999999997e-01 1.4059609620000001e+03
7.8053903200000002e+02 1.8896187699999999e+02 6.8735999999999997e-01 1.4104720980000000e+03
7.8822405700000002e+02 1.9207891799999999e+02 6.9279999999999997e-01 1.4149887110000000e+03
7.9593366900000001e+02 1.9522421000000000e+02 6.9823999999999997e-01 1.4195106160000000e+03
8.0366789500000004e+02 1.9839768100000001e+02 7.0367999999999997e-01 1.4240376320000000e+03
8.1142676300000005e+02 2.0159926300000001e+02 7.0911999999999997e-01 1.4285695790000000e+03
8.1921029899999996e+02 2.0482888100000000e+02 7.1455999999999997e-01 1.4331062810000001e+03
8.2701852799999995e+02 2.0808646100000001e+02 7.1999999999999997e-01 1.4376475610000000e+03
8.3485147400000005e+02 2.1137192999999999e+02 7.2543999999999997e-01 1.4421932489999999e+03
8.4270916299999999e+02 2.1468521100000001e+02 7.3087999999999997e-01 1.4467431720000000e+03
8.5059161500000005e+02 2.1802622600000001e+02 7.3631999999999997e-01 1.4512971630000000e+03
8.5849885200000006e+02 2.2139489800000001e+02 7.4175999999999997e-01 1.4558550570000000e+03
8.6643089599999996e+02 2.2479114700000000e+02 7.4719999999999998e-01 1.4604166889999999e+03
8.7438776600000006e+02 2.2821489199999999e+02 7.5263999999999998e-01 1.4649818990000001e+03
8.8236948099999995e+02 2.3166605400000000e+02 7.5807999999999998e-01 1.4695505280000000e+03
8.9037606000000005e+02 2.3514455100000001e+02 7.6351999999999998e-01 1.4741224210000000e+03
8.9840751999999998e+02 2.3865029899999999e+02 7.6895999999999998e-01 1.4786974220000000e+03
9.0646387700000002e+02 2.4218321700000001e+02 7.7439999999999998e-01 1.4832753809999999e+03
9.1454514600000005e+02 2.4574322000000001e+02 7.7983999999999998e-01 1.4878561480000001e+03
9.2265134399999999e+02 2.4933022500000001e+02 7.8527999999999998e-01 1.4924395770000001e+03
9.3078248299999996e+02 2.5294414599999999e+02 7.9071999999999998e-01 1.4970255250000000e+03
9.3893857800000001e+02 2.5658489900000001e+02 7.9615999999999998e-01 1.5016138480000000e+03
9.4711964000000000e+02 2.6025239800000003e+02 8.0159999999999998e-01 1.5062044080000001e+03
9.5532568200000003e+02 2.6394655699999998e+02 8.0703999999999998e-01 1.5107970660000001e+03
9.6355671400000006e+02 2.6766728899999998e+02 8.1247999999999998e-01 1.5153916899999999e+03
9.7181274699999994e+02 2.7141450900000001e+02 8.1791999999999998e-01 1.5199881450000000e+03
9.8009379000000001e+02 2.7518812900000000e+02 8.2335999999999998e-01 1.5245863030000000e+03
9.8839985300000001e+02 2.7898806200000001e+02 8.2879999999999998e-01 1.5291860340000001e+03
9.9673094400000002e+02 2.8281421999999998e+02 8.3423999999999998e-01 1.5337872139999999e+03
1.0050870700000000e+03 2.8666651700000000e+02 8.3967999999999998e-01 1.5383897179999999e+03
1.0134682370000000e+03 2.9054486400000002e+02 8.4511999999999998e-01 1.5429934270000001e+03
1.0218744530000000e+03 2.9444917400000003e+02 8.5055999999999998e-01 1.5475982200000001e+03
1.0303057229999999e+03 2.9837936000000002e+02 8.5599999999999998e-01 1.5522039810000001e+03
1.0387620509999999e+03 3.0233533199999999e+02 8.6143999999999998e-01 1.5568105960000000e+03
1.0472434420000000e+03 3.0631700300000000e+02 8.6687999999999998e-01 1.5614179520000000e+03
1.0557499000000000e+03 3.1032428599999997e+02 8.7231999999999998e-01 1.5660259380000000e+03
1.0642814289999999e+03 3.1435709300000002e+02 8.7775999999999998e-01 1.5706344460000000e+03
1.0728380290000000e+03 3.1841533399999997e+02 8.8319999999999999e-01 1.5752433710000000e+03
1.0814197039999999e+03 3.2249892399999999e+02 8.8863999999999999e-01 1.5798526070000000e+03
1.0900264549999999e+03 3.2660777400000001e+02 8.9407999999999999e-01 1.5844620540000001e+03
1.0986582820000001e+03 3.3074179600000002e+02 8.9951999999999999e-01 1.5890716090000001e+03
1.1073151860000000e+03 3.3490090300000003e+02 9.0495999999999999e-01 1.5936811760000001e+03
1.1159971680000001e+03 3.3908500900000001e+02 9.1039999999999999e-01 1.5982906579999999e+03
1.1247042250000000e+03 3.4329402499999998e+02 9.1583999999999999e-01 1.6028999610000001e+03
1.1334363570000000e+03 3.4752786500000002e+02 9.2127999999999999e-01 1.6075089920000000e+03
1.1421935619999999e+03 3.5178644300000002e+02 9.2671999999999999e-01 1.6121176610000000e+03
1.1509758380000001e+03 3.5606967200000003e+02 9.3215999999999999e-01 1.6167258790000001e+03
1.1597831819999999e+03 3.6037746600000003e+02 9.3759999999999999e-01 1.6213335600000000e+03
1.1686155920000001e+03 3.6470974000000001e+02 9.4303999999999999e-01 1.6259406180000001e+03
1.1774730620000000e+03 3.6906640800000002e+02 9.4847999999999999e-01 1.6305469700000001e+03
1.1863555899999999e+03 3.7344738500000000e+02 9.5391999999999999e-01 1.6351525360000001e+03
1.1952631710000001e+03 3.7785258700000003e+02 9.5935999999999999e-01 1.6397572359999999e+03
1.2041958000000000e+03 3.8228192899999999e+02 9.6479999999999999e-01 1.6443609910000000e+03
1.2131534710000001e+03 3.8673532899999998e+02 9.7023999999999999e-01 1.6489637279999999e+03
1.2221361790000001e+03 3.9121270299999998e+02 9.7567999999999999e-01 1.6535653709999999e+03
1.2311439180000000e+03 3.9571396900000002e+02 9.8111999999999999e-01 1.6581658490000000e+03
1.2401766809999999e+03 4.0023904599999997e+02 9.8655999999999999e-01 1.6627650920000001e+03
1.2492344610000000e+03 4.0478785199999999e+02 9.9199999999999999e-01 1.6673630310000001e+03
1.2583172509999999e+03 4.0936030799999997e+02 9.9743999999999999e-01 1.6719596019999999e+03
1.2674250430000000e+03 4.1395633500000002e+02 1.0028800000000000e+00 1.6765547389999999e+03
1.2765578290000001e+03 4.1857585599999999e+02 1.0083200000000001e+00 1.6811483810000000e+03
1.2857156020000000e+03 4.2321879400000000e+02 1.0137600000000000e+00 1.6857404690000001e+03
1.2948983519999999e+03 4.2788507600000003e+02 1.0192000000000001e+00 1.6903309480000000e+03
1.3041060700000000e+03 4.3257463000000001e+02 1.0246400000000000e+00 1.6949197630000001e+03
1.3133387479999999e+03 4.3728738600000003e+02 1.0300800000000001e+00 1.6995068659999999e+03
1.3225963750000001e+03 4.4202328199999999e+02 1.0355200000000000e+00 1.7040922120000000e+03
1.3318789429999999e+03 4.4678225700000002e+02 1.0409600000000001e+00 1.7086757640000001e+03
1.3411864410000001e+03 4.5156426299999998e+02 1.0464000000000000e+00 1.7132574920000000e+03
1.3505188599999999e+03 4.5636926599999998e+02 1.0518400000000001e+00 1.7178373830000000e+03
1.3598761880000000e+03 4.6119726400000002e+02 1.0572800000000000e+00 1.7224154540000000e+03
1.3692584179999999e+03 4.6604834499999998e+02 1.0627200000000001e+00 1.7269918080000000e+03
1.3786655400000000e+03 4.7092294800000002e+02 1.0681600000000000e+00 1.7315668730000000e+03
1.3880975450000001e+03 4.7582004899999998e+02 1.0736000000000001e+00 1.7361397079999999e+03
1.3975544199999999e+03 4.8073927800000001e+02 1.0790400000000000e+00 1.7407099890000000e+03
1.4070361519999999e+03 4.8568055399999997e+02 1.0844800000000001e+00 1.7452776690000001e+03
1.4165427250000000e+03 4.9064379600000001e+02 1.0899200000000000e+00 1.7498426990000000e+03
1.4260741250000001e+03 4.9562892499999998e+02 1.0953599999999999e+00 1.7544050319999999e+03
1.4356303379999999e+03 5.0063586199999997e+02 1.1008000000000000e+00 1.7589646240000000e+03
1.4452113480000000e+03 5.0566452800000002e+02 1.1062399999999999e+00 1.7635214300000000e+03
1.4548171400000001e+03 5.1071484400000003e+02 1.1116800000000000e+00 1.7680754059999999e+03
1.4644476990000001e+03 5.1578673300000003e+02 1.1171199999999999e+00 1.7726265100000001e+03
1.4741030080000000e+03 5.2088011600000004e+02 1.1225600000000000e+00 1.7771747000000000e+03
1.4837830520000000e+03 5.2599491699999999e+02 1.1279999999999999e+00 1.7817199370000001e+03
1.4934878150000000e+03 5.3113105900000005e+02 1.1334400000000000e+00 1.7862621810000001e+03
1.5032172800000001e+03 5.3628846599999997e+02 1.1388799999999999e+00 1.7908013930000000e+03
1.5129714309999999e+03 5.4146706200000006e+02 1.1443200000000000e+00 1.7953375370000001e+03
1.5227502500000001e+03 5.4666677100000004e+02 1.1497599999999999e+00 1.7998705749999999e+03
1.5325537210000000e+03 5.5188751999999999e+02 1.1552000000000000e+00 1.8044004709999999e+03
1.5423818269999999e+03 5.5712923200000000e+02 1.1606399999999999e+00 1.8089271910000000e+03
1.5522345510000000e+03 5.6239183500000001e+02 1.1660800000000000e+00 1.8134507020000001e+03
1.5621118739999999e+03 5.6767525499999999e+02 1.1715199999999999e+00 1.8179709690000000e+03
1.5720137790000001e+03 5.7297941800000001e+02 1.1769600000000000e+00 1.8224879610000000e+03
1.5819402480000001e+03 5.7830425200000002e+02 1.1823999999999999e+00 1.8270016459999999e+03
1.5918912630000000e+03 5.8364968399999998e+02 1.1878400000000000e+00 1.8315119930000001e+03
1.6018668050000001e+03 5.8901564299999995e+02 1.1932799999999999e+00 1.8360189740000001e+03
1.6118668580000001e+03 5.9440205700000001e+02 1.1987200000000000e+00 1.8405225570000000e+03
1.6218914000000000e+03 5.9980885499999999e+02 1.2041599999999999e+00 1.8450227159999999e+03
1.6319404150000000e+03 6.0523596599999996e+02 1.2096000000000000e+00 1.8495194220000001e+03
1.6420138840000000e+03 6.1068332099999998e+02 1.2150399999999999e+00 1.8540126479999999e+03
1.6521117859999999e+03 6.1615084899999999e+02 1.2204800000000000e+00 1.8585023690000000e+03
1.6622341030000000e+03 6.2163848099999996e+02 1.2259199999999999e+00 1.8629885580000000e+03
1.6723808170000000e+03 6.2714614800000004e+02 1.2313600000000000e+00 1.8674711920000000e+03
1.6825519059999999e+03 6.3267378099999996e+02 1.2367999999999999e+00 1.8719502450000000e+03
1.6927473530000000e+03 6.3822131300000001e+02 1.2422400000000000e+00 1.8764256940000000e+03
1.7029671360000000e+03 6.4378867600000001e+02 1.2476799999999999e+00 1.8808975170000001e+03
1.7132112370000000e+03 6.4937580200000002e+02 1.2531200000000000e+00 1.8853656900000001e+03
1.7234796349999999e+03 6.5498262499999998e+02 1.2585599999999999e+00 1.8898301930000000e+03
1.7337723109999999e+03 6.6060907699999996e+02 1.2640000000000000e+00 1.8942910039999999e+03
1.7440892440000000e+03 6.6625509399999999e+02 1.2694399999999999e+00 1.8987481029999999e+03
1.7544304139999999e+03 6.7192060800000002e+02 1.2748800000000000e+00 1.9032014690000001e+03
1.7647958010000000e+03 6.7760555499999998e+02 1.2803199999999999e+00 1.9076510840000001e+03
1.7751853830000000e+03 6.8330987000000005e+02 1.2857600000000000e+00 1.9120969279999999e+03
1.7855991420000000e+03 6.8903348800000003e+02 1.2911999999999999e+00 1.9165389840000000e+03
1.7960370550000000e+03 6.9477634499999999e+02 1.2966400000000000e+00 1.9209772340000000e+03
1.8064991030000001e+03 7.0053837799999997e+02 1.3020799999999999e+00 1.9254116590000001e+03
1.8169852630000000e+03 7.0631952200000001e+02 1.3075200000000000e+00 1.9298422450000000e+03
1.8274955170000001e+03 7.1211971500000004e+02 1.3129599999999999e+00 1.9342689740000001e+03
1.8380298410000000e+03 7.1793889500000000e+02 1.3184000000000000e+00 1.9386918300000000e+03
1.8485882160000001e+03 7.2377699800000005e+02 1.3238399999999999e+00 1.9431107990000000e+03
1.8591706200000001e+03 7.2963396399999999e+02 1.3292800000000000e+00 1.9475258660000000e+03
1.8697770320000000e+03 7.3550972999999999e+02 1.3347199999999999e+00 1.9519370170000000e+03
1.8804074300000000e+03 7.4140423499999997e+02 1.3401600000000000e+00 1.9563442359999999e+03
1.8910617840000000e+03 7.4730356900000004e+02 1.3455999999999999e+00 1.9607372120000000e+03
1.9017399129999999e+03 7.5316858200000001e+02 1.3510400000000000e+00 1.9650870050000001e+03
1.9124416440000000e+03 7.5902927699999998e+02 1.3564799999999999e+00 1.9694161270000000e+03
1.9231668860000000e+03 7.6489394400000003e+02 1.3619200000000000e+00 1.9737308430000000e+03
1.9339155679999999e+03 7.7076625600000000e+02 1.3673599999999999e+00 1.9780339600000000e+03
1.9446876319999999e+03 7.7664835600000004e+02 1.3728000000000000e+00 1.9823271370000000e+03
1.9554830270000000e+03 7.8254166199999997e+02 1.3782399999999999e+00 1.9866114809999999e+03
1.9663017070000001e+03 7.8844718300000000e+02 1.3836800000000000e+00 1.9908877930000001e+03
1.9771436309999999e+03 7.9436567100000002e+02 1.3891199999999999e+00 1.9951566789999999e+03
1.9880087579999999e+03 8.0029770799999994e+02 1.3945600000000000e+00 1.9994186159999999e+03
1.9988970540000000e+03 8.0624375599999996e+02 1.3999999999999999e+00 2.0036739869999999e+03
