# epsilon[MeV/fm^3] P[MeV/fm^3] nB[fm^-3] muB[MeV]
3.7892394000000003e+01 1.5554899999999999e-01 4.0000000000000001e-02 9.5120039499999996e+02
4.3068553999999999e+01 1.8079999999999999e-01 4.5440000000000001e-02 9.5179216599999995e+02
4.8247647000000001e+01 2.0446400000000001e-01 5.0880000000000002e-02 9.5228385100000003e+02
5.3429188000000003e+01 2.2666800000000001e-01 5.6320000000000002e-02 9.5269808300000000e+02
5.8612819000000002e+01 2.4795000000000000e-01 6.1760000000000002e-02 9.5305828099999997e+02
6.3798310999999998e+01 2.6923100000000000e-01 6.7199999999999996e-02 9.5338781600000004e+02
6.8985557000000000e+01 2.9176500000000000e-01 7.2639999999999996e-02 9.5370939099999998e+02
7.4174574000000007e+01 3.1709199999999998e-01 7.8079999999999997e-02 9.5404462400000000e+02
7.9365492000000003e+01 3.4699999999999998e-01 8.3519999999999997e-02 9.5441377799999998e+02
8.4558547000000004e+01 3.8347399999999998e-01 8.8959999999999997e-02 9.5483561399999996e+02
8.9754073000000005e+01 4.2866199999999999e-01 9.4399999999999998e-02 9.5532731500000000e+02
9.4952492000000007e+01 4.8483700000000002e-01 9.9839999999999998e-02 9.5590446699999995e+02
1.0015430800000000e+02 5.5436500000000000e-01 1.0528000000000000e-01 9.5658107299999995e+02
1.0536008300000000e+02 6.3850899999999999e-01 1.1072000000000000e-01 9.5735894800000005e+02
1.1057034899999999e+02 7.3866399999999999e-01 1.1616000000000000e-01 9.5824046099999998e+02
1.1578574000000000e+02 8.5864099999999999e-01 1.2160000000000000e-01 9.5924826399999995e+02
1.2100697700000001e+02 1.0012580000000000e+00 1.2703999999999999e-01 9.6039398300000005e+02
1.2623483400000001e+02 1.1691000000000000e+00 1.3247999999999999e-01 9.6168598599999996e+02
1.3147012500000000e+02 1.3646250000000000e+00 1.3791999999999999e-01 9.6313068199999998e+02
1.3671369400000000e+02 1.5901900000000000e+00 1.4335999999999999e-01 9.6473302600000000e+02
1.4196641099999999e+02 1.8480650000000001e+00 1.4879999999999999e-01 9.6649682399999995e+02
1.4722916100000000e+02 2.1404410000000000e+00 1.5423999999999999e-01 9.6842493300000001e+02
1.5250284500000001e+02 2.4694280000000002e+00 1.5967999999999999e-01 9.7051942399999996e+02
1.5778837100000001e+02 2.8370679999999999e+00 1.6511999999999999e-01 9.7278171699999996e+02
1.6308665600000000e+02 3.2453330000000000e+00 1.7055999999999999e-01 9.7521268499999996e+02
1.6839861900000000e+02 3.6961320000000000e+00 1.7599999999999999e-01 9.7781275500000004e+02
1.7372517900000000e+02 4.1913130000000001e+00 1.8143999999999999e-01 9.8058198200000004e+02
1.7906725700000001e+02 4.7326699999999997e+00 1.8687999999999999e-01 9.8352011300000004e+02
1.8442577000000000e+02 5.3219459999999996e+00 1.9231999999999999e-01 9.8662664600000005e+02
1.8980163300000001e+02 5.9608330000000000e+00 1.9775999999999999e-01 9.8990086799999995e+02
1.9519575599999999e+02 6.6509770000000001e+00 2.0319999999999999e-01 9.9334188800000004e+02
2.0060904400000001e+02 7.3939779999999997e+00 2.0863999999999999e-01 9.9694866500000001e+02
2.0604239500000000e+02 8.1913909999999994e+00 2.1407999999999999e-01 1.0007200230000000e+03
2.1149670200000000e+02 9.0447240000000004e+00 2.1951999999999999e-01 1.0046546640000000e+03
2.1697284999999999e+02 9.9554390000000001e+00 2.2495999999999999e-01 1.0087511740000000e+03
2.2247171499999999e+02 1.0924950000000001e+01 2.3039999999999999e-01 1.0130080270000000e+03
2.2799416600000001e+02 1.1954618999999999e+01 2.3583999999999999e-01 1.0174235840000000e+03
2.3354106100000001e+02 1.3045755000000000e+01 2.4127999999999999e-01 1.0219960950000000e+03
2.3911324900000000e+02 1.4199608000000000e+01 2.4671999999999999e-01 1.0267236909999999e+03
2.4471156999999999e+02 1.5417370999999999e+01 2.5216000000000000e-01 1.0316043840000000e+03
2.5033685000000000e+02 1.6700170000000000e+01 2.5760000000000000e-01 1.0366360660000000e+03
2.5598990499999999e+02 1.8049067000000001e+01 2.6304000000000000e-01 1.0418164990000000e+03
2.6167153900000000e+02 1.9465050000000002e+01 2.6848000000000000e-01 1.0471433230000000e+03
2.6738254200000000e+02 2.0949038000000002e+01 2.7392000000000000e-01 1.0526140450000000e+03
2.7312368900000001e+02 2.2501871000000001e+01 2.7936000000000000e-01 1.0582260480000000e+03
2.7889574199999998e+02 2.4124310999999999e+01 2.8480000000000000e-01 1.0639765880000000e+03
2.8469944800000002e+02 2.5817042000000001e+01 2.9024000000000000e-01 1.0698628000000001e+03
2.9053553599999998e+02 2.7580666000000001e+01 2.9568000000000000e-01 1.0758816979999999e+03
2.9640472100000000e+02 2.9415702000000000e+01 3.0112000000000000e-01 1.0820301910000001e+03
3.0230769800000002e+02 3.1322588000000000e+01 3.0656000000000000e-01 1.0883050780000001e+03
3.0824514799999997e+02 3.3301681000000002e+01 3.1200000000000000e-01 1.0947030669999999e+03
3.1421773000000002e+02 3.5353256000000002e+01 3.1744000000000000e-01 1.1012207800000001e+03
3.2022608700000001e+02 3.7477508999999998e+01 3.2288000000000000e-01 1.1078547610000001e+03
3.2627084200000002e+02 3.9674560999999997e+01 3.2832000000000000e-01 1.1146014940000000e+03
3.3235259900000000e+02 4.1944454000000000e+01 3.3376000000000000e-01 1.1214574070000001e+03
3.3847194300000001e+02 4.4287163000000000e+01 3.3920000000000000e-01 1.1284188879999999e+03
3.4462943700000000e+02 4.6702590000000001e+01 3.4464000000000000e-01 1.1354822970000000e+03
3.5082562799999999e+02 4.9190573000000001e+01 3.5008000000000000e-01 1.1426439740000001e+03
3.5706032699999997e+02 5.1560513999999998e+01 3.5552000000000000e-01 1.1493627779999999e+03
3.6332858900000002e+02 5.3643613000000002e+01 3.6096000000000000e-01 1.1551773720000001e+03
3.6962768499999999e+02 5.5663327000000002e+01 3.6640000000000000e-01 1.1607304690000001e+03
3.7595657199999999e+02 5.7660705999999998e+01 3.7184000000000000e-01 1.1661411340000000e+03
3.8231462800000003e+02 5.9652968999999999e+01 3.7728000000000000e-01 1.1714595190000000e+03
3.8870014099999997e+02 6.1416902000000000e+01 3.8272000000000000e-01 1.1761018549999999e+03
3.9510976799999997e+02 6.3093603000000002e+01 3.8816000000000001e-01 1.1804514600000000e+03
4.0154289299999999e+02 6.4773488999999998e+01 3.9360000000000001e-01 1.1847486230000000e+03
4.0799932899999999e+02 6.6468199999999996e+01 3.9904000000000001e-01 1.1890241930000000e+03
4.1447899799999999e+02 6.8182770000000005e+01 4.0448000000000001e-01 1.1932912920000001e+03
4.2098187500000000e+02 6.9920013999999995e+01 4.0992000000000001e-01 1.1975570610000000e+03
4.2750796400000002e+02 7.1681725999999998e+01 4.1536000000000001e-01 1.2018258890000000e+03
4.3405729200000002e+02 7.3469155000000001e+01 4.2080000000000001e-01 1.2061006809999999e+03
4.4062989700000003e+02 7.5283214000000001e+01 4.2624000000000001e-01 1.2103834460000000e+03
4.4722582599999998e+02 7.7124606000000000e+01 4.3168000000000001e-01 1.2146756140000000e+03
4.5384513199999998e+02 7.8993882999999997e+01 4.3712000000000001e-01 1.2189782240000000e+03
4.6048787600000003e+02 8.0891489000000007e+01 4.4256000000000001e-01 1.2232920300000001e+03
4.6715411999999998e+02 8.2817791999999997e+01 4.4800000000000001e-01 1.2276175800000001e+03
4.7384392800000001e+02 8.4773094999999998e+01 4.5344000000000001e-01 1.2319552650000001e+03
4.8055736800000000e+02 8.6757653000000005e+01 4.5888000000000001e-01 1.2363053570000000e+03
4.8729450700000001e+02 8.8771681999999998e+01 4.6432000000000001e-01 1.2406680300000000e+03
4.9405541499999998e+02 9.0815365000000000e+01 4.6976000000000001e-01 1.2450433829999999e+03
5.0084016000000003e+02 9.2888857999999999e+01 4.7520000000000001e-01 1.2494314520000000e+03
5.0764881200000002e+02 9.4992292000000006e+01 4.8064000000000001e-01 1.2538322250000001e+03
5.1448143900000002e+02 9.7125778999999994e+01 4.8608000000000001e-01 1.2582456470000000e+03
5.2133811000000003e+02 9.9289411999999999e+01 4.9152000000000001e-01 1.2626716269999999e+03
5.2821889399999998e+02 1.0148327100000000e+02 4.9696000000000001e-01 1.2671100480000000e+03
5.3512385700000004e+02 1.0370741900000000e+02 5.0239999999999996e-01 1.2715607669999999e+03
5.4205306599999994e+02 1.0596190700000000e+02 5.0783999999999996e-01 1.2760236219999999e+03
5.4900658699999997e+02 1.0824677600000000e+02 5.1327999999999996e-01 1.2804984320000001e+03
5.5598448399999995e+02 1.1056205600000000e+02 5.1871999999999996e-01 1.2849850030000000e+03
5.6298681999999997e+02 1.1290776600000000e+02 5.2415999999999996e-01 1.2894831300000001e+03
5.7001365799999996e+02 1.1528391999999999e+02 5.2959999999999996e-01 1.2939925949999999e+03
5.7706505900000002e+02 1.1769052100000000e+02 5.3503999999999996e-01 1.2985131750000000e+03
5.8414108299999998e+02 1.2012756400000001e+02 5.4047999999999996e-01 1.3030446380000001e+03
5.9124178800000004e+02 1.2259504099999999e+02 5.4591999999999996e-01 1.3075867470000001e+03
5.9836723199999994e+02 1.2509293300000000e+02 5.5135999999999996e-01 1.3121392599999999e+03
6.0551747000000000e+02 1.2762121900000000e+02 5.5679999999999996e-01 1.3167019319999999e+03
6.1269255699999997e+02 1.3017986999999999e+02 5.6223999999999996e-01 1.3212745159999999e+03
6.1989254700000004e+02 1.3276885300000001e+02 5.6767999999999996e-01 1.3258567610000000e+03
6.2711749099999997e+02 1.3538813099999999e+02 5.7311999999999996e-01 1.3304484170000001e+03
6.3436743899999999e+02 1.3803765899999999e+02 5.7855999999999996e-01 1.3350492320000001e+03
6.4164244199999996e+02 1.4071739299999999e+02 5.8399999999999996e-01 1.3396589540000000e+03
6.4894254599999999e+02 1.4342728099999999e+02 5.8943999999999996e-01 1.3442773330000000e+03
6.5626779799999997e+02 1.4616726900000000e+02 5.9487999999999996e-01 1.3489041159999999e+03
6.6361824300000001e+02 1.4893729800000000e+02 6.0031999999999996e-01 1.3535390550000000e+03
6.7099392499999999e+02 1.5173730900000001e+02 6.0575999999999997e-01 1.3581819000000000e+03
6.7839488700000004e+02 1.5456723700000001e+02 6.1119999999999997e-01 1.3628324070000001e+03
6.8582116799999994e+02 1.5742701500000001e+02 6.1663999999999997e-01 1.3674903280000001e+03
6.9327280900000005e+02 1.6031657400000000e+02 6.2207999999999997e-01 1.3721554240000000e+03
7.0074984900000004e+02 1.6323584099999999e+02 6.2751999999999997e-01 1.3768274520000000e+03
7.0825232300000005e+02 1.6618474200000000e+02 6.3295999999999997e-01 1.3815061750000000e+03
7.1578026899999998e+02 1.6916320200000001e+02 6.3839999999999997e-01 1.3861913589999999e+03
7.2333371999999997e+02 1.7217114000000001e+02 6.4383999999999997e-01 1.3908827710000000e+03
7.3091270999999995e+02 1.7520847699999999e+02 6.4927999999999997e-01 1.3955801810000000e+03
7.3851727100000005e+02 1.7827513099999999e+02 6.5471999999999997e-01 1.4002833650000000e+03
7.4614743399999998e+02 1.8137101699999999e+02 6.6015999999999997e-01 1.4049920970000001e+03
7.5380322699999999e+02 1.8449604900000000e+02 6.6559999999999997e-01 1.4097061590000001e+03
7.6148468000000003e+02 1.8765014199999999e+02 6.7103999999999997e-01 1.4144253340000000e+03
7.6919182000000001e+02 1.9083320699999999e+02 6.7647999999999997e-01 1.4191494070000001e+03
7.7692467299999998e+02 1.9404515400000000e+02 6.8191999999999997e-01 1.4238781690000001e+03
7.8468326400000001e+02 1.9728589299999999e+02 6.8735999999999997e-01 1.4286114130000001e+03
7.9246761600000002e+02 2.0055533199999999e+02 6.9279999999999997e-01 1.4333489350000000e+03
8.0027775299999996e+02 2.0385337899999999e+02 6.9823999999999997e-01 1.4380905359999999e+03
8.0811369500000001e+02 2.0717993899999999e+02 7.0367999999999997e-01 1.4428360170000001e+03
8.1597546499999999e+02 2.1053491800000000e+02 7.0911999999999997e-01 1.4475851869999999e+03
8.2386307999999997e+02 2.1391822199999999e+02 7.1455999999999997e-01 1.4523378540000001e+03
8.3177656000000002e+02 2.1732975400000001e+02 7.1999999999999997e-01 1.4570938329999999e+03
8.3971592199999998e+02 2.2076941800000000e+02 7.2543999999999997e-01 1.4618529390000001e+03
8.4768118200000004e+02 2.2423711700000001e+02 7.3087999999999997e-01 1.4666149929999999e+03
8.5567235700000003e+02 2.2773275300000000e+02 7.3631999999999997e-01 1.4713798179999999e+03
8.6368946100000005e+02 2.3125622899999999e+02 7.4175999999999997e-01 1.4761472409999999e+03
8.7173250700000006e+02 2.3480744500000000e+02 7.4719999999999998e-01 1.4809170910000000e+03
8.7980150800000001e+02 2.3838630400000000e+02 7.5263999999999998e-01 1.4856892020000000e+03
8.8789647700000000e+02 2.4199270500000000e+02 7.5807999999999998e-01 1.4904634100000001e+03
8.9601742300000001e+02 2.4562655100000001e+02 7.6351999999999998e-01 1.4952395540000000e+03
9.0416435700000000e+02 2.4928774100000001e+02 7.6895999999999998e-01 1.5000174770000001e+03
9.1233728900000006e+02 2.5297617600000001e+02 7.7439999999999998e-01 1.5047970250000001e+03
9.2053622600000006e+02 2.5669175500000000e+02 7.7983999999999998e-01 1.5095780470000000e+03
9.2876117699999998e+02 2.6043437999999998e+02 7.8527999999999998e-01 1.5143603940000000e+03
9.3701214800000002e+02 2.6420394900000002e+02 7.9071999999999998e-01 1.5191439210000001e+03
9.4528914499999996e+02 2.6800036299999999e+02 7.9615999999999998e-01 1.5239284860000000e+03
9.5359217400000000e+02 2.7182352200000003e+02 8.0159999999999998e-01 1.5287139500000001e+03
9.6192123800000002e+02 2.7567332599999997e+02 8.0703999999999998e-01 1.5335001749999999e+03
9.7027634200000000e+02 2.7954967499999998e+02 8.1247999999999998e-01 1.5382870300000000e+03
9.7865748900000006e+02 2.8345247000000001e+02 8.1791999999999998e-01 1.5430743820000000e+03
9.8706468199999995e+02 2.8738161000000002e+02 8.2335999999999998e-01 1.5478621040000000e+03
9.9549792000000002e+02 2.9133699600000000e+02 8.2879999999999998e-01 1.5526500699999999e+03
1.0039572070000000e+03 2.9531852900000001e+02 8.3423999999999998e-01 1.5574381579999999e+03
1.0124425420000000e+03 2.9932611000000003e+02 8.3967999999999998e-01 1.5622262470000001e+03
1.0209539250000000e+03 3.0335964000000001e+02 8.4511999999999998e-01 1.5670142209999999e+03
1.0294913540000000e+03 3.0741901899999999e+02 8.5055999999999998e-01 1.5718019650000001e+03
1.0380548289999999e+03 3.1150415099999998e+02 8.5599999999999998e-01 1.5765893659999999e+03
1.0466443460000000e+03 3.1561493700000000e+02 8.6143999999999998e-01 1.5813763140000001e+03
1.0552599049999999e+03 3.1975128000000001e+02 8.6687999999999998e-01 1.5861627030000000e+03
1.0639014999999999e+03 3.2391308199999997e+02 8.7231999999999998e-01 1.5909484270000000e+03
1.0725691280000001e+03 3.2810024600000003e+02 8.7775999999999998e-01 1.5957333850000000e+03
1.0812627849999999e+03 3.3231267600000001e+02 8.8319999999999999e-01 1.6005174750000001e+03
1.0899824650000000e+03 3.3655027699999999e+02 8.8863999999999999e-01 1.6053006009999999e+03
1.0987281640000001e+03 3.4081295200000000e+02 8.9407999999999999e-01 1.6100826680000000e+03
1.1074998750000000e+03 3.4510060800000002e+02 8.9951999999999999e-01 1.6148635830000001e+03
1.1162975910000000e+03 3.4941314899999998e+02 9.0495999999999999e-01 1.6196432540000001e+03
1.1251213060000000e+03 3.5375048399999997e+02 9.1039999999999999e-01 1.6244215950000000e+03
1.1339710120000000e+03 3.5811251800000002e+02 9.1583999999999999e-01 1.6291985190000000e+03
1.1428467009999999e+03 3.6249916100000002e+02 9.2127999999999999e-01 1.6339739440000001e+03
1.1517483649999999e+03 3.6691032100000001e+02 9.2671999999999999e-01 1.6387477890000000e+03
1.1606759950000001e+03 3.7134590800000001e+02 9.3215999999999999e-01 1.6435199749999999e+03
1.1696295809999999e+03 3.7580583400000000e+02 9.3759999999999999e-01 1.6482904269999999e+03
1.1786091150000000e+03 3.8029001299999999e+02 9.4303999999999999e-01 1.6530590729999999e+03
1.1876145859999999e+03 3.8479835800000001e+02 9.4847999999999999e-01 1.6578258430000001e+03
1.1966459829999999e+03 3.8933078699999999e+02 9.5391999999999999e-01 1.6625906720000000e+03
1.2057032970000000e+03 3.9388721800000002e+02 9.5935999999999999e-01 1.6673534960000000e+03
1.2147865150000000e+03 3.9846757600000001e+02 9.6479999999999999e-01 1.6721142600000001e+03
1.2238956270000001e+03 4.0307178900000002e+02 9.7023999999999999e-01 1.6768729120000000e+03
1.2330306200000000e+03 4.0769979100000000e+02 9.7567999999999999e-01 1.6816294100000000e+03
1.2421914839999999e+03 4.1235153000000003e+02 9.8111999999999999e-01 1.6863837220000000e+03
1.2513782060000001e+03 4.1702697400000000e+02 9.8655999999999999e-01 1.6911358399999999e+03
1.2605907740000000e+03 4.2172613699999999e+02 9.9199999999999999e-01 1.6958858029999999e+03
1.2698291770000001e+03 4.2644923599999998e+02 9.9743999999999999e-01 1.7006338530000000e+03
1.2790934050000001e+03 4.3119635399999999e+02 1.0028800000000000e+00 1.7053800950000000e+03
1.2883834460000000e+03 4.3596631400000001e+02 1.0083200000000001e+00 1.7101233760000000e+03
1.2976992829999999e+03 4.4075902400000001e+02 1.0137600000000000e+00 1.7148636380000000e+03
1.3070408990000001e+03 4.4557439699999998e+02 1.0192000000000001e+00 1.7196008270000000e+03
1.3164082780000001e+03 4.5041234300000002e+02 1.0246400000000000e+00 1.7243348870000000e+03
1.3258014020000001e+03 4.5527277400000003e+02 1.0300800000000001e+00 1.7290657679999999e+03
1.3352202530000000e+03 4.6015560199999999e+02 1.0355200000000000e+00 1.7337934160000000e+03
1.3446648150000001e+03 4.6506074200000000e+02 1.0409600000000001e+00 1.7385177830000000e+03
1.3541350689999999e+03 4.6998810500000002e+02 1.0464000000000000e+00 1.7432388200000000e+03
1.3636309970000000e+03 4.7493760600000002e+02 1.0518400000000001e+00 1.7479564780000001e+03
1.3731525799999999e+03 4.7990916099999998e+02 1.0572800000000000e+00 1.7526707130000000e+03
1.3826998000000001e+03 4.8490268300000002e+02 1.0627200000000001e+00 1.7573814800000000e+03
1.3922726370000000e+03 4.8991808900000001e+02 1.0681600000000000e+00 1.7620887339999999e+03
1.4018710730000000e+03 4.9495529499999998e+02 1.0736000000000001e+00 1.7667924320000000e+03
1.4114950870000000e+03 5.0001421699999997e+02 1.0790400000000000e+00 1.7714925350000001e+03
1.4211446610000000e+03 5.0509477299999998e+02 1.0844800000000001e+00 1.7761890000000001e+03
1.4308197740000001e+03 5.1019688100000002e+02 1.0899200000000000e+00 1.7808817899999999e+03
1.4405204070000000e+03 5.1532045900000003e+02 1.0953599999999999e+00 1.7855708649999999e+03
1.4502465380000001e+03 5.2046542499999998e+02 1.1008000000000000e+00 1.7902561889999999e+03
1.4599981479999999e+03 5.2563170000000002e+02 1.1062399999999999e+00 1.7949377260000001e+03
1.4697752149999999e+03 5.3081920300000002e+02 1.1116800000000000e+00 1.7996154409999999e+03
1.4795777189999999e+03 5.3602785400000005e+02 1.1171199999999999e+00 1.8042892979999999e+03
1.4894056390000001e+03 5.4125757499999997e+02 1.1225600000000000e+00 1.8089592670000000e+03
1.4992589539999999e+03 5.4650828700000000e+02 1.1279999999999999e+00 1.8136253130000000e+03
1.5091376419999999e+03 5.5177991099999997e+02 1.1334400000000000e+00 1.8182874059999999e+03
1.5190416809999999e+03 5.5707237099999998e+02 1.1388799999999999e+00 1.8229455160000000e+03
1.5289710490000000e+03 5.6238558899999998e+02 1.1443200000000000e+00 1.8275996120000000e+03
1.5389257259999999e+03 5.6771948899999995e+02 1.1497599999999999e+00 1.8322496670000000e+03
1.5489056880000001e+03 5.7307399399999997e+02 1.1552000000000000e+00 1.8368956519999999e+03
1.5589109140000000e+03 5.7844902900000000e+02 1.1606399999999999e+00 1.8415375400000000e+03
1.5689413810000001e+03 5.8384451899999999e+02 1.1660800000000000e+00 1.8461753060000001e+03
1.5789970659999999e+03 5.8926038900000003e+02 1.1715199999999999e+00 1.8508089230000000e+03
1.5890779480000001e+03 5.9469656599999996e+02 1.1769600000000000e+00 1.8554383670000000e+03
1.5991840030000001e+03 6.0015297499999997e+02 1.1823999999999999e+00 1.8600636139999999e+03
1.6093152080000000e+03 6.0562954400000001e+02 1.1878400000000000e+00 1.8646846399999999e+03
1.6194715400000000e+03 6.1112619900000004e+02 1.1932799999999999e+00 1.8693014240000000e+03
1.6296529770000000e+03 6.1664286900000002e+02 1.1987200000000000e+00 1.8739139439999999e+03
1.6398594940000000e+03 6.2217948100000001e+02 1.2041599999999999e+00 1.8785221779999999e+03
1.6500910690000001e+03 6.2773596599999996e+02 1.2096000000000000e+00 1.8831261059999999e+03
1.6603476790000000e+03 6.3331225099999995e+02 1.2150399999999999e+00 1.8877257090000001e+03
1.6706292980000001e+03 6.3890826600000003e+02 1.2204800000000000e+00 1.8923209660000000e+03
1.6809359039999999e+03 6.4452394200000003e+02 1.2259199999999999e+00 1.8969118599999999e+03
1.6912674740000000e+03 6.5015920800000004e+02 1.2313600000000000e+00 1.9014983729999999e+03
1.7016239820000001e+03 6.5581399699999997e+02 1.2367999999999999e+00 1.9060804880000001e+03
1.7120054060000000e+03 6.6148823900000002e+02 1.2422400000000000e+00 1.9106581870000000e+03
1.7224117200000001e+03 6.6718186700000001e+02 1.2476799999999999e+00 1.9152314540000000e+03
1.7328429020000001e+03 6.7289481200000000e+02 1.2531200000000000e+00 1.9198002750000001e+03
1.7432989259999999e+03 6.7862700800000005e+02 1.2585599999999999e+00 1.9243646340000000e+03
1.7537797680000001e+03 6.8437838699999998e+02 1.2640000000000000e+00 1.9289245160000000e+03
1.7642854050000001e+03 6.9014888299999996e+02 1.2694399999999999e+00 1.9334799080000000e+03
1.7748158089999999e+03 6.9593332099999998e+02 1.2748800000000000e+00 1.9380267870000000e+03
1.7853708280000001e+03 7.0168359599999997e+02 1.2803199999999999e+00 1.9425275690000001e+03
1.7959502600000001e+03 7.0742740300000003e+02 1.2857600000000000e+00 1.9470042220000000e+03
1.8065540010000000e+03 7.1317505700000004e+02 1.2911999999999999e+00 1.9514649600000000e+03
1.8171819730000000e+03 7.1893063299999994e+02 1.2966400000000000e+00 1.9559130650000000e+03
1.8278341140000000e+03 7.2469641500000000e+02 1.3020799999999999e+00 1.9603504029999999e+03
1.8385103670000001e+03 7.3047388200000000e+02 1.3075200000000000e+00 1.9647781960000000e+03
1.8492106850000000e+03 7.3626407099999994e+02 1.3129599999999999e+00 1.9691973140000000e+03
1.8599350199999999e+03 7.4206774499999995e+02 1.3184000000000000e+00 1.9736084100000000e+03
1.8706833320000001e+03 7.4788549100000000e+02 1.3238399999999999e+00 1.9780119950000001e+03
1.8814555800000001e+03 7.5371776999999997e+02 1.3292800000000000e+00 1.9824084760000001e+03
1.8922517270000001e+03 7.5956495299999995e+02 1.3347199999999999e+00 1.9867981920000000e+03
1.9030717370000000e+03 7.6542734099999996e+02 1.3401600000000000e+00 1.9911814210000000e+03
1.9139155750000000e+03 7.7130518500000005e+02 1.3455999999999999e+00 1.9955584040000001e+03
1.9247832069999999e+03 7.7719869300000005e+02 1.3510400000000000e+00 1.9999293439999999e+03
1.9356746020000000e+03 7.8310803899999996e+02 1.3564799999999999e+00 2.0042944199999999e+03
1.9465897270000000e+03 7.8903337399999998e+02 1.3619200000000000e+00 2.0086537890000000e+03
1.9575285530000001e+03 7.9497482100000002e+02 1.3673599999999999e+00 2.0130075870000001e+03
1.9684910490000000e+03 8.0093249000000003e+02 1.3728000000000000e+00 2.0173559379999999e+03
1.9794771850000000e+03 8.0690647100000001e+02 1.3782399999999999e+00 2.0216989510000001e+03
1.9904869329999999e+03 8.1289684299999999e+02 1.3836800000000000e+00 2.0260367249999999e+03
2.0015202660000000e+03 8.1890367200000003e+02 1.3891199999999999e+00 2.0303693490000001e+03
2.0125771540000001e+03 8.2492701699999998e+02 1.3945600000000000e+00 2.0346969050000000e+03
2.0236575710000000e+03 8.3096692399999995e+02 1.3999999999999999e+00 2.0390194670000001e+03
