# epsilon[MeV/fm^3] P[MeV/fm^3] nB[fm^-3] muB[MeV]
3.7903136000000003e+01 1.6122600000000001e-01 4.0000000000000001e-02 9.5161085000000003e+02
4.3081561999999998e+01 1.8695400000000001e-01 4.5440000000000001e-02 9.5221385599999996e+02
4.8262979000000001e+01 2.1113799999999999e-01 5.0880000000000002e-02 9.5271633699999995e+02
5.3446911000000000e+01 2.3409500000000000e-01 5.6320000000000002e-02 9.5314462200000003e+02
5.8633026999999998e+01 2.5659900000000002e-01 6.1760000000000002e-02 9.5352548000000002e+02
6.3821140000000000e+01 2.7983000000000002e-01 6.7199999999999996e-02 9.5388521700000001e+02
6.9011204000000006e+01 3.0531900000000001e-01 7.2639999999999996e-02 9.5424902899999995e+02
7.4203306999999995e+01 3.3489500000000000e-01 7.8079999999999997e-02 9.5464058599999998e+02
7.9397659000000004e+01 3.7062699999999998e-01 8.3519999999999997e-02 9.5508177400000000e+02
8.4594586000000007e+01 4.1477599999999998e-01 8.8959999999999997e-02 9.5559257300000002e+02
8.9794516999999999e+01 4.6975299999999998e-01 9.4399999999999998e-02 9.5619101000000001e+02
9.4997972000000004e+01 5.3807300000000002e-01 9.9839999999999998e-02 9.5689317700000004e+02
1.0020552400000000e+02 6.2042500000000000e-01 1.0528000000000000e-01 9.5769497400000000e+02
1.0541770699999999e+02 7.1887999999999996e-01 1.1072000000000000e-01 9.5860525900000005e+02
1.1063519300000000e+02 8.3748500000000003e-01 1.1616000000000000e-01 9.5964938500000005e+02
1.1585874600000000e+02 9.7921800000000003e-01 1.2160000000000000e-01 9.6084019799999999e+02
1.2108919200000000e+02 1.1468140000000000e+00 1.2703999999999999e-01 9.6218685500000004e+02
1.2632739700000000e+02 1.3428590000000000e+00 1.3247999999999999e-01 9.6369622700000002e+02
1.3157426100000001e+02 1.5698209999999999e+00 1.3791999999999999e-01 9.6537347999999997e+02
1.3683070799999999e+02 1.8300609999999999e+00 1.4335999999999999e-01 9.6722242300000005e+02
1.4209768199999999e+02 2.1258400000000002e+00 1.4879999999999999e-01 9.6924574299999995e+02
1.4737613400000001e+02 2.4593189999999998e+00 1.5423999999999999e-01 9.7144519400000001e+02
1.5266702699999999e+02 2.8325659999999999e+00 1.5967999999999999e-01 9.7382174099999997e+02
1.5797132600000000e+02 3.2475570000000000e+00 1.6511999999999999e-01 9.7637568399999998e+02
1.6328999400000001e+02 3.7061750000000000e+00 1.7055999999999999e-01 9.7910675700000002e+02
1.6862399400000001e+02 4.2102199999999996e+00 1.7599999999999999e-01 9.8201421600000003e+02
1.7397428400000001e+02 4.7614020000000004e+00 1.8143999999999999e-01 9.8509690100000000e+02
1.7934181100000001e+02 5.3613489999999997e+00 1.8687999999999999e-01 9.8835330099999999e+02
1.8472751800000000e+02 6.0116050000000003e+00 1.9231999999999999e-01 9.9178159300000004e+02
1.9013233299999999e+02 6.7136300000000002e+00 1.9775999999999999e-01 9.9537967800000001e+02
1.9555717400000000e+02 7.4688020000000002e+00 2.0319999999999999e-01 9.9914521200000001e+02
2.0100294600000001e+02 8.2784130000000005e+00 2.0863999999999999e-01 1.0030756260000001e+03
2.0647053800000000e+02 9.1436700000000002e+00 2.1407999999999999e-01 1.0071681410000000e+03
2.1196082400000000e+02 1.0065690000000000e+01 2.1951999999999999e-01 1.0114197860000000e+03
2.1747466299999999e+02 1.1045503000000000e+01 2.2495999999999999e-01 1.0158274020000000e+03
2.2301289299999999e+02 1.2084047999999999e+01 2.3039999999999999e-01 1.0203876580000000e+03
2.2857633600000000e+02 1.3182168000000001e+01 2.3583999999999999e-01 1.0250970520000001e+03
2.3416579400000001e+02 1.4340612999999999e+01 2.4127999999999999e-01 1.0299519280000000e+03
2.3978204800000000e+02 1.5560036000000000e+01 2.4671999999999999e-01 1.0349484740000000e+03
2.4542585900000000e+02 1.6840993000000001e+01 2.5216000000000000e-01 1.0400827420000001e+03
2.5109796399999999e+02 1.8183941000000001e+01 2.5760000000000000e-01 1.0453506490000000e+03
2.5679908000000000e+02 1.9589241000000001e+01 2.6304000000000000e-01 1.0507479949999999e+03
2.6252990000000000e+02 2.1057155000000002e+01 2.6848000000000000e-01 1.0562704710000000e+03
2.6829109199999999e+02 2.2587851000000001e+01 2.7392000000000000e-01 1.0619136750000000e+03
2.7408330200000000e+02 2.4181401000000001e+01 2.7936000000000000e-01 1.0676731219999999e+03
2.7990715000000000e+02 2.5837786999999999e+01 2.8480000000000000e-01 1.0735442670000000e+03
2.8576323000000002e+02 2.7556902999999998e+01 2.9024000000000000e-01 1.0795225109999999e+03
2.9165211399999998e+02 2.9338557000000002e+01 2.9568000000000000e-01 1.0856032240000000e+03
2.9757434599999999e+02 3.1182475000000000e+01 3.0112000000000000e-01 1.0917817540000001e+03
3.0353044699999998e+02 3.3088309000000002e+01 3.0656000000000000e-01 1.0980534510000000e+03
3.0952090900000002e+02 3.5055636999999997e+01 3.1200000000000000e-01 1.1044136759999999e+03
3.1554620299999999e+02 3.7083970999999998e+01 3.1744000000000000e-01 1.1108578170000001e+03
3.2160677299999998e+02 3.9172759999999997e+01 3.2288000000000000e-01 1.1173813040000000e+03
3.2770303799999999e+02 4.1321399000000000e+01 3.2832000000000000e-01 1.1239796220000001e+03
3.3383539300000001e+02 4.3529228000000003e+01 3.3376000000000000e-01 1.1306483250000001e+03
3.4000421000000000e+02 4.5795544000000000e+01 3.3920000000000000e-01 1.1373830419999999e+03
3.4620862399999999e+02 4.7878535999999997e+01 3.4464000000000000e-01 1.1434765060000000e+03
3.5244372900000002e+02 4.9748947999999999e+01 3.5008000000000000e-01 1.1488610329999999e+03
3.5870745799999997e+02 5.1570326999999999e+01 3.5552000000000000e-01 1.1540233690000000e+03
3.6499889300000001e+02 5.3373283000000001e+01 3.6096000000000000e-01 1.1590558189999999e+03
3.7131745200000000e+02 5.5171497000000002e+01 3.6640000000000000e-01 1.1639999190000001e+03
3.7766272300000003e+02 5.6972672000000003e+01 3.7184000000000000e-01 1.1688791570000001e+03
3.8403439800000001e+02 5.8781691000000002e+01 3.7728000000000000e-01 1.1737084620000001e+03
3.9043212299999999e+02 6.0549410999999999e+01 3.8272000000000000e-01 1.1783606360000001e+03
3.9685366599999998e+02 6.2161659999999998e+01 3.8816000000000001e-01 1.1825432400000000e+03
4.0329772300000002e+02 6.3767460999999997e+01 3.9360000000000001e-01 1.1866510440000000e+03
4.0976403699999997e+02 6.5383877999999996e+01 3.9904000000000001e-01 1.1907292259999999e+03
4.1625249200000002e+02 6.7016473000000005e+01 4.0448000000000001e-01 1.1947924499999999e+03
4.2276302900000002e+02 6.8667998999999995e+01 4.0992000000000001e-01 1.1988478780000000e+03
4.2929561699999999e+02 7.0340069999999997e+01 4.1536000000000001e-01 1.2028996299999999e+03
4.3585024399999998e+02 7.2033728999999994e+01 4.2080000000000001e-01 1.2069502960000000e+03
4.4242690800000003e+02 7.3749689000000004e+01 4.2624000000000001e-01 1.2110015900000001e+03
4.4902561700000001e+02 7.5488457999999994e+01 4.3168000000000001e-01 1.2150546820000000e+03
4.5564638300000001e+02 7.7250406999999996e+01 4.3712000000000001e-01 1.2191103790000000e+03
4.6228922000000000e+02 7.9035809999999998e+01 4.4256000000000001e-01 1.2231692380000000e+03
4.6895414899999997e+02 8.0844866999999994e+01 4.4800000000000001e-01 1.2272316350000001e+03
4.7564118800000000e+02 8.2677727000000004e+01 4.5344000000000001e-01 1.2312978140000000e+03
4.8235035800000003e+02 8.4534496000000004e+01 4.5888000000000001e-01 1.2353679159999999e+03
4.8908168200000000e+02 8.6415245999999996e+01 4.6432000000000001e-01 1.2394420060000000e+03
4.9583518099999998e+02 8.8320021999999994e+01 4.6976000000000001e-01 1.2435200880000000e+03
5.0261087600000002e+02 9.0248847999999995e+01 4.7520000000000001e-01 1.2476021189999999e+03
5.0940878900000001e+02 9.2201727000000005e+01 4.8064000000000001e-01 1.2516880169999999e+03
5.1622893999999997e+02 9.4178647999999995e+01 4.8608000000000001e-01 1.2557776719999999e+03
5.2307135000000005e+02 9.6179586000000000e+01 4.9152000000000001e-01 1.2598709460000000e+03
5.2993603900000005e+02 9.8204502000000005e+01 4.9696000000000001e-01 1.2639676860000000e+03
5.3682302300000003e+02 1.0025335000000000e+02 5.0239999999999996e-01 1.2680677200000000e+03
5.4373232099999996e+02 1.0232607200000000e+02 5.0783999999999996e-01 1.2721708659999999e+03
5.5066394900000000e+02 1.0442260500000000e+02 5.1327999999999996e-01 1.2762769320000000e+03
5.5761792300000002e+02 1.0654287800000000e+02 5.1871999999999996e-01 1.2803857170000001e+03
5.6459425599999997e+02 1.0868681100000001e+02 5.2415999999999996e-01 1.2844970149999999e+03
5.7159296300000005e+02 1.1085432299999999e+02 5.2959999999999996e-01 1.2886106179999999e+03
5.7861405400000001e+02 1.1304532500000001e+02 5.3503999999999996e-01 1.2927263109999999e+03
5.8565754000000004e+02 1.1525972400000001e+02 5.4047999999999996e-01 1.2968438810000000e+03
5.9272343200000000e+02 1.1749742300000000e+02 5.4591999999999996e-01 1.3009631110000000e+03
5.9981173699999999e+02 1.1975832400000000e+02 5.5135999999999996e-01 1.3050837870000000e+03
6.0692246299999999e+02 1.2204232100000000e+02 5.5679999999999996e-01 1.3092056940000000e+03
6.1405561699999998e+02 1.2434930900000001e+02 5.6223999999999996e-01 1.3133286169999999e+03
6.2121120199999996e+02 1.2667918000000000e+02 5.6767999999999996e-01 1.3174523449999999e+03
6.2838922300000002e+02 1.2903182200000001e+02 5.7311999999999996e-01 1.3215766679999999e+03
6.3558968200000004e+02 1.3140712199999999e+02 5.7855999999999996e-01 1.3257013780000000e+03
6.4281258100000002e+02 1.3380496500000001e+02 5.8399999999999996e-01 1.3298262709999999e+03
6.5005792099999996e+02 1.3622523600000000e+02 5.8943999999999996e-01 1.3339511440000001e+03
6.5732570099999998e+02 1.3866781499999999e+02 5.9487999999999996e-01 1.3380757990000000e+03
6.6461591799999997e+02 1.4113258500000001e+02 6.0031999999999996e-01 1.3422000410000001e+03
6.7192857100000003e+02 1.4361942500000001e+02 6.0575999999999997e-01 1.3463236780000000e+03
6.7926365499999997e+02 1.4612821400000001e+02 6.1119999999999997e-01 1.3504465230000001e+03
6.8662116600000002e+02 1.4865883099999999e+02 6.1663999999999997e-01 1.3545683910000000e+03
6.9400109799999996e+02 1.5121115300000000e+02 6.2207999999999997e-01 1.3586891020000000e+03
7.0140344300000004e+02 1.5378505799999999e+02 6.2751999999999997e-01 1.3628084790000000e+03
7.0882819500000005e+02 1.5638042200000001e+02 6.3295999999999997e-01 1.3669263510000001e+03
7.1627534500000002e+02 1.5899712299999999e+02 6.3839999999999997e-01 1.3710425490000000e+03
7.2374488199999996e+02 1.6163503499999999e+02 6.4383999999999997e-01 1.3751569079999999e+03
7.3123679800000002e+02 1.6429403700000000e+02 6.4927999999999997e-01 1.3792692689999999e+03
7.3875107900000000e+02 1.6697400300000001e+02 6.5471999999999997e-01 1.3833794740000001e+03
7.4628771500000005e+02 1.6967481100000001e+02 6.6015999999999997e-01 1.3874873720000001e+03
7.5384669199999996e+02 1.7239633699999999e+02 6.6559999999999997e-01 1.3915928130000000e+03
7.6142799600000001e+02 1.7513845800000001e+02 6.7103999999999997e-01 1.3956956550000000e+03
7.6903161399999999e+02 1.7790105100000000e+02 6.7647999999999997e-01 1.3997957550000001e+03
7.7665752799999996e+02 1.8068399299999999e+02 6.8191999999999997e-01 1.4038929780000001e+03
7.8430572500000005e+02 1.8348716200000001e+02 6.8735999999999997e-01 1.4079871909999999e+03
7.9197618599999998e+02 1.8631043600000001e+02 6.9279999999999997e-01 1.4120782640000000e+03
7.9966889500000002e+02 1.8915369300000000e+02 6.9823999999999997e-01 1.4161660730000001e+03
8.0738383299999998e+02 1.9201681400000001e+02 7.0367999999999997e-01 1.4202504950000000e+03
8.1512098200000003e+02 1.9489967799999999e+02 7.0911999999999997e-01 1.4243314120000000e+03
8.2288032199999998e+02 1.9780216500000000e+02 7.1455999999999997e-01 1.4284087110000000e+03
8.3066183300000000e+02 2.0072415599999999e+02 7.1999999999999997e-01 1.4324822790000001e+03
8.3846549400000004e+02 2.0366553300000001e+02 7.2543999999999997e-01 1.4365520100000001e+03
8.4629128500000002e+02 2.0662617800000001e+02 7.3087999999999997e-01 1.4406178000000000e+03
8.5413918400000000e+02 2.0960597500000000e+02 7.3631999999999997e-01 1.4446795470000000e+03
8.6200916800000005e+02 2.1260480699999999e+02 7.4175999999999997e-01 1.4487371530000000e+03
8.6990121499999998e+02 2.1562255900000000e+02 7.4719999999999998e-01 1.4527905249999999e+03
8.7781530099999998e+02 2.1865911700000001e+02 7.5263999999999998e-01 1.4568395710000000e+03
8.8575140299999998e+02 2.2171436499999999e+02 7.5807999999999998e-01 1.4608842020000000e+03
8.9370949599999994e+02 2.2478819300000001e+02 7.6351999999999998e-01 1.4649243340000000e+03
9.0168955600000004e+02 2.2788048699999999e+02 7.6895999999999998e-01 1.4689598830000000e+03
9.0969155699999999e+02 2.3099113600000001e+02 7.7439999999999998e-01 1.4729907710000000e+03
9.1771547399999997e+02 2.3412003000000001e+02 7.7983999999999998e-01 1.4770169200000000e+03
9.2576128100000005e+02 2.3726705899999999e+02 7.8527999999999998e-01 1.4810382560000000e+03
9.3382895099999996e+02 2.4043211400000001e+02 7.9071999999999998e-01 1.4850547079999999e+03
9.4191845799999999e+02 2.4361508900000001e+02 7.9615999999999998e-01 1.4890662070000001e+03
9.5002977499999997e+02 2.4681587500000001e+02 8.0159999999999998e-01 1.4930726860000000e+03
9.5816287399999999e+02 2.5003436700000000e+02 8.0703999999999998e-01 1.4970740830000000e+03
9.6631772699999999e+02 2.5327046100000001e+02 8.1247999999999998e-01 1.5010703340000000e+03
9.7449430600000005e+02 2.5652405099999999e+02 8.1791999999999998e-01 1.5050613820000001e+03
9.8269258300000001e+02 2.5979503399999999e+02 8.2335999999999998e-01 1.5090471689999999e+03
9.9091252899999995e+02 2.6308330899999999e+02 8.2879999999999998e-01 1.5130276409999999e+03
9.9915411400000005e+02 2.6638877400000001e+02 8.3423999999999998e-01 1.5170027450000000e+03
1.0074173100000000e+03 2.6971132799999998e+02 8.3967999999999998e-01 1.5209724320000000e+03
1.0157020870000000e+03 2.7305087099999997e+02 8.4511999999999998e-01 1.5249366520000001e+03
1.0240084150000000e+03 2.7640730600000001e+02 8.5055999999999998e-01 1.5288953590000001e+03
1.0323362640000000e+03 2.7978053299999999e+02 8.5599999999999998e-01 1.5328485100000000e+03
1.0406856029999999e+03 2.8317045800000000e+02 8.6143999999999998e-01 1.5367960619999999e+03
1.0490564030000000e+03 2.8657698299999998e+02 8.6687999999999998e-01 1.5407379739999999e+03
1.0574486310000000e+03 2.9000001300000002e+02 8.7231999999999998e-01 1.5446742079999999e+03
1.0658622580000001e+03 2.9343945500000001e+02 8.7775999999999998e-01 1.5486047269999999e+03
1.0742972510000000e+03 2.9689521400000001e+02 8.8319999999999999e-01 1.5525294950000000e+03
1.0827535809999999e+03 3.0036720000000003e+02 8.8863999999999999e-01 1.5564484789999999e+03
1.0912312139999999e+03 3.0385532000000001e+02 8.9407999999999999e-01 1.5603616469999999e+03
1.0997301190000001e+03 3.0735948400000001e+02 8.9951999999999999e-01 1.5642689680000001e+03
1.1082502649999999e+03 3.1087960299999997e+02 9.0495999999999999e-01 1.5681704139999999e+03
1.1167916190000001e+03 3.1441558600000002e+02 9.1039999999999999e-01 1.5720659570000000e+03
1.1253541499999999e+03 3.1796734700000002e+02 9.1583999999999999e-01 1.5759555710000000e+03
1.1339378240000001e+03 3.2153479900000002e+02 9.2127999999999999e-01 1.5798392320000000e+03
1.1425426100000000e+03 3.2511785500000002e+02 9.2671999999999999e-01 1.5837169170000000e+03
1.1511684740000001e+03 3.2871643000000000e+02 9.3215999999999999e-01 1.5875886029999999e+03
1.1598153850000001e+03 3.3233043900000001e+02 9.3759999999999999e-01 1.5914542700000000e+03
1.1684833090000000e+03 3.3595979899999998e+02 9.4303999999999999e-01 1.5953138990000000e+03
1.1771722130000001e+03 3.3960442699999999e+02 9.4847999999999999e-01 1.5991674720000001e+03
1.1858820650000000e+03 3.4326424100000003e+02 9.5391999999999999e-01 1.6030149710000001e+03
1.1946128309999999e+03 3.4693916000000002e+02 9.5935999999999999e-01 1.6068563810000001e+03
1.2033644790000001e+03 3.5062910299999999e+02 9.6479999999999999e-01 1.6106916880000001e+03
1.2121369740000000e+03 3.5433399100000003e+02 9.7023999999999999e-01 1.6145208769999999e+03
1.2209302840000000e+03 3.5805374499999999e+02 9.7567999999999999e-01 1.6183439360000000e+03
1.2297443740000001e+03 3.6178721000000002e+02 9.8111999999999999e-01 1.6221597529999999e+03
1.2385791950000000e+03 3.6553204799999997e+02 9.8655999999999999e-01 1.6259660320000000e+03
1.2474347009999999e+03 3.6928981499999998e+02 9.9199999999999999e-01 1.6297644490000000e+03
1.2563108500000001e+03 3.7306090200000000e+02 9.9743999999999999e-01 1.6335554840000000e+03
1.2652076039999999e+03 3.7684545800000001e+02 1.0028800000000000e+00 1.6373393650000000e+03
1.2741249230000001e+03 3.8064354400000002e+02 1.0083200000000001e+00 1.6411162330000000e+03
1.2830627700000000e+03 3.8445517899999999e+02 1.0137600000000000e+00 1.6448861800000000e+03
1.2920211070000000e+03 3.8828035799999998e+02 1.0192000000000001e+00 1.6486492760000001e+03
1.3009998969999999e+03 3.9211906099999999e+02 1.0246400000000000e+00 1.6524055730000000e+03
1.3099991040000000e+03 3.9597125499999999e+02 1.0300800000000001e+00 1.6561551130000000e+03
1.3190186900000001e+03 3.9983690300000001e+02 1.0355200000000000e+00 1.6598979300000001e+03
1.3280586189999999e+03 4.0371596099999999e+02 1.0409600000000001e+00 1.6636340530000000e+03
1.3371188549999999e+03 4.0760838200000001e+02 1.0464000000000000e+00 1.6673635059999999e+03
1.3461993610000000e+03 4.1151411600000000e+02 1.0518400000000001e+00 1.6710863110000000e+03
1.3553001019999999e+03 4.1543311100000000e+02 1.0572800000000000e+00 1.6748024860000000e+03
1.3644210410000001e+03 4.1936531200000002e+02 1.0627200000000001e+00 1.6785120489999999e+03
1.3735621430000001e+03 4.2331066499999997e+02 1.0681600000000000e+00 1.6822150160000001e+03
1.3827233710000000e+03 4.2726911400000000e+02 1.0736000000000001e+00 1.6859114010000001e+03
1.3919046900000001e+03 4.3124060100000003e+02 1.0790400000000000e+00 1.6896012180000000e+03
1.4011060640000001e+03 4.3522507000000002e+02 1.0844800000000001e+00 1.6932844809999999e+03
1.4103274580000000e+03 4.3922246300000000e+02 1.0899200000000000e+00 1.6969612020000000e+03
1.4195688359999999e+03 4.4323272300000002e+02 1.0953599999999999e+00 1.7006313920000000e+03
1.4288301620000000e+03 4.4725579099999999e+02 1.1008000000000000e+00 1.7042950659999999e+03
1.4381114009999999e+03 4.5129160999999999e+02 1.1062399999999999e+00 1.7079522330000000e+03
1.4474125180000001e+03 4.5534012100000001e+02 1.1116800000000000e+00 1.7116029060000001e+03
1.4567334770000000e+03 4.5940126700000002e+02 1.1171199999999999e+00 1.7152470960000001e+03
1.4660742430000000e+03 4.6347498999999999e+02 1.1225600000000000e+00 1.7188848149999999e+03
1.4754347820000000e+03 4.6756123400000001e+02 1.1279999999999999e+00 1.7225160739999999e+03
1.4848150570000000e+03 4.7165993900000001e+02 1.1334400000000000e+00 1.7261408850000000e+03
1.4942150340000001e+03 4.7577105100000000e+02 1.1388799999999999e+00 1.7297592589999999e+03
1.5036346779999999e+03 4.7989451100000002e+02 1.1443200000000000e+00 1.7333712080000000e+03
1.5130739530000001e+03 4.8403026399999999e+02 1.1497599999999999e+00 1.7369767449999999e+03
1.5225328259999999e+03 4.8817825399999998e+02 1.1552000000000000e+00 1.7405758800000001e+03
1.5320112610000001e+03 4.9233842399999997e+02 1.1606399999999999e+00 1.7441686250000000e+03
1.5415092230000000e+03 4.9651071899999999e+02 1.1660800000000000e+00 1.7477549939999999e+03
1.5510266790000001e+03 5.0069508500000001e+02 1.1715199999999999e+00 1.7513349980000000e+03
1.5605635920000000e+03 5.0489146599999998e+02 1.1769600000000000e+00 1.7549086490000000e+03
1.5701199290000000e+03 5.0909980899999999e+02 1.1823999999999999e+00 1.7584759610000001e+03
1.5796956560000001e+03 5.1332005900000001e+02 1.1878400000000000e+00 1.7620369450000001e+03
1.5892907370000000e+03 5.1755216299999995e+02 1.1932799999999999e+00 1.7655916150000000e+03
1.5989051390000000e+03 5.2179606699999999e+02 1.1987200000000000e+00 1.7691399839999999e+03
1.6085388280000000e+03 5.2605172000000005e+02 1.2041599999999999e+00 1.7726820640000001e+03
1.6181917679999999e+03 5.3031906800000002e+02 1.2096000000000000e+00 1.7762178699999999e+03
1.6278639260000000e+03 5.3459806000000003e+02 1.2150399999999999e+00 1.7797474139999999e+03
1.6375552690000000e+03 5.3888864400000000e+02 1.2204800000000000e+00 1.7832707100000000e+03
1.6472657620000000e+03 5.4319076800000005e+02 1.2259199999999999e+00 1.7867877730000000e+03
1.6569953700000001e+03 5.4750438299999996e+02 1.2313600000000000e+00 1.7902986149999999e+03
1.6667440610000001e+03 5.5182943799999998e+02 1.2367999999999999e+00 1.7938032510000000e+03
1.6765118010000001e+03 5.5616588200000001e+02 1.2422400000000000e+00 1.7973016940000000e+03
1.6862985560000000e+03 5.6051366700000005e+02 1.2476799999999999e+00 1.8007939610000001e+03
1.6961042920000000e+03 5.6487274200000002e+02 1.2531200000000000e+00 1.8042800629999999e+03
1.7059289770000000e+03 5.6924306000000001e+02 1.2585599999999999e+00 1.8077600170000001e+03
1.7157725750000000e+03 5.7362457199999994e+02 1.2640000000000000e+00 1.8112338370000000e+03
1.7256350550000000e+03 5.7801722900000004e+02 1.2694399999999999e+00 1.8147015380000000e+03
1.7355163829999999e+03 5.8242098499999997e+02 1.2748800000000000e+00 1.8181631339999999e+03
1.7454165260000000e+03 5.8683579099999997e+02 1.2803199999999999e+00 1.8216186399999999e+03
1.7553354500000000e+03 5.9126160200000004e+02 1.2857600000000000e+00 1.8250680729999999e+03
1.7652731229999999e+03 5.9569836999999995e+02 1.2911999999999999e+00 1.8285114460000000e+03
1.7752295120000001e+03 6.0014604999999995e+02 1.2966400000000000e+00 1.8319487760000000e+03
1.7852045840000001e+03 6.0460459600000002e+02 1.3020799999999999e+00 1.8353800770000000e+03
1.7951983060000000e+03 6.0907396200000005e+02 1.3075200000000000e+00 1.8388053649999999e+03
1.8052106450000001e+03 6.1355410400000005e+02 1.3129599999999999e+00 1.8422246560000001e+03
1.8152415690000000e+03 6.1804497600000002e+02 1.3184000000000000e+00 1.8456379660000000e+03
1.8252910460000001e+03 6.2254653599999995e+02 1.3238399999999999e+00 1.8490453100000000e+03
1.8353590429999999e+03 6.2705873799999995e+02 1.3292800000000000e+00 1.8524467040000000e+03
1.8454455270000001e+03 6.3158154000000002e+02 1.3347199999999999e+00 1.8558421650000000e+03
1.8555504670000000e+03 6.3611489700000004e+02 1.3401600000000000e+00 1.8592317069999999e+03
1.8656738310000001e+03 6.4065876900000001e+02 1.3455999999999999e+00 1.8626153469999999e+03
1.8758155850000001e+03 6.4521311100000003e+02 1.3510400000000000e+00 1.8659931019999999e+03
1.8859756990000001e+03 6.4977788099999998e+02 1.3564799999999999e+00 1.8693649869999999e+03
1.8961541400000001e+03 6.5435303899999997e+02 1.3619200000000000e+00 1.8727310190000001e+03
1.9063508760000000e+03 6.5893854199999998e+02 1.3673599999999999e+00 1.8760912140000000e+03
1.9165658770000000e+03 6.6353435000000002e+02 1.3728000000000000e+00 1.8794455880000000e+03
1.9267991090000000e+03 6.6814042199999994e+02 1.3782399999999999e+00 1.8827941579999999e+03
1.9370505430000001e+03 6.7275671699999998e+02 1.3836800000000000e+00 1.8861369400000001e+03
1.9473201460000000e+03 6.7738319400000000e+02 1.3891199999999999e+00 1.8894739509999999e+03
1.9576078860000000e+03 6.8201981599999999e+02 1.3945600000000000e+00 1.8928052070000001e+03
1.9679137330000001e+03 6.8666654100000005e+02 1.3999999999999999e+00 1.8961307250000000e+03
