# epsilon[MeV/fm^3] P[MeV/fm^3] nB[fm^-3] muB[MeV]
3.7836393999999999e+01 1.4520900000000000e-01 4.0000000000000001e-02 9.4954191700000001e+02
4.3004261999999997e+01 1.8266900000000000e-01 4.5440000000000001e-02 9.5041843200000005e+02
4.8176845999999998e+01 2.2409999999999999e-01 5.0880000000000002e-02 9.5127826800000003e+02
5.3354062999999996e+01 2.6947900000000002e-01 5.6320000000000002e-02 9.5212435200000004e+02
5.8535850000000003e+01 3.1892399999999999e-01 6.1760000000000002e-02 9.5296120699999994e+02
6.3722169999999998e+01 3.7271599999999999e-01 6.7199999999999996e-02 9.5379474200000004e+02
6.8913025000000005e+01 4.3131000000000003e-01 7.2639999999999996e-02 9.5463195399999995e+02
7.4108456000000004e+01 4.9533199999999999e-01 7.8079999999999997e-02 9.5548061600000005e+02
7.9308546000000007e+01 5.6557500000000005e-01 8.3519999999999997e-02 9.5634899800000005e+02
8.4513425999999995e+01 6.4298900000000003e-01 8.8959999999999997e-02 9.5724562900000001e+02
8.9723271999999994e+01 7.2867000000000004e-01 9.4399999999999998e-02 9.5817910900000004e+02
9.4938309000000004e+01 8.2384700000000000e-01 9.9839999999999998e-02 9.5915796100000000e+02
1.0015880500000000e+02 9.2986899999999995e-01 1.0528000000000000e-01 9.6019051800000000e+02
1.0538505900000000e+02 1.0467120000000001e+00 1.1072000000000000e-01 9.6127135699999997e+02
1.1061726600000000e+02 1.1735220000000000e+00 1.1616000000000000e-01 9.6238800200000003e+02
1.1585570900000000e+02 1.3141290000000001e+00 1.2160000000000000e-01 9.6356947700000001e+02
1.2110077800000001e+02 1.4708870000000001e+00 1.2703999999999999e-01 9.6482906700000001e+02
1.2635292500000000e+02 1.6458770000000000e+00 1.3247999999999999e-01 9.6617625599999997e+02
1.3161264900000000e+02 1.8410880000000001e+00 1.3791999999999999e-01 9.6761872500000004e+02
1.3688048599999999e+02 2.0584730000000002e+00 1.4335999999999999e-01 9.6916298600000005e+02
1.4215700500000000e+02 2.2999640000000001e+00 1.4879999999999999e-01 9.7081468199999995e+02
1.4744280499999999e+02 2.5674760000000001e+00 1.5423999999999999e-01 9.7257874300000003e+02
1.5273850800000000e+02 2.8629110000000000e+00 1.5967999999999999e-01 9.7445949499999995e+02
1.5804476099999999e+02 3.1881539999999999e+00 1.6511999999999999e-01 9.7646073699999999e+02
1.6336222799999999e+02 3.5450740000000001e+00 1.7055999999999999e-01 9.7858579299999997e+02
1.6869158999999999e+02 3.9355210000000000e+00 1.7599999999999999e-01 9.8083756300000005e+02
1.7403354500000000e+02 4.3613220000000004e+00 1.8143999999999999e-01 9.8321856100000002e+02
1.7938880100000000e+02 4.8242799999999999e+00 1.8687999999999999e-01 9.8573094200000003e+02
1.8475807800000001e+02 5.3261719999999997e+00 1.9231999999999999e-01 9.8837654199999997e+02
1.9014210600000001e+02 5.8687459999999998e+00 1.9775999999999999e-01 9.9115689199999997e+02
1.9554161999999999e+02 6.4537199999999997e+00 2.0319999999999999e-01 9.9407325000000003e+02
2.0095736500000001e+02 7.0827790000000004e+00 2.0863999999999999e-01 9.9712661800000001e+02
2.0639008799999999e+02 7.7575760000000002e+00 2.1407999999999999e-01 1.0003177600000000e+03
2.1184054000000000e+02 8.4797259999999994e+00 2.1951999999999999e-01 1.0036472170000000e+03
2.1730947399999999e+02 9.2508079999999993e+00 2.2495999999999999e-01 1.0071153220000000e+03
2.2279764700000001e+02 1.0072362000000000e+01 2.3039999999999999e-01 1.0107222150000000e+03
2.2830581200000000e+02 1.0945886000000000e+01 2.3583999999999999e-01 1.0144678450000000e+03
2.3383472499999999e+02 1.1872835000000000e+01 2.4127999999999999e-01 1.0183519870000000e+03
2.3938513800000001e+02 1.2854619000000000e+01 2.4671999999999999e-01 1.0223742460000000e+03
2.4495780099999999e+02 1.3892600000000000e+01 2.5216000000000000e-01 1.0265340590000001e+03
2.5055346200000000e+02 1.4988092999999999e+01 2.5760000000000000e-01 1.0308307090000001e+03
2.5617286200000001e+02 1.6142355999999999e+01 2.6304000000000000e-01 1.0352633200000000e+03
2.6181673899999998e+02 1.7356597000000001e+01 2.6848000000000000e-01 1.0398308669999999e+03
2.6748582399999998e+02 1.8631965000000001e+01 2.7392000000000000e-01 1.0445321779999999e+03
2.7318084199999998e+02 1.9969550000000002e+01 2.7936000000000000e-01 1.0493659330000000e+03
2.7890250900000001e+02 2.1370381999999999e+01 2.8480000000000000e-01 1.0543306749999999e+03
2.8465153500000002e+02 2.2835426999999999e+01 2.9024000000000000e-01 1.0594248080000000e+03
2.9042861799999997e+02 2.4365583999999998e+01 2.9568000000000000e-01 1.0646466009999999e+03
2.9623444899999998e+02 2.5961687999999999e+01 3.0112000000000000e-01 1.0699941960000001e+03
3.0206970699999999e+02 2.7624504999999999e+01 3.0656000000000000e-01 1.0754656090000001e+03
3.0793506100000002e+02 2.9354730000000000e+01 3.1200000000000000e-01 1.0810587370000001e+03
3.1383116600000000e+02 3.1152991000000000e+01 3.1744000000000000e-01 1.0867713639999999e+03
3.1975866700000000e+02 3.3019843000000002e+01 3.2288000000000000e-01 1.0926011679999999e+03
3.2571819399999998e+02 3.4955773000000001e+01 3.2832000000000000e-01 1.0985457269999999e+03
3.3171036700000002e+02 3.6961196000000001e+01 3.3376000000000000e-01 1.1046025279999999e+03
3.3773578900000001e+02 3.9036459999999998e+01 3.3920000000000000e-01 1.1107689740000001e+03
3.4379504800000001e+02 4.1181843999999998e+01 3.4464000000000000e-01 1.1170423929999999e+03
3.4988872099999998e+02 4.3397561000000003e+01 3.5008000000000000e-01 1.1234200490000001e+03
3.5601736699999998e+02 4.5683759000000002e+01 3.5552000000000000e-01 1.1298991460000000e+03
3.6218149599999998e+02 4.8009025000000001e+01 3.6096000000000000e-01 1.1363894920000000e+03
3.6837846500000001e+02 5.0026220000000002e+01 3.6640000000000000e-01 1.1419359290000000e+03
3.7460454600000003e+02 5.1950598999999997e+01 3.7184000000000000e-01 1.1471487580000000e+03
3.8085853200000003e+02 5.3846125999999998e+01 3.7728000000000000e-01 1.1522087480000000e+03
3.8713977499999999e+02 5.5733995999999998e+01 3.8272000000000000e-01 1.1571761039999999e+03
3.9344786199999999e+02 5.7624986000000000e+01 3.8816000000000001e-01 1.1620814220000000e+03
3.9978251000000000e+02 5.9525584000000002e+01 3.9360000000000001e-01 1.1669430379999999e+03
4.0614351399999998e+02 6.1440091000000002e+01 3.9904000000000001e-01 1.1717730079999999e+03
4.1253058499999997e+02 6.3302464000000001e+01 4.0448000000000001e-01 1.1764086070000001e+03
4.1894121000000001e+02 6.4978943999999998e+01 4.0992000000000001e-01 1.1805251459999999e+03
4.2537397900000002e+02 6.6646089000000003e+01 4.1536000000000001e-01 1.1845646930000000e+03
4.3182864200000000e+02 6.8324157999999997e+01 4.2080000000000001e-01 1.1885777840000001e+03
4.3830510600000002e+02 7.0019945000000007e+01 4.2624000000000001e-01 1.1925811540000000e+03
4.4480334199999999e+02 7.1736890000000002e+01 4.3168000000000001e-01 1.1965830730000000e+03
4.5132335699999999e+02 7.3477074000000002e+01 4.3712000000000001e-01 1.2005883679999999e+03
4.5786517700000002e+02 7.5241890999999995e+01 4.4256000000000001e-01 1.2046001320000000e+03
4.6442884500000002e+02 7.7032347000000001e+01 4.4800000000000001e-01 1.2086204620000001e+03
4.7101441100000000e+02 7.8849199999999996e+01 4.5344000000000001e-01 1.2126508360000000e+03
4.7762193300000001e+02 8.0693045999999995e+01 4.5888000000000001e-01 1.2166923190000000e+03
4.8425147299999998e+02 8.2564363000000000e+01 4.6432000000000001e-01 1.2207456870000001e+03
4.9090309800000000e+02 8.4463547000000005e+01 4.6976000000000001e-01 1.2248115110000001e+03
4.9757687600000003e+02 8.6390929999999997e+01 4.7520000000000001e-01 1.2288902049999999e+03
5.0427287899999999e+02 8.8346791999999994e+01 4.8064000000000001e-01 1.2329820640000000e+03
5.1099117899999999e+02 9.0331373999999997e+01 4.8608000000000001e-01 1.2370872919999999e+03
5.1773184900000001e+02 9.2344886000000002e+01 4.9152000000000001e-01 1.2412060170000000e+03
5.2449496299999998e+02 9.4387508999999994e+01 4.9696000000000001e-01 1.2453383110000000e+03
5.3128059399999995e+02 9.6459401000000000e+01 5.0239999999999996e-01 1.2494841960000001e+03
5.3808881599999995e+02 9.8560702000000006e+01 5.0783999999999996e-01 1.2536436520000000e+03
5.4491970400000002e+02 1.0069153300000001e+02 5.1327999999999996e-01 1.2578166309999999e+03
5.5177332999999999e+02 1.0285200100000000e+02 5.1871999999999996e-01 1.2620030540000000e+03
5.5864976799999999e+02 1.0504219900000000e+02 5.2415999999999996e-01 1.2662028180000000e+03
5.6554908999999998e+02 1.0726220900000000e+02 5.2959999999999996e-01 1.2704158030000001e+03
5.7247136699999999e+02 1.0951209900000001e+02 5.3503999999999996e-01 1.2746418710000000e+03
5.7941666999999995e+02 1.1179193200000000e+02 5.4047999999999996e-01 1.2788808680000000e+03
5.8638506900000004e+02 1.1410175900000000e+02 5.4591999999999996e-01 1.2831326320000001e+03
5.9337663399999997e+02 1.1644162200000000e+02 5.5135999999999996e-01 1.2873969880000000e+03
6.0039143100000001e+02 1.1881155699999999e+02 5.5679999999999996e-01 1.2916737510000000e+03
6.0742952800000000e+02 1.2121159200000000e+02 5.6223999999999996e-01 1.2959627330000001e+03
6.1449099200000001e+02 1.2364174900000000e+02 5.6767999999999996e-01 1.3002637350000000e+03
6.2157588599999997e+02 1.2610204400000001e+02 5.7311999999999996e-01 1.3045765560000000e+03
6.2868427499999996e+02 1.2859248600000001e+02 5.7855999999999996e-01 1.3089009890000000e+03
6.3581622100000004e+02 1.3111308000000000e+02 5.8399999999999996e-01 1.3132368240000001e+03
6.4297178599999995e+02 1.3366382400000001e+02 5.8943999999999996e-01 1.3175838490000001e+03
6.5015102899999999e+02 1.3624471399999999e+02 5.9487999999999996e-01 1.3219418490000000e+03
6.5735401100000001e+02 1.3885573900000000e+02 6.0031999999999996e-01 1.3263106069999999e+03
6.6458078899999998e+02 1.4149688399999999e+02 6.0575999999999997e-01 1.3306899050000000e+03
6.7183141999999998e+02 1.4416813300000001e+02 6.1119999999999997e-01 1.3350795250000001e+03
6.7910595899999998e+02 1.4686946100000000e+02 6.1663999999999997e-01 1.3394792470000000e+03
6.8640446099999997e+02 1.4960084400000000e+02 6.2207999999999997e-01 1.3438888529999999e+03
6.9372697900000003e+02 1.5236225300000001e+02 6.2751999999999997e-01 1.3483081250000000e+03
7.0107356400000003e+02 1.5515365600000001e+02 6.3295999999999997e-01 1.3527368429999999e+03
7.0844426899999996e+02 1.5797501600000001e+02 6.3839999999999997e-01 1.3571747909999999e+03
7.1583914100000004e+02 1.6082629700000001e+02 6.4383999999999997e-01 1.3616217540000000e+03
7.2325823100000002e+02 1.6370745600000001e+02 6.4927999999999997e-01 1.3660775149999999e+03
7.3070158400000003e+02 1.6661845199999999e+02 6.5471999999999997e-01 1.3705418620000000e+03
7.3816924800000004e+02 1.6955923700000000e+02 6.6015999999999997e-01 1.3750145829999999e+03
7.4566126699999995e+02 1.7252976400000000e+02 6.6559999999999997e-01 1.3794954670000000e+03
7.5317768500000000e+02 1.7552998299999999e+02 6.7103999999999997e-01 1.3839843080000001e+03
7.6071854399999995e+02 1.7855984200000000e+02 6.7647999999999997e-01 1.3884808989999999e+03
7.6828388700000005e+02 1.8161928599999999e+02 6.8191999999999997e-01 1.3929850349999999e+03
7.7587375399999996e+02 1.8470825900000000e+02 6.8735999999999997e-01 1.3974965159999999e+03
7.8348818400000005e+02 1.8782670300000001e+02 6.9279999999999997e-01 1.4020151410000001e+03
7.9112721599999998e+02 1.9097456000000000e+02 6.9823999999999997e-01 1.4065407140000000e+03
7.9879088700000000e+02 1.9415176700000001e+02 7.0367999999999997e-01 1.4110730400000000e+03
8.0647923200000002e+02 1.9735826399999999e+02 7.0911999999999997e-01 1.4156119269999999e+03
8.1419228799999996e+02 2.0059398700000000e+02 7.1455999999999997e-01 1.4201571850000000e+03
8.2193008799999996e+02 2.0385887000000000e+02 7.1999999999999997e-01 1.4247086270000000e+03
8.2969266500000003e+02 2.0715284700000001e+02 7.2543999999999997e-01 1.4292660679999999e+03
8.3748005300000000e+02 2.1047585100000001e+02 7.3087999999999997e-01 1.4338293269999999e+03
8.4529228100000000e+02 2.1382781499999999e+02 7.3631999999999997e-01 1.4383982240000000e+03
8.5312937999999997e+02 2.1720866799999999e+02 7.4175999999999997e-01 1.4429725830000000e+03
8.6099137900000005e+02 2.2061833999999999e+02 7.4719999999999998e-01 1.4475522289999999e+03
8.6887830599999995e+02 2.2405676199999999e+02 7.5263999999999998e-01 1.4521369900000000e+03
8.7679019000000005e+02 2.2752385899999999e+02 7.5807999999999998e-01 1.4567266990000001e+03
8.8472705499999995e+02 2.3101956100000001e+02 7.6351999999999998e-01 1.4613211890000000e+03
8.9268892900000003e+02 2.3454379399999999e+02 7.6895999999999998e-01 1.4659202969999999e+03
9.0067583500000001e+02 2.3809648400000000e+02 7.7439999999999998e-01 1.4705238609999999e+03
9.0868779800000004e+02 2.4167755600000001e+02 7.7983999999999998e-01 1.4751317240000001e+03
9.1672483899999997e+02 2.4528693600000000e+02 7.8527999999999998e-01 1.4797437299999999e+03
9.2478698199999997e+02 2.4892454799999999e+02 7.9071999999999998e-01 1.4843597250000000e+03
9.3287424799999997e+02 2.5259031600000000e+02 7.9615999999999998e-01 1.4889795590000001e+03
9.4098665700000004e+02 2.5628416299999998e+02 8.0159999999999998e-01 1.4936030850000000e+03
9.4912422900000001e+02 2.6000601300000000e+02 8.0703999999999998e-01 1.4982301570000000e+03
9.5728698299999996e+02 2.6375578899999999e+02 8.1247999999999998e-01 1.5028606310000000e+03
9.6547493599999996e+02 2.6753341300000000e+02 8.1791999999999998e-01 1.5074943690000000e+03
9.7368810599999995e+02 2.7133880699999997e+02 8.2335999999999998e-01 1.5121312310000001e+03
9.8192651100000000e+02 2.7517189400000001e+02 8.2879999999999998e-01 1.5167710810000001e+03
9.9019016499999998e+02 2.7903259500000001e+02 8.3423999999999998e-01 1.5214137880000001e+03
9.9847908399999994e+02 2.8292083300000002e+02 8.3967999999999998e-01 1.5260592200000001e+03
1.0067932820000000e+03 2.8683652699999999e+02 8.4511999999999998e-01 1.5307072490000000e+03
1.0151327740000000e+03 2.9077960100000001e+02 8.5055999999999998e-01 1.5353577479999999e+03
1.0234975710000000e+03 2.9474997500000001e+02 8.5599999999999998e-01 1.5400105950000000e+03
1.0318876880000000e+03 2.9874757000000000e+02 8.6143999999999998e-01 1.5446656670000000e+03
1.0403031340000000e+03 3.0277230800000001e+02 8.6687999999999998e-01 1.5493228449999999e+03
1.0487439230000000e+03 3.0682411000000002e+02 8.7231999999999998e-01 1.5539820119999999e+03
1.0572100630000000e+03 3.1090289600000000e+02 8.7775999999999998e-01 1.5586430539999999e+03
1.0657015650000001e+03 3.1500858899999997e+02 8.8319999999999999e-01 1.5633058579999999e+03
1.0742184390000000e+03 3.1914110899999997e+02 8.8863999999999999e-01 1.5679703130000000e+03
1.0827606920000001e+03 3.2330037800000002e+02 8.9407999999999999e-01 1.5726363100000001e+03
1.0913283329999999e+03 3.2748631799999998e+02 8.9951999999999999e-01 1.5773037449999999e+03
1.0999213700000000e+03 3.3169884900000000e+02 9.0495999999999999e-01 1.5819725120000001e+03
1.1085398100000000e+03 3.3593789399999997e+02 9.1039999999999999e-01 1.5866425090000000e+03
1.1171836579999999e+03 3.4020337499999999e+02 9.1583999999999999e-01 1.5913136360000001e+03
1.1258529209999999e+03 3.4449521399999998e+02 9.2127999999999999e-01 1.5959857959999999e+03
1.1345476040000001e+03 3.4881333400000000e+02 9.2671999999999999e-01 1.6006588910000000e+03
1.1432677120000001e+03 3.5315765599999997e+02 9.3215999999999999e-01 1.6053328289999999e+03
1.1520132490000001e+03 3.5752810499999998e+02 9.3759999999999999e-01 1.6100075170000000e+03
1.1607842189999999e+03 3.6192460399999999e+02 9.4303999999999999e-01 1.6146828650000000e+03
1.1695806259999999e+03 3.6634707700000001e+02 9.4847999999999999e-01 1.6193587840000000e+03
1.1784024720000000e+03 3.7079544800000002e+02 9.5391999999999999e-01 1.6240351900000001e+03
1.1872497590000000e+03 3.7526964299999997e+02 9.5935999999999999e-01 1.6287119980000000e+03
1.1961224900000000e+03 3.7976958600000000e+02 9.6479999999999999e-01 1.6333891249999999e+03
1.2050206670000000e+03 3.8429520400000001e+02 9.7023999999999999e-01 1.6380664930000000e+03
1.2139442890000000e+03 3.8884642400000001e+02 9.7567999999999999e-01 1.6427440240000001e+03
1.2228933589999999e+03 3.9342317500000001e+02 9.8111999999999999e-01 1.6474216409999999e+03
1.2318678760000000e+03 3.9802538399999997e+02 9.8655999999999999e-01 1.6520992730000000e+03
1.2408678390000000e+03 4.0265298400000000e+02 9.9199999999999999e-01 1.6567768490000001e+03
1.2498932500000001e+03 4.0730590500000000e+02 9.9743999999999999e-01 1.6614543000000001e+03
1.2589441059999999e+03 4.1198408200000000e+02 1.0028800000000000e+00 1.6661315629999999e+03
1.2680204060000001e+03 4.1668745000000001e+02 1.0083200000000001e+00 1.6708085759999999e+03
1.2771221490000000e+03 4.2141595100000001e+02 1.0137600000000000e+00 1.6754852820000001e+03
1.2862493340000001e+03 4.2616952700000002e+02 1.0192000000000001e+00 1.6801616289999999e+03
1.2954019579999999e+03 4.3094812899999999e+02 1.0246400000000000e+00 1.6848375710000000e+03
1.3045800180000001e+03 4.3575171399999999e+02 1.0300800000000001e+00 1.6895130730000001e+03
1.3137835130000001e+03 4.4058025500000002e+02 1.0355200000000000e+00 1.6941881129999999e+03
1.3230124390000001e+03 4.4543374999999997e+02 1.0409600000000001e+00 1.6988626919999999e+03
1.3322667950000000e+03 4.5031225100000000e+02 1.0464000000000000e+00 1.7035368659999999e+03
1.3415465780000000e+03 4.5521601500000003e+02 1.0518400000000001e+00 1.7082108840000001e+03
1.3508517899999999e+03 4.6014540499999998e+02 1.0572800000000000e+00 1.7128850920000000e+03
1.3601824260000001e+03 4.6509885600000001e+02 1.0627200000000001e+00 1.7175580110000001e+03
1.3695384810000000e+03 4.7007624900000002e+02 1.0681600000000000e+00 1.7222295440000000e+03
1.3789199450000001e+03 4.7507750800000002e+02 1.0736000000000001e+00 1.7268996330000000e+03
1.3883268120000000e+03 4.8010255899999999e+02 1.0790400000000000e+00 1.7315682230000000e+03
1.3977590720000001e+03 4.8515132499999999e+02 1.0844800000000001e+00 1.7362352590000000e+03
1.4072167170000000e+03 4.9022373199999998e+02 1.0899200000000000e+00 1.7409006890000001e+03
1.4166997389999999e+03 4.9531970699999999e+02 1.0953599999999999e+00 1.7455644600000001e+03
1.4262081270000001e+03 5.0043917299999998e+02 1.1008000000000000e+00 1.7502265210000000e+03
1.4357418729999999e+03 5.0558205900000002e+02 1.1062399999999999e+00 1.7548868230000000e+03
1.4453009669999999e+03 5.1074829099999999e+02 1.1116800000000000e+00 1.7595453160000000e+03
1.4548853990000000e+03 5.1593779500000005e+02 1.1171199999999999e+00 1.7642019530000000e+03
1.4644951579999999e+03 5.2115049999999997e+02 1.1225600000000000e+00 1.7688566860000001e+03
1.4741302340000000e+03 5.2638633200000004e+02 1.1279999999999999e+00 1.7735094710000001e+03
1.4837906170000001e+03 5.3164522099999999e+02 1.1334400000000000e+00 1.7781602620000001e+03
1.4934762960000000e+03 5.3692709500000001e+02 1.1388799999999999e+00 1.7828090159999999e+03
1.5031872579999999e+03 5.4223188200000004e+02 1.1443200000000000e+00 1.7874556900000000e+03
1.5129234939999999e+03 5.4755951200000004e+02 1.1497599999999999e+00 1.7921002410000001e+03
1.5226849910000001e+03 5.5290991599999995e+02 1.1552000000000000e+00 1.7967426300000000e+03
1.5324717360000000e+03 5.5828302199999996e+02 1.1606399999999999e+00 1.8013828149999999e+03
1.5422837190000000e+03 5.6367876100000001e+02 1.1660800000000000e+00 1.8060207579999999e+03
1.5521209269999999e+03 5.6909706400000005e+02 1.1715199999999999e+00 1.8106564200000000e+03
1.5619833480000000e+03 5.7453786200000002e+02 1.1769600000000000e+00 1.8152897630000000e+03
1.5718709670000001e+03 5.8000108599999999e+02 1.1823999999999999e+00 1.8199207520000000e+03
1.5817837740000000e+03 5.8548666900000001e+02 1.1878400000000000e+00 1.8245493489999999e+03
1.5917217539999999e+03 5.9099454200000002e+02 1.1932799999999999e+00 1.8291755209999999e+03
1.6016848950000001e+03 5.9652463899999998e+02 1.1987200000000000e+00 1.8337992320000001e+03
1.6116731820000000e+03 6.0207689100000005e+02 1.2041599999999999e+00 1.8384204490000000e+03
1.6216866020000000e+03 6.0765123300000005e+02 1.2096000000000000e+00 1.8430391390000000e+03
1.6317251420000000e+03 6.1324759700000004e+02 1.2150399999999999e+00 1.8476552700000000e+03
1.6417887870000000e+03 6.1886591799999997e+02 1.2204800000000000e+00 1.8522688109999999e+03
1.6518775230000001e+03 6.2450612999999998e+02 1.2259199999999999e+00 1.8568797310000000e+03
1.6619913360000000e+03 6.3016816700000004e+02 1.2313600000000000e+00 1.8614879989999999e+03
1.6721302120000000e+03 6.3585196499999995e+02 1.2367999999999999e+00 1.8660935870000001e+03
1.6822941340000000e+03 6.4155745800000000e+02 1.2422400000000000e+00 1.8706964660000001e+03
1.6924830899999999e+03 6.4728458300000000e+02 1.2476799999999999e+00 1.8752966080000001e+03
1.7026970630000001e+03 6.5303327600000000e+02 1.2531200000000000e+00 1.8798939849999999e+03
1.7129360389999999e+03 6.5880347200000006e+02 1.2585599999999999e+00 1.8844885710000001e+03
1.7232000029999999e+03 6.6459510799999998e+02 1.2640000000000000e+00 1.8890803390000001e+03
1.7334889390000001e+03 6.7040812200000005e+02 1.2694399999999999e+00 1.8936692640000001e+03
1.7438028310000000e+03 6.7624244899999997e+02 1.2748800000000000e+00 1.8982553210000001e+03
1.7541416630000001e+03 6.8209802900000000e+02 1.2803199999999999e+00 1.9028384860000001e+03
1.7645054200000000e+03 6.8797067900000002e+02 1.2857600000000000e+00 1.9074155290000001e+03
1.7748939370000001e+03 6.9379612699999996e+02 1.2911999999999999e+00 1.9119366230000001e+03
1.7853069599999999e+03 6.9960820200000001e+02 1.2966400000000000e+00 1.9164283670000000e+03
1.7957443679999999e+03 7.0542130699999996e+02 1.3020799999999999e+00 1.9209020980000000e+03
1.8062060750000001e+03 7.1124085800000000e+02 1.3075200000000000e+00 1.9253621180000000e+03
1.8166920140000000e+03 7.1706985299999997e+02 1.3129599999999999e+00 1.9298108259999999e+03
1.8272021270000000e+03 7.2291021400000000e+02 1.3184000000000000e+00 1.9342497800000001e+03
1.8377363650000000e+03 7.2876328699999999e+02 1.3238399999999999e+00 1.9386800770000000e+03
1.8482946830000001e+03 7.3463006099999996e+02 1.3292800000000000e+00 1.9431025350000000e+03
1.8588770390000000e+03 7.4051129700000001e+02 1.3347199999999999e+00 1.9475177890000000e+03
1.8694833970000000e+03 7.4640759500000001e+02 1.3401600000000000e+00 1.9519263460000000e+03
1.8801137209999999e+03 7.5231943699999999e+02 1.3455999999999999e+00 1.9563286200000000e+03
1.8907679770000000e+03 7.5824721999999997e+02 1.3510400000000000e+00 1.9607249549999999e+03
1.9014461340000000e+03 7.6419127300000002e+02 1.3564799999999999e+00 1.9651156420000000e+03
1.9121481620000000e+03 7.7015187300000002e+02 1.3619200000000000e+00 1.9695009310000000e+03
1.9228740330000001e+03 7.7612925499999994e+02 1.3673599999999999e+00 1.9738810360000000e+03
1.9336237180000001e+03 7.8212362199999995e+02 1.3728000000000000e+00 1.9782561470000001e+03
1.9443971910000000e+03 7.8813514399999997e+02 1.3782399999999999e+00 1.9826264269999999e+03
1.9551944260000000e+03 7.9416397300000006e+02 1.3836800000000000e+00 1.9869920239999999e+03
1.9660153969999999e+03 8.0021023800000000e+02 1.3891199999999999e+00 1.9913530670000000e+03
1.9768600810000000e+03 8.0627405199999998e+02 1.3945600000000000e+00 1.9957096750000001e+03
1.9877284540000001e+03 8.1235551399999997e+02 1.3999999999999999e+00 2.0000619509999999e+03
