# epsilon[MeV/fm^3] P[MeV/fm^3] nB[fm^-3] muB[MeV]
3.7968257999999999e+01 1.9004699999999999e-01 4.0000000000000001e-02 9.5395943399999999e+02
4.3159351999999998e+01 2.1361700000000000e-01 4.5440000000000001e-02 9.5451258299999995e+02
4.8353017999999999e+01 2.3284800000000000e-01 5.0880000000000002e-02 9.5491271200000006e+02
5.3548524000000000e+01 2.4803600000000001e-01 5.6320000000000002e-02 9.5519640500000003e+02
5.8745331000000000e+01 2.5997599999999998e-01 6.1760000000000002e-02 9.5539861800000006e+02
6.3943086999999998e+01 2.6988899999999999e-01 6.7199999999999996e-02 9.5555204200000003e+02
6.9141609000000003e+01 2.7934999999999999e-01 7.2639999999999996e-02 9.5568679399999996e+02
7.4340871000000007e+01 2.9022199999999998e-01 7.8079999999999997e-02 9.5583033399999999e+02
7.9540988999999996e+01 3.0460900000000002e-01 8.3519999999999997e-02 9.5600750200000004e+02
8.4742209000000003e+01 3.2479799999999998e-01 8.8959999999999997e-02 9.5624061300000005e+02
8.9944856000000001e+01 3.5141200000000000e-01 9.4399999999999998e-02 9.5653003300000000e+02
9.5149243999999996e+01 3.8664500000000002e-01 9.9839999999999998e-02 9.5689167899999995e+02
1.0035587200000001e+02 4.3469400000000002e-01 1.0528000000000000e-01 9.5735895700000003e+02
1.0556536600000000e+02 4.9865399999999999e-01 1.1072000000000000e-01 9.5794991500000003e+02
1.1077843700000000e+02 5.8138299999999998e-01 1.1616000000000000e-01 9.5867788499999995e+02
1.1599585900000000e+02 6.8559599999999998e-01 1.2160000000000000e-01 9.5955318699999998e+02
1.2121845700000000e+02 8.1389299999999998e-01 1.2703999999999999e-01 9.6058384100000001e+02
1.2644709300000000e+02 9.6875699999999998e-01 1.3247999999999999e-01 9.6177596300000005e+02
1.3168265800000000e+02 1.1525500000000000e+00 1.3791999999999999e-01 9.6313404500000001e+02
1.3692606499999999e+02 1.3675120000000001e+00 1.4335999999999999e-01 9.6466117199999997e+02
1.4217823899999999e+02 1.6157539999999999e+00 1.4879999999999999e-01 9.6635920699999997e+02
1.4744011100000000e+02 1.8992560000000001e+00 1.5423999999999999e-01 9.6822895600000004e+02
1.5271261799999999e+02 2.2198709999999999e+00 1.5967999999999999e-01 9.7027031899999997e+02
1.5799668900000000e+02 2.5793249999999999e+00 1.6511999999999999e-01 9.7248243000000002e+02
1.6329325100000000e+02 2.9792230000000002e+00 1.7055999999999999e-01 9.7486378800000000e+02
1.6860321900000000e+02 3.4210550000000000e+00 1.7599999999999999e-01 9.7741236800000001e+02
1.7392749499999999e+02 3.9062049999999999e+00 1.8143999999999999e-01 9.8012573199999997e+02
1.7926697100000001e+02 4.4359570000000001e+00 1.8687999999999999e-01 9.8300111900000002e+02
1.8462251800000001e+02 5.0115040000000004e+00 1.9231999999999999e-01 9.8603552400000001e+02
1.8999499299999999e+02 5.6339550000000003e+00 1.9775999999999999e-01 9.8922577000000001e+02
1.9538523599999999e+02 6.3043469999999999e+00 2.0319999999999999e-01 9.9256856300000004e+02
2.0079406700000001e+02 7.0236450000000001e+00 2.0863999999999999e-01 9.9606053899999995e+02
2.0622228999999999e+02 7.7927549999999997e+00 2.1407999999999999e-01 9.9969830300000001e+02
2.1167068699999999e+02 8.6125270000000000e+00 2.1951999999999999e-01 1.0034784560000001e+03
2.1714002400000001e+02 9.4837579999999999e+00 2.2495999999999999e-01 1.0073976200000000e+03
2.2263104899999999e+02 1.0407200000000000e+01 2.3039999999999999e-01 1.0114524530000000e+03
2.2814449099999999e+02 1.1383561000000000e+01 2.3583999999999999e-01 1.0156396610000000e+03
2.3368106100000000e+02 1.2413508000000000e+01 2.4127999999999999e-01 1.0199560040000000e+03
2.3924145400000000e+02 1.3497669999999999e+01 2.4671999999999999e-01 1.0243983049999999e+03
2.4482634600000000e+02 1.4636642000000000e+01 2.5216000000000000e-01 1.0289634470000001e+03
2.5043639700000000e+02 1.5830980000000000e+01 2.5760000000000000e-01 1.0336483770000000e+03
2.5607225099999999e+02 1.7081209999999999e+01 2.6304000000000000e-01 1.0384501040000000e+03
2.6173453599999999e+02 1.8387822000000000e+01 2.6848000000000000e-01 1.0433656970000000e+03
2.6742386199999999e+02 1.9751277000000002e+01 2.7392000000000000e-01 1.0483922829999999e+03
2.7314082800000000e+02 2.1172003000000000e+01 2.7936000000000000e-01 1.0535270439999999e+03
2.7888601299999999e+02 2.2650396000000001e+01 2.8480000000000000e-01 1.0587672170000001e+03
2.8465998300000001e+02 2.4186823000000000e+01 2.9024000000000000e-01 1.0641100859999999e+03
2.9046329100000003e+02 2.5781620000000000e+01 2.9568000000000000e-01 1.0695529839999999e+03
2.9629647399999999e+02 2.7435092000000001e+01 3.0112000000000000e-01 1.0750932909999999e+03
3.0216005400000000e+02 2.9147516000000000e+01 3.0656000000000000e-01 1.0807284259999999e+03
3.0805454099999997e+02 3.0919139000000001e+01 3.1200000000000000e-01 1.0864558520000000e+03
3.1398042900000002e+02 3.2750177000000001e+01 3.1744000000000000e-01 1.0922730690000001e+03
3.1993820199999999e+02 3.4640819999999998e+01 3.2288000000000000e-01 1.0981776179999999e+03
3.2592832700000002e+02 3.6591228999999998e+01 3.2832000000000000e-01 1.1041670730000001e+03
3.3195125999999999e+02 3.8601536000000003e+01 3.3376000000000000e-01 1.1102390470000000e+03
3.3800744300000002e+02 4.0671847999999997e+01 3.3920000000000000e-01 1.1163911869999999e+03
3.4409730700000000e+02 4.2802244000000002e+01 3.4464000000000000e-01 1.1226211730000000e+03
3.5022126900000001e+02 4.4992776999999997e+01 3.5008000000000000e-01 1.1289267219999999e+03
3.5637973399999998e+02 4.7243476000000001e+01 3.5552000000000000e-01 1.1353055840000000e+03
3.6257309400000003e+02 4.9554343000000003e+01 3.6096000000000000e-01 1.1417555420000001e+03
3.6880173100000002e+02 5.1925359999999998e+01 3.6640000000000000e-01 1.1482744150000001e+03
3.7506585500000000e+02 5.4280549999999998e+01 3.7184000000000000e-01 1.1546554169999999e+03
3.8136223799999999e+02 5.6356870999999998e+01 3.7728000000000000e-01 1.1601987520000000e+03
3.8768794300000002e+02 5.8360847999999997e+01 3.8272000000000000e-01 1.1654720850000001e+03
3.9404192200000000e+02 6.0339187000000003e+01 3.8816000000000001e-01 1.1706043970000001e+03
4.0042355500000002e+02 6.2309590999999998e+01 3.9360000000000001e-01 1.1756449450000000e+03
4.0683242400000000e+02 6.4281480000000002e+01 3.9904000000000001e-01 1.1806200309999999e+03
4.1326821699999999e+02 6.6259359000000003e+01 4.0448000000000001e-01 1.1855426700000000e+03
4.1972909199999998e+02 6.7988752000000005e+01 4.0992000000000001e-01 1.1897896570000000e+03
4.2621251500000000e+02 6.9675918999999993e+01 4.1536000000000001e-01 1.1938780230000000e+03
4.3271803199999999e+02 7.1365294000000006e+01 4.2080000000000001e-01 1.1979184330000001e+03
4.3924545799999999e+02 7.3066503999999995e+01 4.2624000000000001e-01 1.2019348760000000e+03
4.4579469499999999e+02 7.4783949000000007e+01 4.3168000000000001e-01 1.2059382240000000e+03
4.5236568899999997e+02 7.6520149000000004e+01 4.3712000000000001e-01 1.2099346069999999e+03
4.5895841400000000e+02 7.8276732999999993e+01 4.4256000000000001e-01 1.2139279059999999e+03
4.6557285999999999e+02 8.0054845999999998e+01 4.4800000000000001e-01 1.2179207620000000e+03
4.7220903099999998e+02 8.1855332000000004e+01 4.5344000000000001e-01 1.2219150669999999e+03
4.7886693800000000e+02 8.3678845999999993e+01 4.5888000000000001e-01 1.2259122179999999e+03
4.8554660100000001e+02 8.5525909999999996e+01 4.6432000000000001e-01 1.2299132780000000e+03
4.9224804100000000e+02 8.7396947999999995e+01 4.6976000000000001e-01 1.2339190690000000e+03
4.9897128800000002e+02 8.9292316999999997e+01 4.7520000000000001e-01 1.2379302330000000e+03
5.0571637199999998e+02 9.1212316999999999e+01 4.8064000000000001e-01 1.2419472790000000e+03
5.1248332600000003e+02 9.3157207999999997e+01 4.8608000000000001e-01 1.2459706100000001e+03
5.1927218400000004e+02 9.5127215000000007e+01 4.9152000000000001e-01 1.2500005470000001e+03
5.2608298500000001e+02 9.7122534999999999e+01 4.9696000000000001e-01 1.2540373440000001e+03
5.3291576499999996e+02 9.9143343000000002e+01 5.0239999999999996e-01 1.2580812010000000e+03
5.3977056300000004e+02 1.0118979400000001e+02 5.0783999999999996e-01 1.2621322740000001e+03
5.4664741900000001e+02 1.0326202600000001e+02 5.1327999999999996e-01 1.2661906799999999e+03
5.5354637400000001e+02 1.0536016499999999e+02 5.1871999999999996e-01 1.2702565050000001e+03
5.6046746700000006e+02 1.0748432099999999e+02 5.2415999999999996e-01 1.2743298110000001e+03
5.6741074000000003e+02 1.0963459600000000e+02 5.2959999999999996e-01 1.2784106330000000e+03
5.7437623399999995e+02 1.1181108200000000e+02 5.3503999999999996e-01 1.2824989909999999e+03
5.8136398899999995e+02 1.1401386100000001e+02 5.4047999999999996e-01 1.2865948860000001e+03
5.8837404700000002e+02 1.1624300800000000e+02 5.4591999999999996e-01 1.2906983029999999e+03
5.9540644799999995e+02 1.1849858999999999e+02 5.5135999999999996e-01 1.2948092170000000e+03
6.0246123299999999e+02 1.2078066800000001e+02 5.5679999999999996e-01 1.2989275909999999e+03
6.0953844200000003e+02 1.2308929700000000e+02 5.6223999999999996e-01 1.3030533770000000e+03
6.1663811699999997e+02 1.2542452600000000e+02 5.6767999999999996e-01 1.3071865200000000e+03
6.2376029600000004e+02 1.2778639900000000e+02 5.7311999999999996e-01 1.3113269560000001e+03
6.3090501900000004e+02 1.3017495500000001e+02 5.7855999999999996e-01 1.3154746160000000e+03
6.3807232499999998e+02 1.3259022899999999e+02 5.8399999999999996e-01 1.3196294240000000e+03
6.4526225299999999e+02 1.3503225100000000e+02 5.8943999999999996e-01 1.3237913000000001e+03
6.5247484199999997e+02 1.3750104700000000e+02 5.9487999999999996e-01 1.3279601570000000e+03
6.5971012800000005e+02 1.3999664000000001e+02 6.0031999999999996e-01 1.3321359060000000e+03
6.6696814900000004e+02 1.4251904800000000e+02 6.0575999999999997e-01 1.3363184530000001e+03
6.7424894200000006e+02 1.4506828800000000e+02 6.1119999999999997e-01 1.3405077040000001e+03
6.8155254300000001e+02 1.4764437000000001e+02 6.1663999999999997e-01 1.3447035579999999e+03
6.8887898800000005e+02 1.5024730400000001e+02 6.2207999999999997e-01 1.3489059139999999e+03
6.9622831199999996e+02 1.5287709699999999e+02 6.2751999999999997e-01 1.3531146679999999e+03
7.0360054800000000e+02 1.5553375000000000e+02 6.3295999999999997e-01 1.3573297160000000e+03
7.1099573299999997e+02 1.5821726500000000e+02 6.3839999999999997e-01 1.3615509489999999e+03
7.1841389700000002e+02 1.6092763900000000e+02 6.4383999999999997e-01 1.3657782600000000e+03
7.2585507600000005e+02 1.6366486900000001e+02 6.4927999999999997e-01 1.3700115400000000e+03
7.3331929900000000e+02 1.6642894600000000e+02 6.5471999999999997e-01 1.3742506770000000e+03
7.4080660000000000e+02 1.6921986100000001e+02 6.6015999999999997e-01 1.3784955610000000e+03
7.4831700899999998e+02 1.7203760399999999e+02 6.6559999999999997e-01 1.3827460810000000e+03
7.5585055699999998e+02 1.7488215900000000e+02 6.7103999999999997e-01 1.3870021230000000e+03
7.6340727200000003e+02 1.7775351200000000e+02 6.7647999999999997e-01 1.3912635749999999e+03
7.7098718499999995e+02 1.8065164500000000e+02 6.8191999999999997e-01 1.3955303249999999e+03
7.7859032400000001e+02 1.8357653800000000e+02 6.8735999999999997e-01 1.3998022599999999e+03
7.8621671700000002e+02 1.8652816999999999e+02 6.9279999999999997e-01 1.4040792660000000e+03
7.9386639000000002e+02 1.8950651700000000e+02 6.9823999999999997e-01 1.4083612330000001e+03
8.0153937199999996e+02 1.9251155499999999e+02 7.0367999999999997e-01 1.4126480460000000e+03
8.0923568699999998e+02 1.9554325800000001e+02 7.0911999999999997e-01 1.4169395939999999e+03
8.1695536100000004e+02 1.9860159700000000e+02 7.1455999999999997e-01 1.4212357649999999e+03
8.2469842000000006e+02 2.0168654200000000e+02 7.1999999999999997e-01 1.4255364480000001e+03
8.3246488599999998e+02 2.0479806300000001e+02 7.2543999999999997e-01 1.4298415319999999e+03
8.4025478499999997e+02 2.0793612800000000e+02 7.3087999999999997e-01 1.4341509060000001e+03
8.4806813899999997e+02 2.1110070200000001e+02 7.3631999999999997e-01 1.4384644619999999e+03
8.5590497000000005e+02 2.1429175000000001e+02 7.4175999999999997e-01 1.4427820890000000e+03
8.6376530000000002e+02 2.1750923599999999e+02 7.4719999999999998e-01 1.4471036799999999e+03
8.7164915099999996e+02 2.2075312299999999e+02 7.5263999999999998e-01 1.4514291270000001e+03
8.7955654400000003e+02 2.2402337199999999e+02 7.5807999999999998e-01 1.4557583239999999e+03
8.8748749699999996e+02 2.2731994299999999e+02 7.6351999999999998e-01 1.4600911630000001e+03
8.9544203200000004e+02 2.3064279500000001e+02 7.6895999999999998e-01 1.4644275410000000e+03
9.0342016699999999e+02 2.3399188599999999e+02 7.7439999999999998e-01 1.4687673540000001e+03
9.1142191900000000e+02 2.3736717300000001e+02 7.7983999999999998e-01 1.4731104960000000e+03
9.1944730800000002e+02 2.4076861299999999e+02 7.8527999999999998e-01 1.4774568670000001e+03
9.2749635000000001e+02 2.4419616099999999e+02 7.9071999999999998e-01 1.4818063649999999e+03
9.3556906300000003e+02 2.4764976999999999e+02 7.9615999999999998e-01 1.4861588899999999e+03
9.4366546200000005e+02 2.5112939499999999e+02 8.0159999999999998e-01 1.4905143410000001e+03
9.5178556200000003e+02 2.5463498700000000e+02 8.0703999999999998e-01 1.4948726210000000e+03
9.5992938000000004e+02 2.5816649999999998e+02 8.1247999999999998e-01 1.4992336330000001e+03
9.6809693000000004e+02 2.6172388400000000e+02 8.1791999999999998e-01 1.5035972790000001e+03
9.7628822500000001e+02 2.6530708900000002e+02 8.2335999999999998e-01 1.5079634639999999e+03
9.8450328000000002e+02 2.6891606600000000e+02 8.2879999999999998e-01 1.5123320950000000e+03
9.9274210700000003e+02 2.7255076300000002e+02 8.3423999999999998e-01 1.5167030769999999e+03
1.0010047190000000e+03 2.7621112900000003e+02 8.3967999999999998e-01 1.5210763199999999e+03
1.0092911280000000e+03 2.7989711199999999e+02 8.4511999999999998e-01 1.5254517310000001e+03
1.0176013450000000e+03 2.8360865899999999e+02 8.5055999999999998e-01 1.5298292210000000e+03
1.0259353819999999e+03 2.8734571699999998e+02 8.5599999999999998e-01 1.5342087010000000e+03
1.0342932490000001e+03 2.9110823199999999e+02 8.6143999999999998e-01 1.5385900839999999e+03
1.0426749569999999e+03 2.9489615099999997e+02 8.6687999999999998e-01 1.5429732819999999e+03
1.0510805140000000e+03 2.9870941699999997e+02 8.7231999999999998e-01 1.5473582100000001e+03
1.0595099299999999e+03 3.0254797800000000e+02 8.7775999999999998e-01 1.5517447850000001e+03
1.0679632150000000e+03 3.0641177699999997e+02 8.8319999999999999e-01 1.5561329220000000e+03
1.0764403749999999e+03 3.1030075799999997e+02 8.8863999999999999e-01 1.5605225390000001e+03
1.0849414190000000e+03 3.1421486499999997e+02 8.9407999999999999e-01 1.5649135560000000e+03
1.0934663550000000e+03 3.1815404200000000e+02 8.9951999999999999e-01 1.5693058920000001e+03
1.1020151890000000e+03 3.2211823299999998e+02 9.0495999999999999e-01 1.5736994700000000e+03
1.1105879279999999e+03 3.2610737999999998e+02 9.1039999999999999e-01 1.5780942110000001e+03
1.1191845770000000e+03 3.3012142599999999e+02 9.1583999999999999e-01 1.5824900379999999e+03
1.1278051439999999e+03 3.3416031500000003e+02 9.2127999999999999e-01 1.5868868780000000e+03
1.1364496320000001e+03 3.3822398800000002e+02 9.2671999999999999e-01 1.5912846549999999e+03
1.1451180469999999e+03 3.4231238800000000e+02 9.3215999999999999e-01 1.5956832970000000e+03
1.1538103930000000e+03 3.4642545799999999e+02 9.3759999999999999e-01 1.6000827330000000e+03
1.1625266750000001e+03 3.5056313999999998e+02 9.4303999999999999e-01 1.6044828910000001e+03
1.1712668960000001e+03 3.5472537599999998e+02 9.4847999999999999e-01 1.6088837030000000e+03
1.1800310600000000e+03 3.5891210899999999e+02 9.5391999999999999e-01 1.6132851000000001e+03
1.1888191690000001e+03 3.6312328200000002e+02 9.5935999999999999e-01 1.6176870170000000e+03
1.1976312270000001e+03 3.6735883799999999e+02 9.6479999999999999e-01 1.6220893880000001e+03
1.2064672350000001e+03 3.7161872000000000e+02 9.7023999999999999e-01 1.6264921489999999e+03
1.2153271950000001e+03 3.7590287100000000e+02 9.7567999999999999e-01 1.6308952380000001e+03
1.2242111100000000e+03 3.8021123599999999e+02 9.8111999999999999e-01 1.6352985950000000e+03
1.2331189800000000e+03 3.8454375900000002e+02 9.8655999999999999e-01 1.6397021589999999e+03
1.2420508060000000e+03 3.8890038800000002e+02 9.9199999999999999e-01 1.6441058760000001e+03
1.2510065900000000e+03 3.9328106800000000e+02 9.9743999999999999e-01 1.6485096890000000e+03
1.2599863300000000e+03 3.9768574899999999e+02 1.0028800000000000e+00 1.6529135470000001e+03
1.2689900290000000e+03 4.0211438099999998e+02 1.0083200000000001e+00 1.6573173990000000e+03
1.2780176839999999e+03 4.0656691899999998e+02 1.0137600000000000e+00 1.6617212019999999e+03
1.2870692970000000e+03 4.1104332099999999e+02 1.0192000000000001e+00 1.6661249140000000e+03
1.2961448660000001e+03 4.1554355199999998e+02 1.0246400000000000e+00 1.6705285010000000e+03
1.3052443900000001e+03 4.2006758700000000e+02 1.0300800000000001e+00 1.6749319419999999e+03
1.3143678689999999e+03 4.2461541999999997e+02 1.0355200000000000e+00 1.6793352319999999e+03
1.3235153029999999e+03 4.2918709000000001e+02 1.0409600000000001e+00 1.6837384090000000e+03
1.3326866900000000e+03 4.3378280899999999e+02 1.0464000000000000e+00 1.6881416790000001e+03
1.3418820330000001e+03 4.3840275800000001e+02 1.0518400000000001e+00 1.6925452130000001e+03
1.3511013290000001e+03 4.4304579500000000e+02 1.0572800000000000e+00 1.6969479240000001e+03
1.3603445740000000e+03 4.4771184799999997e+02 1.0627200000000001e+00 1.7013497550000000e+03
1.3696117630000001e+03 4.5240085299999998e+02 1.0681600000000000e+00 1.7057506539999999e+03
1.3789028900000001e+03 4.5711274700000001e+02 1.0736000000000001e+00 1.7101505700000000e+03
1.3882179510000001e+03 4.6184746600000000e+02 1.0790400000000000e+00 1.7145494550000001e+03
1.3975569399999999e+03 4.6660494499999999e+02 1.0844800000000001e+00 1.7189472590000000e+03
1.4069198500000000e+03 4.7138512200000002e+02 1.0899200000000000e+00 1.7233439360000000e+03
1.4163066750000000e+03 4.7618793199999999e+02 1.0953599999999999e+00 1.7277394370000000e+03
1.4257174090000001e+03 4.8101331299999998e+02 1.1008000000000000e+00 1.7321337180000000e+03
1.4351520450000000e+03 4.8586120000000000e+02 1.1062399999999999e+00 1.7365267320000000e+03
1.4446105749999999e+03 4.9073153100000002e+02 1.1116800000000000e+00 1.7409184359999999e+03
1.4540929940000001e+03 4.9562424299999998e+02 1.1171199999999999e+00 1.7453087849999999e+03
1.4635992920000001e+03 5.0053927299999998e+02 1.1225600000000000e+00 1.7496977360000001e+03
1.4731294630000000e+03 5.0547655900000001e+02 1.1279999999999999e+00 1.7540852470000000e+03
1.4826834990000000e+03 5.1043603700000000e+02 1.1334400000000000e+00 1.7584712780000000e+03
1.4922613910000000e+03 5.1541764499999999e+02 1.1388799999999999e+00 1.7628557860000001e+03
1.5018631310000001e+03 5.2042132200000003e+02 1.1443200000000000e+00 1.7672387329999999e+03
1.5114887100000001e+03 5.2544700399999999e+02 1.1497599999999999e+00 1.7716200779999999e+03
1.5211381200000001e+03 5.3049463100000003e+02 1.1552000000000000e+00 1.7759997830000000e+03
1.5308113510000001e+03 5.3556413999999995e+02 1.1606399999999999e+00 1.7803778110000001e+03
1.5405083940000000e+03 5.4065547000000004e+02 1.1660800000000000e+00 1.7847541229999999e+03
1.5502292410000000e+03 5.4576855899999998e+02 1.1715199999999999e+00 1.7891286840000000e+03
1.5599738800000000e+03 5.5090334700000005e+02 1.1769600000000000e+00 1.7935014580000000e+03
1.5697423030000000e+03 5.5605977099999996e+02 1.1823999999999999e+00 1.7978724090000001e+03
1.5795344990000001e+03 5.6123777299999995e+02 1.1878400000000000e+00 1.8022415020000001e+03
1.5893504579999999e+03 5.6643728999999996e+02 1.1932799999999999e+00 1.8066087050000001e+03
1.5991901710000000e+03 5.7165826300000003e+02 1.1987200000000000e+00 1.8109739830000001e+03
1.6090536250000000e+03 5.7690063099999998e+02 1.2041599999999999e+00 1.8153373039999999e+03
1.6189408109999999e+03 5.8216433400000005e+02 1.2096000000000000e+00 1.8196986360000001e+03
1.6288517170000000e+03 5.8744931199999996e+02 1.2150399999999999e+00 1.8240579459999999e+03
1.6387863330000000e+03 5.9275550599999997e+02 1.2204800000000000e+00 1.8284152050000000e+03
1.6487446470000000e+03 5.9808285699999999e+02 1.2259199999999999e+00 1.8327703819999999e+03
1.6587266480000001e+03 6.0343130399999995e+02 1.2313600000000000e+00 1.8371234480000001e+03
1.6687323240000001e+03 6.0880079000000001e+02 1.2367999999999999e+00 1.8414743719999999e+03
1.6787616640000001e+03 6.1419125399999996e+02 1.2422400000000000e+00 1.8458231260000000e+03
1.6888146560000000e+03 6.1960263999999995e+02 1.2476799999999999e+00 1.8501696830000001e+03
1.6988912869999999e+03 6.2503488800000002e+02 1.2531200000000000e+00 1.8545140140000001e+03
1.7089915450000001e+03 6.3048793899999998e+02 1.2585599999999999e+00 1.8588560930000001e+03
1.7191154190000000e+03 6.3596173699999997e+02 1.2640000000000000e+00 1.8631958940000000e+03
1.7292628950000001e+03 6.4145622400000002e+02 1.2694399999999999e+00 1.8675333889999999e+03
1.7394339610000000e+03 6.4697134100000005e+02 1.2748800000000000e+00 1.8718685530000000e+03
1.7496286050000001e+03 6.5250703199999998e+02 1.2803199999999999e+00 1.8762013629999999e+03
1.7598468130000001e+03 6.5806323899999995e+02 1.2857600000000000e+00 1.8805317920000000e+03
1.7700885720000001e+03 6.6363990600000000e+02 1.2911999999999999e+00 1.8848598170000000e+03
1.7803538699999999e+03 6.6923697600000003e+02 1.2966400000000000e+00 1.8891854149999999e+03
1.7906426919999999e+03 6.7485439199999996e+02 1.3020799999999999e+00 1.8935085620000000e+03
1.8009550270000000e+03 6.8049209900000005e+02 1.3075200000000000e+00 1.8978292360000000e+03
1.8112908450000000e+03 6.8613176899999996e+02 1.3129599999999999e+00 1.9021334879999999e+03
1.8216499380000000e+03 6.9173208299999999e+02 1.3184000000000000e+00 1.9063900220000000e+03
1.8320321240000001e+03 6.9732695699999999e+02 1.3238399999999999e+00 1.9106249080000000e+03
1.8424373069999999e+03 7.0292535299999997e+02 1.3292800000000000e+00 1.9148450809999999e+03
1.8528654150000000e+03 7.0853130799999997e+02 1.3347199999999999e+00 1.9190536930000001e+03
1.8633163920000000e+03 7.1414719400000001e+02 1.3401600000000000e+00 1.9232526120000000e+03
1.8737901879999999e+03 7.1977458200000001e+02 1.3455999999999999e+00 1.9274430870000001e+03
1.8842867600000000e+03 7.2541459399999997e+02 1.3510400000000000e+00 1.9316260170000000e+03
1.8948060680000001e+03 7.3106806900000004e+02 1.3564799999999999e+00 1.9358020839999999e+03
1.9053480770000001e+03 7.3673565799999994e+02 1.3619200000000000e+00 1.9399718200000000e+03
1.9159127539999999e+03 7.4241787799999997e+02 1.3673599999999999e+00 1.9441356559999999e+03
1.9265000669999999e+03 7.4811514899999997e+02 1.3728000000000000e+00 1.9482939460000000e+03
1.9371099870000000e+03 7.5382781799999998e+02 1.3782399999999999e+00 1.9524469839999999e+03
1.9477424860000001e+03 7.5955617400000006e+02 1.3836800000000000e+00 1.9565950210000001e+03
1.9583975379999999e+03 7.6530046200000004e+02 1.3891199999999999e+00 1.9607382749999999e+03
1.9690751170000001e+03 7.7106088999999997e+02 1.3945600000000000e+00 1.9648769299999999e+03
1.9797751980000000e+03 7.7683763699999997e+02 1.3999999999999999e+00 1.9690111520000000e+03
