# epsilon[MeV/fm^3] P[MeV/fm^3] nB[fm^-3] muB[MeV]
3.7812987000000000e+01 1.1964600000000000e-01 4.0000000000000001e-02 9.4831763799999999e+02
4.2973776000000001e+01 1.5058500000000000e-01 4.5440000000000001e-02 9.4904145200000005e+02
4.8138491000000002e+01 1.8536000000000000e-01 5.0880000000000002e-02 9.4976302099999998e+02
5.3307127999999999e+01 2.2415700000000000e-01 5.6320000000000002e-02 9.5048625100000004e+02
5.8479709999999997e+01 2.6729300000000000e-01 6.1760000000000002e-02 9.5121622100000002e+02
6.3656289999999998e+01 3.1524400000000002e-01 6.7199999999999996e-02 9.5195912999999996e+02
6.8836956999999998e+01 3.6864700000000000e-01 7.2639999999999996e-02 9.5272208899999998e+02
7.4021840999999995e+01 4.2830699999999999e-01 7.8079999999999997e-02 9.5351287900000000e+02
7.9211113999999995e+01 4.9519099999999999e-01 8.3519999999999997e-02 9.5433970999999997e+02
8.4404996999999995e+01 5.7041799999999998e-01 8.8959999999999997e-02 9.5521100899999999e+02
8.9603752999999998e+01 6.5524800000000005e-01 9.4399999999999998e-02 9.5613523999999995e+02
9.4807693000000000e+01 7.5106899999999999e-01 9.9839999999999998e-02 9.5712076200000001e+02
1.0001717400000000e+02 8.5938199999999998e-01 1.0528000000000000e-01 9.5817571299999997e+02
1.0523259299999999e+02 9.8178900000000002e-01 1.1072000000000000e-01 9.5930792599999995e+02
1.1045438600000000e+02 1.1191830000000000e+00 1.1616000000000000e-01 9.6051799900000003e+02
1.1568290900000000e+02 1.2701860000000000e+00 1.2160000000000000e-01 9.6178704400000004e+02
1.2091855099999999e+02 1.4386669999999999e+00 1.2703999999999999e-01 9.6314103299999999e+02
1.2616181400000001e+02 1.6271960000000001e+00 1.3247999999999999e-01 9.6459266600000001e+02
1.3141325100000000e+02 1.8379900000000000e+00 1.3791999999999999e-01 9.6615050499999995e+02
1.3667346200000000e+02 2.0731530000000000e+00 1.4335999999999999e-01 9.6782128799999998e+02
1.4194307400000000e+02 2.3347259999999999e+00 1.4879999999999999e-01 9.6961057800000003e+02
1.4722274700000000e+02 2.6247080000000000e+00 1.5423999999999999e-01 9.7152305999999999e+02
1.5251316100000000e+02 2.9450590000000001e+00 1.5967999999999999e-01 9.7356269199999997e+02
1.5781501700000001e+02 3.2977050000000001e+00 1.6511999999999999e-01 9.7573281399999996e+02
1.6312903499999999e+02 3.6845349999999999e+00 1.7055999999999999e-01 9.7803622099999995e+02
1.6845594399999999e+02 4.1073959999999996e+00 1.7599999999999999e-01 9.8047521400000005e+02
1.7379648800000001e+02 4.5680969999999999e+00 1.8143999999999999e-01 9.8305164900000000e+02
1.7915141900000000e+02 5.0683990000000003e+00 1.8687999999999999e-01 9.8576697799999999e+02
1.8452149600000001e+02 5.6100159999999999e+00 1.9231999999999999e-01 9.8862227800000005e+02
1.8990748199999999e+02 6.1946159999999999e+00 1.9775999999999999e-01 9.9161828200000002e+02
1.9531014600000000e+02 6.8238099999999999e+00 2.0319999999999999e-01 9.9475540400000000e+02
2.0073025300000000e+02 7.4991610000000000e+00 2.0863999999999999e-01 9.9803376800000001e+02
2.0616857500000000e+02 8.2221709999999995e+00 2.1407999999999999e-01 1.0014532230000000e+03
2.1162587600000001e+02 8.9942879999999992e+00 2.1951999999999999e-01 1.0050133620000000e+03
2.1710292000000001e+02 9.8169009999999997e+00 2.2495999999999999e-01 1.0087135469999999e+03
2.2260046900000000e+02 1.0691335000000000e+01 2.3039999999999999e-01 1.0125529150000000e+03
2.2811927600000001e+02 1.1618855999999999e+01 2.3583999999999999e-01 1.0165303990000000e+03
2.3366008900000000e+02 1.2600666000000000e+01 2.4127999999999999e-01 1.0206447360000000e+03
2.3922364999999999e+02 1.3637900999999999e+01 2.4671999999999999e-01 1.0248944850000000e+03
2.4481069099999999e+02 1.4731631999999999e+01 2.5216000000000000e-01 1.0292780299999999e+03
2.5042193499999999e+02 1.5882861000000000e+01 2.5760000000000000e-01 1.0337935980000000e+03
2.5605809599999998e+02 1.7092523000000000e+01 2.6304000000000000e-01 1.0384392630000000e+03
2.6171987700000000e+02 1.8361484000000001e+01 2.6848000000000000e-01 1.0432129580000001e+03
2.6740796699999999e+02 1.9690541000000000e+01 2.7392000000000000e-01 1.0481124840000000e+03
2.7312304599999999e+02 2.1080418000000002e+01 2.7936000000000000e-01 1.0531355149999999e+03
2.7886577899999997e+02 2.2531772000000000e+01 2.8480000000000000e-01 1.0582796140000000e+03
2.8463681800000001e+02 2.4045186999999999e+01 2.9024000000000000e-01 1.0635422349999999e+03
2.9043680100000000e+02 2.5621178000000000e+01 2.9568000000000000e-01 1.0689207309999999e+03
2.9626635099999999e+02 2.7260189000000000e+01 3.0112000000000000e-01 1.0744123720000000e+03
3.0212607600000001e+02 2.8962596000000001e+01 3.0656000000000000e-01 1.0800143399999999e+03
3.0801657000000000e+02 3.0728707000000000e+01 3.1200000000000000e-01 1.0857237520000001e+03
3.1393840799999998e+02 3.2558760999999997e+01 3.1744000000000000e-01 1.0915376570000001e+03
3.1989215200000001e+02 3.4452934999999997e+01 3.2288000000000000e-01 1.0974530520000001e+03
3.2587834400000003e+02 3.6411340000000003e+01 3.2832000000000000e-01 1.1034668890000000e+03
3.3189751300000000e+02 3.8434024999999998e+01 3.3376000000000000e-01 1.1095760829999999e+03
3.3795017000000001e+02 4.0520980000000002e+01 3.3920000000000000e-01 1.1157775230000000e+03
3.4403680700000001e+02 4.2672137999999997e+01 3.4464000000000000e-01 1.1220680769999999e+03
3.5015790099999998e+02 4.4887379000000003e+01 3.5008000000000000e-01 1.1284446040000000e+03
3.5631276400000002e+02 4.6933571999999998e+01 3.5552000000000000e-01 1.1342454809999999e+03
3.6249698599999999e+02 4.8784618000000002e+01 3.6096000000000000e-01 1.1394122090000001e+03
3.6870871899999997e+02 5.0591907999999997e+01 3.6640000000000000e-01 1.1443811790000000e+03
3.7494715400000001e+02 5.2384588999999998e+01 3.7184000000000000e-01 1.1492372760000001e+03
3.8121179200000000e+02 5.4175839000000003e+01 3.7728000000000000e-01 1.1540189969999999e+03
3.8750229300000001e+02 5.5973143999999998e+01 3.8272000000000000e-01 1.1587481749999999e+03
3.9381841200000002e+02 5.7781281000000000e+01 3.8816000000000001e-01 1.1634387030000000e+03
4.0015996400000000e+02 5.9603538999999998e+01 3.9360000000000001e-01 1.1681000680000000e+03
4.0652681100000001e+02 6.1442295999999999e+01 3.9904000000000001e-01 1.1727390730000000e+03
4.1291884599999997e+02 6.3299337000000001e+01 4.0448000000000001e-01 1.1773607720000000e+03
4.1933598599999999e+02 6.5176041999999995e+01 4.0992000000000001e-01 1.1819690160000000e+03
4.2577765399999998e+02 6.6946534000000000e+01 4.1536000000000001e-01 1.1862598909999999e+03
4.3224162400000000e+02 6.8623867000000004e+01 4.2080000000000001e-01 1.1902714360000000e+03
4.3872727300000003e+02 7.0303614999999994e+01 4.2624000000000001e-01 1.1942371100000000e+03
4.4523443900000001e+02 7.1996971000000002e+01 4.3168000000000001e-01 1.1981842039999999e+03
4.5176305400000001e+02 7.3708484999999996e+01 4.3712000000000001e-01 1.2021236600000000e+03
4.5831309299999998e+02 7.5440612999999999e+01 4.4256000000000001e-01 1.2060612590000001e+03
4.6488455699999997e+02 7.7194886999999994e+01 4.4800000000000001e-01 1.2100004859999999e+03
4.7147746100000001e+02 7.8972346000000002e+01 4.5344000000000001e-01 1.2139436060000000e+03
4.7809183000000002e+02 8.0773736999999997e+01 4.5888000000000001e-01 1.2178921680000001e+03
4.8472769699999998e+02 8.2599620000000002e+01 4.6432000000000001e-01 1.2218472560000000e+03
4.9138510000000002e+02 8.4450429000000000e+01 4.6976000000000001e-01 1.2258096459999999e+03
4.9806408099999999e+02 8.6326504999999997e+01 4.7520000000000001e-01 1.2297798929999999e+03
5.0476468299999999e+02 8.8228122999999997e+01 4.8064000000000001e-01 1.2337583940000000e+03
5.1148695199999997e+02 9.0155507000000000e+01 4.8608000000000001e-01 1.2377454230000001e+03
5.1823093400000005e+02 9.2108836999999994e+01 4.9152000000000001e-01 1.2417411660000000e+03
5.2499667799999997e+02 9.4088266000000004e+01 4.9696000000000001e-01 1.2457457330000000e+03
5.3178423199999997e+02 9.6093914999999996e+01 5.0239999999999996e-01 1.2497591800000000e+03
5.3859364500000004e+02 9.8125885999999994e+01 5.0783999999999996e-01 1.2537815149999999e+03
5.4542496300000005e+02 1.0018426100000001e+02 5.1327999999999996e-01 1.2578127099999999e+03
5.5227823599999999e+02 1.0226910700000001e+02 5.1871999999999996e-01 1.2618527059999999e+03
5.5915351199999998e+02 1.0438047400000001e+02 5.2415999999999996e-01 1.2659014190000000e+03
5.6605083600000000e+02 1.0651840400000000e+02 5.2959999999999996e-01 1.2699587449999999e+03
5.7297025699999995e+02 1.0868292300000000e+02 5.3503999999999996e-01 1.2740245600000001e+03
5.7991181900000004e+02 1.1087405099999999e+02 5.4047999999999996e-01 1.2780987270000001e+03
5.8687556800000004e+02 1.1309179700000000e+02 5.4591999999999996e-01 1.2821810980000000e+03
5.9386154799999997e+02 1.1533616400000000e+02 5.5135999999999996e-01 1.2862715129999999e+03
6.0086980200000005e+02 1.1760714600000000e+02 5.5679999999999996e-01 1.2903698050000000e+03
6.0790037299999995e+02 1.1990473100000000e+02 5.6223999999999996e-01 1.2944757970000001e+03
6.1495330300000001e+02 1.2222890000000000e+02 5.6767999999999996e-01 1.2985893110000000e+03
6.2202863000000002e+02 1.2457962900000000e+02 5.7311999999999996e-01 1.3027101590000000e+03
6.2912639600000000e+02 1.2695688900000000e+02 5.7855999999999996e-01 1.3068381520000000e+03
6.3624663699999996e+02 1.2936064600000000e+02 5.8399999999999996e-01 1.3109730990000000e+03
6.4338939300000004e+02 1.3179086000000001e+02 5.8943999999999996e-01 1.3151148029999999e+03
6.5055469800000003e+02 1.3424749000000000e+02 5.9487999999999996e-01 1.3192630680000000e+03
6.5774258799999996e+02 1.3673048800000001e+02 6.0031999999999996e-01 1.3234176960000000e+03
6.6495309699999996e+02 1.3923980200000000e+02 6.0575999999999997e-01 1.3275784880000001e+03
6.7218625799999995e+02 1.4177538000000001e+02 6.1119999999999997e-01 1.3317452450000001e+03
6.7944210299999997e+02 1.4433716400000000e+02 6.1663999999999997e-01 1.3359177680000000e+03
6.8672066299999994e+02 1.4692509300000000e+02 6.2207999999999997e-01 1.3400958570000000e+03
6.9402196700000002e+02 1.4953910400000001e+02 6.2751999999999997e-01 1.3442793150000000e+03
7.0134604400000001e+02 1.5217912999999999e+02 6.3295999999999997e-01 1.3484679440000000e+03
7.0869292299999995e+02 1.5484510399999999e+02 6.3839999999999997e-01 1.3526615469999999e+03
7.1606262800000002e+02 1.5753695400000001e+02 6.4383999999999997e-01 1.3568599300000001e+03
7.2345518600000003e+02 1.6025460699999999e+02 6.4927999999999997e-01 1.3610628990000000e+03
7.3087062200000003e+02 1.6299798899999999e+02 6.5471999999999997e-01 1.3652702620000000e+03
7.3830895799999996e+02 1.6576702100000000e+02 6.6015999999999997e-01 1.3694818290000001e+03
7.4577021700000000e+02 1.6856162499999999e+02 6.6559999999999997e-01 1.3736974110000001e+03
7.5325441999999998e+02 1.7138172000000000e+02 6.7103999999999997e-01 1.3779168239999999e+03
7.6076158799999996e+02 1.7422722300000001e+02 6.7647999999999997e-01 1.3821398810000001e+03
7.6829174000000000e+02 1.7709805200000000e+02 6.8191999999999997e-01 1.3863664030000000e+03
7.7584489399999995e+02 1.7999412000000001e+02 6.8735999999999997e-01 1.3905962090000000e+03
7.8342106699999999e+02 1.8291534100000001e+02 6.9279999999999997e-01 1.3948291210000000e+03
7.9102027699999996e+02 1.8586162800000000e+02 6.9823999999999997e-01 1.3990649659999999e+03
7.9864253900000006e+02 1.8883289099999999e+02 7.0367999999999997e-01 1.4033035700000000e+03
8.0628786600000001e+02 1.9182903999999999e+02 7.0911999999999997e-01 1.4075447650000001e+03
8.1395627300000001e+02 1.9484998500000000e+02 7.1455999999999997e-01 1.4117883820000000e+03
8.2164777300000003e+02 1.9789563400000000e+02 7.1999999999999997e-01 1.4160342570000000e+03
8.2936237700000004e+02 2.0096589399999999e+02 7.2543999999999997e-01 1.4202822280000000e+03
8.3710009600000001e+02 2.0406067100000001e+02 7.3087999999999997e-01 1.4245321349999999e+03
8.4486094100000003e+02 2.0717987199999999e+02 7.3631999999999997e-01 1.4287838210000000e+03
8.5264491999999996e+02 2.1032340199999999e+02 7.4175999999999997e-01 1.4330371319999999e+03
8.6045204300000000e+02 2.1349116599999999e+02 7.4719999999999998e-01 1.4372919170000000e+03
8.6828231600000004e+02 2.1668306799999999e+02 7.5263999999999998e-01 1.4415480250000001e+03
8.7613574600000004e+02 2.1989901100000000e+02 7.5807999999999998e-01 1.4458053100000000e+03
8.8401233999999999e+02 2.2313889900000001e+02 7.6351999999999998e-01 1.4500636290000000e+03
8.9191210300000000e+02 2.2640263500000000e+02 7.6895999999999998e-01 1.4543228400000000e+03
8.9983503800000005e+02 2.2969012100000000e+02 7.7439999999999998e-01 1.4585828039999999e+03
9.0778115100000002e+02 2.3300126000000000e+02 7.7983999999999998e-01 1.4628433860000000e+03
9.1575044300000002e+02 2.3633595399999999e+02 7.8527999999999998e-01 1.4671044509999999e+03
9.2374291800000003e+02 2.3969410500000001e+02 7.9071999999999998e-01 1.4713658680000001e+03
9.3175857599999995e+02 2.4307561400000000e+02 7.9615999999999998e-01 1.4756275089999999e+03
9.3979741899999999e+02 2.4648038399999999e+02 8.0159999999999998e-01 1.4798892480000000e+03
9.4785944600000005e+02 2.4990831600000001e+02 8.0703999999999998e-01 1.4841509610000001e+03
9.5594465800000000e+02 2.5335931099999999e+02 8.1247999999999998e-01 1.4884125270000000e+03
9.6405305299999998e+02 2.5683327100000002e+02 8.1791999999999998e-01 1.4926738260000000e+03
9.7218462899999997e+02 2.6033009800000002e+02 8.2335999999999998e-01 1.4969347430000000e+03
9.8033938400000000e+02 2.6384969300000000e+02 8.2879999999999998e-01 1.5011951630000001e+03
9.8851731600000005e+02 2.6739195699999999e+02 8.3423999999999998e-01 1.5054549740000000e+03
9.9671841900000004e+02 2.7095679400000000e+02 8.3967999999999998e-01 1.5097140680000000e+03
1.0049426910000000e+03 2.7454410400000000e+02 8.4511999999999998e-01 1.5139723369999999e+03
1.0131901260000000e+03 2.7815378900000002e+02 8.5055999999999998e-01 1.5182296750000000e+03
1.0214607190000000e+03 2.8178575200000000e+02 8.5599999999999998e-01 1.5224859810000000e+03
1.0297544640000001e+03 2.8543989499999998e+02 8.6143999999999998e-01 1.5267411529999999e+03
1.0380713539999999e+03 2.8911612100000002e+02 8.6687999999999998e-01 1.5309950940000001e+03
1.0464113840000000e+03 2.9281433199999998e+02 8.7231999999999998e-01 1.5352477060000001e+03
1.0547745440000001e+03 2.9653443199999998e+02 8.7775999999999998e-01 1.5394988960000001e+03
1.0631608280000000e+03 3.0027632399999999e+02 8.8319999999999999e-01 1.5437485710000001e+03
1.0715702269999999e+03 3.0403991200000002e+02 8.8863999999999999e-01 1.5479966420000001e+03
1.0800027310000000e+03 3.0782510000000002e+02 8.9407999999999999e-01 1.5522430199999999e+03
1.0884583319999999e+03 3.1163179100000002e+02 8.9951999999999999e-01 1.5564876180000001e+03
1.0969370190000000e+03 3.1545989100000003e+02 9.0495999999999999e-01 1.5607303529999999e+03
1.1054387810000001e+03 3.1930930400000000e+02 9.1039999999999999e-01 1.5649711430000000e+03
1.1139636089999999e+03 3.2317993600000000e+02 9.1583999999999999e-01 1.5692099049999999e+03
1.1225114920000001e+03 3.2707169299999998e+02 9.2127999999999999e-01 1.5734465630000000e+03
1.1310824160000000e+03 3.3098448000000002e+02 9.2671999999999999e-01 1.5776810390000001e+03
1.1396763699999999e+03 3.3491820400000000e+02 9.3215999999999999e-01 1.5819132580000000e+03
1.1482933430000000e+03 3.3887277200000000e+02 9.3759999999999999e-01 1.5861431470000000e+03
1.1569333200000001e+03 3.4284809000000001e+02 9.4303999999999999e-01 1.5903706330000000e+03
1.1655962880000000e+03 3.4684406799999999e+02 9.4847999999999999e-01 1.5945956480000000e+03
1.1742822349999999e+03 3.5086061300000000e+02 9.5391999999999999e-01 1.5988181219999999e+03
1.1829911450000000e+03 3.5489763199999999e+02 9.5935999999999999e-01 1.6030379889999999e+03
1.1917230050000001e+03 3.5895503700000000e+02 9.6479999999999999e-01 1.6072551830000000e+03
1.2004777999999999e+03 3.6303273500000000e+02 9.7023999999999999e-01 1.6114696420000000e+03
1.2092555150000001e+03 3.6713063699999998e+02 9.7567999999999999e-01 1.6156813030000001e+03
1.2180561339999999e+03 3.7124865399999999e+02 9.8111999999999999e-01 1.6198901069999999e+03
1.2268796420000001e+03 3.7538669499999997e+02 9.8655999999999999e-01 1.6240959920000000e+03
1.2357260220000001e+03 3.7954467299999999e+02 9.9199999999999999e-01 1.6282989040000000e+03
1.2445952589999999e+03 3.8372249900000003e+02 9.9743999999999999e-01 1.6324987839999999e+03
1.2534873350000000e+03 3.8792008600000003e+02 1.0028800000000000e+00 1.6366955790000000e+03
1.2624022339999999e+03 3.9213734599999998e+02 1.0083200000000001e+00 1.6408892350000001e+03
1.2713399380000001e+03 3.9637419299999999e+02 1.0137600000000000e+00 1.6450797000000000e+03
1.2803004309999999e+03 4.0063054099999999e+02 1.0192000000000001e+00 1.6492669240000000e+03
1.2892836940000000e+03 4.0490630399999998e+02 1.0246400000000000e+00 1.6534508579999999e+03
1.2982897080000000e+03 4.0920139699999999e+02 1.0300800000000001e+00 1.6576314520000001e+03
1.3073184570000001e+03 4.1351573500000001e+02 1.0355200000000000e+00 1.6618086619999999e+03
1.3163699210000000e+03 4.1784923400000002e+02 1.0409600000000001e+00 1.6659824400000000e+03
1.3254440820000000e+03 4.2220181000000002e+02 1.0464000000000000e+00 1.6701527430000001e+03
1.3345409199999999e+03 4.2657338199999998e+02 1.0518400000000001e+00 1.6743195270000001e+03
1.3436604170000001e+03 4.3096386500000000e+02 1.0572800000000000e+00 1.6784827519999999e+03
1.3528025520000001e+03 4.3537317899999999e+02 1.0627200000000001e+00 1.6826423749999999e+03
1.3619673060000000e+03 4.3980124100000000e+02 1.0681600000000000e+00 1.6867983580000000e+03
1.3711546599999999e+03 4.4424797200000000e+02 1.0736000000000001e+00 1.6909506610000001e+03
1.3803645919999999e+03 4.4871328999999997e+02 1.0790400000000000e+00 1.6950992480000000e+03
1.3895970840000000e+03 4.5319711599999999e+02 1.0844800000000001e+00 1.6992440819999999e+03
1.3988521129999999e+03 4.5769936999999999e+02 1.0899200000000000e+00 1.7033851279999999e+03
1.4081296600000001e+03 4.6221997499999998e+02 1.0953599999999999e+00 1.7075223510000001e+03
1.4174297030000000e+03 4.6675885199999999e+02 1.1008000000000000e+00 1.7116557190000001e+03
1.4267522220000001e+03 4.7131592300000000e+02 1.1062399999999999e+00 1.7157851980000000e+03
1.4360971959999999e+03 4.7589111300000002e+02 1.1116800000000000e+00 1.7199107590000001e+03
1.4454646020000000e+03 4.8048434300000002e+02 1.1171199999999999e+00 1.7240323710000000e+03
1.4548544199999999e+03 4.8509554000000003e+02 1.1225600000000000e+00 1.7281500040000001e+03
1.4642666270000000e+03 4.8972462800000000e+02 1.1279999999999999e+00 1.7322636310000000e+03
1.4737012020000000e+03 4.9437153200000000e+02 1.1334400000000000e+00 1.7363732239999999e+03
1.4831581220000000e+03 4.9903617800000001e+02 1.1388799999999999e+00 1.7404787570000001e+03
1.4926373659999999e+03 5.0371849500000002e+02 1.1443200000000000e+00 1.7445802050000000e+03
1.5021389119999999e+03 5.0841840800000000e+02 1.1497599999999999e+00 1.7486775430000000e+03
1.5116627360000000e+03 5.1313584800000001e+02 1.1552000000000000e+00 1.7527707479999999e+03
1.5212088160000001e+03 5.1787074199999995e+02 1.1606399999999999e+00 1.7568597970000001e+03
1.5307771299999999e+03 5.2262302099999999e+02 1.1660800000000000e+00 1.7609446700000001e+03
1.5403676550000000e+03 5.2739261499999998e+02 1.1715199999999999e+00 1.7650253450000000e+03
1.5499803680000000e+03 5.3217945799999995e+02 1.1769600000000000e+00 1.7691018050000000e+03
1.5596152460000001e+03 5.3698347999999999e+02 1.1823999999999999e+00 1.7731740299999999e+03
1.5692722650000001e+03 5.4180461800000000e+02 1.1878400000000000e+00 1.7772420050000001e+03
1.5789514030000000e+03 5.4664280499999995e+02 1.1932799999999999e+00 1.7813057130000000e+03
1.5886526369999999e+03 5.5149798099999998e+02 1.1987200000000000e+00 1.7853651420000001e+03
1.5983759430000000e+03 5.5637008400000002e+02 1.2041599999999999e+00 1.7894202800000000e+03
1.6081212969999999e+03 5.6125905699999998e+02 1.2096000000000000e+00 1.7934711190000000e+03
1.6178886769999999e+03 5.6616484900000000e+02 1.2150399999999999e+00 1.7975176540000000e+03
1.6276780590000001e+03 5.7108741499999996e+02 1.2204800000000000e+00 1.8015598869999999e+03
1.6374894200000001e+03 5.7602672299999995e+02 1.2259199999999999e+00 1.8055978299999999e+03
1.6473227350000000e+03 5.8098278200000004e+02 1.2313600000000000e+00 1.8096315290000000e+03
1.6571779830000000e+03 5.8595578899999998e+02 1.2367999999999999e+00 1.8136611800000001e+03
1.6670551419999999e+03 5.9094531099999995e+02 1.2422400000000000e+00 1.8176864700000001e+03
1.6769541859999999e+03 5.9595103200000005e+02 1.2476799999999999e+00 1.8217071840000001e+03
1.6868750910000001e+03 6.0097288800000001e+02 1.2531200000000000e+00 1.8257233090000000e+03
1.6968178310000001e+03 6.0601081699999997e+02 1.2585599999999999e+00 1.8297348360000001e+03
1.7067823820000001e+03 6.1106475499999999e+02 1.2640000000000000e+00 1.8337417530000000e+03
1.7167687189999999e+03 6.1613463899999999e+02 1.2694399999999999e+00 1.8377440529999999e+03
1.7267768160000001e+03 6.2122040800000002e+02 1.2748800000000000e+00 1.8417417250000001e+03
1.7368066480000000e+03 6.2632200200000000e+02 1.2803199999999999e+00 1.8457347600000001e+03
1.7468581899999999e+03 6.3143935699999997e+02 1.2857600000000000e+00 1.8497231509999999e+03
1.7569314170000000e+03 6.3657241499999998e+02 1.2911999999999999e+00 1.8537068899999999e+03
1.7670263030000001e+03 6.4172111500000005e+02 1.2966400000000000e+00 1.8576859700000000e+03
1.7771428229999999e+03 6.4688539800000001e+02 1.3020799999999999e+00 1.8616603829999999e+03
1.7872809510000000e+03 6.5206520499999999e+02 1.3075200000000000e+00 1.8656301240000000e+03
1.7974406630000001e+03 6.5726047600000004e+02 1.3129599999999999e+00 1.8695951860000000e+03
1.8076219320000000e+03 6.6247115399999996e+02 1.3184000000000000e+00 1.8735555640000000e+03
1.8178247329999999e+03 6.6769718100000000e+02 1.3238399999999999e+00 1.8775112529999999e+03
1.8280490410000000e+03 6.7293849899999998e+02 1.3292800000000000e+00 1.8814622480000000e+03
1.8382948300000000e+03 6.7819505300000003e+02 1.3347199999999999e+00 1.8854085439999999e+03
1.8485620739999999e+03 6.8346678399999996e+02 1.3401600000000000e+00 1.8893501380000000e+03
1.8588507480000001e+03 6.8875363800000002e+02 1.3455999999999999e+00 1.8932870260000000e+03
1.8691608269999999e+03 6.9405555800000002e+02 1.3510400000000000e+00 1.8972192050000001e+03
1.8794922839999999e+03 6.9937248899999997e+02 1.3564799999999999e+00 1.9011466710000000e+03
1.8898450940000000e+03 7.0470437700000002e+02 1.3619200000000000e+00 1.9050694220000000e+03
1.9002192319999999e+03 7.1005116699999996e+02 1.3673599999999999e+00 1.9089874560000001e+03
1.9106146710000000e+03 7.1541280500000005e+02 1.3728000000000000e+00 1.9129007710000001e+03
1.9210313860000001e+03 7.2078923799999995e+02 1.3782399999999999e+00 1.9168093660000000e+03
1.9314693510000000e+03 7.2618041200000005e+02 1.3836800000000000e+00 1.9207132380000000e+03
1.9419285410000000e+03 7.3158627500000000e+02 1.3891199999999999e+00 1.9246123869999999e+03
1.9524089300000001e+03 7.3700677399999995e+02 1.3945600000000000e+00 1.9285068120000001e+03
1.9629104920000000e+03 7.4244185700000003e+02 1.3999999999999999e+00 1.9323965129999999e+03
