# epsilon[MeV/fm^3] P[MeV/fm^3] nB[fm^-3] muB[MeV]
3.7967354000000000e+01 2.1006900000000001e-01 4.0000000000000001e-02 9.5443738699999994e+02
4.3161617000000000e+01 2.4274699999999999e-01 4.5440000000000001e-02 9.5520348200000001e+02
4.8359614000000001e+01 2.7228599999999997e-01 5.0880000000000002e-02 9.5581745100000001e+02
5.3560599000000003e+01 2.9861300000000002e-01 5.6320000000000002e-02 9.5630882699999995e+02
5.8763981999999999e+01 3.2210400000000000e-01 6.1760000000000002e-02 9.5670655399999998e+02
6.3969329999999999e+01 3.4351799999999999e-01 6.7199999999999996e-02 9.5703822600000001e+02
6.9176355000000001e+01 3.6394300000000002e-01 7.2639999999999996e-02 9.5732967399999995e+02
7.4384902999999994e+01 3.8474000000000003e-01 7.8079999999999997e-02 9.5760478599999999e+02
7.9594945999999993e+01 4.0750100000000000e-01 8.3519999999999997e-02 9.5788547600000004e+02
8.4806521000000004e+01 4.3163600000000002e-01 8.8959999999999997e-02 9.5816449799999998e+02
9.0019617999999994e+01 4.5877299999999999e-01 9.4399999999999998e-02 9.5845929999999998e+02
9.5234451000000007e+01 4.9293399999999998e-01 9.9839999999999998e-02 9.5880970100000002e+02
1.0045138200000000e+02 5.3684699999999996e-01 1.0528000000000000e-01 9.5923645199999999e+02
1.0567086900000000e+02 5.9301800000000005e-01 1.1072000000000000e-01 9.5975505799999996e+02
1.1089344699999999e+02 6.6385099999999997e-01 1.1616000000000000e-01 9.6037792899999999e+02
1.1611971100000000e+02 7.5168800000000002e-01 1.2160000000000000e-01 9.6111522400000001e+02
1.2135030900000000e+02 8.5881399999999997e-01 1.2703999999999999e-01 9.6197530400000005e+02
1.2658592500000000e+02 9.8745099999999997e-01 1.3247999999999999e-01 9.6296501599999999e+02
1.3182728200000000e+02 1.1397580000000000e+00 1.3791999999999999e-01 9.6408989799999995e+02
1.3707512800000001e+02 1.3178230000000000e+00 1.4335999999999999e-01 9.6535433899999998e+02
1.4233023000000000e+02 1.5236590000000001e+00 1.4879999999999999e-01 9.6676172199999996e+02
1.4759337300000001e+02 1.7591969999999999e+00 1.5423999999999999e-01 9.6831454499999995e+02
1.5286535499999999e+02 2.0262929999999999e+00 1.5967999999999999e-01 9.7001453700000002e+02
1.5814697799999999e+02 2.3267199999999999e+00 1.6511999999999999e-01 9.7186276899999996e+02
1.6343905100000001e+02 2.6621760000000001e+00 1.7055999999999999e-01 9.7385974999999996e+02
1.6874238399999999e+02 3.0342880000000001e+00 1.7599999999999999e-01 9.7600552400000004e+02
1.7405778400000000e+02 3.4446140000000001e+00 1.8143999999999999e-01 9.7829975700000000e+02
1.7938605899999999e+02 3.8946519999999998e+00 1.8687999999999999e-01 9.8074181199999998e+02
1.8472801000000001e+02 4.3858459999999999e+00 1.9231999999999999e-01 9.8333082200000001e+02
1.9008443399999999e+02 4.9195919999999997e+00 1.9775999999999999e-01 9.8606574799999999e+02
1.9545612199999999e+02 5.4972440000000002e+00 2.0319999999999999e-01 9.8894542899999999e+02
2.0084385800000001e+02 6.1201210000000001e+00 2.0863999999999999e-01 9.9196862399999998e+02
2.0624841900000001e+02 6.7895139999999996e+00 2.1407999999999999e-01 9.9513404600000001e+02
2.1167057700000001e+02 7.5066839999999999e+00 2.1951999999999999e-01 9.9844038499999999e+02
2.1711109300000001e+02 8.2728730000000006e+00 2.2495999999999999e-01 1.0018863290000000e+03
2.2257072500000001e+02 9.0893029999999992e+00 2.3039999999999999e-01 1.0054705709999999e+03
2.2805022099999999e+02 9.9571769999999997e+00 2.3583999999999999e-01 1.0091918220000000e+03
2.3355032399999999e+02 1.0877682000000000e+01 2.4127999999999999e-01 1.0130488060000000e+03
2.3907176899999999e+02 1.1851986000000000e+01 2.4671999999999999e-01 1.0170402650000000e+03
2.4461528400000000e+02 1.2881240999999999e+01 2.5216000000000000e-01 1.0211649490000000e+03
2.5018159000000000e+02 1.3966578999999999e+01 2.5760000000000000e-01 1.0254216130000000e+03
2.5577140399999999e+02 1.5109109999999999e+01 2.6304000000000000e-01 1.0298090079999999e+03
2.6138543199999998e+02 1.6309920000000002e+01 2.6848000000000000e-01 1.0343258719999999e+03
2.6702437700000002e+02 1.7570070000000001e+01 2.7392000000000000e-01 1.0389709190000001e+03
2.7268893200000002e+02 1.8890588999999999e+01 2.7936000000000000e-01 1.0437428330000000e+03
2.7837978299999997e+02 2.0272475000000000e+01 2.8480000000000000e-01 1.0486402559999999e+03
2.8409761200000003e+02 2.1716685999999999e+01 2.9024000000000000e-01 1.0536617779999999e+03
2.8984308800000002e+02 2.3224143999999999e+01 2.9568000000000000e-01 1.0588059350000001e+03
2.9561687599999999e+02 2.4795725999999998e+01 3.0112000000000000e-01 1.0640711960000001e+03
3.0141962899999999e+02 2.6432262999999999e+01 3.0656000000000000e-01 1.0694559589999999e+03
3.0725199500000002e+02 2.8134536000000001e+01 3.1200000000000000e-01 1.0749585500000001e+03
3.1311461000000003e+02 2.9903274000000000e+01 3.1744000000000000e-01 1.0805772150000000e+03
3.1900810000000001e+02 3.1739153000000002e+01 3.2288000000000000e-01 1.0863101190000000e+03
3.2493308300000001e+02 3.3642792999999998e+01 3.2832000000000000e-01 1.0921553480000000e+03
3.3089016400000003e+02 3.5614753999999998e+01 3.3376000000000000e-01 1.0981109070000000e+03
3.3687993899999998e+02 3.7655538000000000e+01 3.3920000000000000e-01 1.1041747230000001e+03
3.4290298999999999e+02 3.9765588999999999e+01 3.4464000000000000e-01 1.1103446449999999e+03
3.4895988899999998e+02 4.1945289000000002e+01 3.5008000000000000e-01 1.1166184530000000e+03
3.5505119600000000e+02 4.4194958999999997e+01 3.5552000000000000e-01 1.1229938580000000e+03
3.6117745800000000e+02 4.6514864000000003e+01 3.6096000000000000e-01 1.1294685099999999e+03
3.6733918599999998e+02 4.8880623000000000e+01 3.6640000000000000e-01 1.1359728459999999e+03
3.7353388400000000e+02 5.0932760000000002e+01 3.7184000000000000e-01 1.1415321019999999e+03
3.7975770899999998e+02 5.2884112000000002e+01 3.7728000000000000e-01 1.1467411010000001e+03
3.8600939699999998e+02 5.4803252999999998e+01 3.8272000000000000e-01 1.1517906590000000e+03
3.9228827300000000e+02 5.6712415999999997e+01 3.8816000000000001e-01 1.1567430159999999e+03
3.9859390100000002e+02 5.8622881000000000e+01 3.9360000000000001e-01 1.1616297540000000e+03
4.0492597999999998e+02 6.0541449000000000e+01 3.9904000000000001e-01 1.1664698470000001e+03
4.1128429199999999e+02 6.2472647000000002e+01 4.0448000000000001e-01 1.1712758300000000e+03
4.1766844700000001e+02 6.4328692000000004e+01 4.0992000000000001e-01 1.1758339590000000e+03
4.2407576399999999e+02 6.6008673000000002e+01 4.1536000000000001e-01 1.1799045710000000e+03
4.3050499700000000e+02 6.7681192999999993e+01 4.2080000000000001e-01 1.1839042880000000e+03
4.3695591000000002e+02 6.9364671000000001e+01 4.2624000000000001e-01 1.1878784830000000e+03
4.4342841199999998e+02 7.1065667000000005e+01 4.3168000000000001e-01 1.1918431049999999e+03
4.4992247700000001e+02 7.2787586000000005e+01 4.3712000000000001e-01 1.1958062390000000e+03
4.5643810800000000e+02 7.4532525000000007e+01 4.4256000000000001e-01 1.1997726929999999e+03
4.6297533399999998e+02 7.6301917000000003e+01 4.4800000000000001e-01 1.2037456020000000e+03
4.6953419600000001e+02 7.8096806999999998e+01 4.5344000000000001e-01 1.2077271320000000e+03
4.7611474500000003e+02 7.9917998999999995e+01 4.5888000000000001e-01 1.2117188380000000e+03
4.8271704000000000e+02 8.1766131000000001e+01 4.6432000000000001e-01 1.2157218650000000e+03
4.8934114499999998e+02 8.3641728000000001e+01 4.6976000000000001e-01 1.2197370730000000e+03
4.9598712799999998e+02 8.5545227999999994e+01 4.7520000000000001e-01 1.2237651080000001e+03
5.0265505999999999e+02 8.7477006000000003e+01 4.8064000000000001e-01 1.2278064609999999e+03
5.0934501499999999e+02 8.9437382999999997e+01 4.8608000000000001e-01 1.2318615020000000e+03
5.1605706899999996e+02 9.1426642000000001e+01 4.9152000000000001e-01 1.2359305019999999e+03
5.2279129699999999e+02 9.3445031999999998e+01 4.9696000000000001e-01 1.2400136570000000e+03
5.2954777700000000e+02 9.5492772000000002e+01 5.0239999999999996e-01 1.2441110990000000e+03
5.3632658700000002e+02 9.7570059999999998e+01 5.0783999999999996e-01 1.2482229110000001e+03
5.4312780499999997e+02 9.9677070000000001e+01 5.1327999999999996e-01 1.2523491280000001e+03
5.4995150999999998e+02 1.0181395999999999e+02 5.1871999999999996e-01 1.2564897539999999e+03
5.5679778099999999e+02 1.0398087200000001e+02 5.2415999999999996e-01 1.2606447579999999e+03
5.6366669500000000e+02 1.0617793200000000e+02 5.2959999999999996e-01 1.2648140860000001e+03
5.7055832899999996e+02 1.0840525599999999e+02 5.3503999999999996e-01 1.2689976590000001e+03
5.7747276299999999e+02 1.1066294400000000e+02 5.4047999999999996e-01 1.2731953799999999e+03
5.8441007100000002e+02 1.1295109100000001e+02 5.4591999999999996e-01 1.2774071340000000e+03
5.9137032999999997e+02 1.1526977599999999e+02 5.5135999999999996e-01 1.2816327920000001e+03
5.9835361499999999e+02 1.1761907400000000e+02 5.5679999999999996e-01 1.2858722140000000e+03
6.0536000200000001e+02 1.1999904800000000e+02 5.6223999999999996e-01 1.2901252460000001e+03
6.1238956199999996e+02 1.2240975400000001e+02 5.6767999999999996e-01 1.2943917260000001e+03
6.1944236999999998e+02 1.2485124399999999e+02 5.7311999999999996e-01 1.2986714850000001e+03
6.2651849700000002e+02 1.2732355699999999e+02 5.7855999999999996e-01 1.3029643450000001e+03
6.3361801400000002e+02 1.2982673100000000e+02 5.8399999999999996e-01 1.3072701230000000e+03
6.4074099000000001e+02 1.3236079599999999e+02 5.8943999999999996e-01 1.3115886290000001e+03
6.4788749399999995e+02 1.3492577399999999e+02 5.9487999999999996e-01 1.3159196710000001e+03
6.5505759399999999e+02 1.3752168599999999e+02 6.0031999999999996e-01 1.3202630520000000e+03
6.6225135699999998e+02 1.4014854500000001e+02 6.0575999999999997e-01 1.3246185720000001e+03
6.6946884799999998e+02 1.4280635899999999e+02 6.1119999999999997e-01 1.3289860289999999e+03
6.7671013100000005e+02 1.4549513300000001e+02 6.1663999999999997e-01 1.3333652179999999e+03
6.8397527000000002e+02 1.4821486700000000e+02 6.2207999999999997e-01 1.3377559329999999e+03
6.9126432599999998e+02 1.5096555799999999e+02 6.2751999999999997e-01 1.3421579670000001e+03
6.9857736199999999e+02 1.5374719600000000e+02 6.3295999999999997e-01 1.3465711130000000e+03
7.0591443600000002e+02 1.5655977200000001e+02 6.3839999999999997e-01 1.3509951610000001e+03
7.1327560700000004e+02 1.5940326899999999e+02 6.4383999999999997e-01 1.3554299050000000e+03
7.2066093400000000e+02 1.6227767100000000e+02 6.4927999999999997e-01 1.3598751350000000e+03
7.2807047299999999e+02 1.6518295499999999e+02 6.5471999999999997e-01 1.3643306450000000e+03
7.3550427800000000e+02 1.6811909700000001e+02 6.6015999999999997e-01 1.3687962270000000e+03
7.4296240399999999e+02 1.7108607100000000e+02 6.6559999999999997e-01 1.3732716770000000e+03
7.5044490499999995e+02 1.7408384699999999e+02 6.7103999999999997e-01 1.3777567879999999e+03
7.5795183199999997e+02 1.7711239300000000e+02 6.7647999999999997e-01 1.3822513570000001e+03
7.6548323600000003e+02 1.8017167599999999e+02 6.8191999999999997e-01 1.3867551840000001e+03
7.7303916800000002e+02 1.8326165700000001e+02 6.8735999999999997e-01 1.3912680660000001e+03
7.8061967500000003e+02 1.8638229999999999e+02 6.9279999999999997e-01 1.3957898070000001e+03
7.8822480499999995e+02 1.8953356299999999e+02 6.9823999999999997e-01 1.4003202080000001e+03
7.9585460599999999e+02 1.9271540500000000e+02 7.0367999999999997e-01 1.4048590750000001e+03
8.0350912200000005e+02 1.9592778000000001e+02 7.0911999999999997e-01 1.4094062150000000e+03
8.1118839800000001e+02 1.9917064300000001e+02 7.1455999999999997e-01 1.4139614380000000e+03
8.1889247699999999e+02 2.0244394800000001e+02 7.1999999999999997e-01 1.4185245540000001e+03
8.2662140199999999e+02 2.0574764500000001e+02 7.2543999999999997e-01 1.4230953790000001e+03
8.3437521500000003e+02 2.0908168400000000e+02 7.3087999999999997e-01 1.4276737270000001e+03
8.4215395500000000e+02 2.1244601299999999e+02 7.3631999999999997e-01 1.4322594170000000e+03
8.4995766300000003e+02 2.1584058099999999e+02 7.4175999999999997e-01 1.4368522700000001e+03
8.5778637600000002e+02 2.1926533400000000e+02 7.4719999999999998e-01 1.4414521090000001e+03
8.6564013199999999e+02 2.2272021599999999e+02 7.5263999999999998e-01 1.4460587599999999e+03
8.7351896799999997e+02 2.2620517300000000e+02 7.5807999999999998e-01 1.4506720499999999e+03
8.8142291899999998e+02 2.2972014600000000e+02 7.6351999999999998e-01 1.4552918110000001e+03
8.8935202100000004e+02 2.3326508000000001e+02 7.6895999999999998e-01 1.4599178750000001e+03
8.9730630599999995e+02 2.3683991499999999e+02 7.7439999999999998e-01 1.4645500780000000e+03
9.0528580899999997e+02 2.4044459200000000e+02 7.7983999999999998e-01 1.4691882570000000e+03
9.1329056000000003e+02 2.4407905299999999e+02 7.8527999999999998e-01 1.4738322550000000e+03
9.2132059200000003e+02 2.4774323500000000e+02 7.9071999999999998e-01 1.4784819120000000e+03
9.2937593400000003e+02 2.5143707900000001e+02 7.9615999999999998e-01 1.4831370760000000e+03
9.3745661600000005e+02 2.5516052300000001e+02 8.0159999999999998e-01 1.4877975939999999e+03
9.4556266700000003e+02 2.5891350399999999e+02 8.0703999999999998e-01 1.4924633160000001e+03
9.5369411500000001e+02 2.6269596100000001e+02 8.1247999999999998e-01 1.4971340960000000e+03
9.6185098600000003e+02 2.6650783100000001e+02 8.1791999999999998e-01 1.5018097889999999e+03
9.7003330800000003e+02 2.7034904999999998e+02 8.2335999999999998e-01 1.5064902520000001e+03
9.7824110499999995e+02 2.7421955500000001e+02 8.2879999999999998e-01 1.5111753460000000e+03
9.8647440300000005e+02 2.7811928200000000e+02 8.3423999999999998e-01 1.5158649339999999e+03
9.9473322499999995e+02 2.8204816699999998e+02 8.3967999999999998e-01 1.5205588809999999e+03
1.0030175960000000e+03 2.8600614500000000e+02 8.4511999999999998e-01 1.5252570530000000e+03
1.0113275370000000e+03 2.8999315300000001e+02 8.5055999999999998e-01 1.5299593219999999e+03
1.0196630699999999e+03 2.9400912499999998e+02 8.5599999999999998e-01 1.5346655579999999e+03
1.0280242169999999e+03 2.9805399699999998e+02 8.6143999999999998e-01 1.5393756360000000e+03
1.0364109980000001e+03 3.0212770499999999e+02 8.6687999999999998e-01 1.5440894330000001e+03
1.0448234330000000e+03 3.0623018200000001e+02 8.7231999999999998e-01 1.5488068270000001e+03
1.0532615420000000e+03 3.1036136499999998e+02 8.7775999999999998e-01 1.5535277010000000e+03
1.0617253430000001e+03 3.1452118899999999e+02 8.8319999999999999e-01 1.5582519359999999e+03
1.0702148529999999e+03 3.1870958800000000e+02 8.8863999999999999e-01 1.5629794190000000e+03
1.0787300909999999e+03 3.2292649899999998e+02 8.9407999999999999e-01 1.5677100379999999e+03
1.0872710729999999e+03 3.2717185599999999e+02 8.9951999999999999e-01 1.5724436820000001e+03
1.0958378150000001e+03 3.3144559500000003e+02 9.0495999999999999e-01 1.5771802439999999e+03
1.1044303330000000e+03 3.3574765200000002e+02 9.1039999999999999e-01 1.5819196179999999e+03
1.1130486420000000e+03 3.4007796400000001e+02 9.1583999999999999e-01 1.5866617000000001e+03
1.1216927559999999e+03 3.4443646500000000e+02 9.2127999999999999e-01 1.5914063900000001e+03
1.1303626879999999e+03 3.4882309500000002e+02 9.2671999999999999e-01 1.5961535879999999e+03
1.1390584540000000e+03 3.5323778800000002e+02 9.3215999999999999e-01 1.6009031960000000e+03
1.1477800649999999e+03 3.5768048499999998e+02 9.3759999999999999e-01 1.6056551210000000e+03
1.1565275329999999e+03 3.6215112099999999e+02 9.4303999999999999e-01 1.6104092710000000e+03
1.1653008709999999e+03 3.6664963799999998e+02 9.4847999999999999e-01 1.6151655539999999e+03
1.1741000890000000e+03 3.7117597400000000e+02 9.5391999999999999e-01 1.6199238840000000e+03
1.1829251999999999e+03 3.7573007100000001e+02 9.5935999999999999e-01 1.6246841750000001e+03
1.1917762130000001e+03 3.8031187100000000e+02 9.6479999999999999e-01 1.6294463459999999e+03
1.2006531379999999e+03 3.8492131699999999e+02 9.7023999999999999e-01 1.6342103159999999e+03
1.2095559840000001e+03 3.8955835400000001e+02 9.7567999999999999e-01 1.6389760090000000e+03
1.2184847620000000e+03 3.9422293100000002e+02 9.8111999999999999e-01 1.6437433540000000e+03
1.2274394789999999e+03 3.9891499800000003e+02 9.8655999999999999e-01 1.6485122799999999e+03
1.2364201439999999e+03 4.0363450899999998e+02 9.9199999999999999e-01 1.6532827250000000e+03
1.2454267660000000e+03 4.0838142399999998e+02 9.9743999999999999e-01 1.6580546310000000e+03
1.2544593510000000e+03 4.1315570900000000e+02 1.0028800000000000e+00 1.6628279500000001e+03
1.2635179089999999e+03 4.1795734199999998e+02 1.0083200000000001e+00 1.6676026420000001e+03
1.2726024450000000e+03 4.2278631799999999e+02 1.0137600000000000e+00 1.6723786900000000e+03
1.2817129669999999e+03 4.2764266600000002e+02 1.0192000000000001e+00 1.6771561059999999e+03
1.2908494840000001e+03 4.3252649000000002e+02 1.0246400000000000e+00 1.6819349769999999e+03
1.3000120030000000e+03 4.3743827399999998e+02 1.0300800000000001e+00 1.6867157600000000e+03
1.3092005360000001e+03 4.4237794000000002e+02 1.0355200000000000e+00 1.6914983609999999e+03
1.3184150890000001e+03 4.4734396900000002e+02 1.0409600000000001e+00 1.6962812939999999e+03
1.3276556619999999e+03 4.5233629300000001e+02 1.0464000000000000e+00 1.7010644930000001e+03
1.3369222580000001e+03 4.5735484300000002e+02 1.0518400000000001e+00 1.7058478880000000e+03
1.3462148760000000e+03 4.6239955200000003e+02 1.0572800000000000e+00 1.7106314159999999e+03
1.3555335190000001e+03 4.6747035299999999e+02 1.0627200000000001e+00 1.7154150090000001e+03
1.3648781839999999e+03 4.7256717900000001e+02 1.0681600000000000e+00 1.7201986059999999e+03
1.3742488739999999e+03 4.7768996399999997e+02 1.0736000000000001e+00 1.7249821440000001e+03
1.3836455860000001e+03 4.8283864199999999e+02 1.0790400000000000e+00 1.7297655620000000e+03
1.3930683200000001e+03 4.8801314600000001e+02 1.0844800000000001e+00 1.7345488000000000e+03
1.4025170760000001e+03 4.9321341100000001e+02 1.0899200000000000e+00 1.7393317999999999e+03
1.4119918510000000e+03 4.9843937099999999e+02 1.0953599999999999e+00 1.7441145039999999e+03
1.4214926439999999e+03 5.0369096200000001e+02 1.1008000000000000e+00 1.7488968570000000e+03
1.4310194530000001e+03 5.0896811900000000e+02 1.1062399999999999e+00 1.7536788019999999e+03
1.4405722750000000e+03 5.1427077799999995e+02 1.1116800000000000e+00 1.7584602870000001e+03
1.4501511080000000e+03 5.1959887400000002e+02 1.1171199999999999e+00 1.7632412569999999e+03
1.4597559490000001e+03 5.2495234400000004e+02 1.1225600000000000e+00 1.7680216610000000e+03
1.4693867940000000e+03 5.3033112400000005e+02 1.1279999999999999e+00 1.7728014479999999e+03
1.4790436400000001e+03 5.3573515099999997e+02 1.1334400000000000e+00 1.7775805690000000e+03
1.4887264829999999e+03 5.4116436199999998e+02 1.1388799999999999e+00 1.7823589730000001e+03
1.4984353200000000e+03 5.4661869500000000e+02 1.1443200000000000e+00 1.7871366129999999e+03
1.5081701459999999e+03 5.5209808699999996e+02 1.1497599999999999e+00 1.7919134429999999e+03
1.5179309559999999e+03 5.5760247700000002e+02 1.1552000000000000e+00 1.7966894150000001e+03
1.5277177449999999e+03 5.6313180199999999e+02 1.1606399999999999e+00 1.8014644850000000e+03
1.5375305100000000e+03 5.6868600200000003e+02 1.1660800000000000e+00 1.8062386080000001e+03
1.5473692430000001e+03 5.7426501399999995e+02 1.1715199999999999e+00 1.8110117410000000e+03
1.5572339400000001e+03 5.7986877900000002e+02 1.1769600000000000e+00 1.8157838409999999e+03
1.5671245960000001e+03 5.8549723500000005e+02 1.1823999999999999e+00 1.8205548670000001e+03
1.5770412030000000e+03 5.9115032299999996e+02 1.1878400000000000e+00 1.8253247759999999e+03
1.5869837560000001e+03 5.9682798300000002e+02 1.1932799999999999e+00 1.8300935300000001e+03
1.5969522489999999e+03 6.0253015400000004e+02 1.1987200000000000e+00 1.8348610890000000e+03
1.6069466749999999e+03 6.0825677700000006e+02 1.2041599999999999e+00 1.8396274140000000e+03
1.6169670260000000e+03 6.1400779299999999e+02 1.2096000000000000e+00 1.8443924669999999e+03
1.6270132970000000e+03 6.1978314399999999e+02 1.2150399999999999e+00 1.8491562100000001e+03
1.6370854800000000e+03 6.2558276999999998e+02 1.2204800000000000e+00 1.8539186090000001e+03
1.6471835659999999e+03 6.3140661399999999e+02 1.2259199999999999e+00 1.8586796260000001e+03
1.6573075500000000e+03 6.3725461600000006e+02 1.2313600000000000e+00 1.8634392260000000e+03
1.6674574220000000e+03 6.4312671999999998e+02 1.2367999999999999e+00 1.8681973760000001e+03
1.6776331760000000e+03 6.4902286700000002e+02 1.2422400000000000e+00 1.8729540420000001e+03
1.6878348020000001e+03 6.5494299999999998e+02 1.2476799999999999e+00 1.8777091900000000e+03
1.6980622930000000e+03 6.6088706300000001e+02 1.2531200000000000e+00 1.8824627869999999e+03
1.7083156389999999e+03 6.6685499800000002e+02 1.2585599999999999e+00 1.8872148030000001e+03
1.7185948240000000e+03 6.7283035199999995e+02 1.2640000000000000e+00 1.8919522270000000e+03
1.7288995900000000e+03 6.7874510399999997e+02 1.2694399999999999e+00 1.8966214600000001e+03
1.7392296679999999e+03 6.8464668800000004e+02 1.2748800000000000e+00 1.9012603700000000e+03
1.7495849280000000e+03 6.9054897100000005e+02 1.2803199999999999e+00 1.9058800739999999e+03
1.7599652790000000e+03 6.9645778800000005e+02 1.2857600000000000e+00 1.9104852830000000e+03
1.7703706500000001e+03 7.0237647800000002e+02 1.2911999999999999e+00 1.9150787110000001e+03
1.7808009830000001e+03 7.0830721700000004e+02 1.2966400000000000e+00 1.9196621390000000e+03
1.7912562260000000e+03 7.1425154299999997e+02 1.3020799999999999e+00 1.9242368349999999e+03
1.8017363339999999e+03 7.2021060000000000e+02 1.3075200000000000e+00 1.9288037480000000e+03
1.8122412680000000e+03 7.2618526999999995e+02 1.3129599999999999e+00 1.9333636160000001e+03
1.8227709900000000e+03 7.3217625299999997e+02 1.3184000000000000e+00 1.9379170290000000e+03
1.8333254669999999e+03 7.3818411500000002e+02 1.3238399999999999e+00 1.9424644690000000e+03
1.8439046670000000e+03 7.4420932500000004e+02 1.3292800000000000e+00 1.9470063390000000e+03
1.8545085610000001e+03 7.5025227299999995e+02 1.3347199999999999e+00 1.9515429760000000e+03
1.8651371220000001e+03 7.5631329100000005e+02 1.3401600000000000e+00 1.9560746730000001e+03
1.8757903229999999e+03 7.6239266199999997e+02 1.3455999999999999e+00 1.9606016780000000e+03
1.8864681390000001e+03 7.6849062800000002e+02 1.3510400000000000e+00 1.9651242099999999e+03
1.8971705460000001e+03 7.7460739999999998e+02 1.3564799999999999e+00 1.9696424609999999e+03
1.9078975220000000e+03 7.8074316399999998e+02 1.3619200000000000e+00 1.9741566009999999e+03
1.9186490440000000e+03 7.8689807900000005e+02 1.3673599999999999e+00 1.9786667800000000e+03
1.9294250919999999e+03 7.9307228699999996e+02 1.3728000000000000e+00 1.9831731330000000e+03
1.9402256440000001e+03 7.9926591399999995e+02 1.3782399999999999e+00 1.9876757820000000e+03
1.9510506820000001e+03 8.0547907099999998e+02 1.3836800000000000e+00 1.9921748359999999e+03
1.9619001860000001e+03 8.1171185500000001e+02 1.3891199999999999e+00 1.9966703950000001e+03
1.9727741360000000e+03 8.1796435499999995e+02 1.3945600000000000e+00 2.0011625469999999e+03
1.9836725150000000e+03 8.2423664699999995e+02 1.3999999999999999e+00 2.0056513760000000e+03
