# epsilon[MeV/fm^3] P[MeV/fm^3] nB[fm^-3] muB[MeV]
3.7831198999999998e+01 1.3436899999999999e-01 4.0000000000000001e-02 9.4914101400000004e+02
4.2996681000000002e+01 1.6862099999999999e-01 4.5440000000000001e-02 9.4994244700000002e+02
4.8166497000000000e+01 2.0687800000000001e-01 5.0880000000000002e-02 9.5073636699999997e+02
5.3340617000000002e+01 2.4931400000000001e-01 5.6320000000000002e-02 9.5152755000000002e+02
5.8519041000000001e+01 2.9624699999999998e-01 6.1760000000000002e-02 9.5232187199999998e+02
6.3701805999999998e+01 3.4815800000000002e-01 6.7199999999999996e-02 9.5312624000000005e+02
6.8888985000000005e+01 4.0569699999999997e-01 7.2639999999999996e-02 9.5394839500000000e+02
7.4080698999999996e+01 4.6968799999999999e-01 7.8079999999999997e-02 9.5479667600000005e+02
7.9277112000000002e+01 5.4111699999999996e-01 8.3519999999999997e-02 9.5567978500000004e+02
8.4478437999999997e+01 6.2112800000000001e-01 8.8959999999999997e-02 9.5660659099999998e+02
8.9684938000000002e+01 7.1101099999999995e-01 9.4399999999999998e-02 9.5758595900000000e+02
9.4896923000000001e+01 8.1218400000000002e-01 9.9839999999999998e-02 9.5862661800000001e+02
1.0011474900000000e+02 9.2618400000000001e-01 1.0528000000000000e-01 9.5973705399999994e+02
1.0533880800000000e+02 1.0535300000000001e+00 1.1072000000000000e-01 9.6091519700000003e+02
1.1056939100000000e+02 1.1928570000000001e+00 1.1616000000000000e-01 9.6214230199999997e+02
1.1580685000000000e+02 1.3482950000000000e+00 1.2160000000000000e-01 9.6344864600000005e+02
1.2105165700000001e+02 1.5224640000000000e+00 1.2703999999999999e-01 9.6484840099999997e+02
1.2630435000000000e+02 1.7176469999999999e+00 1.3247999999999999e-01 9.6635134000000005e+02
1.3156551099999999e+02 1.9360189999999999e+00 1.3791999999999999e-01 9.6796524399999998e+02
1.3683576199999999e+02 2.1796989999999998e+00 1.4335999999999999e-01 9.6969661699999995e+02
1.4211575700000000e+02 2.4507770000000000e+00 1.4879999999999999e-01 9.7155100100000004e+02
1.4740618000000001e+02 2.7513100000000001e+00 1.5423999999999999e-01 9.7353315199999997e+02
1.5270773600000001e+02 3.0833279999999998e+00 1.5967999999999999e-01 9.7564715000000001e+02
1.5802115300000000e+02 3.4488319999999999e+00 1.6511999999999999e-01 9.7789647600000001e+02
1.6334717499999999e+02 3.8497859999999999e+00 1.7055999999999999e-01 9.8028406900000004e+02
1.6868656200000001e+02 4.2881169999999997e+00 1.7599999999999999e-01 9.8281237499999997e+02
1.7404008400000001e+02 4.7657140000000000e+00 1.8143999999999999e-01 9.8548338500000000e+02
1.7940852300000000e+02 5.2844170000000004e+00 1.8687999999999999e-01 9.8829867200000001e+02
1.8479266600000000e+02 5.8460190000000001e+00 1.9231999999999999e-01 9.9125941799999998e+02
1.9019330900000000e+02 6.4522649999999997e+00 1.9775999999999999e-01 9.9436644300000000e+02
1.9561124699999999e+02 7.1048410000000004e+00 2.0319999999999999e-01 9.9762023499999998e+02
2.0104728100000000e+02 7.8053809999999997e+00 2.0863999999999999e-01 1.0010209680000000e+03
2.0650220999999999e+02 8.5554590000000008e+00 2.1407999999999999e-01 1.0045685300000000e+03
2.1197683200000000e+02 9.3565889999999996e+00 2.1951999999999999e-01 1.0082625370000000e+03
2.1747194200000001e+02 1.0210224999999999e+01 2.2495999999999999e-01 1.0121023590000000e+03
2.2298833099999999e+02 1.1117755000000001e+01 2.3039999999999999e-01 1.0160871360000000e+03
2.2852678599999999e+02 1.2080508000000000e+01 2.3583999999999999e-01 1.0202157920000000e+03
2.3408808500000001e+02 1.3099743000000000e+01 2.4127999999999999e-01 1.0244870539999999e+03
2.3967300200000000e+02 1.4176657000000001e+01 2.4671999999999999e-01 1.0288994680000001e+03
2.4528229899999999e+02 1.5312381000000000e+01 2.5216000000000000e-01 1.0334514090000000e+03
2.5091673100000000e+02 1.6507977000000000e+01 2.5760000000000000e-01 1.0381410940000001e+03
2.5657704400000000e+02 1.7764444000000001e+01 2.6304000000000000e-01 1.0429665990000001e+03
2.6226396899999997e+02 1.9082711000000000e+01 2.6848000000000000e-01 1.0479258669999999e+03
2.6797823000000000e+02 2.0463643999999999e+01 2.7392000000000000e-01 1.0530167190000000e+03
2.7372053599999998e+02 2.1908038000000001e+01 2.7936000000000000e-01 1.0582368640000000e+03
2.7949158399999999e+02 2.3416627999999999e+01 2.8480000000000000e-01 1.0635839109999999e+03
2.8529205899999999e+02 2.4990079000000001e+01 2.9024000000000000e-01 1.0690553780000000e+03
2.9112262900000002e+02 2.6628993000000001e+01 2.9568000000000000e-01 1.0746487010000001e+03
2.9698395199999999e+02 2.8333908000000001e+01 3.0112000000000000e-01 1.0803612410000001e+03
3.0287666899999999e+02 3.0105301999999998e+01 3.0656000000000000e-01 1.0861902960000000e+03
3.0880140599999999e+02 3.1943587999999998e+01 3.1200000000000000e-01 1.0921331090000001e+03
3.1475877500000001e+02 3.3849119999999999e+01 3.1744000000000000e-01 1.0981868750000001e+03
3.2074937100000000e+02 3.5822195000000001e+01 3.2288000000000000e-01 1.1043487459999999e+03
3.2677377600000000e+02 3.7863050999999999e+01 3.2832000000000000e-01 1.1106158479999999e+03
3.3283255400000002e+02 3.9971874000000000e+01 3.3376000000000000e-01 1.1169852780000001e+03
3.3892625399999997e+02 4.2148794000000002e+01 3.3920000000000000e-01 1.1234541180000001e+03
3.4505540800000000e+02 4.4393891000000004e+01 3.4464000000000000e-01 1.1300194389999999e+03
3.5122053499999998e+02 4.6707197999999998e+01 3.5008000000000000e-01 1.1366783109999999e+03
3.5742213500000003e+02 4.9088697000000003e+01 3.5552000000000000e-01 1.1434278050000000e+03
3.6365926999999999e+02 5.1268439000000001e+01 3.6096000000000000e-01 1.1495133539999999e+03
3.6992745700000000e+02 5.3267567999999997e+01 3.6640000000000000e-01 1.1550100060000000e+03
3.7622496999999998e+02 5.5225985999999999e+01 3.7184000000000000e-01 1.1603152090000001e+03
3.8255102199999999e+02 5.7171852000000001e+01 3.7728000000000000e-01 1.1655097900000001e+03
3.8890512100000001e+02 5.9118166000000002e+01 3.8272000000000000e-01 1.1706311570000000e+03
3.9528693399999997e+02 6.1072381999999998e+01 3.8816000000000001e-01 1.1757007269999999e+03
4.0169621599999999e+02 6.3039290000000001e+01 3.9360000000000001e-01 1.1807321999999999e+03
4.0813214599999998e+02 6.4866495999999998e+01 3.9904000000000001e-01 1.1853431720000001e+03
4.1459177699999998e+02 6.6570787999999993e+01 4.0448000000000001e-01 1.1895848280000000e+03
4.2107430199999999e+02 6.8274806999999996e+01 4.0992000000000001e-01 1.1937690860000000e+03
4.2757951800000001e+02 6.9991911000000002e+01 4.1536000000000001e-01 1.1979298759999999e+03
4.3410733800000003e+02 7.1727458999999996e+01 4.2080000000000001e-01 1.2020806310000000e+03
4.4065772800000002e+02 7.3484335000000002e+01 4.2624000000000001e-01 1.2062284259999999e+03
4.4723068499999999e+02 7.5264341000000002e+01 4.3168000000000001e-01 1.2103775390000001e+03
4.5382622300000003e+02 7.7068707000000003e+01 4.3712000000000001e-01 1.2145307680000001e+03
4.6044437099999999e+02 7.8898325000000000e+01 4.4256000000000001e-01 1.2186900400000000e+03
4.6708516600000002e+02 8.0753872000000001e+01 4.4800000000000001e-01 1.2228567320000000e+03
4.7374865100000000e+02 8.2635883000000007e+01 4.5344000000000001e-01 1.2270318450000000e+03
4.8043487299999998e+02 8.4544784000000007e+01 4.5888000000000001e-01 1.2312161189999999e+03
4.8714388500000001e+02 8.6480930000000001e+01 4.6432000000000001e-01 1.2354101029999999e+03
4.9387573900000001e+02 8.8444615999999996e+01 4.6976000000000001e-01 1.2396142050000001e+03
5.0063049300000000e+02 9.0436093000000000e+01 4.7520000000000001e-01 1.2438287210000001e+03
5.0740820300000001e+02 9.2455573999999999e+01 4.8064000000000001e-01 1.2480538630000001e+03
5.1420892700000002e+02 9.4503246000000004e+01 4.8608000000000001e-01 1.2522897750000000e+03
5.2103272600000003e+02 9.6579267999999999e+01 4.9152000000000001e-01 1.2565365469999999e+03
5.2787965599999995e+02 9.8683781999999994e+01 4.9696000000000001e-01 1.2607942240000000e+03
5.3474977899999999e+02 1.0081691100000000e+02 5.0239999999999996e-01 1.2650628160000001e+03
5.4164315299999998e+02 1.0297876300000000e+02 5.0783999999999996e-01 1.2693423000000000e+03
5.4855983800000001e+02 1.0516943200000000e+02 5.1327999999999996e-01 1.2736326300000001e+03
5.5549989200000005e+02 1.0738900200000000e+02 5.1871999999999996e-01 1.2779337399999999e+03
5.6246337400000004e+02 1.0963754500000000e+02 5.2415999999999996e-01 1.2822455440000001e+03
5.6945034199999998e+02 1.1191512500000000e+02 5.2959999999999996e-01 1.2865679419999999e+03
5.7646085300000004e+02 1.1422179800000001e+02 5.3503999999999996e-01 1.2909008200000001e+03
5.8349496299999998e+02 1.1655761000000000e+02 5.4047999999999996e-01 1.2952440549999999e+03
5.9055272900000000e+02 1.1892260200000000e+02 5.4591999999999996e-01 1.2995975129999999e+03
5.9763420699999995e+02 1.2131680700000000e+02 5.5135999999999996e-01 1.3039610540000001e+03
6.0473945000000003e+02 1.2374025399999999e+02 5.5679999999999996e-01 1.3083345290000000e+03
6.1186851200000001e+02 1.2619296400000000e+02 5.6223999999999996e-01 1.3127177850000000e+03
6.1902144599999997e+02 1.2867495500000001e+02 5.6767999999999996e-01 1.3171106640000000e+03
6.2619830300000001e+02 1.3118623800000000e+02 5.7311999999999996e-01 1.3215130030000000e+03
6.3339913600000000e+02 1.3372682200000000e+02 5.7855999999999996e-01 1.3259246370000001e+03
6.4062399300000004e+02 1.3629670899999999e+02 5.8399999999999996e-01 1.3303453970000000e+03
6.4787292500000001e+02 1.3889589799999999e+02 5.8943999999999996e-01 1.3347751140000000e+03
6.5514597900000001e+02 1.4152438599999999e+02 5.9487999999999996e-01 1.3392136140000000e+03
6.6244320300000004e+02 1.4418216300000000e+02 6.0031999999999996e-01 1.3436607230000000e+03
6.6976464299999998e+02 1.4686921899999999e+02 6.0575999999999997e-01 1.3481162680000000e+03
6.7711034400000005e+02 1.4958553699999999e+02 6.1119999999999997e-01 1.3525800720000000e+03
6.8448035200000004e+02 1.5233110099999999e+02 6.1663999999999997e-01 1.3570519600000000e+03
6.9187470800000006e+02 1.5510588799999999e+02 6.2207999999999997e-01 1.3615317560000001e+03
6.9929345699999999e+02 1.5790987600000000e+02 6.2751999999999997e-01 1.3660192850000001e+03
7.0673663999999997e+02 1.6074303800000001e+02 6.3295999999999997e-01 1.3705143700000001e+03
7.1420429600000000e+02 1.6360534400000000e+02 6.3839999999999997e-01 1.3750168369999999e+03
7.2169646699999998e+02 1.6649676400000001e+02 6.4383999999999997e-01 1.3795265119999999e+03
7.2921319000000005e+02 1.6941726399999999e+02 6.4927999999999997e-01 1.3840432209999999e+03
7.3675450400000000e+02 1.7236680799999999e+02 6.5471999999999997e-01 1.3885667920000001e+03
7.4432044499999995e+02 1.7534535800000000e+02 6.6015999999999997e-01 1.3930970540000001e+03
7.5191104900000005e+02 1.7835287400000001e+02 6.6559999999999997e-01 1.3976338360000000e+03
7.5952635199999997e+02 1.8138931400000001e+02 6.7103999999999997e-01 1.4021769700000000e+03
7.6716638699999999e+02 1.8445463400000000e+02 6.7647999999999997e-01 1.4067262890000000e+03
7.7483118800000000e+02 1.8754879000000000e+02 6.8191999999999997e-01 1.4112816250000001e+03
7.8252078600000004e+02 1.9067173299999999e+02 6.8735999999999997e-01 1.4158428160000001e+03
7.9023521400000004e+02 1.9382341600000001e+02 6.9279999999999997e-01 1.4204096979999999e+03
7.9797450100000003e+02 1.9700378799999999e+02 6.9823999999999997e-01 1.4249821090000000e+03
8.0573867800000005e+02 2.0021279699999999e+02 7.0367999999999997e-01 1.4295598920000000e+03
8.1352777300000002e+02 2.0345039100000000e+02 7.0911999999999997e-01 1.4341428870000000e+03
8.2134181400000000e+02 2.0671651499999999e+02 7.1455999999999997e-01 1.4387309390000000e+03
8.2918082900000002e+02 2.1001111499999999e+02 7.1999999999999997e-01 1.4433238950000000e+03
8.3704484200000002e+02 2.1333413200000001e+02 7.2543999999999997e-01 1.4479216010000000e+03
8.4493388100000004e+02 2.1668550999999999e+02 7.3087999999999997e-01 1.4525239070000000e+03
8.5284797000000003e+02 2.2006519000000000e+02 7.3631999999999997e-01 1.4571306660000000e+03
8.6078713100000004e+02 2.2347311099999999e+02 7.4175999999999997e-01 1.4617417300000000e+03
8.6875139000000001e+02 2.2690921299999999e+02 7.4719999999999998e-01 1.4663569540000001e+03
8.7674076600000001e+02 2.3037343500000000e+02 7.5263999999999998e-01 1.4709761970000000e+03
8.8475528299999996e+02 2.3386571300000000e+02 7.5807999999999998e-01 1.4755993169999999e+03
8.9279496099999994e+02 2.3738598400000001e+02 7.6351999999999998e-01 1.4802261759999999e+03
9.0085981900000002e+02 2.4093418399999999e+02 7.6895999999999998e-01 1.4848566360000000e+03
9.0894987700000001e+02 2.4451024799999999e+02 7.7439999999999998e-01 1.4894905630000001e+03
9.1706515400000001e+02 2.4811411000000001e+02 7.7983999999999998e-01 1.4941278239999999e+03
9.2520566699999995e+02 2.5174570499999999e+02 7.8527999999999998e-01 1.4987682870000001e+03
9.3337143400000002e+02 2.5540496500000000e+02 7.9071999999999998e-01 1.5034118240000000e+03
9.4156246999999996e+02 2.5909182199999998e+02 7.9615999999999998e-01 1.5080583070000000e+03
9.4977879099999996e+02 2.6280620900000002e+02 8.0159999999999998e-01 1.5127076119999999e+03
9.5802041299999996e+02 2.6654805800000003e+02 8.0703999999999998e-01 1.5173596140000000e+03
9.6628734999999995e+02 2.7031729899999999e+02 8.1247999999999998e-01 1.5220141920000001e+03
9.7457961499999999e+02 2.7411386199999998e+02 8.1791999999999998e-01 1.5266712279999999e+03
9.8289722099999994e+02 2.7793767900000000e+02 8.2335999999999998e-01 1.5313306020000000e+03
9.9124018100000001e+02 2.8178867800000000e+02 8.2879999999999998e-01 1.5359921999999999e+03
9.9960850700000003e+02 2.8566678999999999e+02 8.3423999999999998e-01 1.5406559070000001e+03
1.0080022100000000e+03 2.8957194299999998e+02 8.3967999999999998e-01 1.5453216120000000e+03
1.0164213000000000e+03 2.9350406700000002e+02 8.4511999999999998e-01 1.5499892030000001e+03
1.0248657870000000e+03 2.9746308900000002e+02 8.5055999999999998e-01 1.5546585729999999e+03
1.0333356819999999e+03 3.0144893800000000e+02 8.5599999999999998e-01 1.5593296150000001e+03
1.0418309910000000e+03 3.0546154300000001e+02 8.6143999999999998e-01 1.5640022250000000e+03
1.0503517240000001e+03 3.0950083100000001e+02 8.6687999999999998e-01 1.5686762980000001e+03
1.0588978890000001e+03 3.1356673100000000e+02 8.7231999999999998e-01 1.5733517340000001e+03
1.0674694919999999e+03 3.1765916900000002e+02 8.7775999999999998e-01 1.5780284340000001e+03
1.0760665409999999e+03 3.2177807500000000e+02 8.8319999999999999e-01 1.5827062980000001e+03
1.0846890410000001e+03 3.2592337400000002e+02 8.8863999999999999e-01 1.5873852330000000e+03
1.0933369970000001e+03 3.3009499499999998e+02 8.9407999999999999e-01 1.5920651419999999e+03
1.1020104150000000e+03 3.3429286600000000e+02 8.9951999999999999e-01 1.5967459340000000e+03
1.1107093000000000e+03 3.3851691399999999e+02 9.0495999999999999e-01 1.6014275180000000e+03
1.1194336550000000e+03 3.4276706600000000e+02 9.1039999999999999e-01 1.6061098039999999e+03
1.1281834850000000e+03 3.4704325100000000e+02 9.1583999999999999e-01 1.6107927060000000e+03
1.1369587910000000e+03 3.5134539699999999e+02 9.2127999999999999e-01 1.6154761360000000e+03
1.1457595770000000e+03 3.5567343099999999e+02 9.2671999999999999e-01 1.6201600120000001e+03
1.1545858450000001e+03 3.6002728200000001e+02 9.3215999999999999e-01 1.6248442520000001e+03
1.1634375970000001e+03 3.6440687900000000e+02 9.3759999999999999e-01 1.6295287740000001e+03
1.1723148340000000e+03 3.6881215099999997e+02 9.4303999999999999e-01 1.6342135000000001e+03
1.1812175569999999e+03 3.7324302799999998e+02 9.4847999999999999e-01 1.6388983530000000e+03
1.1901457660000001e+03 3.7769943799999999e+02 9.5391999999999999e-01 1.6435832579999999e+03
1.1990994610000000e+03 3.8218131399999999e+02 9.5935999999999999e-01 1.6482681419999999e+03
1.2080786430000001e+03 3.8668858699999998e+02 9.6479999999999999e-01 1.6529529339999999e+03
1.2170833110000001e+03 3.9122118799999998e+02 9.7023999999999999e-01 1.6576375650000000e+03
1.2261134629999999e+03 3.9577905199999998e+02 9.7567999999999999e-01 1.6623219680000000e+03
1.2351690970000000e+03 4.0036211200000002e+02 9.8111999999999999e-01 1.6670060800000001e+03
1.2442502130000000e+03 4.0497030699999999e+02 9.8655999999999999e-01 1.6716898400000000e+03
1.2533568090000001e+03 4.0960357499999998e+02 9.9199999999999999e-01 1.6763731880000000e+03
1.2624888810000000e+03 4.1426185700000002e+02 9.9743999999999999e-01 1.6810560730000000e+03
1.2716464269999999e+03 4.1894510000000002e+02 1.0028800000000000e+00 1.6857384440000001e+03
1.2808294440000000e+03 4.2365325600000000e+02 1.0083200000000001e+00 1.6904202580000001e+03
1.2900379290000001e+03 4.2838628399999999e+02 1.0137600000000000e+00 1.6951014840000000e+03
1.2992718800000000e+03 4.3314416000000000e+02 1.0192000000000001e+00 1.6997821019999999e+03
1.3085312910000000e+03 4.3792688500000003e+02 1.0246400000000000e+00 1.7044621199999999e+03
1.3178161610000000e+03 4.4273452099999997e+02 1.0300800000000001e+00 1.7091416059999999e+03
1.3271264870000000e+03 4.4756746500000003e+02 1.0355200000000000e+00 1.7138209480000000e+03
1.3364622700000000e+03 4.5242549300000002e+02 1.0409600000000001e+00 1.7184999330000001e+03
1.3458235020000000e+03 4.5730748000000000e+02 1.0464000000000000e+00 1.7231774860000000e+03
1.3552101769999999e+03 4.6221334999999999e+02 1.0518400000000001e+00 1.7278535509999999e+03
1.3646222860000000e+03 4.6714303000000001e+02 1.0572800000000000e+00 1.7325280729999999e+03
1.3740598210000001e+03 4.7209644700000001e+02 1.0627200000000001e+00 1.7372009980000000e+03
1.3835227729999999e+03 4.7707352600000002e+02 1.0681600000000000e+00 1.7418722730000000e+03
1.3930111320000001e+03 4.8207419499999997e+02 1.0736000000000001e+00 1.7465418480000001e+03
1.4025248899999999e+03 4.8709838100000002e+02 1.0790400000000000e+00 1.7512096710000001e+03
1.4120640360000000e+03 4.9214601099999999e+02 1.0844800000000001e+00 1.7558756930000000e+03
1.4216285610000000e+03 4.9721701200000001e+02 1.0899200000000000e+00 1.7605398660000001e+03
1.4312184549999999e+03 5.0231131299999998e+02 1.0953599999999999e+00 1.7652021410000000e+03
1.4408337059999999e+03 5.0742884199999997e+02 1.1008000000000000e+00 1.7698624729999999e+03
1.4504743050000000e+03 5.1256952799999999e+02 1.1062399999999999e+00 1.7745208160000000e+03
1.4601402399999999e+03 5.1773329899999999e+02 1.1116800000000000e+00 1.7791771249999999e+03
1.4698315009999999e+03 5.2292008399999997e+02 1.1171199999999999e+00 1.7838313559999999e+03
1.4795480749999999e+03 5.2812981400000001e+02 1.1225600000000000e+00 1.7884834670000000e+03
1.4892899510000000e+03 5.3336241700000005e+02 1.1279999999999999e+00 1.7931334150000000e+03
1.4990571179999999e+03 5.3861782400000004e+02 1.1334400000000000e+00 1.7977811600000000e+03
1.5088495630000000e+03 5.4389596500000005e+02 1.1388799999999999e+00 1.8024266620000001e+03
1.5186672730000000e+03 5.4919677100000001e+02 1.1443200000000000e+00 1.8070698809999999e+03
1.5285102370000000e+03 5.5452017300000000e+02 1.1497599999999999e+00 1.8117107779999999e+03
1.5383784410000001e+03 5.5986610099999996e+02 1.1552000000000000e+00 1.8163493160000000e+03
1.5482718740000000e+03 5.6523448900000005e+02 1.1606399999999999e+00 1.8209854580000001e+03
1.5581905200000001e+03 5.7062526600000001e+02 1.1660800000000000e+00 1.8256191670000001e+03
1.5681343680000000e+03 5.7603836699999999e+02 1.1715199999999999e+00 1.8302504090000000e+03
1.5781034030000001e+03 5.8147372299999995e+02 1.1769600000000000e+00 1.8348791490000001e+03
1.5880976129999999e+03 5.8693126600000005e+02 1.1823999999999999e+00 1.8395053530000000e+03
1.5981169820000000e+03 5.9241093100000001e+02 1.1878400000000000e+00 1.8441289870000001e+03
1.6081614970000001e+03 5.9791265099999998e+02 1.1932799999999999e+00 1.8487500199999999e+03
1.6182311440000001e+03 6.0343635800000004e+02 1.1987200000000000e+00 1.8533684189999999e+03
1.6283259080000000e+03 6.0898198800000000e+02 1.2041599999999999e+00 1.8579841540000000e+03
1.6384457760000000e+03 6.1454947500000003e+02 1.2096000000000000e+00 1.8625971930000001e+03
1.6485907310000000e+03 6.2013875299999995e+02 1.2150399999999999e+00 1.8672075090000001e+03
1.6587607590000000e+03 6.2574975800000004e+02 1.2204800000000000e+00 1.8718150700000001e+03
1.6689558450000000e+03 6.3138242400000001e+02 1.2259199999999999e+00 1.8764198500000000e+03
1.6791759740000000e+03 6.3703668800000003e+02 1.2313600000000000e+00 1.8810218190000001e+03
1.6894211299999999e+03 6.4271248400000002e+02 1.2367999999999999e+00 1.8856209520000000e+03
1.6996912980000000e+03 6.4840975000000003e+02 1.2422400000000000e+00 1.8902172210000001e+03
1.7099864630000000e+03 6.5412842100000000e+02 1.2476799999999999e+00 1.8948106000000000e+03
1.7203066080000001e+03 6.5986843599999997e+02 1.2531200000000000e+00 1.8994010639999999e+03
1.7306517180000001e+03 6.6562973000000000e+02 1.2585599999999999e+00 1.9039885890000000e+03
1.7410217760000000e+03 6.7141224099999999e+02 1.2640000000000000e+00 1.9085731490000001e+03
1.7514167660000001e+03 6.7721556999999996e+02 1.2694399999999999e+00 1.9131544570000001e+03
1.7618365630000001e+03 6.8297927500000003e+02 1.2748800000000000e+00 1.9176850430000000e+03
1.7722809090000001e+03 6.8872754799999996e+02 1.2803199999999999e+00 1.9221842509999999e+03
1.7827496799999999e+03 6.9447708699999998e+02 1.2857600000000000e+00 1.9266653679999999e+03
1.7932427909999999e+03 7.0023344999999995e+02 1.2911999999999999e+00 1.9311328610000000e+03
1.8037601740000000e+03 7.0599962800000003e+02 1.2966400000000000e+00 1.9355891569999999e+03
1.8143017729999999e+03 7.1177751699999999e+02 1.3020799999999999e+00 1.9400358080000001e+03
1.8248675390000001e+03 7.1756842600000004e+02 1.3075200000000000e+00 1.9444739000000000e+03
1.8354574270000001e+03 7.2337331800000004e+02 1.3129599999999999e+00 1.9489042360000001e+03
1.8460713969999999e+03 7.2919292399999995e+02 1.3184000000000000e+00 1.9533274380000000e+03
1.8567094110000000e+03 7.3502782100000002e+02 1.3238399999999999e+00 1.9577440010000000e+03
1.8673714350000000e+03 7.4087846999999999e+02 1.3292800000000000e+00 1.9621543270000000e+03
1.8780574349999999e+03 7.4674525000000006e+02 1.3347199999999999e+00 1.9665587519999999e+03
1.8887673800000000e+03 7.5262847399999998e+02 1.3401600000000000e+00 1.9709575570000000e+03
1.8995012400000001e+03 7.5852840400000002e+02 1.3455999999999999e+00 1.9753509830000000e+03
1.9102589869999999e+03 7.6444526299999995e+02 1.3510400000000000e+00 1.9797392390000000e+03
1.9210405929999999e+03 7.7037923999999998e+02 1.3564799999999999e+00 1.9841225059999999e+03
1.9318460299999999e+03 7.7633049700000004e+02 1.3619200000000000e+00 1.9885009430000000e+03
1.9426752739999999e+03 7.8229917499999999e+02 1.3673599999999999e+00 1.9928746930000000e+03
1.9535282999999999e+03 7.8828539599999999e+02 1.3728000000000000e+00 1.9972438800000000e+03
1.9644050810000001e+03 7.9428926300000001e+02 1.3782399999999999e+00 2.0016086170000001e+03
1.9753055959999999e+03 8.0031086900000003e+02 1.3836800000000000e+00 2.0059690060000000e+03
1.9862298189999999e+03 8.0635029399999996e+02 1.3891199999999999e+00 2.0103251379999999e+03
1.9971777290000000e+03 8.1240760699999998e+02 1.3945600000000000e+00 2.0146770959999999e+03
2.0081493029999999e+03 8.1848286800000005e+02 1.3999999999999999e+00 2.0190249560000000e+03
