# epsilon[MeV/fm^3] P[MeV/fm^3] nB[fm^-3] muB[MeV]
3.7929118000000003e+01 1.7316400000000001e-01 4.0000000000000001e-02 9.5255887800000005e+02
4.3112648999999998e+01 1.9781499999999999e-01 4.5440000000000001e-02 9.5313703499999997e+02
4.8298949000000000e+01 2.1924700000000000e-01 5.0880000000000002e-02 9.5358270100000004e+02
5.3487369000000001e+01 2.3748000000000000e-01 5.6320000000000002e-02 9.5392312000000004e+02
5.8677411999999997e+01 2.5297700000000001e-01 6.1760000000000002e-02 9.5418556599999999e+02
6.3868726000000002e+01 2.6660200000000001e-01 6.7199999999999996e-02 9.5439654900000005e+02
6.9061099999999996e+01 2.7955500000000000e-01 7.2639999999999996e-02 9.5458128599999998e+02
7.4254456000000005e+01 2.9332999999999998e-01 7.8079999999999997e-02 9.5476338199999998e+02
7.9448839000000007e+01 3.0966100000000002e-01 8.3519999999999997e-02 9.5496465999999998e+02
8.4644408999999996e+01 3.3047900000000002e-01 8.8959999999999997e-02 9.5520509700000002e+02
8.9841430000000003e+01 3.5787000000000002e-01 9.4399999999999998e-02 9.5550281399999994e+02
9.5040255999999999e+01 3.9403899999999997e-01 9.9839999999999998e-02 9.5587410699999998e+02
1.0024132800000000e+02 4.4092199999999998e-01 1.0528000000000000e-01 9.5633010899999999e+02
1.0544508200000000e+02 4.9883400000000000e-01 1.1072000000000000e-01 9.5686514399999999e+02
1.1065201600000000e+02 5.7155299999999998e-01 1.1616000000000000e-01 9.5750492099999997e+02
1.1586274299999999e+02 6.6196200000000005e-01 1.2160000000000000e-01 9.5826411499999995e+02
1.2107794300000000e+02 7.7260399999999996e-01 1.2703999999999999e-01 9.5915275699999995e+02
1.2629833900000000e+02 9.0586699999999998e-01 1.3247999999999999e-01 9.6017840200000001e+02
1.3152469400000001e+02 1.0640210000000001e+00 1.3791999999999999e-01 9.6134681899999998e+02
1.3675779800000001e+02 1.2492310000000000e+00 1.4335999999999999e-01 9.6266235900000004e+02
1.4199845800000000e+02 1.4635620000000000e+00 1.4879999999999999e-01 9.6412819999999999e+02
1.4724750100000000e+02 1.7089810000000001e+00 1.5423999999999999e-01 9.6574654099999998e+02
1.5250575900000001e+02 1.9873639999999999e+00 1.5967999999999999e-01 9.6751876200000004e+02
1.5777407099999999e+02 2.3004970000000000e+00 1.6511999999999999e-01 9.6944555600000001e+02
1.6305328000000000e+02 2.6500840000000001e+00 1.7055999999999999e-01 9.7152705500000002e+02
1.6834422599999999e+02 3.0377500000000000e+00 1.7599999999999999e-01 9.7376293199999998e+02
1.7364774700000001e+02 3.4650520000000000e+00 1.8143999999999999e-01 9.7615248799999995e+02
1.7896467699999999e+02 3.9334769999999999e+00 1.8687999999999999e-01 9.7869473600000003e+02
1.8429584299999999e+02 4.4444580000000000e+00 1.9231999999999999e-01 9.8138846100000001e+02
1.8964206700000000e+02 4.9993720000000001e+00 1.9775999999999999e-01 9.8423227499999996e+02
1.9500416000000001e+02 5.5995460000000001e+00 2.0319999999999999e-01 9.8722466099999997e+02
2.0038292700000000e+02 6.2462650000000002e+00 2.0863999999999999e-01 9.9036400700000002e+02
2.0577916200000001e+02 6.9407740000000002e+00 2.1407999999999999e-01 9.9364863200000002e+02
2.1119365199999999e+02 7.6842750000000004e+00 2.1951999999999999e-01 9.9707680500000004e+02
2.1662717300000000e+02 8.4779389999999992e+00 2.2495999999999999e-01 1.0006467550000000e+03
2.2208049099999999e+02 9.3228980000000004e+00 2.3039999999999999e-01 1.0043566860000000e+03
2.2755436300000000e+02 1.0220250000000000e+01 2.3583999999999999e-01 1.0082047750000000e+03
2.3304953699999999e+02 1.1171058000000000e+01 2.4127999999999999e-01 1.0121891780000000e+03
2.3856674799999999e+02 1.2176349000000000e+01 2.4671999999999999e-01 1.0163080270000000e+03
2.4410672299999999e+02 1.3237113000000001e+01 2.5216000000000000e-01 1.0205594260000000e+03
2.4967017899999999e+02 1.4354301000000000e+01 2.5760000000000000e-01 1.0249414520000000e+03
2.5525782000000001e+02 1.5528824999999999e+01 2.6304000000000000e-01 1.0294521490000000e+03
2.6087034299999999e+02 1.6761555000000001e+01 2.6848000000000000e-01 1.0340895230000001e+03
2.6650842899999998e+02 1.8053317000000000e+01 2.7392000000000000e-01 1.0388515400000001e+03
2.7217275400000000e+02 1.9404890999999999e+01 2.7936000000000000e-01 1.0437361189999999e+03
2.7786397599999998e+02 2.0817011999999998e+01 2.8480000000000000e-01 1.0487411350000000e+03
2.8358274699999998e+02 2.2290362999999999e+01 2.9024000000000000e-01 1.0538644119999999e+03
2.8932970299999999e+02 2.3825578000000000e+01 2.9568000000000000e-01 1.0591037210000000e+03
2.9510547000000003e+02 2.5423238999999999e+01 3.0112000000000000e-01 1.0644567840000000e+03
3.0091066100000000e+02 2.7083876000000000e+01 3.0656000000000000e-01 1.0699212689999999e+03
3.0674587600000001e+02 2.8807963000000001e+01 3.1200000000000000e-01 1.0754947950000001e+03
3.1261169999999998e+02 3.0595921000000001e+01 3.1744000000000000e-01 1.0811749299999999e+03
3.1850870900000001e+02 3.2448118000000001e+01 3.2288000000000000e-01 1.0869591960000000e+03
3.2443746199999998e+02 3.4364863999999997e+01 3.2832000000000000e-01 1.0928450710000000e+03
3.3039850400000000e+02 3.6346415999999998e+01 3.3376000000000000e-01 1.0988299959999999e+03
3.3639236799999998e+02 3.8392980000000001e+01 3.3920000000000000e-01 1.1049113720000000e+03
3.4241957100000002e+02 4.0504705000000001e+01 3.4464000000000000e-01 1.1110865730000000e+03
3.4848061799999999e+02 4.2681690000000003e+01 3.5008000000000000e-01 1.1173529440000000e+03
3.5457599599999998e+02 4.4923983999999997e+01 3.5552000000000000e-01 1.1237078130000000e+03
3.6070618000000002e+02 4.7231586000000000e+01 3.6096000000000000e-01 1.1301484889999999e+03
3.6687162999999998e+02 4.9604447999999998e+01 3.6640000000000000e-01 1.1366722769999999e+03
3.7307234399999999e+02 5.1899574999999999e+01 3.7184000000000000e-01 1.1428909580000000e+03
3.7930424099999999e+02 5.3918663000000002e+01 3.7728000000000000e-01 1.1482812990000000e+03
3.8556470200000001e+02 5.5872656999999997e+01 3.8272000000000000e-01 1.1534229530000000e+03
3.9185273799999999e+02 5.7802652000000002e+01 3.8816000000000001e-01 1.1584297030000000e+03
3.9816775899999999e+02 5.9725571000000002e+01 3.9360000000000001e-01 1.1633486330000001e+03
4.0450936100000001e+02 6.1650683000000001e+01 3.9904000000000001e-01 1.1682055590000000e+03
4.1087725499999999e+02 6.3583806000000003e+01 4.0448000000000001e-01 1.1730166449999999e+03
4.1727087599999999e+02 6.5415661000000000e+01 4.0992000000000001e-01 1.1775157509999999e+03
4.2368739299999999e+02 6.7086851999999993e+01 4.1536000000000001e-01 1.1815653290000000e+03
4.3012572699999998e+02 6.8751954999999995e+01 4.2080000000000001e-01 1.1855475750000001e+03
4.3658564200000001e+02 7.0427235999999994e+01 4.2624000000000001e-01 1.1895026849999999e+03
4.4306703499999998e+02 7.2118752000000001e+01 4.3168000000000001e-01 1.1934454750000000e+03
4.4956986300000000e+02 7.3829683000000003e+01 4.3712000000000001e-01 1.1973835790000001e+03
4.5609411200000000e+02 7.5561988999999997e+01 4.4256000000000001e-01 1.2013215709999999e+03
4.6263979100000000e+02 7.7316999999999993e+01 4.4800000000000001e-01 1.2052624410000001e+03
4.6920692200000002e+02 7.9095678000000007e+01 4.5344000000000001e-01 1.2092082550000000e+03
4.7579553600000003e+02 8.0898752000000002e+01 4.5888000000000001e-01 1.2131604960000000e+03
4.8240566999999999e+02 8.2726797000000005e+01 4.6432000000000001e-01 1.2171202539999999e+03
4.8903736900000001e+02 8.4580271999999994e+01 4.6976000000000001e-01 1.2210883400000000e+03
4.9569067799999999e+02 8.6459557000000004e+01 4.7520000000000001e-01 1.2250653669999999e+03
5.0236564900000002e+02 8.8364969000000002e+01 4.8064000000000001e-01 1.2290517940000000e+03
5.0906233200000003e+02 9.0296775999999994e+01 4.8608000000000001e-01 1.2330479630000000e+03
5.1578078300000004e+02 9.2255206999999999e+01 4.9152000000000001e-01 1.2370541260000000e+03
5.2252105500000005e+02 9.4240458000000004e+01 4.9696000000000001e-01 1.2410704610000000e+03
5.2928320499999995e+02 9.6252699000000007e+01 5.0239999999999996e-01 1.2450970870000001e+03
5.3606728899999996e+02 9.8292078000000004e+01 5.0783999999999996e-01 1.2491340749999999e+03
5.4287336200000004e+02 1.0035872300000000e+02 5.1327999999999996e-01 1.2531814529999999e+03
5.4970148300000005e+02 1.0245274499999999e+02 5.1871999999999996e-01 1.2572392190000000e+03
5.5655170599999997e+02 1.0457423900000001e+02 5.2415999999999996e-01 1.2613073400000001e+03
5.6342408999999998e+02 1.0672329100000000e+02 5.2959999999999996e-01 1.2653857610000000e+03
5.7031868799999995e+02 1.0889997000000000e+02 5.3503999999999996e-01 1.2694744060000000e+03
5.7723555699999997e+02 1.1110433800000000e+02 5.4047999999999996e-01 1.2735731800000001e+03
5.8417475100000001e+02 1.1333644600000000e+02 5.4591999999999996e-01 1.2776819750000000e+03
5.9113632600000005e+02 1.1559633599999999e+02 5.5135999999999996e-01 1.2818006710000000e+03
5.9812033299999996e+02 1.1788404300000001e+02 5.5679999999999996e-01 1.2859291330000001e+03
6.0512682600000005e+02 1.2019959299999999e+02 5.6223999999999996e-01 1.2900672210000000e+03
6.1215585699999997e+02 1.2254300700000000e+02 5.6767999999999996e-01 1.2942147849999999e+03
6.1920747800000004e+02 1.2491429800000000e+02 5.7311999999999996e-01 1.2983716669999999e+03
6.2628173700000002e+02 1.2731347400000000e+02 5.7855999999999996e-01 1.3025377060000001e+03
6.3337868500000002e+02 1.2974053699999999e+02 5.8399999999999996e-01 1.3067127330000001e+03
6.4049837100000002e+02 1.3219548399999999e+02 5.8943999999999996e-01 1.3108965750000000e+03
6.4764084100000002e+02 1.3467830699999999e+02 5.9487999999999996e-01 1.3150890589999999e+03
6.5480614200000002e+02 1.3718899200000001e+02 6.0031999999999996e-01 1.3192900050000001e+03
6.6199431900000002e+02 1.3972752399999999e+02 6.0575999999999997e-01 1.3234992330000000e+03
6.6920541800000001e+02 1.4229388100000000e+02 6.1119999999999997e-01 1.3277165590000000e+03
6.7643948200000000e+02 1.4488803799999999e+02 6.1663999999999997e-01 1.3319418000000001e+03
6.8369655299999999e+02 1.4750996799999999e+02 6.2207999999999997e-01 1.3361747710000000e+03
6.9097667300000001e+02 1.5015963600000001e+02 6.2751999999999997e-01 1.3404152870000000e+03
6.9827988300000004e+02 1.5283700999999999e+02 6.3295999999999997e-01 1.3446631600000001e+03
7.0560622200000000e+02 1.5554204999999999e+02 6.3839999999999997e-01 1.3489182049999999e+03
7.1295572800000002e+02 1.5827471499999999e+02 6.4383999999999997e-01 1.3531802359999999e+03
7.2032843900000000e+02 1.6103496200000001e+02 6.4927999999999997e-01 1.3574490670000000e+03
7.2772439099999997e+02 1.6382274300000000e+02 6.5471999999999997e-01 1.3617245150000001e+03
7.3514362100000005e+02 1.6663801000000001e+02 6.6015999999999997e-01 1.3660063940000000e+03
7.4258616199999994e+02 1.6948071200000001e+02 6.6559999999999997e-01 1.3702945219999999e+03
7.5005204800000001e+02 1.7235079400000001e+02 6.7103999999999997e-01 1.3745887170000001e+03
7.5754131099999995e+02 1.7524820299999999e+02 6.7647999999999997e-01 1.3788887980000000e+03
7.6505398300000002e+02 1.7817287899999999e+02 6.8191999999999997e-01 1.3831945870000000e+03
7.7259009500000002e+02 1.8112476400000000e+02 6.8735999999999997e-01 1.3875059060000001e+03
7.8014967700000000e+02 1.8410379599999999e+02 6.9279999999999997e-01 1.3918225800000000e+03
7.8773275599999999e+02 1.8710991200000001e+02 6.9823999999999997e-01 1.3961444329999999e+03
7.9533936000000006e+02 1.9014304899999999e+02 7.0367999999999997e-01 1.4004712939999999e+03
8.0296951700000000e+02 1.9320313999999999e+02 7.0911999999999997e-01 1.4048029930000000e+03
8.1062325199999998e+02 1.9629011800000001e+02 7.1455999999999997e-01 1.4091393610000000e+03
8.1830059000000006e+02 1.9940391399999999e+02 7.1999999999999997e-01 1.4134802310000000e+03
8.2600155500000005e+02 2.0254445799999999e+02 7.2543999999999997e-01 1.4178254390000000e+03
8.3372617100000002e+02 2.0571168000000000e+02 7.3087999999999997e-01 1.4221748219999999e+03
8.4147445900000002e+02 2.0890550700000000e+02 7.3631999999999997e-01 1.4265282210000000e+03
8.4924644200000000e+02 2.1212586600000000e+02 7.4175999999999997e-01 1.4308854770000000e+03
8.5704213800000002e+02 2.1537268299999999e+02 7.4719999999999998e-01 1.4352464350000000e+03
8.6486156900000003e+02 2.1864588300000000e+02 7.5263999999999998e-01 1.4396109400000000e+03
8.7270475299999998e+02 2.2194539100000000e+02 7.5807999999999998e-01 1.4439788410000001e+03
8.8057170900000006e+02 2.2527112800000000e+02 7.6351999999999998e-01 1.4483499890000001e+03
8.8846245299999998e+02 2.2862301900000000e+02 7.6895999999999998e-01 1.4527242360000000e+03
8.9637700099999995e+02 2.3200098499999999e+02 7.7439999999999998e-01 1.4571014379999999e+03
9.0431537100000003e+02 2.3540494699999999e+02 7.7983999999999998e-01 1.4614814520000000e+03
9.1227757599999995e+02 2.3883482599999999e+02 7.8527999999999998e-01 1.4658641379999999e+03
9.2026363000000003e+02 2.4229054199999999e+02 7.9071999999999998e-01 1.4702493569999999e+03
9.2827354800000001e+02 2.4577201500000001e+02 7.9615999999999998e-01 1.4746369740000000e+03
9.3630734099999995e+02 2.4927916400000001e+02 8.0159999999999998e-01 1.4790268540000000e+03
9.4436502199999995e+02 2.5281190699999999e+02 8.0703999999999998e-01 1.4834188660000000e+03
9.5244660199999998e+02 2.5637016399999999e+02 8.1247999999999998e-01 1.4878128800000000e+03
9.6055209100000002e+02 2.5995385199999998e+02 8.1791999999999998e-01 1.4922087700000000e+03
9.6868150000000003e+02 2.6356288899999998e+02 8.2335999999999998e-01 1.4966064100000001e+03
9.7683483699999999e+02 2.6719719300000003e+02 8.2879999999999998e-01 1.5010056780000000e+03
9.8501211200000000e+02 2.7085667999999998e+02 8.3423999999999998e-01 1.5054064519999999e+03
9.9321333100000004e+02 2.7454126800000000e+02 8.3967999999999998e-01 1.5098086129999999e+03
1.0014385020000000e+03 2.7825087300000001e+02 8.4511999999999998e-01 1.5142120460000001e+03
1.0096876320000000e+03 2.8198541299999999e+02 8.5055999999999998e-01 1.5186166350000001e+03
1.0179607270000000e+03 2.8574480399999999e+02 8.5599999999999998e-01 1.5230222679999999e+03
1.0262577920000001e+03 2.8952896099999998e+02 8.6143999999999998e-01 1.5274288340000001e+03
1.0345788310000000e+03 2.9333780300000001e+02 8.6687999999999998e-01 1.5318362250000000e+03
1.0429238499999999e+03 2.9717124400000000e+02 8.7231999999999998e-01 1.5362443350000001e+03
1.0512928509999999e+03 3.0102920200000000e+02 8.7775999999999998e-01 1.5406530580000001e+03
1.0596858380000001e+03 3.0491159199999998e+02 8.8319999999999999e-01 1.5450622930000000e+03
1.0681028130000000e+03 3.0881833100000000e+02 8.8863999999999999e-01 1.5494719370000000e+03
1.0765437780000000e+03 3.1274933600000003e+02 8.9407999999999999e-01 1.5538818940000001e+03
1.0850087349999999e+03 3.1670452200000000e+02 8.9951999999999999e-01 1.5582920650000001e+03
1.0934976850000000e+03 3.2068380700000000e+02 9.0495999999999999e-01 1.5627023549999999e+03
1.1020106270000001e+03 3.2468710600000003e+02 9.1039999999999999e-01 1.5671126720000000e+03
1.1105475620000000e+03 3.2871433700000000e+02 9.1583999999999999e-01 1.5715229230000000e+03
1.1191084890000000e+03 3.3276541600000002e+02 9.2127999999999999e-01 1.5759330190000001e+03
1.1276934070000000e+03 3.3684026100000000e+02 9.2671999999999999e-01 1.5803428719999999e+03
1.1363023149999999e+03 3.4093878899999999e+02 9.3215999999999999e-01 1.5847523950000000e+03
1.1449352100000001e+03 3.4506091700000002e+02 9.3759999999999999e-01 1.5891615050000000e+03
1.1535920900000001e+03 3.4920656200000002e+02 9.4303999999999999e-01 1.5935701190000000e+03
1.1622729520000000e+03 3.5337564400000002e+02 9.4847999999999999e-01 1.5979781539999999e+03
1.1709777930000000e+03 3.5756807900000001e+02 9.5391999999999999e-01 1.6023855329999999e+03
1.1797066090000001e+03 3.6178378600000002e+02 9.5935999999999999e-01 1.6067921759999999e+03
1.1884593950000001e+03 3.6602268500000002e+02 9.6479999999999999e-01 1.6111980090000000e+03
1.1972361480000000e+03 3.7028469300000000e+02 9.7023999999999999e-01 1.6156029550000001e+03
1.2060368610000000e+03 3.7456973099999999e+02 9.7567999999999999e-01 1.6200069430000001e+03
1.2148615299999999e+03 3.7887771900000001e+02 9.8111999999999999e-01 1.6244099020000001e+03
1.2237101490000000e+03 3.8320857500000000e+02 9.8655999999999999e-01 1.6288117609999999e+03
1.2325827119999999e+03 3.8756222300000002e+02 9.9199999999999999e-01 1.6332124520000000e+03
1.2414792120000000e+03 3.9193858100000000e+02 9.9743999999999999e-01 1.6376119080000001e+03
1.2503996420000001e+03 3.9633757200000002e+02 1.0028800000000000e+00 1.6420100660000001e+03
1.2593439949999999e+03 4.0075911900000000e+02 1.0083200000000001e+00 1.6464068620000000e+03
1.2683122630000000e+03 4.0520314400000001e+02 1.0137600000000000e+00 1.6508022329999999e+03
1.2773044390000000e+03 4.0966957100000002e+02 1.0192000000000001e+00 1.6551961209999999e+03
1.2863205140000000e+03 4.1415832399999999e+02 1.0246400000000000e+00 1.6595884670000000e+03
1.2953604789999999e+03 4.1866932900000000e+02 1.0300800000000001e+00 1.6639792150000001e+03
1.3044243269999999e+03 4.2320251300000001e+02 1.0355200000000000e+00 1.6683683100000001e+03
1.3135120469999999e+03 4.2775780200000003e+02 1.0409600000000001e+00 1.6727556999999999e+03
1.3226236309999999e+03 4.3233512600000000e+02 1.0464000000000000e+00 1.6771413359999999e+03
1.3317590680000001e+03 4.3693441700000000e+02 1.0518400000000001e+00 1.6815251690000000e+03
1.3409183479999999e+03 4.4155560700000001e+02 1.0572800000000000e+00 1.6859071550000001e+03
1.3501014630000000e+03 4.4619863400000003e+02 1.0627200000000001e+00 1.6902872530000000e+03
1.3593083999999999e+03 4.5086343799999997e+02 1.0681600000000000e+00 1.6946654280000000e+03
1.3685391500000001e+03 4.5554996699999998e+02 1.0736000000000001e+00 1.6990416490000000e+03
1.3777937019999999e+03 4.6025817699999999e+02 1.0790400000000000e+00 1.7034158970000001e+03
1.3870720449999999e+03 4.6498804500000000e+02 1.0844800000000001e+00 1.7077881680000000e+03
1.3963741680000001e+03 4.6973958399999998e+02 1.0899200000000000e+00 1.7121584940000000e+03
1.4057000619999999e+03 4.7451295499999998e+02 1.0953599999999999e+00 1.7165270439999999e+03
1.4150497170000001e+03 4.7930837200000002e+02 1.1008000000000000e+00 1.7208940299999999e+03
1.4244231219999999e+03 4.8412471900000003e+02 1.1062399999999999e+00 1.7252584540000000e+03
1.4338202630000001e+03 4.8896189700000002e+02 1.1116800000000000e+00 1.7296202539999999e+03
1.4432411259999999e+03 4.9381983100000002e+02 1.1171199999999999e+00 1.7339793870000001e+03
1.4526856960000000e+03 4.9869844599999999e+02 1.1225600000000000e+00 1.7383358120000000e+03
1.4621539570000000e+03 5.0359766800000000e+02 1.1279999999999999e+00 1.7426894910000001e+03
1.4716458960000000e+03 5.0851742300000001e+02 1.1334400000000000e+00 1.7470403839999999e+03
1.4811614959999999e+03 5.1345763899999997e+02 1.1388799999999999e+00 1.7513884519999999e+03
1.4907007430000001e+03 5.1841824099999997e+02 1.1443200000000000e+00 1.7557336610000000e+03
1.5002636199999999e+03 5.2339915900000005e+02 1.1497599999999999e+00 1.7600759720000001e+03
1.5098501120000001e+03 5.2840031799999997e+02 1.1552000000000000e+00 1.7644153510000001e+03
1.5194602030000001e+03 5.3342164900000000e+02 1.1606399999999999e+00 1.7687517640000001e+03
1.5290938759999999e+03 5.3846307899999999e+02 1.1660800000000000e+00 1.7730851769999999e+03
1.5387511159999999e+03 5.4352453800000001e+02 1.1715199999999999e+00 1.7774155579999999e+03
1.5484319040000000e+03 5.4860595499999999e+02 1.1769600000000000e+00 1.7817428740000000e+03
1.5581362260000001e+03 5.5370726000000002e+02 1.1823999999999999e+00 1.7860670940000000e+03
1.5678640630000000e+03 5.5882838400000003e+02 1.1878400000000000e+00 1.7903881890000000e+03
1.5776153990000000e+03 5.6396925699999997e+02 1.1932799999999999e+00 1.7947061269999999e+03
1.5873902160000000e+03 5.6912981000000002e+02 1.1987200000000000e+00 1.7990208820000000e+03
1.5971884980000000e+03 5.7430997600000001e+02 1.2041599999999999e+00 1.8033324239999999e+03
1.6070102260000001e+03 5.7950968599999999e+02 1.2096000000000000e+00 1.8076407250000000e+03
1.6168553830000001e+03 5.8472887200000002e+02 1.2150399999999999e+00 1.8119457609999999e+03
1.6267239500000001e+03 5.8996746700000006e+02 1.2204800000000000e+00 1.8162475030000001e+03
1.6366159110000001e+03 5.9522540500000002e+02 1.2259199999999999e+00 1.8205459280000000e+03
1.6465312460000000e+03 6.0050261799999998e+02 1.2313600000000000e+00 1.8248410100000001e+03
1.6564699380000000e+03 6.0579904199999999e+02 1.2367999999999999e+00 1.8291327249999999e+03
1.6664319680000001e+03 6.1111460999999997e+02 1.2422400000000000e+00 1.8334210499999999e+03
1.6764173180000000e+03 6.1644925599999999e+02 1.2476799999999999e+00 1.8377059620000000e+03
1.6864259689999999e+03 6.2180291699999998e+02 1.2531200000000000e+00 1.8419874380000001e+03
1.6964579020000001e+03 6.2717552799999999e+02 1.2585599999999999e+00 1.8462654580000001e+03
1.7065130990000000e+03 6.3256702299999995e+02 1.2640000000000000e+00 1.8505400010000001e+03
1.7165915399999999e+03 6.3797734100000002e+02 1.2694399999999999e+00 1.8548110449999999e+03
1.7266932059999999e+03 6.4340641700000003e+02 1.2748800000000000e+00 1.8590785710000000e+03
1.7368180789999999e+03 6.4885418900000002e+02 1.2803199999999999e+00 1.8633425589999999e+03
1.7469661380000000e+03 6.5432059300000003e+02 1.2857600000000000e+00 1.8676029920000001e+03
1.7571373650000000e+03 6.5980556899999999e+02 1.2911999999999999e+00 1.8718598500000001e+03
1.7673317400000001e+03 6.6530905199999995e+02 1.2966400000000000e+00 1.8761131150000001e+03
1.7775492429999999e+03 6.7083098399999994e+02 1.3020799999999999e+00 1.8803627710000001e+03
1.7877898550000000e+03 6.7637130100000002e+02 1.3075200000000000e+00 1.8846088010000001e+03
1.7980535560000001e+03 6.8192994399999998e+02 1.3129599999999999e+00 1.8888511890000000e+03
1.8083403260000000e+03 6.8750685199999998e+02 1.3184000000000000e+00 1.8930899179999999e+03
1.8186501450000001e+03 6.9310196599999995e+02 1.3238399999999999e+00 1.8973249740000001e+03
1.8289829930000001e+03 6.9871522400000003e+02 1.3292800000000000e+00 1.9015563420000001e+03
1.8393388510000000e+03 7.0434656900000004e+02 1.3347199999999999e+00 1.9057840070000000e+03
1.8497176959999999e+03 7.0999594100000002e+02 1.3401600000000000e+00 1.9100079550000000e+03
1.8601195110000001e+03 7.1566328199999998e+02 1.3455999999999999e+00 1.9142281720000001e+03
1.8705442740000001e+03 7.2134853199999998e+02 1.3510400000000000e+00 1.9184446470000000e+03
1.8809919640000001e+03 7.2705163600000003e+02 1.3564799999999999e+00 1.9226573650000000e+03
1.8914625619999999e+03 7.3277253399999995e+02 1.3619200000000000e+00 1.9268663150000000e+03
1.9019560460000000e+03 7.3851116900000000e+02 1.3673599999999999e+00 1.9310714849999999e+03
1.9124723970000000e+03 7.4426748599999996e+02 1.3728000000000000e+00 1.9352728629999999e+03
1.9230115679999999e+03 7.5001601000000005e+02 1.3782399999999999e+00 1.9394519780000001e+03
1.9335733600000001e+03 7.5573730699999999e+02 1.3836800000000000e+00 1.9435949040000000e+03
1.9441576390000000e+03 7.6145682099999999e+02 1.3891199999999999e+00 1.9477202860000000e+03
1.9547643250000001e+03 7.6718080599999996e+02 1.3945600000000000e+00 1.9518327549999999e+03
1.9653933529999999e+03 7.7291231900000002e+02 1.3999999999999999e+00 1.9559346009999999e+03
