# epsilon[MeV/fm^3] P[MeV/fm^3] nB[fm^-3] muB[MeV]
3.7797880999999997e+01 1.2032500000000000e-01 4.0000000000000001e-02 9.4795697500000006e+02
4.2956910999999998e+01 1.5465200000000001e-01 4.5440000000000001e-02 9.4875980200000004e+02
4.8120327000000003e+01 1.9374800000000000e-01 5.0880000000000002e-02 9.4957089399999995e+02
5.3288170000000001e+01 2.3768700000000001e-01 5.6320000000000002e-02 9.5038988900000004e+02
5.8460486000000003e+01 2.8663400000000000e-01 6.1760000000000002e-02 9.5121811200000002e+02
6.3637332000000001e+01 3.4087499999999998e-01 6.7199999999999996e-02 9.5205843900000002e+02
6.8818785000000005e+01 4.0083500000000000e-01 7.2639999999999996e-02 9.5291504799999996e+02
7.4004946000000004e+01 4.6708200000000000e-01 7.8079999999999997e-02 9.5379312600000003e+02
7.9195948000000001e+01 5.4032999999999998e-01 8.3519999999999997e-02 9.5469859599999995e+02
8.4391957000000005e+01 6.2143099999999996e-01 8.8959999999999997e-02 9.5563788299999999e+02
8.9593176000000000e+01 7.1136900000000003e-01 9.4399999999999998e-02 9.5661770799999999e+02
9.4799841999999998e+01 8.1125199999999997e-01 9.9839999999999998e-02 9.5764492399999995e+02
1.0001223200000000e+02 9.2229700000000003e-01 1.0528000000000000e-01 9.5872639200000003e+02
1.0523066100000000e+02 1.0458270000000001e+00 1.1072000000000000e-01 9.5986887300000001e+02
1.1045546899999999e+02 1.1823120000000000e+00 1.1616000000000000e-01 9.6107079399999998e+02
1.1568691200000001e+02 1.3303600000000000e+00 1.2160000000000000e-01 9.6231483700000001e+02
1.2092529100000000e+02 1.4935959999999999e+00 1.2703999999999999e-01 9.6362648100000001e+02
1.2617100900000000e+02 1.6743150000000000e+00 1.3247999999999999e-01 9.6501776500000005e+02
1.3142452200000000e+02 1.8745030000000000e+00 1.3791999999999999e-01 9.6649698100000001e+02
1.3668632700000001e+02 2.0960529999999999e+00 1.4335999999999999e-01 9.6807078700000000e+02
1.4195695599999999e+02 2.3408169999999999e+00 1.4879999999999999e-01 9.6974482200000000e+02
1.4723696600000000e+02 2.6106270000000000e+00 1.5423999999999999e-01 9.7152397499999995e+02
1.5252694099999999e+02 2.9072990000000001e+00 1.5967999999999999e-01 9.7341253700000004e+02
1.5782748699999999e+02 3.2326380000000001e+00 1.6511999999999999e-01 9.7541429300000004e+02
1.6313923000000000e+02 3.5884360000000002e+00 1.7055999999999999e-01 9.7753258700000004e+02
1.6846281099999999e+02 3.9764750000000002e+00 1.7599999999999999e-01 9.7977037600000006e+02
1.7379888700000001e+02 4.3985180000000001e+00 1.8143999999999999e-01 9.8213026500000001e+02
1.7914813000000001e+02 4.8563169999999998e+00 1.8687999999999999e-01 9.8461454500000002e+02
1.8451122200000000e+02 5.3516040000000000e+00 1.9231999999999999e-01 9.8722521500000005e+02
1.8988885500000001e+02 5.8860919999999997e+00 1.9775999999999999e-01 9.8996401700000001e+02
1.9528173100000001e+02 6.4614760000000002e+00 2.0319999999999999e-01 9.9283244700000000e+02
2.0069055800000001e+02 7.0794300000000003e+00 2.0863999999999999e-01 9.9583178199999998e+02
2.0611605299999999e+02 7.7416029999999996e+00 2.1407999999999999e-01 9.9896309499999995e+02
2.1155893499999999e+02 8.4496219999999997e+00 2.1951999999999999e-01 1.0022272660000000e+03
2.1701992899999999e+02 9.2050879999999999e+00 2.2495999999999999e-01 1.0056250000000000e+03
2.2249976500000000e+02 1.0009579000000000e+01 2.3039999999999999e-01 1.0091568360000000e+03
2.2799917199999999e+02 1.0864639000000000e+01 2.3583999999999999e-01 1.0128231520000001e+03
2.3351888400000001e+02 1.1771788000000001e+01 2.4127999999999999e-01 1.0166241770000000e+03
2.3905963299999999e+02 1.2732510000000000e+01 2.4671999999999999e-01 1.0205599950000000e+03
2.4462215399999999e+02 1.3748257000000001e+01 2.5216000000000000e-01 1.0246305490000000e+03
2.5020717800000000e+02 1.4820444999999999e+01 2.5760000000000000e-01 1.0288356440000000e+03
2.5581543800000000e+02 1.5950452000000000e+01 2.6304000000000000e-01 1.0331749490000000e+03
2.6144766299999998e+02 1.7139614000000002e+01 2.6848000000000000e-01 1.0376479990000000e+03
2.6710457900000000e+02 1.8389223999999999e+01 2.7392000000000000e-01 1.0422541980000001e+03
2.7278690899999998e+02 1.9700527000000001e+01 2.7936000000000000e-01 1.0469928140000000e+03
2.7849536999999998e+02 2.1074721000000000e+01 2.8480000000000000e-01 1.0518629850000000e+03
2.8423067800000001e+02 2.2512951000000001e+01 2.9024000000000000e-01 1.0568637180000001e+03
2.8999353900000000e+02 2.4016307000000001e+01 2.9568000000000000e-01 1.0619938890000001e+03
2.9578465499999999e+02 2.5585825000000000e+01 3.0112000000000000e-01 1.0672522440000000e+03
3.0160471899999999e+02 2.7222477000000001e+01 3.0656000000000000e-01 1.0726374020000001e+03
3.0745441699999998e+02 2.8927178000000001e+01 3.1200000000000000e-01 1.0781478569999999e+03
3.1333442800000000e+02 3.0700776999999999e+01 3.1744000000000000e-01 1.0837819810000001e+03
3.1924542000000002e+02 3.2544060999999999e+01 3.2288000000000000e-01 1.0895380270000001e+03
3.2518805099999997e+02 3.4457749999999997e+01 3.2832000000000000e-01 1.0954141340000001e+03
3.3116296899999998e+02 3.6442498000000001e+01 3.3376000000000000e-01 1.1014083320000000e+03
3.3717081200000001e+02 3.8498891999999998e+01 3.3920000000000000e-01 1.1075185509999999e+03
3.4321220599999998e+02 4.0627451999999998e+01 3.4464000000000000e-01 1.1137426210000001e+03
3.4928776399999998e+02 4.2828633000000004e+01 3.5008000000000000e-01 1.1200782859999999e+03
3.5539808599999998e+02 4.5102825000000003e+01 3.5552000000000000e-01 1.1265232090000000e+03
3.6154376200000002e+02 4.7450350999999998e+01 3.6096000000000000e-01 1.1330749790000000e+03
3.6772522700000002e+02 4.9798403999999998e+01 3.6640000000000000e-01 1.1395313100000001e+03
3.7393913900000001e+02 5.1837594000000003e+01 3.7184000000000000e-01 1.1450553570000000e+03
3.8018219199999999e+02 5.3797882000000001e+01 3.7728000000000000e-01 1.1502882079999999e+03
3.8645329299999997e+02 5.5732737000000000e+01 3.8272000000000000e-01 1.1553791289999999e+03
3.9275183600000003e+02 5.7661802999999999e+01 3.8816000000000001e-01 1.1603831370000000e+03
3.9907743399999998e+02 5.9595399000000000e+01 3.9360000000000001e-01 1.1653290700000000e+03
4.0542982200000000e+02 6.1539858000000002e+01 3.9904000000000001e-01 1.1702345069999999e+03
4.1180841900000001e+02 6.3375934999999998e+01 4.0448000000000001e-01 1.1748048380000000e+03
4.1821024299999999e+02 6.5049006000000006e+01 4.0992000000000001e-01 1.1789128720000001e+03
4.2463420900000000e+02 6.6717973999999998e+01 4.1536000000000001e-01 1.1829567310000000e+03
4.3108010300000001e+02 6.8399508999999995e+01 4.2080000000000001e-01 1.1869780069999999e+03
4.3754784999999998e+02 7.0099890000000002e+01 4.2624000000000001e-01 1.1909921200000001e+03
4.4403743300000002e+02 7.1822445000000002e+01 4.3168000000000001e-01 1.1950070169999999e+03
4.5054887200000002e+02 7.3569249999999997e+01 4.3712000000000001e-01 1.1990274560000000e+03
4.5708220399999999e+02 7.5341729999999998e+01 4.4256000000000001e-01 1.2030565409999999e+03
4.6363748399999997e+02 7.7140933000000004e+01 4.4800000000000001e-01 1.2070964160000001e+03
4.7021477499999997e+02 7.8967667000000006e+01 4.5344000000000001e-01 1.2111486130000001e+03
4.7681414599999999e+02 8.0822577999999993e+01 4.5888000000000001e-01 1.2152142580000000e+03
4.8343567300000001e+02 8.2706199999999995e+01 4.6432000000000001e-01 1.2192941870000000e+03
4.9007943599999999e+02 8.4618979999999993e+01 4.6976000000000001e-01 1.2233890249999999e+03
4.9674551700000001e+02 8.6561301000000000e+01 4.7520000000000001e-01 1.2274992420000001e+03
5.0343400200000002e+02 8.8533496999999997e+01 4.8064000000000001e-01 1.2316251850000001e+03
5.1014497499999999e+02 9.0535860000000000e+01 4.8608000000000001e-01 1.2357671060000000e+03
5.1687852599999997e+02 9.2568650000000005e+01 4.9152000000000001e-01 1.2399251800000000e+03
5.2363474099999996e+02 9.4632099999999994e+01 4.9696000000000001e-01 1.2440995210000001e+03
5.3041371000000004e+02 9.6726416000000000e+01 5.0239999999999996e-01 1.2482901919999999e+03
5.3721552199999996e+02 9.8851788999999997e+01 5.0783999999999996e-01 1.2524972150000001e+03
5.4404026499999998e+02 1.0100838700000000e+02 5.1327999999999996e-01 1.2567205739999999e+03
5.5088802899999996e+02 1.0319636700000000e+02 5.1871999999999996e-01 1.2609602270000000e+03
5.5775890100000004e+02 1.0541586900000000e+02 5.2415999999999996e-01 1.2652161030000000e+03
5.6465297099999998e+02 1.0766702100000001e+02 5.2959999999999996e-01 1.2694881109999999e+03
5.7157032500000003e+02 1.0994994300000000e+02 5.3503999999999996e-01 1.2737761439999999e+03
5.7851104999999995e+02 1.1226473900000001e+02 5.4047999999999996e-01 1.2780800750000001e+03
5.8547523300000000e+02 1.1461150900000000e+02 5.4591999999999996e-01 1.2823997670000001e+03
5.9246295799999996e+02 1.1699034000000000e+02 5.5135999999999996e-01 1.2867350680000000e+03
5.9947431099999994e+02 1.1940131500000000e+02 5.5679999999999996e-01 1.2910858180000000e+03
6.0650937499999998e+02 1.2184450600000000e+02 5.6223999999999996e-01 1.2954518490000000e+03
6.1356823199999997e+02 1.2431997900000000e+02 5.6767999999999996e-01 1.2998329839999999e+03
6.2065096500000004e+02 1.2682779600000001e+02 5.7311999999999996e-01 1.3042290390000001e+03
6.2775765300000000e+02 1.2936801000000000e+02 5.7855999999999996e-01 1.3086398280000001e+03
6.3488837799999999e+02 1.3194066799999999e+02 5.8399999999999996e-01 1.3130651559999999e+03
6.4204321600000003e+02 1.3454581500000000e+02 5.8943999999999996e-01 1.3175048270000000e+03
6.4922224600000004e+02 1.3718348700000001e+02 5.9487999999999996e-01 1.3219586420000001e+03
6.5642554500000006e+02 1.3985371699999999e+02 6.0031999999999996e-01 1.3264263980000001e+03
6.6365318600000001e+02 1.4255653500000000e+02 6.0575999999999997e-01 1.3309078919999999e+03
6.7090524500000004e+02 1.4529196500000000e+02 6.1119999999999997e-01 1.3354029169999999e+03
6.7818179499999997e+02 1.4806002599999999e+02 6.1663999999999997e-01 1.3399112670000000e+03
6.8548290799999995e+02 1.5086073600000000e+02 6.2207999999999997e-01 1.3444327350000001e+03
6.9280865300000005e+02 1.5369410700000000e+02 6.2751999999999997e-01 1.3489671120000000e+03
7.0015910199999996e+02 1.5656014900000000e+02 6.3295999999999997e-01 1.3535141910000000e+03
7.0753432299999997e+02 1.5945886800000000e+02 6.3839999999999997e-01 1.3580737660000000e+03
7.1493438200000003e+02 1.6239026799999999e+02 6.4383999999999997e-01 1.3626456280000000e+03
7.2235934699999996e+02 1.6535434900000001e+02 6.4927999999999997e-01 1.3672295730000001e+03
7.2980928200000005e+02 1.6835110900000001e+02 6.5471999999999997e-01 1.3718253950000001e+03
7.3728425200000004e+02 1.7138054399999999e+02 6.6015999999999997e-01 1.3764328909999999e+03
7.4478431899999998e+02 1.7444264600000000e+02 6.6559999999999997e-01 1.3810518569999999e+03
7.5230954499999996e+02 1.7753740700000000e+02 6.7103999999999997e-01 1.3856820949999999e+03
7.5985999200000003e+02 1.8066481300000001e+02 6.7647999999999997e-01 1.3903234040000000e+03
7.6743571899999995e+02 1.8382485299999999e+02 6.8191999999999997e-01 1.3949755880000000e+03
7.7503678300000001e+02 1.8701751100000001e+02 6.8735999999999997e-01 1.3996384499999999e+03
7.8266324399999996e+02 1.9024276900000001e+02 6.9279999999999997e-01 1.4043117990000001e+03
7.9031515800000000e+02 1.9350060800000000e+02 6.9823999999999997e-01 1.4089954419999999e+03
7.9799257899999998e+02 1.9679100900000000e+02 7.0367999999999997e-01 1.4136891900000001e+03
8.0569556299999999e+02 2.0011394899999999e+02 7.0911999999999997e-01 1.4183928579999999e+03
8.1342416200000002e+02 2.0346940499999999e+02 7.1455999999999997e-01 1.4231062609999999e+03
8.2117843000000005e+02 2.0685735299999999e+02 7.1999999999999997e-01 1.4278292160000001e+03
8.2895841800000005e+02 2.1027776499999999e+02 7.2543999999999997e-01 1.4325615439999999e+03
8.3676417600000002e+02 2.1373061700000000e+02 7.3087999999999997e-01 1.4373030679999999e+03
8.4459575500000005e+02 2.1721587900000000e+02 7.3631999999999997e-01 1.4420536139999999e+03
8.5245320100000004e+02 2.2073352199999999e+02 7.4175999999999997e-01 1.4468130090000000e+03
8.6033656399999995e+02 2.2428351699999999e+02 7.4719999999999998e-01 1.4515810830000000e+03
8.6824589000000003e+02 2.2786583300000001e+02 7.5263999999999998e-01 1.4563576710000000e+03
8.7618122400000004e+02 2.3148043799999999e+02 7.5807999999999998e-01 1.4611426059999999e+03
8.8414261199999999e+02 2.3512729899999999e+02 7.6351999999999998e-01 1.4659357279999999e+03
8.9213009799999998e+02 2.3880638400000001e+02 7.6895999999999998e-01 1.4707368759999999e+03
9.0014372500000002e+02 2.4251765900000001e+02 7.7439999999999998e-01 1.4755458950000000e+03
9.0818353600000000e+02 2.4626108900000000e+02 7.7983999999999998e-01 1.4803626290000000e+03
9.1624957099999995e+02 2.5003664100000000e+02 7.8527999999999998e-01 1.4851869280000001e+03
9.2434187199999997e+02 2.5384427900000000e+02 7.9071999999999998e-01 1.4900186409999999e+03
9.3246047899999996e+02 2.5768396700000000e+02 7.9615999999999998e-01 1.4948576230000001e+03
9.4060543099999995e+02 2.6155566900000002e+02 8.0159999999999998e-01 1.4997037300000000e+03
9.4877676499999995e+02 2.6545934799999998e+02 8.0703999999999998e-01 1.5045568189999999e+03
9.5697452099999998e+02 2.6939497000000000e+02 8.1247999999999998e-01 1.5094167520000001e+03
9.6519873399999994e+02 2.7336249500000002e+02 8.1791999999999998e-01 1.5142833929999999e+03
9.7344944099999998e+02 2.7736188900000002e+02 8.2335999999999998e-01 1.5191566060000000e+03
9.8172667600000000e+02 2.8139311199999997e+02 8.2879999999999998e-01 1.5240362620000001e+03
9.9003047600000002e+02 2.8545612799999998e+02 8.3423999999999998e-01 1.5289222290000000e+03
9.9836087299999997e+02 2.8955090000000001e+02 8.3967999999999998e-01 1.5338143829999999e+03
1.0067179020000000e+03 2.9367739100000000e+02 8.4511999999999998e-01 1.5387125980000001e+03
1.0151015940000000e+03 2.9783556199999998e+02 8.5055999999999998e-01 1.5436167539999999e+03
1.0235119820000000e+03 3.0202537799999999e+02 8.5599999999999998e-01 1.5485267289999999e+03
1.0319490969999999e+03 3.0624679900000001e+02 8.6143999999999998e-01 1.5534424079999999e+03
1.0404129690000000e+03 3.1049979100000002e+02 8.6687999999999998e-01 1.5583636759999999e+03
1.0489036300000000e+03 3.1478431599999999e+02 8.7231999999999998e-01 1.5632904200000000e+03
1.0574211069999999e+03 3.1910033700000002e+02 8.7775999999999998e-01 1.5682225320000000e+03
1.0659654310000001e+03 3.2344781899999998e+02 8.8319999999999999e-01 1.5731599040000001e+03
1.0745366289999999e+03 3.2782672700000001e+02 8.8863999999999999e-01 1.5781024310000000e+03
1.0831347300000000e+03 3.3223702500000002e+02 8.9407999999999999e-01 1.5830500110000000e+03
1.0917597599999999e+03 3.3667867899999999e+02 8.9951999999999999e-01 1.5880025450000001e+03
1.1004117460000000e+03 3.4115165500000001e+02 9.0495999999999999e-01 1.5929599360000000e+03
1.1090907150000000e+03 3.4565592199999998e+02 9.1039999999999999e-01 1.5979220889999999e+03
1.1177966910000000e+03 3.5019144799999998e+02 9.1583999999999999e-01 1.6028889150000000e+03
1.1265297000000000e+03 3.5475820299999998e+02 9.2127999999999999e-01 1.6078603250000001e+03
1.1352897680000001e+03 3.5935615899999999e+02 9.2671999999999999e-01 1.6128362340000001e+03
1.1440769170000001e+03 3.6398529000000002e+02 9.3215999999999999e-01 1.6178165620000000e+03
1.1528911720000001e+03 3.6864557300000001e+02 9.3759999999999999e-01 1.6228012329999999e+03
1.1617325570000000e+03 3.7333698800000002e+02 9.4303999999999999e-01 1.6277901760000000e+03
1.1706010930000000e+03 3.7805952100000002e+02 9.4847999999999999e-01 1.6327833260000000e+03
1.1794968050000000e+03 3.8281316199999998e+02 9.5391999999999999e-01 1.6377806250000001e+03
1.1884197140000001e+03 3.8759791200000001e+02 9.5935999999999999e-01 1.6427820260000001e+03
1.1973698429999999e+03 3.9241378400000002e+02 9.6479999999999999e-01 1.6477874959999999e+03
1.2063472139999999e+03 3.9726081199999999e+02 9.7023999999999999e-01 1.6527970270000001e+03
1.2153518489999999e+03 4.0213907200000000e+02 9.7567999999999999e-01 1.6578106490000000e+03
1.2243837699999999e+03 4.0704872699999999e+02 9.8111999999999999e-01 1.6628284839999999e+03
1.2334430010000001e+03 4.1199032399999999e+02 9.8655999999999999e-01 1.6678510400000000e+03
1.2425295699999999e+03 4.1696416799999997e+02 9.9199999999999999e-01 1.6728785760000001e+03
1.2516434979999999e+03 4.2196816400000000e+02 9.9743999999999999e-01 1.6779089300000001e+03
1.2607847999999999e+03 4.2700226600000002e+02 1.0028800000000000e+00 1.6829420259999999e+03
1.2699534900000001e+03 4.3206642900000003e+02 1.0083200000000001e+00 1.6879777879999999e+03
1.2791495820000000e+03 4.3716060700000003e+02 1.0137600000000000e+00 1.6930161430000001e+03
1.2883730909999999e+03 4.4228475400000002e+02 1.0192000000000001e+00 1.6980570190000001e+03
1.2976240299999999e+03 4.4743882600000001e+02 1.0246400000000000e+00 1.7031003440000000e+03
1.3069024119999999e+03 4.5262277799999998e+02 1.0300800000000001e+00 1.7081460500000001e+03
1.3162082490000000e+03 4.5783656600000000e+02 1.0355200000000000e+00 1.7131940680000000e+03
1.3255415550000000e+03 4.6308014600000001e+02 1.0409600000000001e+00 1.7182443310000001e+03
1.3349023410000000e+03 4.6835347400000001e+02 1.0464000000000000e+00 1.7232967750000000e+03
1.3442906200000000e+03 4.7365650699999998e+02 1.0518400000000001e+00 1.7283513350000001e+03
1.3537064009999999e+03 4.7898920099999998e+02 1.0572800000000000e+00 1.7334079489999999e+03
1.3631496970000001e+03 4.8435151400000001e+02 1.0627200000000001e+00 1.7384665550000000e+03
1.3726205170000001e+03 4.8974340400000000e+02 1.0681600000000000e+00 1.7435270929999999e+03
1.3821188729999999e+03 4.9516482700000000e+02 1.0736000000000001e+00 1.7485895029999999e+03
1.3916447740000001e+03 5.0061574100000001e+02 1.0790400000000000e+00 1.7536537290000001e+03
1.4011982300000000e+03 5.0609610600000002e+02 1.0844800000000001e+00 1.7587197120000001e+03
1.4107792509999999e+03 5.1160588000000001e+02 1.0899200000000000e+00 1.7637873970000001e+03
1.4203878450000000e+03 5.1714502100000004e+02 1.0953599999999999e+00 1.7688567300000000e+03
1.4300240209999999e+03 5.2271348899999998e+02 1.1008000000000000e+00 1.7739276560000001e+03
1.4396877880000000e+03 5.2831124299999999e+02 1.1062399999999999e+00 1.7790001250000000e+03
1.4493791550000001e+03 5.3393824300000006e+02 1.1116800000000000e+00 1.7840740830000000e+03
1.4590981280000001e+03 5.3959444900000005e+02 1.1171199999999999e+00 1.7891494809999999e+03
1.4688447160000001e+03 5.4527982099999997e+02 1.1225600000000000e+00 1.7942262690000000e+03
1.4786189260000001e+03 5.5099431900000002e+02 1.1279999999999999e+00 1.7993043980000000e+03
1.4884207650000001e+03 5.5673790399999996e+02 1.1334400000000000e+00 1.8043838209999999e+03
1.4982502410000000e+03 5.6251053800000000e+02 1.1388799999999999e+00 1.8094644920000001e+03
1.5081073590000001e+03 5.6831218100000001e+02 1.1443200000000000e+00 1.8145463640000000e+03
1.5179921270000000e+03 5.7414279599999998e+02 1.1497599999999999e+00 1.8196293920000001e+03
1.5279045500000000e+03 5.8000234300000000e+02 1.1552000000000000e+00 1.8247135330000001e+03
1.5378446340000000e+03 5.8589078600000005e+02 1.1606399999999999e+00 1.8297987430000001e+03
1.5478123849999999e+03 5.9180808600000000e+02 1.1660800000000000e+00 1.8348849789999999e+03
1.5578078089999999e+03 5.9775420499999996e+02 1.1715199999999999e+00 1.8399722010000000e+03
1.5678309110000000e+03 6.0372910800000000e+02 1.1769600000000000e+00 1.8450603670000000e+03
1.5778816950000000e+03 6.0973275599999999e+02 1.1823999999999999e+00 1.8501494370000000e+03
1.5879601670000000e+03 6.1576511300000004e+02 1.1878400000000000e+00 1.8552393729999999e+03
1.5980663310000000e+03 6.2182614200000000e+02 1.1932799999999999e+00 1.8603301340000000e+03
1.6082000169999999e+03 6.2781970400000000e+02 1.1987200000000000e+00 1.8653413680000001e+03
1.6183607999999999e+03 6.3377828499999998e+02 1.2041599999999999e+00 1.8703007749999999e+03
1.6285484879999999e+03 6.3973275500000000e+02 1.2096000000000000e+00 1.8752344180000000e+03
1.6387629660000000e+03 6.4569237099999998e+02 1.2150399999999999e+00 1.8801501659999999e+03
1.6490041470000001e+03 6.5166200700000002e+02 1.2204800000000000e+00 1.8850521830000000e+03
1.6592719649999999e+03 6.5764471000000003e+02 1.2259199999999999e+00 1.8899430809999999e+03
1.6695663649999999e+03 6.6364257299999997e+02 1.2313600000000000e+00 1.8948246630000001e+03
1.6798872990000000e+03 6.6965712499999995e+02 1.2367999999999999e+00 1.8996982499999999e+03
1.6902347259999999e+03 6.7568953299999998e+02 1.2422400000000000e+00 1.9045648540000000e+03
1.7006086120000000e+03 6.8174071200000003e+02 1.2476799999999999e+00 1.9094252710000001e+03
1.7110089230000001e+03 6.8781140300000004e+02 1.2531200000000000e+00 1.9142801460000001e+03
1.7214356319999999e+03 6.9390221299999996e+02 1.2585599999999999e+00 1.9191300120000001e+03
1.7318887119999999e+03 7.0001365099999998e+02 1.2640000000000000e+00 1.9239753149999999e+03
1.7423681400000000e+03 7.0614614500000005e+02 1.2694399999999999e+00 1.9288164340000001e+03
1.7528738930000000e+03 7.1230006500000002e+02 1.2748800000000000e+00 1.9336536930000000e+03
1.7634059520000001e+03 7.1847572900000000e+02 1.2803199999999999e+00 1.9384873740000000e+03
1.7739642970000000e+03 7.2467341399999998e+02 1.2857600000000000e+00 1.9433177250000001e+03
1.7845489110000001e+03 7.3089336400000002e+02 1.2911999999999999e+00 1.9481449620000001e+03
1.7951597780000000e+03 7.3713579400000003e+02 1.2966400000000000e+00 1.9529692780000000e+03
1.8057968820000001e+03 7.4340089599999999e+02 1.3020799999999999e+00 1.9577908450000000e+03
1.8164602090000001e+03 7.4968883900000003e+02 1.3075200000000000e+00 1.9626098159999999e+03
1.8271497449999999e+03 7.5599977799999999e+02 1.3129599999999999e+00 1.9674263300000000e+03
1.8378654759999999e+03 7.6233385099999998e+02 1.3184000000000000e+00 1.9722405120000001e+03
1.8486073919999999e+03 7.6869118100000003e+02 1.3238399999999999e+00 1.9770524760000001e+03
1.8593754779999999e+03 7.7507188199999996e+02 1.3292800000000000e+00 1.9818623250000001e+03
1.8701697260000001e+03 7.8147605699999997e+02 1.3347199999999999e+00 1.9866701519999999e+03
1.8809901230000000e+03 7.8790379900000005e+02 1.3401600000000000e+00 1.9914760460000000e+03
1.8918366590000001e+03 7.9435519299999999e+02 1.3455999999999999e+00 1.9962800840000000e+03
1.9027093250000000e+03 8.0083031900000003e+02 1.3510400000000000e+00 2.0010823410000000e+03
1.9136081110000000e+03 8.0732924600000001e+02 1.3564799999999999e+00 2.0058828830000000e+03
1.9245330080000001e+03 8.1385204299999998e+02 1.3619200000000000e+00 2.0106817719999999e+03
1.9354840070000000e+03 8.2039876800000002e+02 1.3673599999999999e+00 2.0154790660000001e+03
1.9464610990000001e+03 8.2696947899999998e+02 1.3728000000000000e+00 2.0202748190000000e+03
1.9574642759999999e+03 8.3356422499999996e+02 1.3782399999999999e+00 2.0250690800000000e+03
1.9684935300000000e+03 8.4018305599999997e+02 1.3836800000000000e+00 2.0298618950000000e+03
1.9795488539999999e+03 8.4682601399999999e+02 1.3891199999999999e+00 2.0346533070000000e+03
1.9906302400000000e+03 8.5349314000000004e+02 1.3945600000000000e+00 2.0394433560000000e+03
2.0017376800000000e+03 8.6018447100000003e+02 1.3999999999999999e+00 2.0442320790000001e+03
