# epsilon[MeV/fm^3] P[MeV/fm^3] nB[fm^-3] muB[MeV]
3.7917177000000002e+01 1.6663800000000001e-01 4.0000000000000001e-02 9.5209719900000005e+02
4.3098069000000002e+01 1.8940799999999999e-01 4.5440000000000001e-02 9.5263114399999995e+02
4.8281495000000000e+01 2.0888799999999999e-01 5.0880000000000002e-02 9.5303605500000003e+02
5.3466836000000001e+01 2.2532700000000000e-01 5.6320000000000002e-02 9.5334275500000001e+02
5.8653641999999998e+01 2.3945100000000000e-01 6.1760000000000002e-02 9.5358166100000005e+02
6.3841622000000001e+01 2.5240099999999999e-01 6.7199999999999996e-02 9.5378187900000000e+02
6.9030642000000000e+01 2.6565899999999998e-01 7.2639999999999996e-02 9.5397066500000005e+02
7.4220707000000004e+01 2.8099499999999999e-01 7.8079999999999997e-02 9.5417315499999995e+02
7.9411957000000001e+01 3.0040699999999998e-01 8.3519999999999997e-02 9.5441224699999998e+02
8.4604646000000002e+01 3.2607500000000000e-01 8.8959999999999997e-02 9.5470858899999996e+02
8.9799137000000002e+01 3.6030899999999999e-01 9.4399999999999998e-02 9.5508061999999995e+02
9.4995885999999999e+01 4.0531200000000001e-01 9.9839999999999998e-02 9.5554258200000004e+02
1.0019536400000000e+02 4.6143099999999998e-01 1.0528000000000000e-01 9.5608831399999997e+02
1.0539809300000000e+02 5.3249400000000002e-01 1.1072000000000000e-01 9.5674474999999995e+02
1.1060472400000000e+02 6.2153999999999998e-01 1.1616000000000000e-01 9.5752810499999998e+02
1.1581597800000000e+02 7.3121499999999995e-01 1.2160000000000000e-01 9.5844902999999999e+02
1.2103262599999999e+02 8.6398399999999997e-01 1.2703999999999999e-01 9.5951532799999995e+02
1.2625547400000001e+02 1.0221780000000000e+00 1.3247999999999999e-01 9.6073277800000005e+02
1.3148535799999999e+02 1.2080070000000001e+00 1.3791999999999999e-01 9.6210556799999995e+02
1.3672313000000000e+02 1.4235700000000000e+00 1.4335999999999999e-01 9.6363660300000004e+02
1.4196965700000001e+02 1.6708580000000000e+00 1.4879999999999999e-01 9.6532773899999995e+02
1.4722581199999999e+02 1.9517659999999999e+00 1.5423999999999999e-01 9.6717997600000001e+02
1.5249247500000001e+02 2.2680940000000001e+00 1.5967999999999999e-01 9.6919362899999999e+02
1.5777052100000000e+02 2.6215619999999999e+00 1.6511999999999999e-01 9.7136847399999999e+02
1.6306082699999999e+02 3.0138180000000001e+00 1.7055999999999999e-01 9.7370387400000004e+02
1.6836426399999999e+02 3.4464429999999999e+00 1.7599999999999999e-01 9.7619888400000002e+02
1.7368169700000001e+02 3.9209670000000001e+00 1.8143999999999999e-01 9.7885234100000002e+02
1.7901398399999999e+02 4.4388699999999996e+00 1.8687999999999999e-01 9.8166293299999995e+02
1.8436197799999999e+02 5.0015980000000004e+00 1.9231999999999999e-01 9.8462925700000005e+02
1.8972651999999999e+02 5.6105600000000004e+00 1.9775999999999999e-01 9.8774986200000001e+02
1.9510844800000001e+02 6.2671409999999996e+00 2.0319999999999999e-01 9.9102327600000001e+02
2.0050858800000000e+02 6.9726999999999997e+00 2.0863999999999999e-01 9.9444802900000002e+02
2.0592775900000001e+02 7.7285740000000001e+00 2.1407999999999999e-01 9.9802266399999996e+02
2.1136677399999999e+02 8.5360820000000004e+00 2.1951999999999999e-01 1.0017457370000000e+03
2.1682643700000000e+02 9.3965209999999999e+00 2.2495999999999999e-01 1.0056158200000000e+03
2.2230754300000001e+02 1.0311166999999999e+01 2.3039999999999999e-01 1.0096314930000000e+03
2.2781088199999999e+02 1.1281271000000000e+01 2.3583999999999999e-01 1.0137913330000000e+03
2.3333723300000000e+02 1.2308059999999999e+01 2.4127999999999999e-01 1.0180939049999999e+03
2.3888737000000000e+02 1.3392730000000000e+01 2.4671999999999999e-01 1.0225377470000000e+03
2.4446205699999999e+02 1.4536441999999999e+01 2.5216000000000000e-01 1.0271213600000001e+03
2.5006205100000000e+02 1.5740322000000001e+01 2.5760000000000000e-01 1.0318431900000000e+03
2.5568810099999999e+02 1.7005451000000001e+01 2.6304000000000000e-01 1.0367016189999999e+03
2.6134094399999998e+02 1.8332865000000002e+01 2.6848000000000000e-01 1.0416949509999999e+03
2.6702131100000003e+02 1.9723545999999999e+01 2.7392000000000000e-01 1.0468214020000000e+03
2.7272991999999999e+02 2.1178424000000000e+01 2.7936000000000000e-01 1.0520790930000001e+03
2.7846748100000002e+02 2.2698366000000000e+01 2.8480000000000000e-01 1.0574660389999999e+03
2.8423469200000000e+02 2.4284175000000001e+01 2.9024000000000000e-01 1.0629801490000000e+03
2.9003223900000000e+02 2.5936589999999999e+01 2.9568000000000000e-01 1.0686192160000001e+03
2.9586079599999999e+02 2.7656275999999998e+01 3.0112000000000000e-01 1.0743809200000001e+03
3.0172102300000000e+02 2.9443829000000001e+01 3.0656000000000000e-01 1.0802628290000000e+03
3.0761356899999998e+02 3.1299768000000000e+01 3.1200000000000000e-01 1.0862623970000000e+03
3.1353906599999999e+02 3.3224538000000003e+01 3.1744000000000000e-01 1.0923769720000000e+03
3.1949813399999999e+02 3.5218508999999997e+01 3.2288000000000000e-01 1.0986037990000000e+03
3.2549137400000001e+02 3.7281973000000001e+01 3.2832000000000000e-01 1.1049400260000000e+03
3.3151937600000002e+02 3.9415146999999997e+01 3.3376000000000000e-01 1.1113827160000001e+03
3.3758270900000002e+02 4.1618174000000003e+01 3.3920000000000000e-01 1.1179288509999999e+03
3.4368193000000002e+02 4.3891123999999998e+01 3.4464000000000000e-01 1.1245753450000000e+03
3.4981756600000000e+02 4.6219732000000000e+01 3.5008000000000000e-01 1.1312782850000001e+03
3.5598713800000002e+02 4.8222329000000002e+01 3.5552000000000000e-01 1.1369545470000000e+03
3.6218629299999998e+02 5.0112237999999998e+01 3.6096000000000000e-01 1.1422294830000001e+03
3.6841362199999998e+02 5.1967091000000003e+01 3.6640000000000000e-01 1.1473289970000001e+03
3.7466838400000000e+02 5.3810606000000000e+01 3.7184000000000000e-01 1.1523225890000001e+03
3.8095010700000000e+02 5.5654612000000000e+01 3.7728000000000000e-01 1.1572449380000000e+03
3.8725846400000000e+02 5.7506166000000000e+01 3.8272000000000000e-01 1.1621166630000000e+03
3.9359321699999998e+02 5.9369925000000002e+01 3.8816000000000001e-01 1.1669512840000000e+03
3.9995419199999998e+02 6.1249175000000001e+01 3.9360000000000001e-01 1.1717582440000001e+03
4.0634125899999998e+02 6.3146343999999999e+01 3.9904000000000001e-01 1.1765444319999999e+03
4.1275431800000001e+02 6.5063293000000002e+01 4.0448000000000001e-01 1.1813150410000001e+03
4.1919220700000000e+02 6.6807198000000000e+01 4.0992000000000001e-01 1.1855974580000000e+03
4.2565278599999999e+02 6.8507900000000006e+01 4.1536000000000001e-01 1.1897183160000000e+03
4.3213567599999999e+02 7.0216682000000006e+01 4.2080000000000001e-01 1.1938048500000000e+03
4.3864075800000001e+02 7.1942389000000006e+01 4.2624000000000001e-01 1.1978788440000001e+03
4.4516799200000003e+02 7.3689006000000006e+01 4.3168000000000001e-01 1.2019499109999999e+03
4.5171737899999999e+02 7.5458804000000001e+01 4.3712000000000001e-01 1.2060233599999999e+03
4.5828894000000003e+02 7.7253253999999998e+01 4.4256000000000001e-01 1.2101024740000000e+03
4.6488271300000002e+02 7.9073385000000002e+01 4.4800000000000001e-01 1.2141894299999999e+03
4.7149874599999998e+02 8.0919960000000003e+01 4.5344000000000001e-01 1.2182857289999999e+03
4.7813709100000000e+02 8.2793565999999998e+01 4.5888000000000001e-01 1.2223924340000001e+03
4.8479780699999998e+02 8.4694665000000001e+01 4.6432000000000001e-01 1.2265103039999999e+03
4.9148095699999999e+02 8.6623632999999998e+01 4.6976000000000001e-01 1.2306398839999999e+03
4.9818660699999998e+02 8.8580777999999995e+01 4.7520000000000001e-01 1.2347815559999999e+03
5.0491482100000002e+02 9.0566356999999996e+01 4.8064000000000001e-01 1.2389355820000001e+03
5.1166566799999998e+02 9.2580584999999999e+01 4.8608000000000001e-01 1.2431021280000000e+03
5.1843921699999999e+02 9.4623641000000006e+01 4.9152000000000001e-01 1.2472812839999999e+03
5.2523553600000002e+02 9.6695678999999998e+01 4.9696000000000001e-01 1.2514730800000000e+03
5.3205469400000004e+02 9.8796824999999998e+01 5.0239999999999996e-01 1.2556774980000000e+03
5.3889675999999997e+02 1.0092718600000001e+02 5.0783999999999996e-01 1.2598944770000001e+03
5.4576180099999999e+02 1.0308685300000000e+02 5.1327999999999996e-01 1.2641239240000000e+03
5.5264988500000004e+02 1.0527589700000000e+02 5.1871999999999996e-01 1.2683657180000000e+03
5.5956107899999995e+02 1.0749437700000000e+02 5.2415999999999996e-01 1.2726197139999999e+03
5.6649544900000001e+02 1.0974234000000000e+02 5.2959999999999996e-01 1.2768857459999999e+03
5.7345306000000005e+02 1.1201982000000000e+02 5.3503999999999996e-01 1.2811636350000001e+03
5.8043397600000003e+02 1.1432684000000000e+02 5.4047999999999996e-01 1.2854531840000000e+03
5.8743825900000002e+02 1.1666341600000000e+02 5.4591999999999996e-01 1.2897541859999999e+03
5.9446597299999996e+02 1.1902955200000000e+02 5.5135999999999996e-01 1.2940664240000001e+03
6.0151717599999995e+02 1.2142524500000000e+02 5.5679999999999996e-01 1.2983896720000000e+03
6.0859192800000005e+02 1.2385048600000000e+02 5.6223999999999996e-01 1.3027236989999999e+03
6.1569028800000001e+02 1.2630525799999999e+02 5.6767999999999996e-01 1.3070682660000000e+03
6.2281231100000002e+02 1.2878953600000000e+02 5.7311999999999996e-01 1.3114231299999999e+03
6.2995805399999995e+02 1.3130329100000000e+02 5.7855999999999996e-01 1.3157880470000000e+03
6.3712757099999999e+02 1.3384648799999999e+02 5.8399999999999996e-01 1.3201627659999999e+03
6.4432091300000002e+02 1.3641908699999999e+02 5.8943999999999996e-01 1.3245470370000000e+03
6.5153813300000002e+02 1.3902104100000000e+02 5.9487999999999996e-01 1.3289406090000000e+03
6.5877927999999997e+02 1.4165230099999999e+02 6.0031999999999996e-01 1.3333432270000001e+03
6.6604440299999999e+02 1.4431281300000001e+02 6.0575999999999997e-01 1.3377546390000000e+03
6.7333354899999995e+02 1.4700251800000001e+02 6.1119999999999997e-01 1.3421745930000000e+03
6.8064676299999996e+02 1.4972135399999999e+02 6.1663999999999997e-01 1.3466028340000000e+03
6.8798409100000003e+02 1.5246925700000000e+02 6.2207999999999997e-01 1.3510391130000000e+03
6.9534557400000006e+02 1.5524615700000001e+02 6.2751999999999997e-01 1.3554831799999999e+03
7.0273125600000003e+02 1.5805198200000001e+02 6.3295999999999997e-01 1.3599347849999999e+03
7.1014117499999998e+02 1.6088665800000001e+02 6.3839999999999997e-01 1.3643936830000000e+03
7.1757537200000002e+02 1.6375010800000001e+02 6.4383999999999997e-01 1.3688596290000000e+03
7.2503388299999995e+02 1.6664225099999999e+02 6.4927999999999997e-01 1.3733323809999999e+03
7.3251674600000001e+02 1.6956300500000000e+02 6.5471999999999997e-01 1.3778116990000001e+03
7.4002399500000001e+02 1.7251228699999999e+02 6.6015999999999997e-01 1.3822973469999999e+03
7.4755566399999998e+02 1.7549001000000001e+02 6.6559999999999997e-01 1.3867890910000001e+03
7.5511178600000005e+02 1.7849608599999999e+02 6.7103999999999997e-01 1.3912866990000000e+03
7.6269239200000004e+02 1.8153042400000001e+02 6.7647999999999997e-01 1.3957899430000000e+03
7.7029751099999999e+02 1.8459293400000001e+02 6.8191999999999997e-01 1.4002985980000001e+03
7.7792717400000004e+02 1.8768352200000001e+02 6.8735999999999997e-01 1.4048124430000000e+03
7.8558140600000002e+02 1.9080209400000001e+02 6.9279999999999997e-01 1.4093312579999999e+03
7.9326023599999996e+02 1.9394855400000000e+02 6.9823999999999997e-01 1.4138548290000001e+03
8.0096368700000005e+02 1.9712280600000000e+02 7.0367999999999997e-01 1.4183829430000001e+03
8.0869178499999998e+02 2.0032475099999999e+02 7.0911999999999997e-01 1.4229153920000001e+03
8.1644455200000004e+02 2.0355429100000001e+02 7.1455999999999997e-01 1.4274519710000000e+03
8.2422200999999995e+02 2.0681132600000001e+02 7.1999999999999997e-01 1.4319924770000000e+03
8.3202418000000000e+02 2.1009575599999999e+02 7.2543999999999997e-01 1.4365367130000000e+03
8.3985108200000002e+02 2.1340747800000000e+02 7.3087999999999997e-01 1.4410844840000000e+03
8.4770273499999996e+02 2.1674639099999999e+02 7.3631999999999997e-01 1.4456355990000000e+03
8.5557915500000001e+02 2.2011239300000000e+02 7.4175999999999997e-01 1.4501898690000000e+03
8.6348036000000002e+02 2.2350538000000000e+02 7.4719999999999998e-01 1.4547471089999999e+03
8.7140636600000005e+02 2.2692524900000001e+02 7.5263999999999998e-01 1.4593071390000000e+03
8.7935718599999996e+02 2.3037189599999999e+02 7.5807999999999998e-01 1.4638697810000001e+03
8.8733283600000004e+02 2.3384521699999999e+02 7.6351999999999998e-01 1.4684348590000000e+03
8.9533332700000005e+02 2.3734510599999999e+02 7.6895999999999998e-01 1.4730022050000000e+03
9.0335867099999996e+02 2.4087146000000001e+02 7.7439999999999998e-01 1.4775716480000001e+03
9.1140887999999995e+02 2.4442417300000000e+02 7.7983999999999998e-01 1.4821430250000001e+03
9.1948396300000002e+02 2.4800314000000000e+02 7.8527999999999998e-01 1.4867161750000000e+03
9.2758393000000001e+02 2.5160825600000001e+02 7.9071999999999998e-01 1.4912909390000000e+03
9.3570878900000002e+02 2.5523941500000001e+02 7.9615999999999998e-01 1.4958671629999999e+03
9.4385854700000004e+02 2.5889651199999997e+02 8.0159999999999998e-01 1.5004446940000000e+03
9.5203321200000005e+02 2.6257944199999997e+02 8.0703999999999998e-01 1.5050233840000001e+03
9.6023278900000003e+02 2.6628809899999999e+02 8.1247999999999998e-01 1.5096030880000001e+03
9.6845728299999996e+02 2.7002237800000000e+02 8.1791999999999998e-01 1.5141836619999999e+03
9.7670669899999996e+02 2.7378217300000000e+02 8.2335999999999998e-01 1.5187649670000001e+03
9.8498103900000001e+02 2.7756738100000001e+02 8.2879999999999998e-01 1.5233468660000001e+03
9.9328030799999999e+02 2.8137789500000002e+02 8.3423999999999998e-01 1.5279292260000000e+03
1.0016045070000000e+03 2.8521361200000001e+02 8.3967999999999998e-01 1.5325119139999999e+03
1.0099536380000000e+03 2.8907442700000001e+02 8.4511999999999998e-01 1.5370948040000001e+03
1.0183277010000000e+03 2.9296023500000001e+02 8.5055999999999998e-01 1.5416777680000000e+03
1.0267266959999999e+03 2.9687093299999998e+02 8.5599999999999998e-01 1.5462606860000001e+03
1.0351506230000000e+03 3.0080641600000001e+02 8.6143999999999998e-01 1.5508434350000000e+03
1.0435994810000000e+03 3.0476658200000003e+02 8.6687999999999998e-01 1.5554258990000001e+03
1.0520732670000000e+03 3.0875132700000000e+02 8.7231999999999998e-01 1.5600079630000000e+03
1.0605719790000001e+03 3.1276054900000003e+02 8.7775999999999998e-01 1.5645895149999999e+03
1.0690956150000000e+03 3.1679414500000001e+02 8.8319999999999999e-01 1.5691704430000000e+03
1.0776441700000000e+03 3.2085201400000000e+02 8.8863999999999999e-01 1.5737506410000001e+03
1.0862176400000001e+03 3.2493405200000001e+02 8.9407999999999999e-01 1.5783300039999999e+03
1.0948160200000000e+03 3.2904016000000001e+02 8.9951999999999999e-01 1.5829084290000001e+03
1.1034393060000000e+03 3.3317023699999999e+02 9.0495999999999999e-01 1.5874858150000000e+03
1.1120874899999999e+03 3.3732418100000001e+02 9.1039999999999999e-01 1.5920620640000000e+03
1.1207605670000000e+03 3.4150189300000000e+02 9.1583999999999999e-01 1.5966370800000000e+03
1.1294585290000000e+03 3.4570327400000002e+02 9.2127999999999999e-01 1.6012107699999999e+03
1.1381813689999999e+03 3.4992822400000000e+02 9.2671999999999999e-01 1.6057830420000000e+03
1.1469290800000001e+03 3.5417664600000001e+02 9.3215999999999999e-01 1.6103538060000001e+03
1.1557016520000000e+03 3.5844843900000001e+02 9.3759999999999999e-01 1.6149229750000000e+03
1.1644990760000001e+03 3.6274350900000002e+02 9.4303999999999999e-01 1.6194904640000000e+03
1.1733213450000001e+03 3.6706175600000000e+02 9.4847999999999999e-01 1.6240561889999999e+03
1.1821684459999999e+03 3.7140308499999998e+02 9.5391999999999999e-01 1.6286200699999999e+03
1.1910403710000001e+03 3.7576740000000001e+02 9.5935999999999999e-01 1.6331820260000000e+03
1.1999371090000000e+03 3.8015460500000000e+02 9.6479999999999999e-01 1.6377419800000000e+03
1.2088586479999999e+03 3.8456460600000003e+02 9.7023999999999999e-01 1.6422998580000001e+03
1.2178049759999999e+03 3.8899730799999998e+02 9.7567999999999999e-01 1.6468555850000000e+03
1.2267760830000000e+03 3.9345261799999997e+02 9.8111999999999999e-01 1.6514090890000000e+03
1.2357719560000000e+03 3.9793044200000003e+02 9.8655999999999999e-01 1.6559603020000000e+03
1.2447925820000000e+03 4.0243069000000003e+02 9.9199999999999999e-01 1.6605091530000000e+03
1.2538379480000001e+03 4.0695326799999998e+02 9.9743999999999999e-01 1.6650555790000001e+03
1.2629080400000000e+03 4.1149808600000000e+02 1.0028800000000000e+00 1.6695995120000000e+03
1.2720028460000001e+03 4.1606505399999998e+02 1.0083200000000001e+00 1.6741408930000000e+03
1.2811223500000001e+03 4.2065408300000001e+02 1.0137600000000000e+00 1.6786796580000000e+03
1.2902665390000000e+03 4.2526508400000000e+02 1.0192000000000001e+00 1.6832157500000001e+03
1.2994353980000001e+03 4.2989796999999999e+02 1.0246400000000000e+00 1.6877491100000000e+03
1.3086289110000000e+03 4.3455265400000002e+02 1.0300800000000001e+00 1.6922796850000000e+03
1.3178470640000000e+03 4.3922904999999997e+02 1.0355200000000000e+00 1.6968074200000001e+03
1.3270898410000000e+03 4.4392707500000000e+02 1.0409600000000001e+00 1.7013322630000000e+03
1.3363572260000001e+03 4.4864664499999998e+02 1.0464000000000000e+00 1.7058541670000000e+03
1.3456492020000001e+03 4.5338767899999999e+02 1.0518400000000001e+00 1.7103730820000001e+03
1.3549657540000001e+03 4.5815009800000001e+02 1.0572800000000000e+00 1.7148889670000001e+03
1.3643068650000000e+03 4.6293382600000001e+02 1.0627200000000001e+00 1.7194017770000000e+03
1.3736725180000001e+03 4.6773878700000000e+02 1.0681600000000000e+00 1.7239114770000001e+03
1.3830626960000000e+03 4.7256491199999999e+02 1.0736000000000001e+00 1.7284180309999999e+03
1.3924773809999999e+03 4.7741213599999998e+02 1.0790400000000000e+00 1.7329214130000000e+03
1.4019165579999999e+03 4.8228040499999997e+02 1.0844800000000001e+00 1.7374216010000000e+03
1.4113802069999999e+03 4.8716967799999998e+02 1.0899200000000000e+00 1.7419185930000001e+03
1.4208683120000001e+03 4.9207994500000001e+02 1.0953599999999999e+00 1.7464124099999999e+03
1.4303808550000001e+03 4.9701130200000000e+02 1.1008000000000000e+00 1.7509031709999999e+03
1.4399178219999999e+03 5.0196405900000002e+02 1.1062399999999999e+00 1.7553911869999999e+03
1.4494791949999999e+03 5.0693718100000001e+02 1.1116800000000000e+00 1.7598755510000001e+03
1.4590649519999999e+03 5.1193047400000000e+02 1.1171199999999999e+00 1.7643561270000000e+03
1.4686750750000001e+03 5.1694385899999997e+02 1.1225600000000000e+00 1.7688328790000000e+03
1.4783095410000001e+03 5.2197725400000002e+02 1.1279999999999999e+00 1.7733057719999999e+03
1.4879683299999999e+03 5.2703057899999999e+02 1.1334400000000000e+00 1.7777747720000000e+03
1.4976514210000000e+03 5.3210375399999998e+02 1.1388799999999999e+00 1.7822398459999999e+03
1.5073587910000001e+03 5.3719670099999996e+02 1.1443200000000000e+00 1.7867009619999999e+03
1.5170904200000000e+03 5.4230933900000002e+02 1.1497599999999999e+00 1.7911580899999999e+03
1.5268462850000001e+03 5.4744159300000001e+02 1.1552000000000000e+00 1.7956111980000001e+03
1.5366263640000000e+03 5.5259338300000002e+02 1.1606399999999999e+00 1.8000602590000001e+03
1.5464306369999999e+03 5.5776463400000000e+02 1.1660800000000000e+00 1.8045052439999999e+03
1.5562590789999999e+03 5.6295526800000005e+02 1.1715199999999999e+00 1.8089461249999999e+03
1.5661116689999999e+03 5.6816521100000000e+02 1.1769600000000000e+00 1.8133828759999999e+03
1.5759883850000001e+03 5.7339438500000006e+02 1.1823999999999999e+00 1.8178154709999999e+03
1.5858892030000000e+03 5.7864271799999995e+02 1.1878400000000000e+00 1.8222438850000001e+03
1.5958141009999999e+03 5.8391013499999997e+02 1.1932799999999999e+00 1.8266680940000001e+03
1.6057630560000000e+03 5.8919656099999997e+02 1.1987200000000000e+00 1.8310880749999999e+03
1.6157360440000000e+03 5.9450192400000003e+02 1.2041599999999999e+00 1.8355038050000001e+03
1.6257330430000000e+03 5.9982615199999998e+02 1.2096000000000000e+00 1.8399152620000000e+03
1.6357540289999999e+03 6.0516917100000001e+02 1.2150399999999999e+00 1.8443224250000001e+03
1.6457989800000000e+03 6.1053090999999995e+02 1.2204800000000000e+00 1.8487252739999999e+03
1.6558678700000000e+03 6.1591129899999999e+02 1.2259199999999999e+00 1.8531237880000001e+03
1.6659606770000000e+03 6.2131026599999996e+02 1.2313600000000000e+00 1.8575179490000000e+03
1.6760773770000001e+03 6.2672774100000004e+02 1.2367999999999999e+00 1.8619077370000000e+03
1.6862179460000000e+03 6.3216365499999995e+02 1.2422400000000000e+00 1.8662931369999999e+03
1.6963823600000001e+03 6.3761793899999998e+02 1.2476799999999999e+00 1.8706741290000000e+03
1.7065705960000000e+03 6.4309052299999996e+02 1.2531200000000000e+00 1.8750506969999999e+03
1.7167826279999999e+03 6.4858133999999995e+02 1.2585599999999999e+00 1.8794228260000000e+03
1.7270184330000000e+03 6.5409032100000002e+02 1.2640000000000000e+00 1.8837905000000001e+03
1.7372779869999999e+03 6.5961739999999998e+02 1.2694399999999999e+00 1.8881537040000001e+03
1.7475612650000000e+03 6.6516251000000000e+02 1.2748800000000000e+00 1.8925124240000000e+03
1.7578682429999999e+03 6.7072558400000003e+02 1.2803199999999999e+00 1.8968666450000001e+03
1.7681988960000001e+03 6.7630655700000000e+02 1.2857600000000000e+00 1.9012163559999999e+03
1.7785531989999999e+03 6.8190536199999997e+02 1.2911999999999999e+00 1.9055615430000000e+03
1.7889311290000001e+03 6.8752193599999998e+02 1.2966400000000000e+00 1.9099021940000000e+03
1.7993326600000000e+03 6.9315621199999998e+02 1.3020799999999999e+00 1.9142382970000001e+03
1.8097577670000001e+03 6.9880812800000001e+02 1.3075200000000000e+00 1.9185698410000000e+03
1.8202064260000000e+03 7.0447762000000000e+02 1.3129599999999999e+00 1.9228968150000001e+03
1.8306786119999999e+03 7.1016462400000000e+02 1.3184000000000000e+00 1.9272192090000001e+03
1.8411742999999999e+03 7.1586907699999995e+02 1.3238399999999999e+00 1.9315370129999999e+03
1.8516934639999999e+03 7.2159091699999999e+02 1.3292800000000000e+00 1.9358502180000000e+03
1.8622360799999999e+03 7.2733008199999995e+02 1.3347199999999999e+00 1.9401588139999999e+03
1.8728021229999999e+03 7.3308650999999998e+02 1.3401600000000000e+00 1.9444627929999999e+03
1.8833915680000000e+03 7.3886014100000000e+02 1.3455999999999999e+00 1.9487621469999999e+03
1.8940043889999999e+03 7.4465091199999995e+02 1.3510400000000000e+00 1.9530568679999999e+03
1.9046405600000001e+03 7.5045876499999997e+02 1.3564799999999999e+00 1.9573469490000000e+03
1.9153000580000000e+03 7.5628363800000000e+02 1.3619200000000000e+00 1.9616323820000000e+03
1.9259828570000000e+03 7.6212547199999995e+02 1.3673599999999999e+00 1.9659131609999999e+03
1.9366889300000000e+03 7.6798420899999996e+02 1.3728000000000000e+00 1.9701892800000001e+03
1.9474182539999999e+03 7.7385978799999998e+02 1.3782399999999999e+00 1.9744607320000000e+03
1.9581708020000001e+03 7.7975215200000002e+02 1.3836800000000000e+00 1.9787275119999999e+03
1.9689465479999999e+03 7.8566124100000002e+02 1.3891199999999999e+00 1.9829896150000000e+03
1.9797454690000000e+03 7.9158699999999999e+02 1.3945600000000000e+00 1.9872470360000000e+03
1.9905675369999999e+03 7.9752936899999997e+02 1.3999999999999999e+00 1.9914997699999999e+03
