# epsilon[MeV/fm^3] P[MeV/fm^3] nB[fm^-3] muB[MeV]
3.7930942999999999e+01 1.7029700000000000e-01 4.0000000000000001e-02 9.5253280199999995e+02
4.3114127000000003e+01 1.9176499999999999e-01 4.5440000000000001e-02 9.5303641200000004e+02
4.8299661000000000e+01 2.0946999999999999e-01 5.0880000000000002e-02 9.5340452900000003e+02
5.3486902000000001e+01 2.2379399999999999e-01 5.6320000000000002e-02 9.5367182300000002e+02
5.8675393000000000e+01 2.3562000000000000e-01 6.1760000000000002e-02 9.5387182900000005e+02
6.3864856000000003e+01 2.4625300000000000e-01 6.7199999999999996e-02 9.5403613199999995e+02
6.9055175000000006e+01 2.5734400000000002e-01 7.2639999999999996e-02 9.5419394000000000e+02
7.4246388999999994e+01 2.7083099999999999e-01 7.8079999999999997e-02 9.5437189400000000e+02
7.9438674000000006e+01 2.8887299999999999e-01 8.3519999999999997e-02 9.5459403999999995e+02
8.4632329999999996e+01 3.1380500000000000e-01 8.8959999999999997e-02 9.5488187100000005e+02
8.9827766999999994e+01 3.4808499999999998e-01 9.4399999999999998e-02 9.5525441899999998e+02
9.5025475999999998e+01 3.9318700000000001e-01 9.9839999999999998e-02 9.5571752200000003e+02
1.0022594599999999e+02 4.5081900000000003e-01 1.0528000000000000e-01 9.5627799600000003e+02
1.0542978599999999e+02 5.2492000000000005e-01 1.1072000000000000e-01 9.5696258899999998e+02
1.1063771300000001e+02 6.1841100000000004e-01 1.1616000000000000e-01 9.5778516600000000e+02
1.1585050500000000e+02 7.3394300000000001e-01 1.2160000000000000e-01 9.5875541099999998e+02
1.2106898600000000e+02 8.7399600000000000e-01 1.2703999999999999e-01 9.5988036199999999e+02
1.2629401100000000e+02 1.0409060000000001e+00 1.3247999999999999e-01 9.6116504299999997e+02
1.3152645999999999e+02 1.2368690000000000e+00 1.3791999999999999e-01 9.6261285599999997e+02
1.3676722599999999e+02 1.4639489999999999e+00 1.4335999999999999e-01 9.6422586799999999e+02
1.4201721100000000e+02 1.7240850000000001e+00 1.4879999999999999e-01 9.6600504000000001e+02
1.4727731900000001e+02 2.0190929999999998e+00 1.5423999999999999e-01 9.6795043299999998e+02
1.5254845299999999e+02 2.3506760000000000e+00 1.5967999999999999e-01 9.7006137999999999e+02
1.5783151200000000e+02 2.7204340000000000e+00 1.6511999999999999e-01 9.7233663799999999e+02
1.6312738300000001e+02 3.1298699999999999e+00 1.7055999999999999e-01 9.7477452500000004e+02
1.6843694800000000e+02 3.5804070000000001e+00 1.7599999999999999e-01 9.7737302899999997e+02
1.7376107300000001e+02 4.0733889999999997e+00 1.8143999999999999e-01 9.8012990100000002e+02
1.7910061400000001e+02 4.6100969999999997e+00 1.8687999999999999e-01 9.8304273799999999e+02
1.8445641200000000e+02 5.1917520000000001e+00 1.9231999999999999e-01 9.8610903699999994e+02
1.8982929700000000e+02 5.8195280000000000e+00 1.9775999999999999e-01 9.8932624799999996e+02
1.9522008199999999e+02 6.4945500000000003e+00 2.0319999999999999e-01 9.9269180600000004e+02
2.0062956700000001e+02 7.2179080000000004e+00 2.0863999999999999e-01 9.9620315700000003e+02
2.0605853800000000e+02 7.9906519999999999e+00 2.1407999999999999e-01 9.9985777099999996e+02
2.1150776999999999e+02 8.8138000000000005e+00 2.1951999999999999e-01 1.0036531560000000e+03
2.1697801999999999e+02 9.6883389999999991e+00 2.2495999999999999e-01 1.0075868560000000e+03
2.2247003500000000e+02 1.0615223000000000e+01 2.3039999999999999e-01 1.0116564560000000e+03
2.2798454799999999e+02 1.1595374000000000e+01 2.3583999999999999e-01 1.0158595720000000e+03
2.3352227999999999e+02 1.2629683999999999e+01 2.4127999999999999e-01 1.0201938500000000e+03
2.3908393699999999e+02 1.3719010000000001e+01 2.4671999999999999e-01 1.0246569560000000e+03
2.4467021500000001e+02 1.4864174000000000e+01 2.5216000000000000e-01 1.0292465720000000e+03
2.5028179600000001e+02 1.6065963000000000e+01 2.5760000000000000e-01 1.0339603830000001e+03
2.5591934900000001e+02 1.7325123999999999e+01 2.6304000000000000e-01 1.0387960710000000e+03
2.6158353099999999e+02 1.8642365000000002e+01 2.6848000000000000e-01 1.0437513080000001e+03
2.6727498700000001e+02 2.0018350000000002e+01 2.7392000000000000e-01 1.0488237509999999e+03
2.7299434800000000e+02 2.1453699000000000e+01 2.7936000000000000e-01 1.0540110340000001e+03
2.7874223200000000e+02 2.2948988000000000e+01 2.8480000000000000e-01 1.0593107630000000e+03
2.8451924600000001e+02 2.4504740999999999e+01 2.9024000000000000e-01 1.0647205130000000e+03
2.9032598100000001e+02 2.6121435000000002e+01 2.9568000000000000e-01 1.0702378260000000e+03
2.9616301499999997e+02 2.7799496000000001e+01 3.0112000000000000e-01 1.0758602100000001e+03
3.0203091499999999e+02 2.9539299000000000e+01 3.0656000000000000e-01 1.0815851350000000e+03
3.0793022999999999e+02 3.1341165000000000e+01 3.1200000000000000e-01 1.0874100360000000e+03
3.1386149899999998e+02 3.3205365000000000e+01 3.1744000000000000e-01 1.0933323150000001e+03
3.1982524300000000e+02 3.5132114999999999e+01 3.2288000000000000e-01 1.0993493410000001e+03
3.2582197200000002e+02 3.7121580000000002e+01 3.2832000000000000e-01 1.1054584530000000e+03
3.3185217899999998e+02 3.9173870999999998e+01 3.3376000000000000e-01 1.1116569640000000e+03
3.3791634399999998e+02 4.1289051000000001e+01 3.3920000000000000e-01 1.1179421660000000e+03
3.4401493099999999e+02 4.3467128000000002e+01 3.4464000000000000e-01 1.1243113330000001e+03
3.5014838800000001e+02 4.5708066000000002e+01 3.5008000000000000e-01 1.1307617240000000e+03
3.5631715200000002e+02 4.8011778000000000e+01 3.5552000000000000e-01 1.1372905920000001e+03
3.6252035000000001e+02 5.0122824000000001e+01 3.6096000000000000e-01 1.1431843010000000e+03
3.6875343400000003e+02 5.2038392000000002e+01 3.6640000000000000e-01 1.1484510550000000e+03
3.7501455800000002e+02 5.3907480000000000e+01 3.7184000000000000e-01 1.1535141130000000e+03
3.8130287800000002e+02 5.5759478999999999e+01 3.7728000000000000e-01 1.1584579520000000e+03
3.8761786300000000e+02 5.7607877999999999e+01 3.8272000000000000e-01 1.1633215110000001e+03
3.9395913999999999e+02 5.9460408999999999e+01 3.8816000000000001e-01 1.1681271290000000e+03
4.0032643700000000e+02 6.1322051000000002e+01 3.9360000000000001e-01 1.1728891630000001e+03
4.0671954499999998e+02 6.3196254000000003e+01 3.9904000000000001e-01 1.1776175189999999e+03
4.1313803799999999e+02 6.4993774999999999e+01 4.0448000000000001e-01 1.1820918670000001e+03
4.1957940600000001e+02 6.6641825999999995e+01 4.0992000000000001e-01 1.1861386279999999e+03
4.2604258199999998e+02 6.8284955999999994e+01 4.1536000000000001e-01 1.1901200420000000e+03
4.3252733599999999e+02 6.9938778999999997e+01 4.2080000000000001e-01 1.1940752060000000e+03
4.3903357000000000e+02 7.1608981999999997e+01 4.2624000000000001e-01 1.1980182370000000e+03
4.4556124000000000e+02 7.3298529000000002e+01 4.3168000000000001e-01 1.2019563519999999e+03
4.5211032999999998e+02 7.5009234000000006e+01 4.3712000000000001e-01 1.2058938539999999e+03
4.5868084499999998e+02 7.6742322999999999e+01 4.4256000000000001e-01 1.2098335480000001e+03
4.6527280400000001e+02 7.8498679999999993e+01 4.4800000000000001e-01 1.2137773660000000e+03
4.7188623200000001e+02 8.0278972999999993e+01 4.5344000000000001e-01 1.2177266890000001e+03
4.7852116200000000e+02 8.2083721999999995e+01 4.5888000000000001e-01 1.2216825280000000e+03
4.8517763300000001e+02 8.3913345000000007e+01 4.6432000000000001e-01 1.2256456350000001e+03
4.9185568400000000e+02 8.5768182999999993e+01 4.6976000000000001e-01 1.2296165690000000e+03
4.9855536000000001e+02 8.7648518999999993e+01 4.7520000000000001e-01 1.2335957490000001e+03
5.0527670699999999e+02 8.9554587999999995e+01 4.8064000000000001e-01 1.2375834829999999e+03
5.1201977199999999e+02 9.1486591000000004e+01 4.8608000000000001e-01 1.2415799910000001e+03
5.1878460299999995e+02 9.3444698000000002e+01 4.9152000000000001e-01 1.2455854260000001e+03
5.2557124799999997e+02 9.5429051999999999e+01 4.9696000000000001e-01 1.2495998840000000e+03
5.3237975800000004e+02 9.7439778000000004e+01 5.0239999999999996e-01 1.2536234130000000e+03
5.3921018100000003e+02 9.9476979999999998e+01 5.0783999999999996e-01 1.2576560270000000e+03
5.4606256800000006e+02 1.0154074500000000e+02 5.1327999999999996e-01 1.2616977050000000e+03
5.5293696599999998e+02 1.0363114800000000e+02 5.1871999999999996e-01 1.2657483980000000e+03
5.5983342600000003e+02 1.0574825100000000e+02 5.2415999999999996e-01 1.2698080359999999e+03
5.6675199499999997e+02 1.0789210300000001e+02 5.2959999999999996e-01 1.2738765310000001e+03
5.7369272100000001e+02 1.1006274400000000e+02 5.3503999999999996e-01 1.2779537750000000e+03
5.8065565300000003e+02 1.1226020400000000e+02 5.4047999999999996e-01 1.2820396470000001e+03
5.8764083500000004e+02 1.1448450500000000e+02 5.4591999999999996e-01 1.2861340150000001e+03
5.9464831500000003e+02 1.1673566099999999e+02 5.5135999999999996e-01 1.2902367350000000e+03
6.0167813699999999e+02 1.1901367700000000e+02 5.5679999999999996e-01 1.2943476550000000e+03
6.0873034500000006e+02 1.2131855400000001e+02 5.6223999999999996e-01 1.2984666130000001e+03
6.1580498299999999e+02 1.2365028400000000e+02 5.6767999999999996e-01 1.3025934440000001e+03
6.2290209300000004e+02 1.2600885500000000e+02 5.7311999999999996e-01 1.3067279750000000e+03
6.3002171699999997e+02 1.2839424900000000e+02 5.7855999999999996e-01 1.3108700289999999e+03
6.3716389400000003e+02 1.3080644100000001e+02 5.8399999999999996e-01 1.3150194240000001e+03
6.4432866500000000e+02 1.3324540500000001e+02 5.8943999999999996e-01 1.3191759770000001e+03
6.5151606800000002e+02 1.3571110600000000e+02 5.9487999999999996e-01 1.3233394989999999e+03
6.5872613999999999e+02 1.3820350800000000e+02 6.0031999999999996e-01 1.3275098029999999e+03
6.6595891700000004e+02 1.4072256899999999e+02 6.0575999999999997e-01 1.3316866960000000e+03
6.7321443599999998e+02 1.4326824500000001e+02 6.1119999999999997e-01 1.3358699879999999e+03
6.8049272900000005e+02 1.4584048600000000e+02 6.1663999999999997e-01 1.3400594860000001e+03
6.8779383099999995e+02 1.4843924000000001e+02 6.2207999999999997e-01 1.3442549959999999e+03
6.9511777400000005e+02 1.5106445299999999e+02 6.2751999999999997e-01 1.3484563250000001e+03
7.0246458900000005e+02 1.5371606499999999e+02 6.3295999999999997e-01 1.3526632810000001e+03
7.0983430499999997e+02 1.5639401699999999e+02 6.3839999999999997e-01 1.3568756699999999e+03
7.1722695199999998e+02 1.5909824300000000e+02 6.4383999999999997e-01 1.3610933010000001e+03
7.2464255800000001e+02 1.6182867700000000e+02 6.4927999999999997e-01 1.3653159830000000e+03
7.3208114999999998e+02 1.6458525000000000e+02 6.5471999999999997e-01 1.3695435250000000e+03
7.3954275399999995e+02 1.6736789300000001e+02 6.6015999999999997e-01 1.3737757409999999e+03
7.4702739499999996e+02 1.7017653000000001e+02 6.6559999999999997e-01 1.3780124410000001e+03
7.5453509599999995e+02 1.7301108700000000e+02 6.7103999999999997e-01 1.3822534410000001e+03
7.6206587999999999e+02 1.7587148700000000e+02 6.7647999999999997e-01 1.3864985580000000e+03
7.6961977000000002e+02 1.7875765100000001e+02 6.8191999999999997e-01 1.3907476079999999e+03
7.7719678699999997e+02 1.8166949900000000e+02 6.8735999999999997e-01 1.3950004110000000e+03
7.8479694900000004e+02 1.8460694799999999e+02 6.9279999999999997e-01 1.3992567910000000e+03
7.9242027700000006e+02 1.8756991500000001e+02 6.9823999999999997e-01 1.4035165700000000e+03
8.0006678799999997e+02 1.9055831499999999e+02 7.0367999999999997e-01 1.4077795739999999e+03
8.0773649899999998e+02 1.9357206199999999e+02 7.0911999999999997e-01 1.4120456330000000e+03
8.1542942700000003e+02 1.9661106799999999e+02 7.1455999999999997e-01 1.4163145760000000e+03
8.2314558599999998e+02 1.9967524599999999e+02 7.1999999999999997e-01 1.4205862370000000e+03
8.3088499100000001e+02 2.0276450500000001e+02 7.2543999999999997e-01 1.4248604510000000e+03
8.3864765599999998e+02 2.0587875500000001e+02 7.3087999999999997e-01 1.4291370549999999e+03
8.4643359299999997e+02 2.0901790500000001e+02 7.3631999999999997e-01 1.4334158900000000e+03
8.5424281299999996e+02 2.1218186299999999e+02 7.4175999999999997e-01 1.4376967979999999e+03
8.6207532800000001e+02 2.1537053499999999e+02 7.4719999999999998e-01 1.4419796240000001e+03
8.6993114800000001e+02 2.1858383000000001e+02 7.5263999999999998e-01 1.4462642160000000e+03
8.7781028100000003e+02 2.2182165100000000e+02 7.5807999999999998e-01 1.4505504229999999e+03
8.8571273699999995e+02 2.2508390499999999e+02 7.6351999999999998e-01 1.4548380990000001e+03
8.9363852199999997e+02 2.2837049700000000e+02 7.6895999999999998e-01 1.4591270970000000e+03
9.0158764399999995e+02 2.3168133100000000e+02 7.7439999999999998e-01 1.4634172759999999e+03
9.0956010800000001e+02 2.3501631000000000e+02 7.7983999999999998e-01 1.4677084950000001e+03
9.1755592000000001e+02 2.3837533800000000e+02 7.8527999999999998e-01 1.4720006169999999e+03
9.2557508499999994e+02 2.4175832000000000e+02 7.9071999999999998e-01 1.4762935060000000e+03
9.3361760500000003e+02 2.4516515600000000e+02 7.9615999999999998e-01 1.4805870290000000e+03
9.4168348500000002e+02 2.4859575200000000e+02 8.0159999999999998e-01 1.4848810570000001e+03
9.4977272700000003e+02 2.5205000799999999e+02 8.0703999999999998e-01 1.4891754619999999e+03
9.5788533199999995e+02 2.5552782900000000e+02 8.1247999999999998e-01 1.4934701170000001e+03
9.6602130099999999e+02 2.5902911499999999e+02 8.1791999999999998e-01 1.4977648999999999e+03
9.7418063500000005e+02 2.6255376899999999e+02 8.2335999999999998e-01 1.5020596900000000e+03
9.8236333400000001e+02 2.6610169400000001e+02 8.2879999999999998e-01 1.5063543689999999e+03
9.9056939599999998e+02 2.6967279200000002e+02 8.3423999999999998e-01 1.5106488210000000e+03
9.9879881999999998e+02 2.7326696600000002e+02 8.3967999999999998e-01 1.5149429310000000e+03
1.0070516030000000e+03 2.7688411600000001e+02 8.4511999999999998e-01 1.5192365890000001e+03
1.0153277440000001e+03 2.8052414700000003e+02 8.5055999999999998e-01 1.5235296840000001e+03
1.0236272390000000e+03 2.8418696000000000e+02 8.5599999999999998e-01 1.5278221109999999e+03
1.0319500829999999e+03 2.8787245700000000e+02 8.6143999999999998e-01 1.5321137630000001e+03
1.0402962720000000e+03 2.9158054299999998e+02 8.6687999999999998e-01 1.5364045390000001e+03
1.0486658020000000e+03 2.9531112000000002e+02 8.7231999999999998e-01 1.5406943380000000e+03
1.0570586659999999e+03 2.9906409100000002e+02 8.7775999999999998e-01 1.5449830600000000e+03
1.0654748589999999e+03 3.0283935900000000e+02 8.8319999999999999e-01 1.5492706100000000e+03
1.0739143730000001e+03 3.0663682899999998e+02 8.8863999999999999e-01 1.5535568940000001e+03
1.0823772030000000e+03 3.1045640300000002e+02 8.9407999999999999e-01 1.5578418190000000e+03
1.0908633390000000e+03 3.1429798699999998e+02 8.9951999999999999e-01 1.5621252939999999e+03
1.0993727739999999e+03 3.1816148399999997e+02 9.0495999999999999e-01 1.5664072320000000e+03
1.1079054990000000e+03 3.2204680000000002e+02 9.1039999999999999e-01 1.5706875450000000e+03
1.1164615060000001e+03 3.2595383900000002e+02 9.1583999999999999e-01 1.5749661500000000e+03
1.1250407840000000e+03 3.2988250799999997e+02 9.2127999999999999e-01 1.5792429629999999e+03
1.1336433239999999e+03 3.3383271100000002e+02 9.2671999999999999e-01 1.5835179029999999e+03
1.1422691159999999e+03 3.3780435499999999e+02 9.3215999999999999e-01 1.5877908930000001e+03
1.1509181480000000e+03 3.4179734700000000e+02 9.3759999999999999e-01 1.5920618529999999e+03
1.1595904089999999e+03 3.4581159300000002e+02 9.4303999999999999e-01 1.5963307090000001e+03
1.1682858870000000e+03 3.4984700099999998e+02 9.4847999999999999e-01 1.6005973879999999e+03
1.1770045709999999e+03 3.5390347800000001e+02 9.5391999999999999e-01 1.6048618160000001e+03
1.1857464480000001e+03 3.5798093299999999e+02 9.5935999999999999e-01 1.6091239240000000e+03
1.1945115060000001e+03 3.6207927500000000e+02 9.6479999999999999e-01 1.6133836420000000e+03
1.2032997300000000e+03 3.6619841200000002e+02 9.7023999999999999e-01 1.6176409050000000e+03
1.2121111080000001e+03 3.7033825400000001e+02 9.7567999999999999e-01 1.6218956450000001e+03
1.2209456259999999e+03 3.7449871100000001e+02 9.8111999999999999e-01 1.6261478000000000e+03
1.2298032690000000e+03 3.7867969299999999e+02 9.8655999999999999e-01 1.6303973060000001e+03
1.2386840230000000e+03 3.8288111099999998e+02 9.9199999999999999e-01 1.6346441030000001e+03
1.2475878720000001e+03 3.8710287799999998e+02 9.9743999999999999e-01 1.6388881320000000e+03
1.2565148030000000e+03 3.9134490399999999e+02 1.0028800000000000e+00 1.6431293340000000e+03
1.2654647980000000e+03 3.9560710300000000e+02 1.0083200000000001e+00 1.6473676539999999e+03
1.2744378429999999e+03 3.9988938600000000e+02 1.0137600000000000e+00 1.6516030350000001e+03
1.2834339210000001e+03 4.0419166899999999e+02 1.0192000000000001e+00 1.6558354250000000e+03
1.2924530159999999e+03 4.0851386400000001e+02 1.0246400000000000e+00 1.6600647710000001e+03
1.3014951100000001e+03 4.1285588700000000e+02 1.0300800000000001e+00 1.6642910230000000e+03
1.3105601879999999e+03 4.1721765199999999e+02 1.0355200000000000e+00 1.6685141300000000e+03
1.3196482309999999e+03 4.2159907600000003e+02 1.0409600000000001e+00 1.6727340440000000e+03
1.3287592230000000e+03 4.2600007399999998e+02 1.0464000000000000e+00 1.6769507200000000e+03
1.3378931450000000e+03 4.3042056400000001e+02 1.0518400000000001e+00 1.6811641099999999e+03
1.3470499800000000e+03 4.3486046399999998e+02 1.0572800000000000e+00 1.6853741720000000e+03
1.3562297100000001e+03 4.3931969099999998e+02 1.0627200000000001e+00 1.6895808609999999e+03
1.3654323150000000e+03 4.4379816499999998e+02 1.0681600000000000e+00 1.6937841370000001e+03
1.3746577769999999e+03 4.4829580499999997e+02 1.0736000000000001e+00 1.6979839589999999e+03
1.3839060770000001e+03 4.5281253099999998e+02 1.0790400000000000e+00 1.7021802869999999e+03
1.3931771970000000e+03 4.5734826500000003e+02 1.0844800000000001e+00 1.7063730849999999e+03
1.4024711159999999e+03 4.6190292799999997e+02 1.0899200000000000e+00 1.7105623149999999e+03
1.4117878160000000e+03 4.6647644400000001e+02 1.0953599999999999e+00 1.7147479420000000e+03
1.4211272770000000e+03 4.7106873600000000e+02 1.1008000000000000e+00 1.7189299329999999e+03
1.4304894780000000e+03 4.7567973000000001e+02 1.1062399999999999e+00 1.7231082560000000e+03
1.4398743999999999e+03 4.8030934999999999e+02 1.1116800000000000e+00 1.7272828800000000e+03
1.4492820220000001e+03 4.8495752599999997e+02 1.1171199999999999e+00 1.7314537769999999e+03
1.4587123240000001e+03 4.8962418600000001e+02 1.1225600000000000e+00 1.7356209180000001e+03
1.4681652870000000e+03 4.9430926199999999e+02 1.1279999999999999e+00 1.7397842800000001e+03
1.4776408879999999e+03 4.9901268700000003e+02 1.1334400000000000e+00 1.7439438410000000e+03
1.4871391070000000e+03 5.0373440199999999e+02 1.1388799999999999e+00 1.7480995829999999e+03
1.4966599240000000e+03 5.0847434900000002e+02 1.1443200000000000e+00 1.7522514940000001e+03
1.5062033180000001e+03 5.1323248300000000e+02 1.1497599999999999e+00 1.7563995709999999e+03
1.5157692669999999e+03 5.1800878100000000e+02 1.1552000000000000e+00 1.7605438280000001e+03
1.5253577510000000e+03 5.2280328599999996e+02 1.1606399999999999e+00 1.7646843389999999e+03
1.5349687510000001e+03 5.2761619299999995e+02 1.1660800000000000e+00 1.7688213089999999e+03
1.5446022459999999e+03 5.3244678999999996e+02 1.1715199999999999e+00 1.7729541589999999e+03
1.5542582120000000e+03 5.3729492500000003e+02 1.1769600000000000e+00 1.7770827979999999e+03
1.5639366270000000e+03 5.4216052700000000e+02 1.1823999999999999e+00 1.7812072049999999e+03
1.5736374690000000e+03 5.4704352400000005e+02 1.1878400000000000e+00 1.7853273589999999e+03
1.5833607119999999e+03 5.5194384500000001e+02 1.1932799999999999e+00 1.7894432389999999e+03
1.5931063349999999e+03 5.5686142199999995e+02 1.1987200000000000e+00 1.7935548260000000e+03
1.6028743139999999e+03 5.6179618500000004e+02 1.2041599999999999e+00 1.7976621000000000e+03
1.6126646260000000e+03 5.6674806400000000e+02 1.2096000000000000e+00 1.8017650450000001e+03
1.6224772459999999e+03 5.7171699200000000e+02 1.2150399999999999e+00 1.8058636420000000e+03
1.6323121510000001e+03 5.7670290000000000e+02 1.2204800000000000e+00 1.8099578739999999e+03
1.6421693180000000e+03 5.8170572200000004e+02 1.2259199999999999e+00 1.8140477249999999e+03
1.6520487220000000e+03 5.8672538999999995e+02 1.2313600000000000e+00 1.8181331789999999e+03
1.6619503390000000e+03 5.9176183900000001e+02 1.2367999999999999e+00 1.8222142220000001e+03
1.6718741460000001e+03 5.9681500100000005e+02 1.2422400000000000e+00 1.8262908399999999e+03
1.6818201180000001e+03 6.0188481300000001e+02 1.2476799999999999e+00 1.8303630169999999e+03
1.6917882310000000e+03 6.0697120800000005e+02 1.2531200000000000e+00 1.8344307409999999e+03
1.7017784610000001e+03 6.1207412299999999e+02 1.2585599999999999e+00 1.8384939999999999e+03
1.7117907840000000e+03 6.1719349399999999e+02 1.2640000000000000e+00 1.8425527810000001e+03
1.7218251740000001e+03 6.2232925699999998e+02 1.2694399999999999e+00 1.8466070720000000e+03
1.7318816079999999e+03 6.2748135000000002e+02 1.2748800000000000e+00 1.8506568629999999e+03
1.7419600620000001e+03 6.3264970900000003e+02 1.2803199999999999e+00 1.8547021430000000e+03
1.7520605100000000e+03 6.3783427300000005e+02 1.2857600000000000e+00 1.8587429010000001e+03
1.7621829279999999e+03 6.4303498100000002e+02 1.2911999999999999e+00 1.8627791279999999e+03
1.7723272910000001e+03 6.4825176999999996e+02 1.2966400000000000e+00 1.8668108159999999e+03
1.7824935740000001e+03 6.5348458100000005e+02 1.3020799999999999e+00 1.8708379550000000e+03
1.7926817540000000e+03 6.5873335399999996e+02 1.3075200000000000e+00 1.8748605370000000e+03
1.8028918040000001e+03 6.6399802799999998e+02 1.3129599999999999e+00 1.8788785539999999e+03
1.8131237000000001e+03 6.6927854300000001e+02 1.3184000000000000e+00 1.8828919989999999e+03
1.8233774180000000e+03 6.7457484299999999e+02 1.3238399999999999e+00 1.8869008650000001e+03
1.8336529320000000e+03 6.7988686700000005e+02 1.3292800000000000e+00 1.8909051460000001e+03
1.8439502170000001e+03 6.8521455800000001e+02 1.3347199999999999e+00 1.8949048350000000e+03
1.8542692480000001e+03 6.9055785800000001e+02 1.3401600000000000e+00 1.8988999269999999e+03
1.8646100010000000e+03 6.9591671099999996e+02 1.3455999999999999e+00 1.9028904170000001e+03
1.8749724500000000e+03 7.0129105800000002e+02 1.3510400000000000e+00 1.9068762990000000e+03
1.8853565699999999e+03 7.0668084499999998e+02 1.3564799999999999e+00 1.9108575690000000e+03
1.8957623360000000e+03 7.1208601499999997e+02 1.3619200000000000e+00 1.9148342220000000e+03
1.9061897220000001e+03 7.1750651200000004e+02 1.3673599999999999e+00 1.9188062550000000e+03
1.9166387050000001e+03 7.2294228199999998e+02 1.3728000000000000e+00 1.9227736649999999e+03
1.9271092580000000e+03 7.2839327000000003e+02 1.3782399999999999e+00 1.9267364480000001e+03
1.9376013570000000e+03 7.3385942100000000e+02 1.3836800000000000e+00 1.9306946009999999e+03
1.9481149760000001e+03 7.3934068300000001e+02 1.3891199999999999e+00 1.9346481209999999e+03
1.9586500890000000e+03 7.4483699999999999e+02 1.3945600000000000e+00 1.9385970070000001e+03
1.9692066729999999e+03 7.5034831999999994e+02 1.3999999999999999e+00 1.9425412570000001e+03
