# epsilon[MeV/fm^3] P[MeV/fm^3] nB[fm^-3] muB[MeV]
3.7878827999999999e+01 1.5636500000000000e-01 4.0000000000000001e-02 9.5088164700000004e+02
4.3053511000000000e+01 1.8585399999999999e-01 4.5440000000000001e-02 9.5157235500000002e+02
4.8231717000000003e+01 2.1517000000000000e-01 5.0880000000000002e-02 9.5218118500000003e+02
5.3413044999999997e+01 2.4433800000000000e-01 5.6320000000000002e-02 9.5272520699999995e+02
5.8597192000000000e+01 2.7373500000000001e-01 6.1760000000000002e-02 9.5322274500000003e+02
6.3783954999999999e+01 3.0406899999999998e-01 6.7199999999999996e-02 9.5369261600000004e+02
6.8973235000000003e+01 3.3634700000000001e-01 7.2639999999999996e-02 9.5415351099999998e+02
7.4165032999999994e+01 3.7183699999999997e-01 7.8079999999999997e-02 9.5462356199999999e+02
7.9359446000000005e+01 4.1203299999999998e-01 8.3519999999999997e-02 9.5512003500000003e+02
8.4556661000000005e+01 4.5862100000000000e-01 8.8959999999999997e-02 9.5565913999999998e+02
8.9756951000000001e+01 5.1344299999999998e-01 9.4399999999999998e-02 9.5625591899999995e+02
9.4960669999999993e+01 5.7846699999999995e-01 9.9839999999999998e-02 9.5692418699999996e+02
1.0016823900000000e+02 6.5563700000000003e-01 1.0528000000000000e-01 9.5767532700000004e+02
1.0538007500000001e+02 7.4430600000000002e-01 1.1072000000000000e-01 9.5849505199999999e+02
1.1059660599999999e+02 8.4805900000000001e-01 1.1616000000000000e-01 9.5940827600000000e+02
1.1581839100000001e+02 9.6986499999999998e-01 1.2160000000000000e-01 9.6043145300000003e+02
1.2104605700000000e+02 1.1122250000000000e+00 1.2703999999999999e-01 9.6157509900000002e+02
1.2628028399999999e+02 1.2774829999999999e+00 1.3247999999999999e-01 9.6284717000000001e+02
1.3152178599999999e+02 1.4678789999999999e+00 1.3791999999999999e-01 9.6425391700000000e+02
1.3677131100000000e+02 1.6855739999999999e+00 1.4335999999999999e-01 9.6580028800000002e+02
1.4202962900000000e+02 1.9326540000000001e+00 1.4879999999999999e-01 9.6749016300000005e+02
1.4729752999999999e+02 2.2111329999999998e+00 1.5423999999999999e-01 9.6932653100000005e+02
1.5257581700000000e+02 2.5229539999999999e+00 1.5967999999999999e-01 9.7131162600000005e+02
1.5786530300000001e+02 2.8699930000000000e+00 1.6511999999999999e-01 9.7344703800000002e+02
1.6316680900000000e+02 3.2540619999999998e+00 1.7055999999999999e-01 9.7573380999999995e+02
1.6848116099999999e+02 3.6769059999999998e+00 1.7599999999999999e-01 9.7817251999999996e+02
1.7380918700000001e+02 4.1402120000000000e+00 1.8143999999999999e-01 9.8076335800000004e+02
1.7915171200000000e+02 4.6456080000000002e+00 1.8687999999999999e-01 9.8350617899999997e+02
1.8450956500000001e+02 5.1946690000000002e+00 1.9231999999999999e-01 9.8640056800000002e+02
1.8988356700000000e+02 5.7889169999999996e+00 1.9775999999999999e-01 9.8944587300000001e+02
1.9527453700000001e+02 6.4298240000000000e+00 2.0319999999999999e-01 9.9264125200000001e+02
2.0068329000000000e+02 7.1188149999999997e+00 2.0863999999999999e-01 9.9598569599999996e+02
2.0611063400000000e+02 7.8572689999999996e+00 2.1407999999999999e-01 9.9947805400000004e+02
2.1155736999999999e+02 8.6465180000000004e+00 2.1951999999999999e-01 1.0031170540000001e+03
2.1702429200000000e+02 9.4878499999999999e+00 2.2495999999999999e-01 1.0069013110000000e+03
2.2251218700000001e+02 1.0382507000000000e+01 2.3039999999999999e-01 1.0108293410000000e+03
2.2802183299999999e+02 1.1331683999999999e+01 2.3583999999999999e-01 1.0148995609999999e+03
2.3355400000000000e+02 1.2336527999999999e+01 2.4127999999999999e-01 1.0191102979999999e+03
2.3910944699999999e+02 1.3398137000000000e+01 2.4671999999999999e-01 1.0234597850000000e+03
2.4468892399999999e+02 1.4517557999999999e+01 2.5216000000000000e-01 1.0279461670000001e+03
2.5029317200000000e+02 1.5695781000000000e+01 2.5760000000000000e-01 1.0325674899999999e+03
2.5592291900000001e+02 1.6933741999999999e+01 2.6304000000000000e-01 1.0373217119999999e+03
2.6157888200000002e+02 1.8232317999999999e+01 2.6848000000000000e-01 1.0422066890000001e+03
2.6726176800000002e+02 1.9592323000000000e+01 2.7392000000000000e-01 1.0472201849999999e+03
2.7297226899999998e+02 2.1014510999999999e+01 2.7936000000000000e-01 1.0523598620000000e+03
2.7871106600000002e+02 2.2499566000000002e+01 2.8480000000000000e-01 1.0576232890000001e+03
2.8447882499999997e+02 2.4048107000000002e+01 2.9024000000000000e-01 1.0630079340000000e+03
2.9027619900000002e+02 2.5660684000000000e+01 2.9568000000000000e-01 1.0685111750000001e+03
2.9610382600000003e+02 2.7337778000000000e+01 3.0112000000000000e-01 1.0741302969999999e+03
3.0196233000000001e+02 2.9079796000000002e+01 3.0656000000000000e-01 1.0798624980000000e+03
3.0785231700000003e+02 3.0887077999999999e+01 3.1200000000000000e-01 1.0857048940000000e+03
3.1377438000000001e+02 3.2759891000000003e+01 3.1744000000000000e-01 1.0916545280000000e+03
3.1972909399999998e+02 3.4698431999999997e+01 3.2288000000000000e-01 1.0977083700000001e+03
3.2571701800000000e+02 3.6702829000000001e+01 3.2832000000000000e-01 1.1038633330000000e+03
3.3173869400000001e+02 3.8773141000000003e+01 3.3376000000000000e-01 1.1101162740000000e+03
3.3779464600000000e+02 4.0909362000000002e+01 3.3920000000000000e-01 1.1164640079999999e+03
3.4388538199999999e+02 4.3111421999999997e+01 3.4464000000000000e-01 1.1229033130000000e+03
3.5001139000000001e+02 4.5379188999999997e+01 3.5008000000000000e-01 1.1294309420000000e+03
3.5617314399999998e+02 4.7712471999999998e+01 3.5552000000000000e-01 1.1360436299999999e+03
3.6237104299999999e+02 5.0069495000000003e+01 3.6096000000000000e-01 1.1426229080000001e+03
3.6860209400000002e+02 5.2105165999999997e+01 3.6640000000000000e-01 1.1482202410000000e+03
3.7486252800000000e+02 5.4046638000000002e+01 3.7184000000000000e-01 1.1534794860000000e+03
3.8115109500000000e+02 5.5956113000000002e+01 3.7728000000000000e-01 1.1585768220000000e+03
3.8746709800000002e+02 5.7854779000000001e+01 3.8272000000000000e-01 1.1635726940000000e+03
3.9381007799999998e+02 5.9753487000000000e+01 3.8816000000000001e-01 1.1684981430000000e+03
4.0017921400000000e+02 6.1523802000000003e+01 3.9360000000000001e-01 1.1730276910000000e+03
4.0657139699999999e+02 6.3145195999999999e+01 3.9904000000000001e-01 1.1771182950000000e+03
4.1298562800000002e+02 6.4762759000000003e+01 4.0448000000000001e-01 1.1811439069999999e+03
4.1942167799999999e+02 6.6391357999999997e+01 4.0992000000000001e-01 1.1851428209999999e+03
4.2587944499999998e+02 6.8036709999999999e+01 4.1536000000000001e-01 1.1891296060000000e+03
4.3235888599999998e+02 6.9701847000000001e+01 4.2080000000000001e-01 1.1931118340000000e+03
4.3885998999999998e+02 7.1388642000000004e+01 4.2624000000000001e-01 1.1970940499999999e+03
4.4538276400000001e+02 7.3098365000000001e+01 4.3168000000000001e-01 1.2010792120000001e+03
4.5192723200000000e+02 7.4831930000000000e+01 4.3712000000000001e-01 1.2050693540000000e+03
4.5849342400000000e+02 7.6590024999999997e+01 4.4256000000000001e-01 1.2090659149999999e+03
4.6508137699999997e+02 7.8373183999999995e+01 4.4800000000000001e-01 1.2130699390000000e+03
4.7169113599999997e+02 8.0181830000000005e+01 4.5344000000000001e-01 1.2170821850000000e+03
4.7832274500000000e+02 8.2016306999999998e+01 4.5888000000000001e-01 1.2211032120000000e+03
4.8497625499999998e+02 8.3876895000000005e+01 4.6432000000000001e-01 1.2251334190000000e+03
4.9165171600000002e+02 8.5763827000000006e+01 4.6976000000000001e-01 1.2291730900000000e+03
4.9834917899999999e+02 8.7677295999999998e+01 4.7520000000000001e-01 1.2332224150000000e+03
5.0506869899999998e+02 8.9617461000000006e+01 4.8064000000000001e-01 1.2372815100000000e+03
5.1181032800000003e+02 9.1584455000000005e+01 4.8608000000000001e-01 1.2413504310000001e+03
5.1857411900000000e+02 9.3578389999999999e+01 4.9152000000000001e-01 1.2454291840000001e+03
5.2536012600000004e+02 9.5599355000000003e+01 4.9696000000000001e-01 1.2495177360000000e+03
5.3216840300000001e+02 9.7647424000000001e+01 5.0239999999999996e-01 1.2536160210000000e+03
5.3899900200000002e+02 9.9722654000000006e+01 5.0783999999999996e-01 1.2577239430000000e+03
5.4585197500000004e+02 1.0182509100000000e+02 5.1327999999999996e-01 1.2618413849999999e+03
5.5272737299999994e+02 1.0395476600000001e+02 5.1871999999999996e-01 1.2659682080000000e+03
5.5962524800000006e+02 1.0611170100000000e+02 5.2415999999999996e-01 1.2701042590000000e+03
5.6654564800000003e+02 1.0829590899999999e+02 5.2959999999999996e-01 1.2742493680000000e+03
5.7348862399999996e+02 1.1050739000000000e+02 5.3503999999999996e-01 1.2784033560000000e+03
5.8045422099999996e+02 1.1274614099999999e+02 5.4047999999999996e-01 1.2825660330000001e+03
5.8744248900000002e+02 1.1501214700000000e+02 5.4591999999999996e-01 1.2867372000000000e+03
5.9445347100000004e+02 1.1730538799999999e+02 5.5135999999999996e-01 1.2909166520000001e+03
6.0148721300000000e+02 1.1962583900000000e+02 5.5679999999999996e-01 1.2951041789999999e+03
6.0854375700000003e+02 1.2197346500000000e+02 5.6223999999999996e-01 1.2992995639999999e+03
6.1562314700000002e+02 1.2434822900000000e+02 5.6767999999999996e-01 1.3035025900000001e+03
6.2272542199999998e+02 1.2675008699999999e+02 5.7311999999999996e-01 1.3077130330000000e+03
6.2985062300000004e+02 1.2917899199999999e+02 5.7855999999999996e-01 1.3119306700000000e+03
6.3699878799999999e+02 1.3163488899999999e+02 5.8399999999999996e-01 1.3161552760000000e+03
6.4416995499999996e+02 1.3411772300000001e+02 5.8943999999999996e-01 1.3203866240000000e+03
6.5136415999999997e+02 1.3662743300000000e+02 5.9487999999999996e-01 1.3246244879999999e+03
6.5858143700000005e+02 1.3916395299999999e+02 6.0031999999999996e-01 1.3288686399999999e+03
6.6582181900000000e+02 1.4172721600000000e+02 6.0575999999999997e-01 1.3331188549999999e+03
6.7308534099999997e+02 1.4431715000000000e+02 6.1119999999999997e-01 1.3373749069999999e+03
6.8037203199999999e+02 1.4693368200000000e+02 6.1663999999999997e-01 1.3416365710000000e+03
6.8768192199999999e+02 1.4957673399999999e+02 6.2207999999999997e-01 1.3459036249999999e+03
6.9501504000000000e+02 1.5224622600000001e+02 6.2751999999999997e-01 1.3501758470000000e+03
7.0237141399999996e+02 1.5494207700000001e+02 6.3295999999999997e-01 1.3544530190000000e+03
7.0975107000000003e+02 1.5766420199999999e+02 6.3839999999999997e-01 1.3587349220000001e+03
7.1715403400000002e+02 1.6041251500000001e+02 6.4383999999999997e-01 1.3630213409999999e+03
7.2458032800000001e+02 1.6318692700000000e+02 6.4927999999999997e-01 1.3673120640000000e+03
7.3202997700000003e+02 1.6598734800000000e+02 6.5471999999999997e-01 1.3716068800000000e+03
7.3950300100000004e+02 1.6881368599999999e+02 6.6015999999999997e-01 1.3759055810000000e+03
7.4699942099999998e+02 1.7166584800000001e+02 6.6559999999999997e-01 1.3802079639999999e+03
7.5451925700000004e+02 1.7454373799999999e+02 6.7103999999999997e-01 1.3845138250000000e+03
7.6206252700000005e+02 1.7744726100000000e+02 6.7647999999999997e-01 1.3888229660000000e+03
7.6962924899999996e+02 1.8037631800000000e+02 6.8191999999999997e-01 1.3931351910000001e+03
7.7721943799999997e+02 1.8333081100000001e+02 6.8735999999999997e-01 1.3974503050000001e+03
7.8483311000000003e+02 1.8631064000000001e+02 6.9279999999999997e-01 1.4017681200000000e+03
7.9247027900000000e+02 1.8931570500000001e+02 6.9823999999999997e-01 1.4060884470000001e+03
8.0013095899999996e+02 1.9234590399999999e+02 7.0367999999999997e-01 1.4104111040000000e+03
8.0781515999999999e+02 1.9540113400000001e+02 7.0911999999999997e-01 1.4147359090000000e+03
8.1552289599999995e+02 1.9848129299999999e+02 7.1455999999999997e-01 1.4190626850000001e+03
8.2325417500000003e+02 2.0158627600000000e+02 7.1999999999999997e-01 1.4233912570000000e+03
8.3100900700000000e+02 2.0471598000000000e+02 7.2543999999999997e-01 1.4277214550000001e+03
8.3878740000000005e+02 2.0787030100000001e+02 7.3087999999999997e-01 1.4320531089999999e+03
8.4658936300000005e+02 2.1104913199999999e+02 7.3631999999999997e-01 1.4363860549999999e+03
8.5441490099999999e+02 2.1425236799999999e+02 7.4175999999999997e-01 1.4407201319999999e+03
8.6226401999999996e+02 2.1747990300000001e+02 7.4719999999999998e-01 1.4450551800000001e+03
8.7013672499999996e+02 2.2073163199999999e+02 7.5263999999999998e-01 1.4493910440000000e+03
8.7803302099999996e+02 2.2400744800000001e+02 7.5807999999999998e-01 1.4537275709999999e+03
8.8595290899999998e+02 2.2730724400000000e+02 7.6351999999999998e-01 1.4580646119999999e+03
8.9389639399999999e+02 2.3063091499999999e+02 7.6895999999999998e-01 1.4624020210000001e+03
9.0186347499999999e+02 2.3397835200000000e+02 7.7439999999999998e-01 1.4667396540000000e+03
9.0985415499999999e+02 2.3734944999999999e+02 7.7983999999999998e-01 1.4710773700000000e+03
9.1786843299999998e+02 2.4074410300000000e+02 7.8527999999999998e-01 1.4754150330000000e+03
9.2590630799999997e+02 2.4416220200000001e+02 7.9071999999999998e-01 1.4797525080000000e+03
9.3396777999999995e+02 2.4760364200000001e+02 7.9615999999999998e-01 1.4840896620000001e+03
9.4205284500000005e+02 2.5106831700000001e+02 8.0159999999999998e-01 1.4884263679999999e+03
9.5016150200000004e+02 2.5455611999999999e+02 8.0703999999999998e-01 1.4927624989999999e+03
9.5829374600000006e+02 2.5806694499999998e+02 8.1247999999999998e-01 1.4970979310000000e+03
9.6644957399999998e+02 2.6160068600000000e+02 8.1791999999999998e-01 1.5014325449999999e+03
9.7462898099999995e+02 2.6515723800000001e+02 8.2335999999999998e-01 1.5057662220000000e+03
9.8283196099999998e+02 2.6873649499999999e+02 8.2879999999999998e-01 1.5100988470000000e+03
9.9105850899999996e+02 2.7233835099999999e+02 8.3423999999999998e-01 1.5144303080000000e+03
9.9930861700000003e+02 2.7596270299999998e+02 8.3967999999999998e-01 1.5187604940000001e+03
1.0075822790000000e+03 2.7960944599999999e+02 8.4511999999999998e-01 1.5230892980000001e+03
1.0158794860000000e+03 2.8327847600000001e+02 8.5055999999999998e-01 1.5274166150000001e+03
1.0242002310000000e+03 2.8696968900000002e+02 8.5599999999999998e-01 1.5317423409999999e+03
1.0325445040000000e+03 2.9068298099999998e+02 8.6143999999999998e-01 1.5360663780000000e+03
1.0409122960000000e+03 2.9441825000000000e+02 8.6687999999999998e-01 1.5403886270000000e+03
1.0493035970000001e+03 2.9817539199999999e+02 8.7231999999999998e-01 1.5447089920000001e+03
1.0577183960000000e+03 3.0195430699999997e+02 8.7775999999999998e-01 1.5490273800000000e+03
1.0661566829999999e+03 3.0575489299999998e+02 8.8319999999999999e-01 1.5533436999999999e+03
1.0746184450000001e+03 3.0957704699999999e+02 8.8863999999999999e-01 1.5576578640000000e+03
1.0831036720000000e+03 3.1342066999999997e+02 8.9407999999999999e-01 1.5619697850000000e+03
1.0916123500000001e+03 3.1728566100000000e+02 8.9951999999999999e-01 1.5662793770000001e+03
1.1001444660000000e+03 3.2117192000000000e+02 9.0495999999999999e-01 1.5705865590000001e+03
1.1087000080000000e+03 3.2507934899999998e+02 9.1039999999999999e-01 1.5748912499999999e+03
1.1172789610000000e+03 3.2900784800000002e+02 9.1583999999999999e-01 1.5791933720000000e+03
1.1258813110000001e+03 3.3295731999999998e+02 9.2127999999999999e-01 1.5834928490000000e+03
1.1345070440000000e+03 3.3692766699999999e+02 9.2671999999999999e-01 1.5877896049999999e+03
1.1431561449999999e+03 3.4091879100000000e+02 9.3215999999999999e-01 1.5920835680000000e+03
1.1518285980000001e+03 3.4493059599999998e+02 9.3759999999999999e-01 1.5963746679999999e+03
1.1605243869999999e+03 3.4896298600000000e+02 9.4303999999999999e-01 1.6006628350000001e+03
1.1692434960000001e+03 3.5301586600000002e+02 9.4847999999999999e-01 1.6049480020000001e+03
1.1779859100000001e+03 3.5708914099999998e+02 9.5391999999999999e-01 1.6092301040000000e+03
1.1867516100000000e+03 3.6118271600000003e+02 9.5935999999999999e-01 1.6135090769999999e+03
1.1955405810000000e+03 3.6529649899999998e+02 9.6479999999999999e-01 1.6177848590000001e+03
1.2043528030000000e+03 3.6943039499999998e+02 9.7023999999999999e-01 1.6220573910000001e+03
1.2131882599999999e+03 3.7358431300000001e+02 9.7567999999999999e-01 1.6263266120000001e+03
1.2220469330000001e+03 3.7775815999999998e+02 9.8111999999999999e-01 1.6305924669999999e+03
1.2309288039999999e+03 3.8195184499999999e+02 9.8655999999999999e-01 1.6348548989999999e+03
1.2398338530000001e+03 3.8616527800000000e+02 9.9199999999999999e-01 1.6391138539999999e+03
1.2487620629999999e+03 3.9039836900000000e+02 9.9743999999999999e-01 1.6433692810000000e+03
1.2577134129999999e+03 3.9465102800000000e+02 1.0028800000000000e+00 1.6476211280000000e+03
1.2666878839999999e+03 3.9892316599999998e+02 1.0083200000000001e+00 1.6518693450000001e+03
1.2756854570000000e+03 4.0321469600000000e+02 1.0137600000000000e+00 1.6561138850000000e+03
1.2847061100000001e+03 4.0752552900000001e+02 1.0192000000000001e+00 1.6603547000000001e+03
1.2937498230000001e+03 4.1185557899999998e+02 1.0246400000000000e+00 1.6645917460000001e+03
1.3028165770000001e+03 4.1620476100000002e+02 1.0300800000000001e+00 1.6688249780000001e+03
1.3119063500000000e+03 4.2057298700000001e+02 1.0355200000000000e+00 1.6730543540000001e+03
1.3210191199999999e+03 4.2496017499999999e+02 1.0409600000000001e+00 1.6772798319999999e+03
1.3301548670000000e+03 4.2936623800000001e+02 1.0464000000000000e+00 1.6815013730000001e+03
1.3393135689999999e+03 4.3379109499999998e+02 1.0518400000000001e+00 1.6857189390000001e+03
1.3484952049999999e+03 4.3823466300000001e+02 1.0572800000000000e+00 1.6899324899999999e+03
1.3576997520000000e+03 4.4269685800000002e+02 1.0627200000000001e+00 1.6941419920000001e+03
1.3669271879999999e+03 4.4717760099999998e+02 1.0681600000000000e+00 1.6983474100000001e+03
1.3761774909999999e+03 4.5167681099999999e+02 1.0736000000000001e+00 1.7025487100000000e+03
1.3854506389999999e+03 4.5619440800000001e+02 1.0790400000000000e+00 1.7067458590000001e+03
1.3947466079999999e+03 4.6073031400000002e+02 1.0844800000000001e+00 1.7109388269999999e+03
1.4040653769999999e+03 4.6528445099999999e+02 1.0899200000000000e+00 1.7151275850000000e+03
1.4134069210000000e+03 4.6985674299999999e+02 1.0953599999999999e+00 1.7193121030000000e+03
1.4227712180000001e+03 4.7444711300000000e+02 1.1008000000000000e+00 1.7234923550000001e+03
1.4321582450000001e+03 4.7905548700000003e+02 1.1062399999999999e+00 1.7276683160000000e+03
1.4415679780000000e+03 4.8368179300000003e+02 1.1116800000000000e+00 1.7318399620000000e+03
1.4510003930000000e+03 4.8832595900000001e+02 1.1171199999999999e+00 1.7360072709999999e+03
1.4604554680000001e+03 4.9298791499999999e+02 1.1225600000000000e+00 1.7401702230000001e+03
1.4699331769999999e+03 4.9766759700000000e+02 1.1279999999999999e+00 1.7443288020000000e+03
1.4794334980000001e+03 5.0236493999999999e+02 1.1334400000000000e+00 1.7484829950000001e+03
1.4889564069999999e+03 5.0707988699999999e+02 1.1388799999999999e+00 1.7526327910000000e+03
1.4985018789999999e+03 5.1181238999999999e+02 1.1443200000000000e+00 1.7567781930000001e+03
1.5080698900000000e+03 5.1656242099999997e+02 1.1497599999999999e+00 1.7609192140000000e+03
1.5176604179999999e+03 5.2133000400000003e+02 1.1552000000000000e+00 1.7650559200000000e+03
1.5272734379999999e+03 5.2611533999999995e+02 1.1606399999999999e+00 1.7691885239999999e+03
1.5369089280000001e+03 5.3091778999999997e+02 1.1660800000000000e+00 1.7733165140000001e+03
1.5465668630000000e+03 5.3573716500000000e+02 1.1715199999999999e+00 1.7774397730000001e+03
1.5562472150000001e+03 5.4057339700000000e+02 1.1769600000000000e+00 1.7815582850000001e+03
1.5659499599999999e+03 5.4542641500000002e+02 1.1823999999999999e+00 1.7856720350000001e+03
1.5756750709999999e+03 5.5029614900000001e+02 1.1878400000000000e+00 1.7897810079999999e+03
1.5854225220000001e+03 5.5518253100000004e+02 1.1932799999999999e+00 1.7938851890000001e+03
1.5951922880000000e+03 5.6008549200000004e+02 1.1987200000000000e+00 1.7979845650000000e+03
1.6049843410000001e+03 5.6500496599999997e+02 1.2041599999999999e+00 1.8020791240000001e+03
1.6147986570000000e+03 5.6994088399999998e+02 1.2096000000000000e+00 1.8061688529999999e+03
1.6246352079999999e+03 5.7489317900000003e+02 1.2150399999999999e+00 1.8102537390000000e+03
1.6344939680000000e+03 5.7986178700000005e+02 1.2204800000000000e+00 1.8143337739999999e+03
1.6443749110000001e+03 5.8484664099999998e+02 1.2259199999999999e+00 1.8184089449999999e+03
1.6542780100000000e+03 5.8984767599999998e+02 1.2313600000000000e+00 1.8224792430000000e+03
1.6642032380000001e+03 5.9486482699999999e+02 1.2367999999999999e+00 1.8265446580000000e+03
1.6741505700000000e+03 5.9989803199999994e+02 1.2422400000000000e+00 1.8306051820000000e+03
1.6841199779999999e+03 6.0494722500000000e+02 1.2476799999999999e+00 1.8346608070000000e+03
1.6941114359999999e+03 6.1001234399999998e+02 1.2531200000000000e+00 1.8387115249999999e+03
1.7041249170000001e+03 6.1509332600000005e+02 1.2585599999999999e+00 1.8427573270000000e+03
1.7141603940000000e+03 6.2019011000000000e+02 1.2640000000000000e+00 1.8467982090000000e+03
1.7242178409999999e+03 6.2530263300000001e+02 1.2694399999999999e+00 1.8508341620000001e+03
1.7342972299999999e+03 6.3043083500000000e+02 1.2748800000000000e+00 1.8548651820000000e+03
1.7443985350000000e+03 6.3557465500000001e+02 1.2803199999999999e+00 1.8588912630000000e+03
1.7545217290000001e+03 6.4073403299999995e+02 1.2857600000000000e+00 1.8629123990000001e+03
1.7646667849999999e+03 6.4590890999999999e+02 1.2911999999999999e+00 1.8669285880000000e+03
1.7748336760000000e+03 6.5109922600000004e+02 1.2966400000000000e+00 1.8709398229999999e+03
1.7850223759999999e+03 6.5630492200000003e+02 1.3020799999999999e+00 1.8749461020000001e+03
1.7952328560000001e+03 6.6152593999999999e+02 1.3075200000000000e+00 1.8789474210000001e+03
1.8054650910000000e+03 6.6676222199999995e+02 1.3129599999999999e+00 1.8829437780000001e+03
1.8157190519999999e+03 6.7201371200000006e+02 1.3184000000000000e+00 1.8869351690000001e+03
1.8259947139999999e+03 6.7728035100000000e+02 1.3238399999999999e+00 1.8909215919999999e+03
1.8362920489999999e+03 6.8256208400000003e+02 1.3292800000000000e+00 1.8949030470000000e+03
1.8466110289999999e+03 6.8785885499999995e+02 1.3347199999999999e+00 1.8988795299999999e+03
1.8569516289999999e+03 6.9317060700000002e+02 1.3401600000000000e+00 1.9028510409999999e+03
1.8673138210000000e+03 6.9849728700000003e+02 1.3455999999999999e+00 1.9068175799999999e+03
1.8776975780000000e+03 7.0383883800000001e+02 1.3510400000000000e+00 1.9107791460000001e+03
1.8881028719999999e+03 7.0919520599999998e+02 1.3564799999999999e+00 1.9147357370000000e+03
1.8985296770000000e+03 7.1456633899999997e+02 1.3619200000000000e+00 1.9186873559999999e+03
1.9089779659999999e+03 7.1995218100000000e+02 1.3673599999999999e+00 1.9226340020000000e+03
1.9194477119999999e+03 7.2535268099999996e+02 1.3728000000000000e+00 1.9265756750000000e+03
1.9299388870000000e+03 7.3076778500000000e+02 1.3782399999999999e+00 1.9305123779999999e+03
1.9404514640000000e+03 7.3619744100000003e+02 1.3836800000000000e+00 1.9344441099999999e+03
1.9509854170000001e+03 7.4164159700000005e+02 1.3891199999999999e+00 1.9383708740000000e+03
1.9615407190000001e+03 7.4710020099999997e+02 1.3945600000000000e+00 1.9422926720000000e+03
1.9721173420000000e+03 7.5257320300000003e+02 1.3999999999999999e+00 1.9462095050000000e+03
