   5.00000024E-04   0.00000000       1.74237084E-05   13.0200005       1.74237084E-05
   1.00000005E-03   0.00000000       1.82350650E-05   13.0400000       3.56587734E-05
   1.50000001E-03   0.00000000       1.90750015E-05   13.0600004       5.47337768E-05
   2.00000009E-03   0.00000000       2.11450242E-05   13.0799999       7.58788010E-05
   2.50000018E-03   0.00000000       2.21547452E-05   13.1000004       9.80335462E-05
   3.00000003E-03   0.00000000       2.32004913E-05   13.1199999       1.21234036E-04
   3.50000011E-03   0.00000000       2.42827318E-05   13.1400003       1.45516766E-04
   4.00000019E-03   0.00000000       2.54019051E-05   13.1599998       1.70918676E-04
   4.50000027E-03   0.00000000       2.80683853E-05   13.1800003       1.98987065E-04
   5.00000035E-03   0.00000000       2.94007241E-05   13.1999998       2.28387784E-04
   5.50000044E-03   0.00000000       3.07768823E-05   13.2200003       2.59164663E-04
   6.00000005E-03   0.00000000       3.21964908E-05   13.2399998       2.91361153E-04
   6.50000013E-03   0.00000000       3.54717777E-05   13.2600002       3.26832931E-04
   7.00000022E-03   0.00000000       3.71411006E-05   13.2799997       3.63974017E-04
   7.50000030E-03   0.00000000       4.08466294E-05   13.3000002       4.04820661E-04
   8.00000038E-03   0.00000000       4.27918931E-05   13.3199997       4.47612547E-04
   8.50000046E-03   0.00000000       4.47871607E-05   13.3400002       4.92399733E-04
   9.00000054E-03   0.00000000       4.91108258E-05   13.3599997       5.41510584E-04
   9.50000063E-03   0.00000000       5.14015155E-05   13.3800001       5.92912082E-04
   1.00000007E-02   0.00000000       5.62359091E-05   13.3999996       6.49148016E-04
   1.05000008E-02   0.00000000       6.14519377E-05   13.4200001       7.10599939E-04
   1.10000009E-02   0.00000000       6.43259118E-05   13.4399996       7.74925866E-04
   1.15000010E-02   0.00000000       7.01026147E-05   13.4600000       8.45028495E-04
   1.20000001E-02   0.00000000       7.92982974E-05   13.4799995       9.24326770E-04
   1.25000002E-02   0.00000000       1.84942146E-05   13.5000000       9.42820974E-04
   1.30000003E-02   0.00000000       1.29276341E-05   13.5200005       9.55748605E-04
   1.35000004E-02   0.00000000       4.75749184E-05   13.5400000       1.00332347E-03
   1.40000004E-02   0.00000000       9.17043581E-05   13.5600004       1.09502778E-03
   1.45000005E-02   0.00000000       1.03429898E-04   13.5799999       1.19845767E-03
   1.50000006E-02   0.00000000       1.08283370E-04   13.6000004       1.30674103E-03
   1.55000007E-02   0.00000000       1.21401645E-04   13.6199999       1.42814266E-03
   1.60000008E-02   0.00000000       1.31283348E-04   13.6400003       1.55942596E-03
   1.64999999E-02   0.00000000       1.50773689E-04   13.6599998       1.71019963E-03
   1.70000009E-02   0.00000000       1.57822156E-04   13.6800003       1.86802179E-03
   1.75000001E-02   0.00000000       1.79683993E-04   13.6999998       2.04770570E-03
   1.80000011E-02   0.00000000       1.98254202E-04   13.7200003       2.24595983E-03
   1.85000002E-02   0.00000000       2.23542273E-04   13.7399998       2.46950216E-03
   1.90000013E-02   0.00000000       2.39497211E-04   13.7600002       2.70899944E-03
   1.95000004E-02   0.00000000       2.73891754E-04   13.7799997       2.98289116E-03
   2.00000014E-02   0.00000000       3.05035210E-04   13.8000002       3.28792632E-03
   2.05000006E-02   0.00000000       3.38442333E-04   13.8199997       3.62636871E-03
   2.10000016E-02   0.00000000       3.74178897E-04   13.8400002       4.00054781E-03
   2.15000007E-02   0.00000000       4.19452408E-04   13.8599997       4.42000013E-03
   2.20000017E-02   0.00000000       4.68152633E-04   13.8800001       4.88815270E-03
   2.25000009E-02   0.00000000       5.20403089E-04   13.8999996       5.40855573E-03
   2.30000019E-02   0.00000000       5.84505848E-04   13.9200001       5.99306170E-03
   2.35000011E-02   0.00000000       6.44945831E-04   13.9399996       6.63800770E-03
   2.40000002E-02   0.00000000       7.27212348E-04   13.9600000       7.36522023E-03
   2.45000012E-02   0.00000000       8.06563767E-04   13.9799995       8.17178376E-03
   2.50000004E-02   0.00000000       9.01152787E-04   14.0000000       9.07293614E-03
   2.55000014E-02   0.00000000       1.00266910E-03   14.0200005       1.00756055E-02
   2.60000005E-02   0.00000000       1.11134688E-03   14.0400000       1.11869527E-02
   2.65000015E-02   0.00000000       1.24980498E-03   14.0599995       1.24367578E-02
   2.70000007E-02   0.00000000       1.37541688E-03   14.0799999       1.38121750E-02
   2.75000017E-02   0.00000000       1.54553680E-03   14.1000004       1.53577123E-02
   2.80000009E-02   0.00000000       1.72843970E-03   14.1199999       1.70861520E-02
   2.85000019E-02   0.00000000       1.92447589E-03   14.1400003       1.90106276E-02
   2.90000010E-02   0.00000000       2.14785780E-03   14.1599998       2.11584847E-02
   2.95000020E-02   0.00000000       2.41577509E-03   14.1800003       2.35742591E-02
   3.00000012E-02   0.00000000       2.70294514E-03   14.1999998       2.62772050E-02
   3.05000022E-02   0.00000000       3.04130930E-03   14.2200003       2.93185152E-02
   3.10000014E-02   0.00000000       3.43623431E-03   14.2399998       3.27547491E-02
   3.15000005E-02   0.00000000       3.87584884E-03   14.2600002       3.66305970E-02
   3.20000015E-02   0.00000000       4.41698404E-03   14.2799997       4.10475805E-02
   3.25000025E-02   0.00000000       4.95932344E-03   14.3000002       4.60069031E-02
   3.29999998E-02   0.00000000       5.59727289E-03   14.3199997       5.16041741E-02
   3.35000008E-02   0.00000000       6.37819804E-03   14.3400002       5.79823703E-02
   3.40000018E-02   0.00000000       7.35822925E-03   14.3599997       6.53406009E-02
   3.45000029E-02   0.00000000       8.49140435E-03   14.3800001       7.38320053E-02
   3.50000001E-02   0.00000000       9.85732954E-03   14.3999996       8.36893320E-02
   3.55000012E-02   0.00000000       1.14520201E-02   14.4200001       9.51413512E-02
   3.60000022E-02   0.00000000       1.33158127E-02   14.4399996      0.108457163    
   3.65000032E-02   0.00000000       1.55177144E-02   14.4600000      0.123974875    
   3.70000005E-02   0.00000000       1.80530231E-02   14.4799995      0.142027900    
   3.75000015E-02   0.00000000       2.09367983E-02   14.5000000      0.162964702    
   3.80000025E-02   0.00000000       2.42367536E-02   14.5200005      0.187201455    
   3.85000035E-02   0.00000000       2.79940795E-02   14.5400000      0.215195537    
   3.90000008E-02   0.00000000       3.21254805E-02   14.5599995      0.247321010    
   3.95000018E-02   0.00000000       3.66816446E-02   14.5799999      0.284002662    
   4.00000028E-02   0.00000000       4.16470170E-02   14.6000004      0.325649679    
   4.05000001E-02   0.00000000       4.69937250E-02   14.6199999      0.372643411    
   4.10000011E-02   0.00000000       5.25493957E-02   14.6400003      0.425192803    
   4.15000021E-02   0.00000000       5.83502986E-02   14.6599998      0.483543098    
   4.20000032E-02   0.00000000       6.41923547E-02   14.6800003      0.547735453    
   4.25000004E-02   0.00000000       7.00212419E-02   14.6999998      0.617756724    
   4.30000015E-02   0.00000000       7.56740123E-02   14.7200003      0.693430722    
   4.35000025E-02   0.00000000       8.09470713E-02   14.7399998      0.774377823    
   4.40000035E-02   0.00000000       7.47290775E-02   14.7600002      0.849106908    
   4.45000008E-02   0.00000000       6.81362748E-02   14.7799997      0.917243183    
   4.50000018E-02   0.00000000       6.81597516E-02   14.8000002      0.985402942    
   4.55000028E-02   0.00000000       6.40427023E-02   14.8199997       1.04944563    
   4.60000038E-02   0.00000000       6.43921867E-02   14.8400002       1.11383784    
   4.65000011E-02   0.00000000       6.71794042E-02   14.8599997       1.18101728    
   4.70000021E-02   0.00000000       7.02367723E-02   14.8800001       1.25125408    
   4.75000031E-02   0.00000000       7.30921626E-02   14.8999996       1.32434630    
   4.80000004E-02   0.00000000       7.57191852E-02   14.9200001       1.40006554    
   4.85000014E-02   0.00000000       7.80519769E-02   14.9399996       1.47811747    
   4.90000024E-02   0.00000000       7.99496025E-02   14.9600000       1.55806708    
   4.95000035E-02   0.00000000       8.14614296E-02   14.9799995       1.63952851    
   5.00000007E-02   0.00000000       8.24113041E-02   15.0000000       1.72193980    
