130
230
573
658
1660
1776
1937
2308
2900
2972
3186
3321
3332
3431
3564
3814
3987
4157
4237
4288
4352
4370
4471
5131
5195
5430
5471
6167
6564
6600
7180
7572
7924
7961
8061
8413
8672
9055
9188
9294
9706
9848
10099
10180
10181
10256
10432
10470
10492
10889
10911
11071
11513
11717
11846
12103
12471
12597
12625
12849
12860
13251
13274
13448
14026
14463
14866
14984
15110
15127
15206
15732
16076
16184
16198
16252
16400
16552
16613
16834
16997
17147
17176
17435
17609
18046
18135
18173
18789
19230
19515
19618
19737
20583
20675
20832
21384
21451
21746
21760
