9.742712e-8	7.78799e-13	1.047129e-10	930.428808666363
9.969651e-8	8.092866e-13	1.0715190000000001e-10	930.4297850677403
1.020188e-7	8.409501e-13	1.096478e-10	930.4303501766565
1.043951e-7	8.73834e-13	1.1220180000000002e-10	930.4304728979391
1.068268e-7	9.079846e-13	1.148154e-10	930.4301338026083
1.093151e-7	9.434498e-13	1.174898e-10	930.4300752048265
1.118614e-7	9.802794e-13	1.202264e-10	930.4310890070733
1.14467e-7	1.018525e-12	1.230269e-10	930.4308124889759
1.171333e-7	1.05824e-12	1.258925e-10	930.4315844073315
1.198618e-7	1.09948e-12	1.28825e-10	930.4319773335923
1.226537e-7	1.142303e-12	1.318257e-10	930.4319438698221
1.255107e-7	1.186768e-12	1.348963e-10	930.4323896800727
1.284343e-7	1.232937e-12	1.380384e-10	930.4333644623524
1.314259e-7	1.280874e-12	1.412538e-10	930.4328865772108
1.344873e-7	1.330647e-12	1.4454399999999998e-10	930.4338516091987
1.376199e-7	1.382322e-12	1.479108e-10	930.4343044726957
1.408255e-7	1.435974e-12	1.513561e-10	930.4344917317505
1.441058e-7	1.491674e-12	1.548817e-10	930.4345941063405
1.474625e-7	1.549501e-12	1.584893e-10	930.435363781656
1.508974e-7	1.609534e-12	1.62181e-10	930.4358065001448
1.544122e-7	1.671855e-12	1.6595870000000001e-10	930.4355351964074
1.58009e-7	1.736551e-12	1.698244e-10	930.4360065514733
1.616896e-7	1.80371e-12	1.737801e-10	930.43682049901
1.654558e-7	1.873423e-12	1.7782789999999997e-10	930.4370878979058
1.693098e-7	1.945787e-12	1.8197010000000002e-10	930.4371750468895
1.732536e-7	2.0209e-12	1.862087e-10	930.4378415186832
1.772893e-7	2.098865e-12	1.905461e-10	930.4383499058758
1.814189e-7	2.179788e-12	1.9498450000000002e-10	930.4384696629733
1.856447e-7	2.263778e-12	1.9952619999999999e-10	930.4390289495815
1.89969e-7	2.350951e-12	2.041738e-10	930.4394146114731
1.94394e-7	2.441423e-12	2.089296e-10	930.4399253289146
1.989221e-7	2.535318e-12	2.1379620000000003e-10	930.4404630110357
2.035557e-7	2.632763e-12	2.187762e-10	930.4409381047847
2.082971e-7	2.733888e-12	2.238721e-10	930.441238046188
2.131491e-7	2.838831e-12	2.290868e-10	930.4418186949225
2.18114e-7	2.947732e-12	2.344229e-10	930.4421527589667
2.231946e-7	3.060738e-12	2.398833e-10	930.4426808285529
2.2839360000000003e-7	3.178e-12	2.454709e-10	930.4433967529349
2.337136e-7	3.299676e-12	2.511886e-10	930.443896243699
2.391576e-7	3.425927e-12	2.570396e-10	930.4442814531302
2.447283e-7	3.556923e-12	2.630268e-10	930.4445665726839
2.504289e-7	3.692838e-12	2.691535e-10	930.4452397535234
2.562622e-7	3.833852e-12	2.754229e-10	930.445630526728
2.622314e-7	3.980154e-12	2.818383e-10	930.4462174019641
2.683397e-7	4.131936e-12	2.884032e-10	930.4467909371325
2.745902e-7	4.289401e-12	2.951209e-10	930.4474518781965
2.809863e-7	4.452756e-12	3.019952e-10	930.4477447191213
2.875314e-7	4.622216e-12	3.090295e-10	930.448459503057
2.94229e-7	4.798006e-12	3.162278e-10	930.4488663109314
3.010826e-7	4.980355e-12	3.2359370000000006e-10	930.4494505146422
3.080958e-7	5.169504e-12	3.3113109999999996e-10	930.4501132753766
3.152724e-7	5.3657e-12	3.3884420000000004e-10	930.4505306568625
3.226162e-7	5.5692e-12	3.4673690000000003e-10	930.4512130090568
3.30131e-7	5.780271e-12	3.548134e-10	930.4518382648456
3.378209e-7	5.999186e-12	3.6307810000000007e-10	930.4524265881088
3.456899e-7	6.226231e-12	3.715352e-10	930.4532282028728
3.537422e-7	6.461702e-12	3.801894e-10	930.4537730457502
3.619821e-7	6.705902e-12	3.890451e-10	930.4546077100059
3.704139e-7	6.95915e-12	3.9810719999999997e-10	930.4550612247153
3.790421e-7	7.221772e-12	4.0738029999999993e-10	930.4556989427324
3.878713e-7	7.494107e-12	4.168694e-10	930.456382999088
3.969062e-7	7.776505e-12	4.265795e-10	930.4572219363565
4.061515e-7	8.069331e-12	4.365158e-10	930.4578879641928
4.156121e-7	8.372959e-12	4.466836e-10	930.4583220852522
4.252932e-7	8.68778e-12	4.570882e-10	930.4591275381862
4.351997e-7	9.014195e-12	4.677351000000001e-10	930.459814102042
4.453371e-7	9.352621e-12	4.786301e-10	930.4606054257767
4.557105e-7	9.703489e-12	4.897788e-10	930.4612684113728
4.6632559999999994e-7	1.006725e-11	5.011871999999999e-10	930.4620454193562
4.77188e-7	1.044435e-11	5.128614e-10	930.4627806849962
4.883034e-7	1.083529e-11	5.248075e-10	930.4635228917269
4.996777e-7	1.124055e-11	5.370318e-10	930.4643422419305
5.113169e-7	1.166065e-11	5.495409e-10	930.4649765831806
5.232273e-7	1.209611e-11	5.623413e-10	930.465886304278
5.354151e-7	1.254748e-11	5.754399000000001e-10	930.4666698989764
5.478868e-7	1.301533e-11	5.888436999999999e-10	930.4673130238125
5.606491e-7	1.350025e-11	6.025595999999999e-10	930.4682893609197
5.737086e-7	1.400285e-11	6.16595e-10	930.469113194236
5.870723e-7	1.452374e-11	6.309573e-10	930.4699759238857
6.007473e-7	1.506358e-11	6.456542e-10	930.4707745725187
6.147409e-7	1.562305e-11	6.606934000000001e-10	930.4717181222031
6.290604e-7	1.620283e-11	6.760829999999999e-10	930.4724461789453
6.437135e-7	1.680365e-11	6.918309999999999e-10	930.4733434176845
6.587079e-7	1.742624e-11	7.079458e-10	930.4742343834796
6.740516e-7	1.807139e-11	7.244359999999999e-10	930.4751163525833
6.897527e-7	1.873987e-11	7.413102e-10	930.4761216964235
7.058195e-7	1.943253e-11	7.585775999999999e-10	930.4768985137447
7.222606e-7	2.01502e-11	7.762471000000001e-10	930.4778725743387
7.390847e-7	2.089377e-11	7.943281999999999e-10	930.4788546724138
7.563007e-7	2.166414e-11	8.128305e-10	930.4798037721271
7.739177e-7	2.246226e-11	8.317638000000001e-10	930.4806992802523
7.919451e-7	2.32891e-11	8.51138e-10	930.4817657066186
8.103925e-7	2.414567e-11	8.709636e-10	930.482795917074
8.292695e-7	2.5033e-11	8.912509e-10	930.4838098901218
8.485863e-7	2.595218e-11	9.120107999999999e-10	930.4848716484498
8.68353e-7	2.690431e-11	9.332542999999998e-10	930.4858325431771
8.885802e-7	2.789054e-11	9.549926e-10	930.486886013567
9.092785e-7	2.891207e-11	9.772372e-10	930.4879225535009
9.304590000000001e-7	2.997011e-11	1.0000000000000003e-9	930.48897011
9.521329e-7	3.106595e-11	1.023293e-9	930.4900609600573
9.743117e-7	3.220089e-11	1.047129e-9	930.4907999778443
9.970071e-7	3.33763e-11	1.071519e-9	930.4925776397806
1.020231e-6	3.459357e-11	1.096478e-9	930.4934468087824
1.043996e-6	3.585415e-11	1.122018e-9	930.4947462072801
1.068315e-6	3.715955e-11	1.148154e-9	930.4955254695799
1.0932e-6	3.851132e-11	1.174898e-9	930.4965293327591
1.118665e-6	3.991105e-11	1.202264e-9	930.4985519403393
1.144723e-6	4.13604e-11	1.230269e-9	930.4992326068526
1.171388e-6	4.286109e-11	1.2589250000000002e-9	930.5009123577655
1.198674e-6	4.441488e-11	1.28825e-9	930.5013893887057
1.226596e-6	4.60236e-11	1.3182569999999998e-9	930.5029471491522
1.255168e-6	4.768913e-11	1.348963e-9	930.5041644062884
1.284406e-6	4.941343e-11	1.380384e-9	930.5058689683452
1.314324e-6	5.119851e-11	1.412538e-9	930.5060809054341
1.34494e-6	5.304646e-11	1.4454400000000001e-9	930.5076976284039
1.376269e-6	5.495944e-11	1.479108e-9	930.5094417987057
1.408328e-6	5.693966e-11	1.513561e-9	930.51085464015
1.441133e-6	5.898942e-11	1.548817e-9	930.5114738668287
1.474703e-6	6.11111e-11	1.584893e-9	930.5133602710088
1.509055e-6	6.330715e-11	1.62181e-9	930.5148612661162
1.544207e-6	6.558011e-11	1.659587e-9	930.5161947580934
1.580177e-6	6.79326e-11	1.6982440000000002e-9	930.5170120430279
1.616986e-6	7.036732e-11	1.7378010000000003e-9	930.5187229838168
1.654652e-6	7.288706e-11	1.778279e-9	930.520400375869
1.693196e-6	7.549472e-11	1.819701e-9	930.5218245854677
1.732637e-6	7.819327e-11	1.8620869999999998e-9	930.523221133062
1.772997e-6	8.098581e-11	1.905461e-9	930.5244168261643
1.814298e-6	8.38755e-11	1.949845e-9	930.5262087499264
1.85656e-6	8.686564e-11	1.995262e-9	930.5278533044784
1.8998069999999998e-6	8.995962e-11	2.041738e-9	930.5292645873271
1.944061e-6	9.316096e-11	2.089296e-9	930.5307438295005
1.989346e-6	9.647326e-11	2.1379620000000006e-9	930.5321952682041
2.035687e-6	9.990029e-11	2.187762e-9	930.5339887474048
2.083106e-6	1.034459e-10	2.238721e-9	930.5355360940467
2.13163e-6	1.071141e-10	2.290868e-9	930.536859434939
2.181285e-6	1.109089e-10	2.344229e-9	930.5387438257952
2.232096e-6	1.148347e-10	2.398833e-9	930.5403230237371
2.284091e-6	1.188959e-10	2.454709e-9	930.5420299921495
2.337297e-6	1.230969e-10	2.511886e-9	930.5438610271327
2.391743e-6	1.274425e-10	2.5703959999999997e-9	930.545504467016
2.447457e-6	1.319375e-10	2.630268e-9	930.5473577217227
2.504468e-6	1.365869e-10	2.691535e-9	930.5487712030496
2.562808e-6	1.413959e-10	2.754229e-9	930.5505809066713
2.622507e-6	1.463698e-10	2.818383e-9	930.5525082290093
2.683597e-6	1.515141e-10	2.8840319999999994e-9	930.5543468657769
2.746109e-6	1.568345e-10	2.9512089999999995e-9	930.5562006960538
2.810078e-6	1.623369e-10	3.019952e-9	930.5579482389123
2.875537e-6	1.680272e-10	3.0902949999999996e-9	930.5600362424946
2.942521e-6	1.739118e-10	3.162278e-9	930.5617380255626
3.011065e-6	1.799971e-10	3.235937e-9	930.5635422135845
3.081206e-6	1.862899e-10	3.311311e-9	930.5656550834398
3.152981e-6	1.927969e-10	3.388442e-9	930.5674398145223
3.226428e-6	1.995252e-10	3.467369e-9	930.5694101781495
3.301586e-6	2.064823e-10	3.548134e-9	930.5715292319851
3.378494e-6	2.136757e-10	3.630781e-9	930.5732501354393
3.457195e-6	2.211132e-10	3.7153519999999994e-9	930.575652912564
3.537728e-6	2.288028e-10	3.801894e-9	930.5774445052913
3.620138e-6	2.36753e-10	3.890451e-9	930.579707339843
3.704468e-6	2.449722e-10	3.981072e-9	930.5817559190086
3.790762e-6	2.534695e-10	4.073803e-9	930.5838965458075
3.879066e-6	2.622538e-10	4.168694e-9	930.5859949902775
3.969427e-6	2.713348e-10	4.265795000000001e-9	930.5881634724594
4.061893e-6	2.807222e-10	4.365158e-9	930.5903067426196
4.156514e-6	2.90426e-10	4.466836e-9	930.5925773858721
4.253338e-6	3.004567e-10	4.570882e-9	930.5946766291495
4.352418e-6	3.108249e-10	4.677351e-9	930.5970034962097
4.453806e-6	3.215419e-10	4.786301e-9	930.599129035136
4.538835e-6	3.306119e-10	4.877671e-9	930.6010208355586
4.675023e-6	3.30612e-10	5.024015000107458e-9	930.601045558184
4.772363e-6	3.407815e-10	5.128614e-9	930.6030404120879
4.883534e-6	3.525066e-10	5.248075000000001e-9	930.6053184453347
4.997294e-6	3.646249e-10	5.370318e-9	930.6075775959636
5.113705e-6	3.771492e-10	5.4954089999999994e-9	930.6099235197962
5.232827e-6	3.900928e-10	5.623413e-9	930.6122621262211
5.354725e-6	4.034695e-10	5.754399e-9	930.6147296181581
5.479462e-6	4.172934e-10	5.888437e-9	930.6169520706429
5.607105e-6	4.31579e-10	6.025596000000001e-9	930.6194074411893
5.737721e-6	4.463415e-10	6.16595e-9	930.6217762875144
5.871381e-6	4.615965e-10	6.309573e-9	930.6244014452324
6.008154e-6	4.773598e-10	6.456542e-9	930.6268525473853
6.148113e-6	4.936482e-10	6.606933999999999e-9	930.6293430810722
6.291332e-6	5.104787e-10	6.76083e-9	930.631664854759
6.437888e-6	5.278688e-10	6.918310000000001e-9	930.634196617382
6.587859e-6	5.458369e-10	7.079458e-9	930.6368986015597
6.741322e-6	5.644017e-10	7.24436e-9	930.6393389754237
6.898361e-6	5.835826e-10	7.413102e-9	930.642068947655
7.059059e-6	6.033995e-10	7.585776e-9	930.6447223725035
7.2235e-6	6.238732e-10	7.762471e-9	930.6474540387977
7.391771e-6	6.450248e-10	7.943282e-9	930.6500795011433
7.563963e-6	6.668763e-10	8.128305e-9	930.6528084637573
7.740166e-6	6.894505e-10	8.317637999999998e-9	930.6554878320024
7.920474e-6	7.127707e-10	8.51138e-9	930.6583386830338
8.104983e-6	7.36861e-10	8.709636e-9	930.6611505922866
8.293789e-6	7.617464e-10	8.912509e-9	930.6639405805929
8.486994e-6	7.874525e-10	9.120108e-9	930.6667697904454
8.684701e-6	8.140058e-10	9.332543e-9	930.669701259346
8.887013e-6	8.414337e-10	9.549926e-9	930.6725972222193
9.094038e-6	8.697645e-10	9.772371999999998e-9	930.6755580426126
9.305886e-6	8.990271e-10	1.e-8	930.67850271
9.522669e-6	9.292518e-10	1.023293e-8	930.6814618882372
9.744502e-6	9.604694e-10	1.047129e-8	930.6840388720016
9.971504e-6	9.927119e-10	1.071519e-8	930.6878097261924
0.00001020379	1.026012e-9	1.0964780000000002e-8	930.6904481439664
0.00001044149	1.060405e-9	1.1220179999999998e-8	930.6936613316362
0.00001068473	1.095924e-9	1.148154e-8	930.6962240256969
0.00001093364	1.132607e-9	1.174898e-8	930.6997379346973
0.00001118834	1.170491e-9	1.202264e-8	930.7032807270284
0.00001144898	1.209614e-9	1.230269e-8	930.7061800305462
0.00001171569	1.250016e-9	1.258925e-8	930.7099323629286
0.00001198861	1.291738e-9	1.28825e-8	930.7123413933631
0.00001226789	1.334822e-9	1.318257e-8	930.7156967116427
0.00001255368	1.379313e-9	1.3489630000000002e-8	930.7193238806401
0.00001284613	1.425255e-9	1.3803840000000001e-8	930.7232809855808
0.00001314539	1.472695e-9	1.4125379999999998e-8	930.7263022304534
0.00001345162	1.52168e-9	1.44544e-8	930.729859419969
0.00001376498	1.57226e-9	1.479108e-8	930.733405539014
0.00001408565	1.624487e-9	1.513561e-8	930.7371481559052
0.00001441378	1.678413e-9	1.548817e-8	930.7399397733883
0.00001474956	1.734091e-9	1.584893e-8	930.7438477550221
0.00001509316	1.791579e-9	1.6218099999999996e-8	930.7472255689632
0.00001544477	1.850934e-9	1.6595870000000003e-8	930.7508997117957
0.00001580457	1.912216e-9	1.6982440000000004e-8	930.7544861633544
0.00001617275	1.975486e-9	1.737801e-8	930.7582102899008
0.00001654951	2.040808e-9	1.778279e-8	930.7623161494905
0.00001693504	2.108247e-9	1.819701e-8	930.7654525111543
0.00001732956	2.17787e-9	1.8620870000000003e-8	930.7695005657631
0.00001773327	2.249748e-9	1.9054609999999996e-8	930.7731697473735
0.00001814639	2.323952e-9	1.949845e-8	930.7772644492253
0.00001856912	2.400556e-9	1.995262e-8	930.7810481029559
0.00001900171	2.479638e-9	2.041738e-8	930.7849311713843
0.00001944438	2.561274e-9	2.089296e-8	930.7891880327153
0.00001989735	2.645548e-9	2.137962e-8	930.7927618919325
0.00002036089	2.732543e-9	2.187762e-8	930.7969762250191
0.00002083522	2.822346e-9	2.238721e-8	930.801218463578
0.0000213206	2.915045e-9	2.290868e-8	930.8050505310651
0.00002181729	3.010733e-9	2.344229e-8	930.8092653490764
0.00002232555	3.109505e-9	2.398833e-8	930.8134207341653
0.00002284565	3.211459e-9	2.4547090000000004e-8	930.8175208955521
0.00002337787	3.316696e-9	2.5118860000000003e-8	930.8219678759307
0.00002392249	3.42532e-9	2.5703959999999997e-8	930.8260408123884
0.0000244798	3.53744e-9	2.6302680000000005e-8	930.8305252544607
0.00002505009	3.653165e-9	2.691535e-8	930.8347528454952
0.00002563367	3.77261e-9	2.754229e-8	930.8391789498985
0.00002623084	3.895894e-9	2.8183830000000005e-8	930.8435331181034
0.00002684193	4.023137e-9	2.8840320000000005e-8	930.8479634414597
0.00002746725	4.154466e-9	2.9512090000000002e-8	930.852557917789
0.00002810714	4.29001e-9	3.019952e-8	930.8568483869942
0.00002876195	4.429903e-9	3.090295e-8	930.8619372260578
0.000029432	4.574283e-9	3.162278e-8	930.8661124354026
0.00003011767	4.723291e-9	3.235937e-8	930.8708201364859
0.00003081931	4.877074e-9	3.311311e-8	930.8756282330471
0.0000315373	5.035783e-9	3.388442e-8	930.8802034386305
0.00003227202	5.199575e-9	3.4673690000000004e-8	930.8850478561699
0.00003302385	5.36861e-9	3.548134e-8	930.8898313874276
0.00003379321	5.543054e-9	3.630781000000001e-8	930.8948420188383
0.00003458048	5.723078e-9	3.715352e-8	930.8997661056071
0.0000353861	5.908859e-9	3.801894e-8	930.9046716978434
0.00003621049	6.100579e-9	3.890451e-8	930.9098245678972
0.00003705408	6.298425e-9	3.981072e-8	930.9145482674014
0.00003791733	6.502591e-9	4.073803e-8	930.9196490601042
0.0000388007	6.713277e-9	4.168694e-8	930.9249677956693
0.00003970464	6.930689e-9	4.265795e-8	930.9301241386424
0.00004062964	7.155039e-9	4.3651580000000004e-8	930.9352614269632
0.0000415762	7.386547e-9	4.466836000000001e-8	930.9405258442439
0.00004254481	7.625437e-9	4.570882e-8	930.9458313953413
0.00004353598	7.871944e-9	4.677351000000001e-8	930.9511290471894
0.00004455025	8.126309e-9	4.786301e-8	930.9564172625165
0.00004558815	8.388777e-9	4.897787999999999e-8	930.9618704811234
0.00004665024	8.659607e-9	5.011872e-8	930.9675029011116
0.00004773706	8.93906e-9	5.1286140000000005e-8	930.9727552122268
0.00004884922	9.22741e-9	5.248074999999999e-8	930.9784522896492
0.00004998728	9.524937e-9	5.370317999999999e-8	930.984067181869
0.00005115186	9.831929e-9	5.495409e-8	930.9897030230143
0.00005234357	1.014869e-8	5.623413e-8	930.9954415583561
0.00005356305	1.047552e-8	5.7543990000000006e-8	931.0012308844068
0.00005481094	1.081274e-8	5.888436999999999e-8	931.0068654890932
0.00005608791	1.116067e-8	6.025596e-8	931.0128105170013
0.000057394629999999996	1.151966e-8	6.16595e-8	931.0187345015772
0.00005873179	1.189006e-8	6.309573e-8	931.0246519059214
0.00006010011	1.227221e-8	6.456542e-8	931.0306075605178
0.00006150031	1.26665e-8	6.606934e-8	931.0366427150628
0.00006293314	1.30733e-8	6.76083e-8	931.0426870665287
0.00006439935	1.349302e-8	6.91831e-8	931.0488113426546
0.00006589972	1.392604e-8	7.079457999999999e-8	931.0549768075465
0.00006743505	1.43728e-8	7.24436e-8	931.0611675841619
0.00006900616	1.483373e-8	7.413102e-8	931.0676384865607
0.00007061387	1.530926e-8	7.585776e-8	931.0738843329938
0.00007225904	1.579987e-8	7.762470999999999e-8	931.0803205577195
0.00007394254	1.630602e-8	7.943281999999999e-8	931.0867475182173
0.00007566527	1.682821e-8	8.128305e-8	931.0932378890802
0.00007742814	1.736693e-8	8.317638000000002e-8	931.0997536800711
0.00007923208	1.792272e-8	8.51138e-8	931.1063860384567
0.00008107806	1.849609e-8	8.709636e-8	931.1130349190254
0.00008296705	1.908762e-8	8.912509e-8	931.1198184484302
0.00008490005	1.969786e-8	9.120108000000001e-8	931.1265596854773
0.00008687809	2.03274e-8	9.332543e-8	931.1333191821351
0.00008890223	2.097686e-8	9.549926000000002e-8	931.1402712439865
0.00009097352	2.164686e-8	9.772372e-8	931.1471857600181
0.00009309308	2.233804e-8	9.999999999999998e-8	931.1541804000001
0.00009526202	2.305107e-8	1.0232929999999999e-7	931.1611734859908
0.00009748151	2.378664e-8	1.0471290000000001e-7	931.1679519906335
0.0000997527	2.454544e-8	1.071519e-7	931.1756995442918
0.0001020768	2.532822e-8	1.0964780000000002e-7	931.1826431538069
0.0001044551	2.613572e-8	1.1220180000000002e-7	931.1903705644651
0.0001068888	2.696873e-8	1.148154e-7	931.1971105792429
0.0001093792	2.782803e-8	1.174898e-7	931.2044792824568
0.0001119276	2.871447e-8	1.202264e-7	931.2123998556058
0.0001145354	2.962888e-8	1.230269e-7	931.2193421113595
0.000117204	3.057214e-8	1.2589249999999996e-7	931.2276119705305
0.0001199348	3.154517e-8	1.28825e-7	931.2349712400544
0.0001227291	3.254889e-8	1.318257e-7	931.242154526773
0.0001255886	3.358427e-8	1.348963e-7	931.2500362871333
0.0001285148	3.465231e-8	1.3803839999999998e-7	931.2586375240514
0.0001315091	3.575401e-8	1.412538e-7	931.265948314311
0.0001345732	3.689045e-8	1.44544e-7	931.2741480102943
0.0001377086	3.806271e-8	1.479108e-7	931.281980152903
0.0001409172	3.927191e-8	1.513561e-7	931.2903273141949
0.0001442005	4.051922e-8	1.548817e-7	931.2980114500293
0.0001475603	4.180582e-8	1.584893e-7	931.3064403716844
0.0001509984	4.313295e-8	1.62181e-7	931.314598812438
0.0001522496	4.361852e-8	1.6352440000000002e-7	931.3180083216938
0.0001581168	4.397829e-8	1.698244e-7	931.3195176311532
0.0001618009	4.537383e-8	1.7378009999999998e-7	931.3280049326708
0.0001655708	4.681333e-8	1.778279e-7	931.336496297825
0.0001694285	4.829814e-8	1.8197010000000003e-7	931.3442051194124
0.0001733762	4.982969e-8	1.862087e-7	931.3529909719579
0.0001774158	5.140945e-8	1.905461e-7	931.3610168352959
0.0001815496	5.303892e-8	1.949845e-7	931.3696161489759
0.0001857796	5.471966e-8	1.995262e-7	931.378032859845
0.0001901083	5.645329e-8	2.0417380000000003e-7	931.3866582783883
0.0001945378	5.824145e-8	2.089296e-7	931.3952711822548
0.0001990706	6.008585e-8	2.1379619999999998e-7	931.4042337983557
0.000203709	6.198825e-8	2.1877620000000004e-7	931.4129610533503
0.0002084554	6.395048e-8	2.238721e-7	931.421782705393
0.0002133125	6.597441e-8	2.290868e-7	931.4306822130301
0.0002182827	6.806196e-8	2.3442290000000002e-7	931.4395562890827
0.0002233688	7.021512e-8	2.398833e-7	931.4488133188096
0.0002285734	7.243597e-8	2.454709e-7	931.458009768164
0.0002338992	7.47266e-8	2.511886e-7	931.4671390341758
0.0002393492	7.708921e-8	2.570396e-7	931.4762752898774
0.0002449262	7.952605e-8	2.630268e-7	931.4857879501252
0.0002506332	8.203945e-8	2.691535e-7	931.4953714144532
0.0002564731	8.463179e-8	2.754229e-7	931.5047216117468
0.0002624491	8.730556e-8	2.818383e-7	931.5142958213982
0.0002685644	9.006329e-8	2.884032e-7	931.5238641249474
0.0002748222	9.290762e-8	2.951209e-7	931.5338480602355
0.0002812258	9.584125e-8	3.019952e-7	931.5434193987189
0.0002877787	9.886699e-8	3.090295e-7	931.5536768819806
0.0002944843	1.019877e-7	3.1622779999999993e-7	931.5635364759203
0.0003013461	1.052064e-7	3.235937e-7	931.5734713005846
0.0003083678	1.085261e-7	3.311311e-7	931.5836721467721
0.0003155532	1.119499e-7	3.388442e-7	931.5937823341818
0.000322906	1.154813e-7	3.4673689999999997e-7	931.603995132909
0.0003304302	1.191234e-7	3.548134e-7	931.6145427427488
0.0003381298	1.228797e-7	3.630781e-7	931.6251233550028
0.0003460087	1.267539e-7	3.715352e-7	931.6356940069205
0.0003540713	1.307497e-7	3.801894e-7	931.646304973258
0.0003623218	1.348707e-7	3.890451e-7	931.6572055527752
0.0003707645	1.39121e-7	3.9810719999999996e-7	931.6677040756862
0.000379404	1.435046e-7	4.073803e-7	931.6785927056364
0.0003882449	1.480256e-7	4.1686939999999994e-7	931.6896985002976
0.0003972918	1.526884e-7	4.2657950000000004e-7	931.7008632622992
0.0004065495	1.574974e-7	4.365158e-7	931.7119733123062
0.000416023	1.624571e-7	4.466836e-7	931.7231640024393
0.0004257172	1.675723e-7	4.570882e-7	931.7343398932635
0.0004356374	1.728478e-7	4.677351e-7	931.7458702586143
0.0004457888	1.782886e-7	4.786301e-7	931.7572977545709
0.0004561768	1.839e-7	4.897788e-7	931.7689944930241
0.0004668068	1.896872e-7	5.011872000000001e-7	931.7805546510366
0.0004776847	1.956557e-7	5.128614e-7	931.7924018068038
0.000488816	2.018113e-7	5.248074999999999e-7	931.80415923934
0.0005002068	2.081596e-7	5.370318e-7	931.8162529667703
0.000511863	2.147069e-7	5.495409e-7	931.8281985926798
0.0005237909	2.214592e-7	5.623413e-7	931.8404307135186
0.0005359968	2.28423e-7	5.754399e-7	931.8526973885542
0.0005484872	2.35605e-7	5.888437e-7	931.864949900967
0.0005612686	2.430119e-7	6.025596e-7	931.8772979469582
0.000574348	2.506507e-7	6.165950000000001e-7	931.8898964474249
0.0005877322	2.585287e-7	6.309573e-7	931.9025688426141
0.0006014284	2.666534e-7	6.456542e-7	931.9153401309865
0.0006154438	2.750324e-7	6.606934e-7	931.9282323692048
0.0006297858	2.836738e-7	6.76083e-7	931.9410099055883
0.0006444621	2.925858e-7	6.918309999999999e-7	931.9540260554962
0.0006594805	3.017767e-7	7.079458e-7	931.9672165581036
0.0006748489	3.112553e-7	7.244360000000001e-7	931.9804030997907
0.0006905755	3.210305e-7	7.413102e-7	931.9938272804017
0.0007066687	3.311117e-7	7.585776e-7	932.0072352518714
0.0007231369	3.415085e-7	7.762470999999999e-7	932.0207553754467
0.000739989	3.522305e-7	7.943282000000001e-7	932.0344292195593
0.0007707905	3.569864e-7	8.273756e-7	932.0404014815036
0.0007748804	3.595303e-7	8.317637999999999e-7	932.0433641137063
0.0007929382	3.708164e-7	8.51138e-7	932.0568655141705
0.0008114169	3.824555e-7	8.709635999999999e-7	932.07035919756
0.0008303263	3.944589e-7	8.912509000000001e-7	932.0840617383948
0.0008420832	4.019687e-7	9.038643999999999e-7	932.0924341084792
0.0008694773	4.088093e-7	9.332543e-7	932.0997602689856
0.0008897397	4.216374e-7	9.549926e-7	932.1133351190365
0.0009104744	4.348669e-7	9.772372e-7	932.1270894108411
0.0009316923	4.485103e-7	1.e-6	932.1408103
0.0009534047999999999	4.625804e-7	1.023293e-6	932.154700950754
0.0009756234	4.770906e-7	1.047129e-6	932.1683294035405
0.0009983599	4.920546e-7	1.071519e-6	932.1831480356392
0.001021626	5.074866e-7	1.096478e-6	932.1969858036367
0.001045435	5.234013e-7	1.122018e-6	932.2117838572999
0.001069799	5.398137e-7	1.1481539999999999e-6	932.2258283296492
0.00109473	5.567393e-7	1.174898e-6	932.2398534170626
0.001120243	5.741942e-7	1.2022639999999998e-6	932.2554731739451
0.00114635	5.921948e-7	1.230269e-6	932.2694425365507
0.001173066	6.107583e-7	1.2589250000000002e-6	932.2848925074964
0.001200405	6.299022e-7	1.28825e-6	932.2995553658066
0.001228381	6.496446e-7	1.3182569999999998e-6	932.3149011156398
0.001257009	6.700042e-7	1.348963e-6	932.3302449362956
0.001286304	6.910003e-7	1.3803840000000001e-6	932.3456373733686
0.001316283	7.126527e-7	1.4125380000000002e-6	932.3612198043521
0.00134696	7.34982e-7	1.44544e-6	932.3769800199246
0.001378352	7.580093e-7	1.479108e-6	932.3930431719658
0.001410476	7.817563e-7	1.513561e-6	932.4089060830717
0.001443348	8.062455e-7	1.5488170000000002e-6	932.4240665617693
0.001476987	8.315002e-7	1.584893e-6	932.4405497405818
0.00151141	8.575441e-7	1.62181e-6	932.4566651457322
0.001546636	8.84402e-7	1.6595870000000002e-6	932.4732008626243
0.001582683	9.120992e-7	1.6982439999999998e-6	932.4897359861128
0.00161957	9.406619e-7	1.7378009999999997e-6	932.5064618445956
0.001657316	9.701172e-7	1.7782789999999998e-6	932.523027713874
0.001695943	1.000493e-6	1.8197010000000002e-6	932.5397375722715
0.001735471	1.031818e-6	1.8620869999999998e-6	932.5572961950758
0.001739608	1.03511e-6	1.866524e-6	932.5586544828782
0.00181731	1.051185e-6	1.949845e-6	932.567042508507
0.001859665	1.084093e-6	1.995262e-6	932.5838376113012
0.001903008	1.11803e-6	2.041738e-6	932.6005736289377
0.001947361	1.153027e-6	2.089296e-6	932.6175070454354
0.001992748	1.189118e-6	2.137962e-6	932.6344986487131
0.002039193	1.226336e-6	2.1877619999999994e-6	932.6514200356346
0.002086721	1.264716e-6	2.238721e-6	932.6690177114523
0.002135357	1.304296e-6	2.290868e-6	932.6863424693173
0.002185127	1.345112e-6	2.3442290000000005e-6	932.7041479309399
0.002236057	1.387203e-6	2.398833e-6	932.721953966783
0.002288174	1.430608e-6	2.4547090000000004e-6	932.7397292306338
0.002341506	1.47537e-6	2.511886e-6	932.7578441059826
0.002396082	1.52153e-6	2.5703960000000003e-6	932.7759341362187
0.00245193	1.569131e-6	2.630268e-6	932.7943506137017
0.00250908	1.618219e-6	2.691535e-6	932.812770036429
0.002567562	1.66884e-6	2.7542290000000004e-6	932.8312351659937
0.002627408	1.721042e-6	2.818383e-6	932.850163373821
0.002688649	1.774875e-6	2.8840319999999994e-6	932.8689400811087
0.002751317	1.830388e-6	2.951209e-6	932.8879750637791
0.002815447	1.887635e-6	3.019952e-6	932.9070909074052
0.002881072	1.94667e-6	3.090295e-6	932.9266849928567
0.002948227	2.007549e-6	3.1622780000000004e-6	932.9459803976753
0.003016947	2.070328e-6	3.235937e-6	932.9654217619192
0.00308727	2.135068e-6	3.311311e-6	932.9854755412584
0.003159232	2.201829e-6	3.388442e-6	933.0051477935878
0.003232872	2.270675e-6	3.467369e-6	933.0252058549291
0.003308229	2.34167e-6	3.548134e-6	933.0455585950249
0.003385343	2.414882e-6	3.630781e-6	933.0658836211823
0.003464255	2.49038e-6	3.715352e-6	933.0866577379478
0.003545007	2.568235e-6	3.801894e-6	933.1073499155948
0.003627641	2.648521e-6	3.890451e-6	933.1281954200168
0.003712203	2.731313e-6	3.981072e-6	933.1492404558369
0.003798736	2.81669e-6	4.073803e-6	933.170477315668
0.003887286	2.904733e-6	4.168694e-6	933.191722155668
0.003977901	2.995524e-6	4.265795e-6	933.2132753683661
0.004070629	3.089149e-6	4.365158e-6	933.2349823305365
0.00416552	3.185697e-6	4.466836e-6	933.2569400354076
0.004262622	3.285258e-6	4.570882e-6	933.2787978337661
0.004361989	3.387928e-6	4.677351e-6	933.3011202280951
0.004463673	3.493802e-6	4.786301e-6	933.3234165590504
0.004567728	3.602982e-6	4.897788e-6	933.346029268723
0.00467421	3.715569e-6	5.011872000000001e-6	933.368922630107
0.004783174	3.83167e-6	5.128614e-6	933.3916863308489
0.004894679	3.951396e-6	5.2480750000000006e-6	933.4147084407139
0.005008784	4.074858e-6	5.370318000000001e-6	933.4379934298116
0.00512555	4.202174e-6	5.495409e-6	933.4613991424478
0.005245039	4.333463e-6	5.623413e-6	933.4851384737347
0.005367314	4.46885e-6	5.754399000000001e-6	933.5089294294677
0.00549244	4.608463e-6	5.888436999999999e-6	933.5326951787038
0.005620485	4.752432e-6	6.025596e-6	933.5570177622263
0.005751515	4.900895e-6	6.165950000000001e-6	933.5813451292987
0.005885601	5.053992e-6	6.309573000000001e-6	933.6059654116054
0.006022814	5.211866e-6	6.456542e-6	933.6307060342826
0.006163226	5.374667e-6	6.606934e-6	933.655560506583
0.006306914	5.542549e-6	6.76083e-6	933.680709173282
0.006349596	5.592666e-6	6.8065439999999995e-6	933.6880311065352
0.006604413	5.624687e-6	7.079458e-6	933.6926198305013
0.006758382	5.800371e-6	7.24436e-6	933.7170393243848
0.006915942	5.981537e-6	7.413101999999999e-6	933.7418447769908
0.007077177	6.168356e-6	7.5857760000000005e-6	933.7667439692393
0.007242171	6.361006e-6	7.762471e-6	933.7918307198829
0.007411014	6.559667e-6	7.943282e-6	933.8172391462371
0.007583794	6.764527e-6	8.128305e-6	933.8427294497438
0.007760603	6.97578e-6	8.317638e-6	933.8683385836218
0.007941535	7.193624e-6	8.511379999999998e-6	933.8942244383402
0.008126688	7.418266e-6	8.709636e-6	933.9203459249043
0.008316158	7.649917e-6	8.912509000000001e-6	933.9466492544357
0.008510047	7.888797e-6	9.120108e-6	933.9731280594484
0.008708458	8.13513e-6	9.332543e-6	933.999782267277
0.008911497	8.389149e-6	9.549926e-6	934.0267295264908
0.009119271	8.651094e-6	9.772372e-6	934.053891317277
0.00933189	8.921211e-6	0.00001	934.0811211
0.009549469	9.199757e-6	0.00001023293	934.1086821663004
0.009772122	9.486993e-6	0.00001047129	934.1360035869504
0.009999969	9.783191e-6	0.000010715190000000001	934.1646943264655
0.01023313	0.00001008863	0.00001096478	934.1928091580496
0.01047173	0.0000104036	0.00001122018	934.2215187278636
0.01071589	0.0000107284	0.00001148154	934.2490989884633
0.01096575	0.00001106332	0.00001174898	934.2779815779753
0.01122144	0.0000114087	0.00001202264	934.3079972451973
0.01148309	0.00001176485	0.000012302690000000001	934.3367060374601
0.01175084	0.00001213212	0.00001258925	934.3663935500526
0.01202484	0.00001251084	0.000012882499999999999	934.3955629730254
0.01230523	0.00001290138	0.00001318257	934.4256377929341
0.01259216	0.0000133041	0.000013489630000000003	934.4558820367942
0.01288579	0.00001371938	0.00001380384	934.487025349468
0.01318626	0.00001414762	0.00001412538	934.5169914012932
0.01349374	0.00001458922	0.000014454400000000002	934.5479037524906
0.0138084	0.00001504459	0.00001479108	934.5798001227768
0.01413039	0.00001551417	0.000015135610000000002	934.6107735334089
0.0144599	0.0000159984	0.00001548817	934.6422721341514
0.01479709	0.00001649773	0.00001584893	934.6743111364617
0.01514215	0.00001701264	0.0000162181	934.7064477343215
0.01549526	0.00001754362	0.00001659587	934.7388006775179
0.01561285	0.00001772134	0.00001672167	934.7494203629183
0.01622636	0.00001772535	0.00001737801	934.7494534759734
0.01660474	0.00001827855	0.00001778279	934.7812435506464
0.01699195	0.00001884901	0.00001819701	934.8128626626021
0.01738819	0.00001943727	0.00001862087	934.8450029456195
0.01779367	0.00002004387	0.00001905461	934.8768549972947
0.01820861	0.0000206694	0.00001949845	934.9091543173945
0.01863323	0.00002131444	0.000019952619999999997	934.942099834508
0.01906776	0.0000219796	0.00002041738	934.9749869963726
0.01951243	0.0000226655	0.00002089296	935.0085148298758
0.01996746	0.0000233728	0.00002137962	935.0415395596367
0.02043312	0.00002410216	0.00002187762	935.0753034379425
0.02090964	0.00002485428	0.00002238721	935.1095683651514
0.02139727	0.00002562985	0.000022908679999999995	935.1433539601584
0.02189629	0.00002642961	0.00002344229	935.1782445315708
0.02240694	0.00002725432	0.00002398833	935.2128439120188
0.02292951	0.00002810475	0.00002454709	935.2479153333451
0.02346427	0.00002898171	0.00002511886	935.2833572064974
0.02401151	0.00002988602	0.00002570396	935.3187610002506
0.02457152	0.00003081853	0.00002630268	935.354820497379
0.02514459	0.00003178013	0.000026915349999999996	935.3907762670744
0.02573104	0.00003277172	0.00002754229	935.4273635198816
0.02633116	0.00003379424	0.00002818383	935.4638542738867
0.02694529	0.00003484865	0.000028840319999999997	935.5006688552693
0.02757376	0.00003593595	0.00002951209	935.5384843974113
0.02821688	0.00003705715	0.00003019952	935.5757028588533
0.02887501	0.00003821333	0.00003090295	935.6136980450085
0.0295485	0.00003940557	0.00003162278	935.6516274027774
0.03023771	0.00004063499	0.00003235937	935.6901877261517
0.03094299	0.00004190275	0.00003311311	935.7288623750533
0.03166474	0.00004321006	0.00003388442	935.7678266294656
0.03240333	0.00004455813	0.00003467368999999999	935.8071820449453
0.03315915	0.00004594825	0.00003548134	935.8467929903436
0.03393262	0.00004738172	0.000036307810000000006	935.8868441803568
0.03472413	0.0000488599	0.00003715352	935.9271988226151
0.03553411	0.00005038418	0.00003801894	935.9675514362053
0.03561557	0.00005053811	0.00003810597000000001	935.9716629703953
0.03721117	0.00005064854	0.00003981072	935.9744948094383
0.03807912	0.0000522286	0.00004073803	936.0135627569622
0.03896734	0.00005385794	0.000041686940000000005	936.05330446418
0.03987628	0.00005553809	0.00004265795	936.0932274054426
0.04080643	0.00005727064	0.00004365157999999999	936.1333688265122
0.04175829	0.00005905722	0.00004466836	936.1737753523972
0.04273236	0.00006089952	0.00004570882000000001	936.2144881447387
0.04372916	0.00006279928	0.00004677351	936.2555703003687
0.04474923	0.00006475828	0.00004786301	936.2969081969563
0.04579311	0.00006677837	0.00004897788000000001	936.3387792611684
0.04686135	0.00006886146	0.00005011872	936.3808864232766
0.04795452	0.00007100952	0.00005128614	936.4231646210848
0.0490732	0.00007322456	0.000052480750000000004	936.465743343988
0.05021799	0.00007550868	0.00005370318	936.5087631682146
0.05138951	0.00007786403	0.00005495409	936.5522025749129
0.0543213	0.00007956368	0.00005808442	936.5827132301572
0.05507053	0.00008102877	0.000058884370000000006	936.6077750343596
0.05635521	0.00008355627	0.00006025596	936.6503540894545
0.05766986	0.0000861626	0.0000616595	936.6930091875544
0.05901521	0.0000888502	0.00006309573	936.736292614413
0.06039195	0.00009162162	0.00006456542	936.7796510887716
0.06180083	0.00009447946	0.00006606934	936.8234866581079
0.06324259	0.00009742642	0.00006760830000000001	936.8674618353073
0.064718	0.0001004653	0.0000691831	936.9118368503291
0.06622785	0.0001035989	0.00007079458	936.9565989373764
0.06777295	0.0001068303	0.0000724436	937.0017544683036
0.06935411	0.0001101624	0.00007413101999999999	937.0473035444542
0.0709025	0.0001134499	0.0000757834	937.0911030647873
0.07432237	0.0001161892	0.00007943282	937.12597890897
0.0760563	0.0001198131	0.00008128305	937.1709489247758
0.07783072	0.0001235501	0.00008317637999999999	937.2164321169063
0.07964655	0.0001274036	0.00008511380000000001	937.262272392961
0.08150477	0.0001313772	0.00008709636	937.3083697183213
0.08340637	0.0001354748	0.00008912509	937.3549558266924
0.08535236	0.0001397002	0.00009120108	937.4018399782108
0.08734377	0.0001440573	0.00009332543	937.4489600530103
0.08938168	0.0001485503	0.00009549926000000002	937.4965868845475
0.09146716	0.0001531833	0.00009772372000000001	937.5445725971136
0.09360132	0.0001579609	0.00010000000000000002	937.592809
0.09578532	0.0001628874	0.0001023293	937.6415884795459
0.09802029	0.0001679676	0.00010471289999999999	937.69017570901
0.1003075	0.0001732062	0.0001071519	937.7407792115678
0.1008452	0.0001744436	0.0001077254	937.7513901085538
0.105043	0.0001766863	0.0001122018	937.7718209511792
0.107494	0.0001821968	0.00011481539999999999	937.8201600133781
0.1100021	0.0001878791	0.0001174898	937.8684711353667
0.1125689	0.0001937385	0.0001202264	937.9191134393112
0.1151955	0.0001997807	0.0001230269	937.9678810081374
0.1178835	0.0002060113	0.0001258925	938.0186373294678
0.1206342	0.0002124361	0.000128825	938.06820182418
0.1234492	0.0002190613	0.0001318257	938.1195115975111
0.1263299	0.0002258931	0.00013489629999999998	938.1709735552421
0.1292778	0.0002329379	0.0001380384	938.2225373519253
0.1322946	0.0002402024	0.0001412538	938.2742439495433
0.1353818	0.0002476934	0.000144544	938.3266922182864
0.1385411	0.000255418	0.0001479108	938.3798748975736
0.1417742	0.0002633835	0.0001513561	938.4331619274014
0.1450827	0.0002715973	0.0001548817	938.4859366858708
0.1484686	0.0002800673	0.0001584893	938.5407551172225
0.1519335	0.0002888014	0.000162181	938.5951584957547
0.1554793	0.0002978078	0.00016595869999999998	938.649843605668
0.1580418	0.000304359	0.0001686886	938.6891526754032
0.1666209	0.0003123413	0.0001778279	938.7348177648163
0.1705093	0.0003220817	0.0001819701	938.7881948737733
0.1744886	0.0003321258	0.0001862087	938.8429530951023
0.1785609	0.0003424831	0.0001905461	938.8981621770271
0.1827282	0.0003531634	0.0001949845	938.9534214258057
0.1869928	0.0003641767	0.0001995262	939.0093967609266
0.1913571	0.0003755334	0.00020417380000000001	939.0658027621565
0.1958232	0.0003872442	0.00020892960000000002	939.1222890389873
0.2003937	0.0003993201	0.00021379619999999997	939.1795555767595
0.2050709	0.0004117726	0.0002187762	939.2368667158494
0.2098573	0.0004246134	0.0002238721	939.2948625576836
0.2147556	0.0004378545	0.0002290868	939.3533564570284
0.2195833	0.0004510029	0.00023422600000000003	939.4102401099792
0.2301469	0.0004577091	0.0002454709	939.4376649126231
0.2355185	0.0004719822	0.0002511886	939.4951928550897
0.2410156	0.0004867003	0.00025703960000000007	939.5528949624882
0.2466411	0.0005018774	0.0002630268	939.611390930506
0.2477387	0.0005048519	0.0002641949	939.622800818638
0.252398	0.0005128182	0.0002691535	939.6527193590274
0.2582891	0.0005205402	0.00027542290000000003	939.6809059813108
0.2643176	0.0005274976	0.00028183829999999996	939.7058440957101
0.2704868	0.0005340658	0.0002884032	939.7290522435256
0.2767997	0.0005404122	0.00029512090000000004	939.7508349967759
0.2832599	0.0005466289	0.0003019952	939.7716549799468
0.2898706	0.0005527728	0.0003090295	939.7917441538751
0.2966355	0.0005588853	0.0003162277999999999	939.811064365625
0.3035582	0.0005650021	0.0003235937	939.8304172794464
0.3106422	0.0005711428	0.00033113110000000006	939.8493309749521
0.3178913	0.0005773289	0.0003388442	939.867434354786
0.3253095	0.0005835763	0.0003467369	939.8857643936944
0.3329006	0.0005899026	0.0003548134	939.9039117462869
0.3406687	0.0005963157	0.00036307810000000006	939.9217845967576
0.3486178	0.0006028331	0.0003715352	939.9395618503979
0.3567523	0.0006094621	0.0003801894	939.9571952821411
0.3650764	0.0006162136	0.00038904510000000006	939.9748604981788
0.3735945	0.0006230992	0.0003981072	939.9920403348646
0.3823113	0.0006301256	0.0004073803	940.0096803895525
0.3912312	0.0006373026	0.0004168694	940.0270266898937
0.4003591	0.0006446377	0.0004265795	940.0445584000169
0.4096997	0.0006521454	0.00043651579999999995	940.0618383114655
0.4192582	0.0006598278	0.00044668359999999995	940.079348782897
0.4290394	0.0006677003	0.0004570882	940.0966822158175
0.4390486	0.0006757658	0.00046773510000000003	940.1141068951208
0.4492912	0.0006840339	0.0004786301	940.1315000874371
0.4597726	0.0006925184	0.0004897788	940.1491416124993
0.4814738	0.0007011234	0.0005128614	940.1661411835635
0.4927052	0.0007103862	0.0005248075	940.1839459230289
0.5041984	0.000719897	0.0005370318000000002	940.2018595546855
0.5159596	0.0007296677	0.0005495409000000001	940.2198593407696
0.5279949	0.0007397086	0.0005623413	940.2379099667764
0.5403108	0.0007500283	0.0005754399	940.2560168316447
0.5529139	0.00076064	0.0005888437	940.2742017958244
0.5658108	0.0007715486	0.0006025596	940.2926259908562
0.5790083	0.0007827725	0.000616595	940.311018577835
0.5925135	0.0007943171	0.0006309573	940.3295866455622
0.6063335	0.0008061996	0.0006456542	940.3480990288608
0.6204758	0.0008184282	0.0006606934	940.3669360099557
0.6349477	0.0008310163	0.0006760829999999998	940.3855980700596
0.6497571	0.0008439751	0.000691831	940.4046293097592
0.6649117	0.0008573187	0.0007079458	940.4237142165404
0.6804196	0.0008710643	0.000724436	940.4428607910154
0.696289	0.000885219	0.0007413102	940.4621965271759
0.7125285	0.0008998009	0.0007585776000000001	940.4816341795487
0.7291465	0.000914823	0.0007762470999999999	940.5011922105732
0.746152	0.0009303016	0.0007943282	940.5209353010506
0.763554	0.0009462505	0.0008128305	940.5408021721624
0.7813617	0.0009626869	0.0008317638	940.5607540265639
0.7995845	0.0009796285	0.000851138	940.5808793638635
0.8182323	0.0009970903	0.0008709636	940.6011804626507
0.8373148	0.001015088	0.0008912509	940.6216453750567
0.8568422	0.001033644	0.0009120108	940.6421985353682
0.8768249	0.001052771	0.0009332543	940.6628729168459
0.8972736	0.001072492	0.0009549926	940.6838251940383
0.918199	0.001092826	0.0009772372	940.7049035791924
0.9396123	0.001113792	0.001	940.7260919999999
0.9615248	0.001135411	0.001023293	940.7473822258141
0.9839483000000001	0.001157703	0.001047129	940.7685232669519
1.006895	0.001180692	0.001071519	940.7912430857504
1.030376	0.001204401	0.0010964779999999997	940.8126756761195
1.054405	0.001228849	0.001122018	940.8350391883197
1.078994	0.001254065	0.001148154	940.8564225704914
1.104157	0.001280069	0.001174898	940.8791818523822
1.129906	0.001306894	0.001202264	940.9022427686433
1.16078	0.00132275	0.001235078	940.9144604632257
1.183219	0.001346557	0.001258925	940.9341755863138
1.210811	0.001376049	0.0012882500000000001	940.9563741509802
1.239047	0.001406466	0.0013182569999999998	940.9799955547363
1.267942	0.00143784	0.001348963	941.00419359167
1.29751	0.001470201	0.0013803839999999997	941.0281494134966
1.327767	0.001503579	0.0014125380000000003	941.0511993305665
1.35873	0.001538007	0.0014454399999999999	941.0753867334513
1.390415	0.001573518	0.001479108	941.0999859374704
1.422839	0.001610144	0.001513561	941.1243709371475
1.456019	0.001647922	0.001548817	941.148581142898
1.489973	0.001686887	0.0015848930000000002	941.1738754603623
1.524719	0.001727076	0.00162181	941.1990775738219
1.560275	0.001768526	0.0016595869999999997	941.2242479604867
1.59666	0.001811274	0.001698244	941.2494753404104
1.633894	0.001855364	0.0017378009999999998	941.2754187619872
1.671996	0.001900836	0.001778279	941.3015820352149
1.710986	0.00194773	0.0018197009999999997	941.3270257036733
1.750886	0.001996089	0.0018620869999999997	941.3534861690135
1.791717	0.002045964	0.001905461	941.3800460885843
1.833499	0.002097391	0.001949845	941.4063122966185
1.876257	0.002150423	0.0019952620000000003	941.4339685715461
1.920011	0.002205108	0.002041738	941.4607104339539
1.964786	0.002261495	0.0020892960000000005	941.4881831009104
2.010605	0.002319635	0.002137962	941.5156279671949
2.057492	0.002379577	0.002187762	941.5428081299519
2.105474	0.002441381	0.002238721	941.5712726150334
2.154574	0.002505096	0.002290868	941.599034077913
2.20482	0.00257078	0.002344229	941.6276225573524
2.256237	0.002638495	0.002398833	941.6560031481974
2.301204	0.002668723	0.002446585	941.6687844485273
2.362697	0.002750976	0.002511886	941.7019625890665
2.417796	0.002825259	0.0025703959999999995	941.730869095657
2.474181	0.002901822	0.0026302680000000003	941.7606198303748
2.53188	0.002980741	0.002691535	941.7899975292909
2.590926	0.003062081	0.0027542289999999995	941.8200451015512
2.651348	0.003145909	0.002818383	941.8499575820605
2.71318	0.003232301	0.0028840319999999995	941.8800835080888
2.776455	0.003321329	0.0029512089999999998	941.9110367988169
2.841205	0.003413069	0.0030199520000000002	941.9414841692849
2.907466	0.003507598	0.003090295	941.9727236396526
2.975272	0.003604995	0.0031622780000000006	942.0035161361524
3.04466	0.003705343	0.003235937	942.0348242255643
3.115667	0.003808728	0.0033113109999999995	942.066670270476
3.18833	0.003915228	0.003388442	942.0982351180867
3.262688	0.004024937	0.003467369	942.1301675708585
3.338781	0.004137945	0.0035481339999999997	942.1625409299648
3.416649	0.004254343	0.003630781	942.1949004911064
3.496333	0.004374226	0.003715352	942.2276075052915
3.577877	0.004497692	0.003801894	942.260539615255
3.661322	0.004624845	0.003890451	942.2935400034597
3.7467149999999996	0.004755782	0.0039810719999999996	942.3267858506451
3.834099	0.004890608	0.004073803	942.3601504540107
3.923522	0.005029431	0.004168694	942.3938123066841
4.015032	0.005172367	0.004265795	942.4279335973715
4.108676	0.005319531	0.004365158	942.461998168222
4.204505	0.005471035	0.004466836	942.4962176807029
4.302569	0.005626999	0.004570882	942.5305660920585
4.402922	0.005787548	0.004677350999999999	942.5654709257442
4.505616	0.005952815	0.004786301000000001	942.6003118065495
4.610706	0.006122923	0.004897788	942.6355168904821
4.718247	0.00629801	0.005011872	942.6707246314352
4.828298	0.006478212	0.005128614	942.706199374724
4.940916	0.006663677	0.005248075	942.7418009460611
5.056163	0.006854551	0.005370318	942.7779790693959
5.174097	0.007050987	0.005495408999999999	942.8138992020431
5.294784	0.007253135	0.005623413	942.850389078661
5.418287	0.007461169	0.005754399	942.8870276461538
5.544671	0.007675242	0.005888437	942.9236046849105
5.674004	0.007895537	0.006025596	942.9605863054874
5.806355	0.008122233	0.006165950000000001	942.9977915811837
5.941794	0.008355513	0.006309573000000001	943.0352122084964
6.080393	0.008595563	0.006456542	943.0727102836162
6.222227	0.008842591	0.006606933999999999	943.1106154534009
6.36737	0.009096805	0.00676083	943.1485194865129
6.5159	0.009358412	0.00691831	943.1867626631359
6.667895	0.00962764	0.007079458	943.2251226011933
6.823438	0.009904727	0.007244359999999999	943.2638255139171
6.98261	0.01018992	0.007413102000000001	943.3028063015995
7.145496	0.01048345	0.007585776	943.3417820404926
7.312184	0.01078561	0.007762471	943.3812519235177
7.482761	0.01109666	0.007943282	943.4208252961433
7.657319	0.01141689	0.008128305000000002	943.4606464693437
7.83595	0.01174662	0.008317638	943.5006212100118
8.01875	0.01208616	0.00851138	943.5410192001768
8.205816	0.01243585	0.008709636	943.5815515137486
8.397247	0.01279603	0.008912509	943.6223884879106
8.593146	0.01316708	0.009120108	943.663504862004
8.793617	0.0135494	0.009332543	943.7048830099149
8.998766	0.01394338	0.009549926	943.746514894461
9.208703	0.01434949	0.009772372	943.788518283995
9.42354	0.01476816	0.01	943.8308159999998
9.643391	0.01519989	0.01023293	943.8734448491292
9.868373	0.0156452	0.01047129	943.9160027083578
10.09861	0.01610465	0.01071519	943.9603637453001
10.33421	0.01657878	0.010964780000000002	944.0033251921151
10.57532	0.01706825	0.01122018	944.0479787311789
10.82205	0.01757369	0.01148154	944.0914450500544
11.07455	0.01809581	0.01174898	944.1369216732007
11.33293	0.01863534	0.01202264	944.1824208326956
11.59735	0.01919308	0.012302689999999998	944.2278948750234
11.86794	0.01976985	0.012589249999999998	944.2746668784877
12.14485	0.02036656	0.0128825	944.3210991655346
12.42822	0.02098417	0.013182570000000001	944.3685237400598
12.7182	0.02162368	0.01348963	944.4160944369859
13.01496	0.02228617	0.01380384	944.4651756322878
13.31864	0.02297282	0.01412538	944.5135507858904
13.62941	0.02368485	0.014454399999999997	944.5632367998672
13.94744	0.02442358	0.01479108	944.6141579925198
14.2729	0.02519041	0.01513561	944.6656203483044
14.60595	0.02598686	0.01548817	944.7169588143724
14.94678	0.02681453	0.01584893	944.7700589251135
15.29557	0.02767513	0.0162181	944.8236926643689
15.6525	0.02857048	0.01659587	944.8778810631803
16.01777	0.02950255	0.01698244	944.9332693064129
16.39157	0.03047343	0.01737801	944.9898711072213
16.7741	0.03148534	0.01778279	945.0477309803467
17.16556	0.03254067	0.01819701	945.1058536539794
19.2685	0.03356891	0.02042203	945.159169289243
19.71362	0.03472316	0.020892959999999995	945.2151901884654
20.17363	0.03594039	0.021379619999999995	945.272665744293
20.64438	0.03721237	0.02187762	945.3309989843502
21.12614	0.03854236	0.02238721	945.3916928460491
21.61914	0.03993383	0.02290868	945.4527205408605
22.12366	0.04139046	0.023442290000000005	945.5155814555659
22.63997	0.04291622	0.02398833	945.5800474647465
23.16834	0.0445153	0.02454709	945.6459115927795
23.70906	0.04619217	0.02511886	945.7137851797415
24.26241	0.04795161	0.025703960000000005	945.7827358119137
24.82869	0.04979869	0.02630268	945.8537567274515
25.40821	0.05173879	0.026915349999999998	945.9267217405682
26.00127	0.05377769	0.027542289999999997	946.0015013275948
26.60819	0.05592147	0.02818383	946.0783530840203
27.22931	0.05817664	0.02884032	946.1575544238067
27.86494	0.06055009	0.02951209	946.2389851074594
28.51544	0.06304915	0.030199519999999997	946.3226286378062
29.18115	0.06568159	0.030902949999999995	946.4090512394448
29.86242	0.0684557	0.03162278	946.4972940392969
30.55964	0.07138017	0.03235936999999999	946.5888912546816
31.27316	0.07446432	0.03311311	946.6831813743862
32.00338	0.07771794	0.03388442	946.7801998676679
32.75068	0.08115149	0.03467369	946.8802279192092
33.51548	0.08477594	0.03548134	946.9838495389406
34.29817	0.08860299	0.03630781	947.090253859982
35.09919	0.09264497	0.03715352	947.2005605390822
35.91896	0.09691487	0.03801894	947.3140195386825
36.75793	0.1014265	0.03890451	947.4314546051345
37.61655	0.1061944	0.039810719999999994	947.5524280897205
38.49528	0.1112339	0.04073803000000001	947.6774871048011
39.3946	0.1165612	0.041686940000000006	947.8067039701162
40.315	0.1221934	0.04265795	947.9403815701411
41.25697	0.1281485	0.04365158	948.0783627992389
42.22103	0.1344456	0.04466836	948.2209689364015
43.20769	0.1411047	0.04570882	948.3682733441817
44.2175	0.1481469	0.046773510000000004	948.5207952107935
45.25099	0.1555945	0.04786301	948.6779978944074
46.30874	0.163471	0.04897788	948.8408032360732
47.39131	0.1718011	0.05011871999999999	949.0088952790495
48.4993	0.1806108	0.05128614	949.1825822727153
49.6333	0.1899278	0.05248075000000001	949.3619622432986
50.79395	0.199781	0.05370318000000001	949.5476990375616
51.98187	0.2102012	0.054954090000000004	949.7395225723873
53.1977	0.2212206	0.05623413	949.9377086477554
54.44212	0.2328734	0.05754399	950.1425500734308
55.71581	0.245196	0.05888436999999999	950.3541601956513
57.01946	0.2582266	0.06025595999999999	950.5729657282036
58.35378	0.272006	0.061659500000000006	950.7989198744718
59.71952	0.2865773	0.06309573	951.0326182136255
61.11742	0.3019865	0.06456542	951.2740178875937
62.54825	0.3182824	0.06606934	951.5235417820127
64.0128	0.3355173	0.0676083	951.7813241865275
65.51187	0.3537469	0.06918309999999998	952.0477819004932
67.0463	0.3730309	0.07079458000000001	952.3233402896099
68.61693	0.3934335	0.0724436	952.6081461992502
70.22464	0.4150234	0.07413102	952.9028927431457
71.87031	0.4378751	0.07585776	953.2074912309565
73.55486	0.4620685	0.07762471	953.5227700045515
75.27923	0.4876904	0.07943282000000002	953.8490563472378
77.04438	0.5148349	0.08128304999999998	954.1868187771006
78.8513	0.543604	0.08317638	954.5366605279047
80.701	0.574109	0.08511379999999999	954.8993112750222
82.59451	0.606471	0.08709636	955.2750654562373
84.5329	0.6408227	0.08912508999999999	955.6649277997924
86.51727	0.6773087	0.09120108	956.069584921582
88.54874	0.7160882	0.09332543	956.4898677670169
90.62846	0.7573353	0.09549926	956.9267374427823
92.75761	0.8012418	0.09772372	957.3811946577556
94.93741	0.8480183	0.09999999999999999	957.854283
97.16912	0.8978966	0.1023293	958.3473804667872
99.454	0.9511327	0.1047129	958.8611594177986
101.7934	1.008008	0.1071519	959.3988347383482
104.1886	1.068834	0.1096478	959.9593790299485
106.6411	1.133952	0.1122018	960.5465509465979
109.1524	1.203741	0.1148154	961.1614905317579
111.7237	1.277711	0.11748980000000002	961.7976283898686
114.3568	1.356167	0.1202264	962.4588859019318
117.053	1.440037	0.1230269	963.1473848402261
119.8141	1.529994	0.1258925	963.8707150942273
122.6417	1.62671	0.128825	964.6296138171939
125.5375	1.730898	0.1318257	965.429335857879
128.5032	1.843323	0.1348963	966.2720400781933
131.5408	1.964819	0.1380384	967.1628981500799
134.652	2.096295	0.1412538	968.1034775701607
137.8389	2.238744	0.144544	969.1003708213415
141.1035	2.39325	0.1479108	970.157351592987
144.4479	2.560999	0.1513561	971.2783231068984
147.8743	2.743288	0.1548817	972.468587315351
151.3849	2.941531	0.1584893	973.7340691138139
154.9821	3.157272	0.162181	975.079522262164
158.6683	3.392194	0.16595869999999996	976.5109873721594
162.4461	3.648128	0.1698244	978.0351233391668
166.3181	3.927065	0.1737801	979.6585742556254
170.2871	4.231165	0.17782789999999998	981.3885503905743
174.356	4.562775	0.1819701	983.231723233652
178.5276	4.924429	0.18620869999999998	985.1957991221678
182.8053	5.318875	0.19054610000000002	987.2895587996815
187.1922	5.74907	0.19498450000000003	989.5210644948701
191.6917	6.218209	0.19952619999999996	991.8993545709787
196.3075	6.729724	0.2041738	994.4332916368311
201.0432	7.287304	0.20892960000000002	997.1325460825083
205.9028	7.894903	0.2137962	1000.007030059468
210.8904	8.556756	0.2187762	1003.0668601063553
216.0102	9.277386	0.22387210000000002	1006.3227441025479
221.2668	10.06162	0.2290868	1009.7850247155226
226.6649	10.91459	0.2344229	1013.4653653717278
232.2094	11.84176	0.23988330000000002	1017.3745316993721
237.9056	12.84892	0.24547090000000002	1021.5244250947871
243.759	13.94221	0.2511886	1025.9271718541368
249.7752	15.1281	0.25703960000000003	1030.5933404813889
255.9603	16.41344	0.2630268	1035.5360746509482
262.3206	17.80544	0.2691535	1040.766848656993
268.8628	19.31167	0.27542289999999997	1046.2981473218094
275.5939	20.94009	0.2818383	1052.1422744885988
282.5212	22.69904	0.2884032	1058.310864789295
289.6525	24.59725	0.29512089999999996	1064.8169953398758
296.9957	26.64383	0.3019952	1071.6711060308241
304.5595	28.84832	0.30902949999999996	1078.8867082268846
312.3528	31.22063	0.31622780000000006	1086.4744655593215
320.3849	33.7711	0.3235937	1094.4465235262614
328.6656	36.51048	0.3311311	1102.8142025922662
337.2042	39.23176	0.3388442	1110.9411345981428
346.0014	41.71985	0.3467369	1118.2001396447854
355.0618	44.24768	0.35481339999999995	1125.4069885748397
364.393	46.8655	0.3630781	1132.6998240874345
374.0039	49.59754	0.3715352	1140.1381080446752
383.9035	52.38609	0.3801894	1147.5585326681912
394.0975	55.11349	0.3890451	1154.6501678083082
404.5934	57.9141	0.39810719999999994	1161.766227789902
415.4	60.81419	0.40738030000000003	1168.9671542782014
426.5276	63.87291	0.41686940000000006	1176.38884024589
437.9876	67.10739	0.4265795	1184.0582822193753
449.7922	70.53074	0.43651579999999995	1191.9910802770485
461.9537	74.15509	0.4466836	1200.1980596556489
474.4854	77.99235	0.45708819999999994	1208.6895920743525
487.4009	82.05461	0.4677351	1217.47439950519
500.7146	86.35422	0.47863009999999995	1226.5605944966687
514.4415	90.90394	0.48977880000000007	1235.956803356944
528.5971	95.71696	0.5011872	1245.6704002017607
543.1978	100.807	0.5128614	1255.7092423021113
558.2604	106.1883	0.5248075	1266.0808010556252
573.8028	111.8758	0.5370318	1276.7932923152784
589.8434	117.8848	0.5495409000000001	1287.8535519376264
606.4014	124.2315	0.5623413	1299.2695005684268
623.4971	130.9326	0.5754399	1311.0486429599339
641.1514	138.0058	0.5888437	1323.1986688487964
659.3861	145.4693	0.6025596	1335.7274533506727
678.2241	153.3421	0.616595	1348.6424638539072
697.6892	161.6443	0.6309573	1361.9519102164281
717.8063	170.3965	0.6456542000000001	1375.6633194672938
738.6013	179.6204	0.6606934	1389.784883578374
760.1012	189.3388	0.6760829999999999	1404.3246169479191
782.3342	199.5753	0.6918310000000001	1419.2909829134571
805.3298	210.3546	0.7079458	1434.6923168412045
829.1187	221.7025	0.724436	1450.536969449337
853.7328	233.646	0.7413102	1466.8337222393538
879.2057	246.2132	0.7585776	1483.5909997869696
905.5722	259.4336	0.7762471	1500.818231720286
932.8686	273.3379	0.7943282	1518.524081104007
961.1329	287.9582	0.8128305	1536.7178027891423
990.4048	303.3282	0.8317637999999999	1555.4091197525065
1020.726	319.4828	0.8511379999999998	1574.6081129029606
1052.138	336.4588	0.8709636	1594.3224263333161
1084.688	354.2945	0.8912509	1614.56498949959
1118.422	373.03	0.9120108000000001	1635.3446691640054
1153.389	392.7072	0.9332543	1656.6719274692869
1189.64	413.37	0.9549926000000001	1678.557509241433
1227.228	435.0644	0.9772372	1701.01220051795
1231.5513849624308	437.59023413241715	0.979761758699472	1703.5671144640723
1780.5470218516855	437.59078735115065	1.3022115810492805	1703.5680282876078
1781.0081947822614	437.76566711225314	1.3023251473517161	1703.701926056178
1784.438058488146	439.06899838705294	1.3043377395714422	1704.701926056178
1787.873386965768	440.374343266229	1.306352356290069	1705.701926056178
1791.3141861622285	441.68170377483693	1.3083689986200693	1706.701926056178
1794.7604620279617	442.9910819390438	1.3103876676739137	1707.701926056178
1798.2122205167416	444.30247978613	1.3124083645640736	1708.701926056178
1801.6694675856795	445.6158993444881	1.3144310904030212	1709.701926056178
1805.1322091952247	446.9313426436231	1.3164558463032279	1710.701926056178
1808.6004513091627	448.24881171415257	1.3184826333771653	1711.701926056178
1812.0741998946166	449.56830858780614	1.3205114527373043	1712.701926056178
1815.553460922047	450.8898352974267	1.322542305496117	1713.701926056178
1819.0382403652534	452.2133938769688	1.324575192766075	1714.701926056178
1822.5285442013703	453.5389863615002	1.32661011565965	1715.701926056178
1826.0243784108711	454.8666147872001	1.3286470752893127	1716.701926056178
1829.5257489775663	456.1962811913615	1.3306860727675356	1717.701926056178
1833.0326618886024	457.52798761238887	1.3327271092067892	1718.701926056178
1836.5451231344664	458.8617360897996	1.3347701857195462	1719.701926056178
1840.0631387089811	460.1975286642233	1.3368153034182775	1720.701926056178
1843.5867146093053	461.5353673774022	1.3388624634154547	1721.701926056178
1847.115856835937	462.8752542721912	1.3409116668235492	1722.701926056178
1850.6505713927115	464.21719139255725	1.3429629147550328	1723.701926056178
1854.1908642868016	465.56118078357986	1.3450162083223771	1724.701926056178
1857.7367415287158	466.9072244914515	1.3470715486380533	1725.701926056178
1861.2882091323024	468.25532456347617	1.3491289368145334	1726.701926056178
1864.845273114745	469.6054830480717	1.3511883739642885	1727.701926056178
1868.4079394965672	470.9577019947667	1.3532498611997907	1728.701926056178
1871.9762143016264	472.3119834542039	1.355313399633511	1729.701926056178
1875.55010355712	473.6683294781373	1.3573789903779205	1730.701926056178
1879.1296132935838	475.0267421194343	1.359446634545492	1731.701926056178
1882.7147495448878	476.3872234320735	1.3615163332486964	1732.701926056178
1886.3055183482415	477.74977547114764	1.363588087600005	1733.701926056178
1889.9019257441914	479.11440029286035	1.3656618987118896	1734.701926056178
1893.503977776622	480.4810999545291	1.3677377676968216	1735.701926056178
1897.111680492754	481.84987651458255	1.369815695667273	1736.701926056178
1900.725039943146	483.22073203256286	1.3718956837357148	1737.701926056178
1904.3440621816949	484.593668569124	1.3739777330146188	1738.701926056178
1907.9687532656335	485.9686881860332	1.3760618446164563	1739.701926056178
1911.5991192555325	487.3457929461689	1.378148019653699	1740.701926056178
1915.235166215302	488.7249849135232	1.3802362592388189	1741.701926056178
1918.8769002121862	490.1062661531999	1.3823265644842868	1742.701926056178
1922.5243273167691	491.48963873141594	1.3844189365025745	1743.701926056178
1926.1774536029704	492.8751047155002	1.3865133764061537	1744.701926056178
1929.83628514805	494.2626661738943	1.388609885307496	1745.701926056178
1933.5008280326015	495.6523251761518	1.3907084643190724	1746.701926056178
1937.1710883405588	497.04408379293994	1.392809114553355	1747.701926056178
1940.8470721591916	498.4379440960371	1.394911837122815	1748.701926056178
1944.528785579108	499.8339081583348	1.3970166331399245	1749.701926056178
1948.2162346942532	501.2319780538369	1.3991235037171543	1750.701926056178
1951.90942560191	502.63215585765994	1.4012324499669764	1751.701926056178
1955.6083644026967	504.0344436460326	1.403343473001862	1752.701926056178
1959.313057200574	505.43884349629616	1.4054565739342835	1753.701926056178
1963.023510102833	506.84535748690445	1.407571753876711	1754.701926056178
1966.7397292201085	508.2539876974239	1.4096890139416174	1755.701926056178
1970.4617206663686	509.6647362085327	1.4118083552414733	1756.701926056178
1974.189490558921	511.07760510202263	1.413929778888751	1757.701926056178
1977.9230450184104	512.4925964607969	1.4160532859959216	1758.701926056178
1981.6623901688179	513.9097123688719	1.4181788776754565	1759.701926056178
1985.4075321374637	515.3289549113761	1.4203065550398275	1760.701926056178
1989.1584770550032	516.7503261745508	1.4224363192015061	1761.701926056178
1992.9152310554325	518.1738282457488	1.424568171272964	1762.701926056178
1996.677800276081	519.5994632134373	1.4267021123666725	1763.701926056178
2000.4461908576177	521.0272331671938	1.4288381435951027	1764.701926056178
2004.2204089440515	522.4571401977098	1.4309762660707275	1765.701926056178
2008.000460682724	523.8891863967885	1.4331164809060173	1766.701926056178
2011.7863522243167	525.323373857346	1.4352587892134439	1767.701926056178
2015.5780897228487	526.7597046734103	1.4374031921054788	1768.701926056178
2019.3756793356754	528.1981809401227	1.4395496906945937	1769.701926056178
2023.1791272234907	529.6388047537359	1.4416982860932601	1770.701926056178
2026.988439550325	531.0815782116165	1.4438489794139495	1771.701926056178
2030.8036224835464	532.5265034122422	1.4460017717691334	1772.701926056178
2034.6246821938614	533.9735824552038	1.4481566642712833	1773.701926056178
2038.451624855313	535.4228174412044	1.450313658032871	1774.701926056178
2042.2844566452814	536.8742104720601	1.452472754166368	1775.701926056178
2046.1231837444839	538.3277636506987	1.4546339537842454	1776.701926056178
2049.9678123369763	539.783479081161	1.4567972579989754	1777.701926056178
2053.8183486101516	541.2413588685997	1.4589626679230288	1778.701926056178
2057.67479875474	542.7014051192809	1.4611301846688778	1779.701926056178
2061.537168964808	544.1636199405823	1.4632998093489935	1780.701926056178
2065.405465437763	545.6280054409945	1.4654715430758478	1781.701926056178
2069.279694374345	547.0945637301204	1.467645386961912	1782.701926056178
2073.159861978634	548.5632969186756	1.4698213421196578	1783.701926056178
2077.0459744580494	550.0342071184876	1.4719994096615565	1784.701926056178
2080.9380380233433	551.5072964424976	1.4741795907000799	1785.701926056178
2084.836058888609	552.9825670047576	1.4763618863476993	1786.701926056178
2088.7400432712757	554.4600209204334	1.4785462977168864	1787.701926056178
2092.64999739211	555.9396603058027	1.4807328259201127	1788.701926056178
2096.565927475217	557.4214872782559	1.48292147206985	1789.701926056178
2100.4878397480384	558.9055039562953	1.4851122372785692	1790.701926056178
2104.415740441352	560.3917124595368	1.4873051226587426	1791.701926056178
2108.349635789276	561.8801149087076	1.489500129322841	1792.701926056178
2112.289532029264	563.370713425648	1.491697258383337	1793.701926056178
2116.2354354021054	564.8635101333105	1.4938965109527005	1794.701926056178
2120.187352151932	566.3585071557604	1.4960978881434048	1795.701926056178
2124.145288526208	567.8557066181752	1.4983013910679202	1796.701926056178
2128.1092507757376	569.3551106468451	1.500507020838719	1797.701926056178
2132.079245154662	570.8567213691722	1.5027147785682722	1798.701926056178
2136.0552779204595	572.360540913672	1.5049246653690516	1799.701926056178
2140.037355333946	573.8665714099716	1.5071366823535288	1800.701926056178
2144.0254836592744	575.3748149888112	1.5093508306341752	1801.701926056178
2148.019669163936	576.8852737820428	1.5115671113234623	1802.701926056178
2152.0199181187595	578.3979499226318	1.5137855255338621	1803.701926056178
2156.026236797908	579.912845544655	1.5160060743778452	1804.701926056178
2160.0386314788866	581.4299627833029	1.5182287589678842	1805.701926056178
2164.0571084425355	582.949303774877	1.5204535804164498	1806.701926056178
2168.0816739730317	584.4708706567926	1.5226805398360144	1807.701926056178
2172.11233435789	585.9946655675769	1.5249096383390486	1808.701926056178
2176.149095887964	587.5206906468693	1.5271408770380241	1809.701926056178
2180.1919648574444	589.0489480354223	1.5293742570454134	1810.701926056178
2184.240947563856	590.5794398751004	1.531609779473687	1811.701926056178
2188.2960503080667	592.1121683088809	1.533847445435317	1812.701926056178
2192.3572793942762	593.647135480853	1.5360872560427743	1813.701926056178
2196.4246411300264	595.1843435362192	1.5383292124085317	1814.701926056178
2200.498141826193	596.7237946212936	1.5405733156450592	1815.701926056178
2204.5777877969904	598.2654908835036	1.5428195668648295	1816.701926056178
2208.663585359971	599.8094344713886	1.5450679671803134	1817.701926056178
2212.755540836024	601.3556275346006	1.547318517703983	1818.701926056178
2216.853660549376	602.9040722239033	1.5495712195483093	1819.701926056178
2220.9579508275924	604.4547706911748	1.5518260738257648	1820.701926056178
2225.068418001572	606.0077250894035	1.5540830816488196	1821.701926056178
2229.185068405556	607.5629375726917	1.5563422441299464	1822.701926056178
2233.3079083771204	609.1204102962533	1.5586035623816161	1823.701926056178
2237.4369442571788	610.680145416416	1.5608670375163007	1824.701926056178
2241.5721823899826	612.2421450906179	1.5631326706464714	1825.701926056178
2245.713629123121	613.8064114774116	1.5654004628846006	1826.701926056178
2249.861290807519	615.3729467364606	1.5676704153431584	1827.701926056178
2254.0151737974397	616.9417530285422	1.5699425291346172	1828.701926056178
2258.1752844504854	618.5128325155449	1.5722168053714483	1829.701926056178
2262.3416291275935	620.0861873604712	1.5744932451661238	1830.701926056178
2266.51421419304	621.661819727434	1.576771849631114	1831.701926056178
2270.693046014439	623.2397317816608	1.5790526198788923	1832.701926056178
2274.878130962739	624.8199256894902	1.5813355570219283	1833.701926056178
2279.069475412229	626.402403618374	1.5836206621726947	1834.701926056178
2283.267085740535	627.9871677368757	1.5859079364436628	1835.701926056178
2287.470968328619	629.5742202146721	1.5881973809473042	1836.701926056178
2291.6811295607813	631.1635632225518	1.5904889967960902	1837.701926056178
2295.8975758246597	632.755198932417	1.5927827851024925	1838.701926056178
2300.1203135112287	634.3491295172803	1.5950787469789824	1839.701926056178
2304.349349014802	635.9453571512691	1.5973768835380322	1840.701926056178
2308.584688733028	637.5438840096215	1.5996771958921125	1841.701926056178
2312.8263390668953	639.1447122686891	1.6019796851536954	1842.701926056178
2317.074306420727	640.7478441059357	1.6042843524352521	1843.701926056178
2321.328597202187	642.353281699937	1.6065911988492547	1844.701926056178
2325.589217822274	643.9610272303823	1.6089002255081741	1845.701926056178
2329.856174695325	645.5710828780726	1.6112114335244825	1846.701926056178
2334.1294742390132	647.1834508249212	1.6135248240106503	1847.701926056178
2338.4091228743528	648.7981332539547	1.6158403980791505	1848.701926056178
2342.69512702569	650.4151323493111	1.6181581568424535	1849.701926056178
2346.987493120714	652.0344502962421	1.6204781014130316	1850.701926056178
2351.286227590447	653.6560892811106	1.6228002329033555	1851.701926056178
2355.591336869253	655.2800514913928	1.625124552425898	1852.701926056178
2359.902827394828	656.906339115677	1.6274510610931294	1853.701926056178
2364.2207056082084	658.5349543436648	1.629779760017522	1854.701926056178
2368.5449779537703	660.1658993661688	1.6321106503115468	1855.701926056178
2372.875650879222	661.7991763751153	1.6344437330876758	1856.701926056178
2377.2127308356144	663.4347875635423	1.6367790094583805	1857.701926056178
2381.556224277332	665.072735125601	1.6391164805361322	1858.701926056178
2385.9061376620975	666.7130212565544	1.6414561474334022	1859.701926056178
2390.262477450974	668.3556481527785	1.6437980112626631	1860.701926056178
2394.6252501083572	670.0006180117612	1.6461420731363852	1861.701926056178
2398.9944621019845	671.6479330321035	1.648488334167041	1862.701926056178
2403.3701199029265	673.2975954135185	1.650836795467101	1863.701926056178
2407.7522299855964	674.9496073568316	1.653187458149038	1864.701926056178
2412.140798827741	676.6039710639812	1.6555403233253225	1865.701926056178
2416.5358329104447	678.260688738018	1.6578953921084267	1866.701926056178
2420.9373387181304	679.9197625831046	1.6602526656108214	1867.701926056178
2425.34532273856	681.5811948045168	1.6626121449449793	1868.701926056178
2429.7597914628277	683.2449876086425	1.6649738312233708	1869.701926056178
2434.1807513853714	684.9111432029825	1.6673377255584685	1870.701926056178
2438.6082090039617	686.5796637961494	1.6697038290627426	1871.701926056178
2443.0421708197086	688.2505515978686	1.6720721428486658	1872.701926056178
2447.48264333706	689.9238088189779	1.674442668028709	1873.701926056178
2451.9296330637994	691.5994376714282	1.6768154057153444	1874.701926056178
2456.3831465110497	693.2774403682818	1.6791903570210427	1875.701926056178
2460.843190193269	694.957819123714	1.681567523058276	1876.701926056178
2465.309770628255	696.640576153013	1.6839469049395157	1877.701926056178
2469.7828943371424	698.3257136725787	1.6863285037772333	1878.701926056178
2474.262567844402	700.0132338999238	1.6887123206839003	1879.701926056178
2478.748797677844	701.7031390536736	1.6910983567719886	1880.701926056178
2483.241590368611	703.3954313535658	1.693486613153969	1881.701926056178
2487.7409524511927	705.0901130204504	1.6958770909423142	1882.701926056178
2492.246890463406	706.78718627629	1.6982697912494944	1883.701926056178
2496.759410946411	708.4866533441598	1.700664715187982	1884.701926056178
2501.2785204447055	710.188516448247	1.7030618638702486	1885.701926056178
2505.80422550612	711.8927778138523	1.7054612384087653	1886.701926056178
2510.336532681827	713.5994396673875	1.7078628399160036	1887.701926056178
2514.8754485263344	715.3085042363782	1.7102666695044357	1888.701926056178
2519.420979597488	717.019973749461	1.712672728286532	1889.701926056178
2523.9731324564714	718.7338504363865	1.7150810173747653	1890.701926056178
2528.5319136678054	720.4501365280166	1.7174915378816062	1891.701926056178
2533.097329799348	722.1688342563268	1.7199042909195272	1892.701926056178
2537.669387422293	723.8899458544037	1.7223192776009988	1893.701926056178
2542.2480931111754	725.6134735564474	1.7247364990384932	1894.701926056178
2546.8334534438636	727.3394195977701	1.7271559563444816	1895.701926056178
2551.425475001567	729.0677862147968	1.7295776506314358	1896.701926056178
2556.024164368829	730.7985756450641	1.7320015830118267	1897.701926056178
2560.629528133534	732.5317901272223	1.7344277545981273	1898.701926056178
2565.2415728869005	734.2674319010332	1.7368561665028075	1899.701926056178
2569.8603052234857	736.0055032073715	1.73928681983834	1900.701926056178
2574.485731741186	737.7460062882244	1.7417197157171957	1901.701926056178
2579.1178590412314	739.4889433866913	1.7441548552518462	1902.701926056178
2583.756693728193	741.234316746984	1.7465922395547635	1903.701926056178
2588.402242409976	742.9821286144277	1.7490318697384186	1904.701926056178
2593.054511697828	744.7323812354587	1.7514737469152835	1905.701926056178
2597.713508206328	746.4850768576268	1.753917872197829	1906.701926056178
2602.379238553395	748.2402177295935	1.7563642466985272	1907.701926056178
2607.051709360288	749.9978061011341	1.75881287152985	1908.701926056178
2611.7309272516	751.7578442231344	1.7612637478042685	1909.701926056178
2616.4168988552615	753.5203343475944	1.7637168766342541	1910.701926056178
2621.1096308025412	755.2852787276256	1.7661722591322782	1911.701926056178
2625.809129728049	757.0526796174524	1.7686298964108131	1912.701926056178
2630.5154022697243	758.8225392724116	1.7710897895823299	1913.701926056178
2635.2284550688496	760.5948599489523	1.7735519397592998	1914.701926056178
2639.948294770045	762.3696439046361	1.776016348054195	1915.701926056178
2644.674928021264	764.1468933981373	1.7784830155794864	1916.701926056178
2649.4083614738024	765.9266106892428	1.7809519434476462	1917.701926056178
2654.1486017822886	767.708798038851	1.7834231327711454	1918.701926056178
2658.895655604692	769.4934577089742	1.7858965846624555	1919.701926056178
2663.6495296023186	771.280591962736	1.7883723002340486	1920.701926056178
2668.410230439811	773.0702030643733	1.790850280598396	1921.701926056178
2673.17776478515	774.8622932792346	1.793330526867969	1922.701926056178
2677.952139309652	776.6568648737818	1.795813040155239	1923.701926056178
2682.7333606879747	778.4539201155885	1.7982978215726784	1924.701926056178
2687.5214355981097	780.2534612733415	1.8007848722327582	1925.701926056178
2692.3163707213857	782.055490616839	1.8032741932479495	1926.701926056178
2697.118172742473	783.8600104169931	1.8057657857307248	1927.701926056178
2701.9268483493734	785.6670229458273	1.8082596507935542	1928.701926056178
2706.7424042334314	787.4765304764778	1.810755789548911	1929.701926056178
2711.5648470893257	789.2885352831933	1.8132542031092655	1930.701926056178
2716.394183615075	791.1030396413354	1.81575489258709	1931.701926056178
2721.2304205120327	792.9200458273774	1.8182578590948553	1932.701926056178
2726.07356448489	794.7395561189061	1.8207631037450336	1933.701926056178
2730.923622241678	796.5615727946192	1.8232706276500958	1934.701926056178
2735.7806004937634	798.3860981343286	1.8257804319225144	1935.701926056178
2740.644505955848	800.2131344189575	1.8282925176747598	1936.701926056178
2745.515345345977	802.0426839305422	1.830806886019304	1937.701926056178
2750.393125385528	803.874748952231	1.833323538068619	1938.701926056178
2755.2778527992164	805.7093317682851	1.8358424749351758	1939.701926056178
2760.1695343150973	807.5464346640779	1.8383636977314461	1940.701926056178
2765.0681766645616	809.3860599260956	1.8408872075699017	1941.701926056178
2769.9737865823386	811.228209841936	1.8434130055630136	1942.701926056178
2774.886370806494	813.0728867003105	1.8459410928232538	1943.701926056178
2779.805936078431	814.9200927910424	1.8484714704630936	1944.701926056178
2784.732489142891	816.7698304050675	1.8510041395950045	1945.701926056178
2789.666036747953	818.622101834434	1.8535391013314582	1946.701926056178
2794.606585645032	820.4769093723028	1.8560763567849263	1947.701926056178
2799.5541425888823	822.334255312947	1.8586159070678805	1948.701926056178
2804.5087143375918	824.1941419517525	1.8611577532927912	1949.701926056178
2809.4703076525916	826.0565715852174	1.8637018965721317	1950.701926056178
2814.4389292986466	827.9215465109523	1.8662483380183725	1951.701926056178
2819.4145860438584	829.7890690276804	1.8687970787439852	1952.701926056178
2824.397284659668	831.6591414352376	1.8713481198614415	1953.701926056178
2829.3870319208536	833.5317660345715	1.8739014624832127	1954.701926056178
2834.383834605529	835.406945127743	1.8764571077217707	1955.701926056178
2839.3876994951484	837.2846810179249	1.879015056689587	1956.701926056178
2844.3986333745006	839.1649760094028	1.8815753104991326	1957.701926056178
2849.4166430317127	841.0478324075744	1.8841378702628795	1958.701926056178
2854.441735258251	842.9332525189508	1.8867027370932996	1959.701926056178
2859.4739168489173	844.8212386511541	1.8892699121028638	1960.701926056178
2864.5131946018496	846.7117931129203	1.8918393964040439	1961.701926056178
2869.559575318527	848.604918214097	1.8944111911093113	1962.701926056178
2874.6130658037628	850.5006162656446	1.896985297331138	1963.701926056178
2879.673672865709	852.3988895796354	1.8995617161819949	1964.701926056178
2884.741403315855	854.2997404692557	1.902140448774354	1965.701926056178
2889.8162639690267	856.2031712488022	1.9047214962206862	1966.701926056178
2894.8982616433896	858.1091842336858	1.907304859633464	1967.701926056178
2899.9874031604454	860.0177817404285	1.9098905401251585	1968.701926056178
2905.083695345031	861.9289660866666	1.9124785388082413	1969.701926056178
2910.1871450253248	863.8427395911466	1.9150688567951837	1970.701926056178
2915.297759032839	865.759104573729	1.9176614951984572	1971.701926056178
2920.415544202426	867.6780633553863	1.9202564551305334	1972.701926056178
2925.540507372274	869.5996182582039	1.9228537377038846	1973.701926056178
2930.6726553839094	871.5237716053788	1.9254533440309816	1974.701926056178
2935.811995082194	873.4505257212213	1.9280552752242954	1975.701926056178
2940.958533315331	875.3798829311534	1.930659532396299	1976.701926056178
2946.1122769348563	877.3118455617109	1.9332661166594627	1977.701926056178
2951.273232795648	879.2464159405404	1.9358750291262588	1978.701926056178
2956.4414077559168	881.1835963964021	1.9384862709091584	1979.701926056178
2961.6168086772136	883.1233892591682	1.9410998431206323	1980.701926056178
2966.799442424429	885.0657968598239	1.943715746873154	1981.701926056178
2971.9893158657846	887.0108215304657	1.9463339832791937	1982.701926056178
2977.186435872846	888.9584656043041	1.9489545534512234	1983.701926056178
2982.3908093205114	890.9087314156609	1.9515774585017138	1984.701926056178
2987.6024430870193	892.8616212999711	1.9542026995431374	1985.701926056178
2992.821344053945	894.8171375937818	1.9568302776879654	1986.701926056178
2998.0475191062	896.7752826347526	1.9594601940486696	1987.701926056178
3003.2809751320356	898.7360587616552	1.962092449737721	1988.701926056178
3008.521719023037	900.6994683143747	1.9647270458675914	1989.701926056178
3013.76975767413	902.6655136339082	1.9673639835507524	1990.701926056178
3019.0250979835764	904.634197062365	1.9700032638996758	1991.701926056178
3024.2877468529755	906.605520942967	1.9726448880268324	1992.701926056178
3029.557711187266	908.5794876200488	1.9752888570446947	1993.701926056178
3034.834997894719	910.5560994390573	1.9779351720657334	1994.701926056178
3040.1196138869486	912.5353587465523	1.9805838342024207	1995.701926056178
3045.411566078903	914.517267890205	1.9832348445672272	1996.701926056178
3050.7108613888695	916.5018292188001	1.985888204272626	1997.701926056178
3056.0175067384707	918.4890450822345	1.988543914431087	1998.701926056178
3061.3315090526694	920.4789178315176	1.9912019761550828	1999.701926056178
3066.652875259764	922.4714498187707	1.9938623905570845	2000.701926056178
3071.9816122913903	924.4666433972286	1.9965251587495638	2001.701926056178
3077.3177270825213	926.4645009212375	1.9991902818449918	2002.701926056178
3082.6612265714693	928.4650247462571	2.001857760955841	2003.701926056178
3088.0121176998823	930.4682172288584	2.0045275971945817	2004.701926056178
3093.370407412746	932.4740807267262	2.0071997916736866	2005.701926056178
3098.7361026583844	934.4826175986568	2.0098743455056267	2006.701926056178
3104.1092103884575	936.4938302045593	2.0125512598028736	2007.701926056178
3109.489737557963	938.5077209054552	2.0152305356778983	2008.701926056178
3114.877691125237	940.5242920634785	2.0179121742431736	2009.701926056178
3120.2730780519537	942.5435460418757	2.02059617661117	2010.701926056178
3125.6759053031205	944.5654852050059	2.0232825438943594	2011.701926056178
3131.0861798470864	946.5901119183402	2.0259712772052128	2012.701926056178
3136.5039086555385	948.617428548463	2.028662377656203	2013.701926056178
3141.9290987034965	950.6474374630702	2.0313558463598	2014.701926056178
3147.361756969324	952.6801410309708	2.034051684428477	2015.701926056178
3152.801890434714	954.7155416220863	2.036749892974704	2016.701926056178
3158.249506084704	956.7536416074502	2.039450473110953	2017.701926056178
3163.7046109076655	958.7944433592091	2.0421534259496963	2018.701926056178
3169.1672118953097	960.8379492506213	2.044858752603405	2019.701926056178
3174.637316042681	962.8841616560585	2.04756645418455	2020.701926056178
3180.114930348166	964.9330829510036	2.0502765318056038	2021.701926056178
3185.6000618134867	966.9847155120535	2.052988986579037	2022.701926056178
3191.0927174437006	969.0390617169166	2.0557038196173223	2023.701926056178
3196.592904247205	971.0961239444141	2.05842103203293	2024.701926056178
3202.100629235736	973.1559045744791	2.0611406249383326	2025.701926056178
3207.6158994243633	975.2184059881583	2.0638625994460016	2026.701926056178
3213.138721831496	977.2836305676094	2.066586956668407	2027.701926056178
3218.66910347888	979.3515806961042	2.0693136977180226	2028.701926056178
3224.207051391601	981.4222587580252	2.072042823707319	2029.701926056178
3229.752572598078	983.4956671388695	2.0747743357487667	2030.701926056178
3235.305674130073	985.5718082252445	2.077508234954839	2031.701926056178
3240.8663630226774	987.6506844048715	2.080244522438006	2032.701926056178
3246.4346463143297	989.7322980665836	2.082983199310741	2033.701926056178
3252.0105310467957	991.8166516003271	2.085724266685513	2034.701926056178
3257.5940242651873	993.9037473971596	2.0884677256747954	2035.701926056178
3263.185133017949	995.9935878492524	2.0912135773910596	2036.701926056178
3268.783864356864	998.0861753498881	2.0939618229467767	2037.701926056178
3274.3902253370525	1000.1815122934631	2.096712463454418	2038.701926056178
3280.0042230169743	1002.2796010754852	2.099465500026456	2039.701926056178
3285.6258644584227	1004.3804440925751	2.1022209337753615	2040.701926056178
3291.25515672653	1006.4840437424656	2.104978765813606	2041.701926056178
3296.8921068897685	1008.5904024240028	2.1077389972536613	2042.701926056178
3302.5367220199446	1010.6995225371443	2.1105016292079988	2043.701926056178
3308.1890091922046	1012.811406482961	2.1132666627890906	2044.701926056178
3313.8489754850275	1014.9260566636356	2.116034099109407	2045.701926056178
3319.516627980237	1017.0434754824637	2.1188039392814204	2046.701926056178
3325.1919737629896	1019.163665343853	2.1215761844176027	2047.701926056178
3330.8750199217793	1021.2866286533251	2.1243508356304255	2048.7019260561783
3336.5657735484383	1023.412367817511	2.1271278940323595	2049.7019260561783
3342.2642417381358	1025.5408852441567	2.129907360735876	2050.7019260561783
3347.9704315893778	1027.6721833421207	2.132689236853447	2051.7019260561783
3353.6843502040106	1029.8062645213727	2.1354735234975446	2052.7019260561783
3359.4060046872155	1031.9431311929957	2.13826022178064	2053.7019260561783
3365.1354021475113	1034.0827857691843	2.141049332815204	2054.7019260561783
3370.872549696754	1036.225230663247	2.143840857713709	2055.7019260561783
3376.617454450139	1038.370468289604	2.146634797588627	2056.7019260561783
3382.370123526196	1040.5185010637877	2.149431153552428	2057.7019260561783
3388.130564046795	1042.6693314024424	2.152229926717584	2058.7019260561783
3393.8987831371446	1044.8229617233271	2.1550311181965682	2059.7019260561783
3399.6747879257837	1046.9793944453113	2.1578347291018503	2060.7019260561783
3405.458585544596	1049.1386319883773	2.1606407605459026	2061.7019260561783
3411.250183128799	1051.30067677362	2.163449213641196	2062.7019260561783
3417.0495878169504	1053.4655312232476	2.1662600895002027	2063.7019260561783
3422.8568067509414	1055.6331977605794	2.169073389235394	2064.7019260561783
3428.6718470760043	1057.803678810048	2.171889113959242	2065.7019260561783
3434.4947159407084	1059.9769767971977	2.1747072647842174	2066.7019260561783
3440.3254204969553	1062.1530941486874	2.177527842822792	2067.7019260561783
3446.1639678999904	1064.3320332922856	2.1803508491874375	2068.7019260561783
3452.010365308394	1066.5137966568752	2.1831762849906253	2069.7019260561783
3457.864619884083	1068.6983866724504	2.1860041513448265	2070.7019260561783
3463.7267387923157	1070.8858057701193	2.188834449362514	2071.7019260561783
3469.5967292016817	1073.076056382101	2.1916671801561582	2072.7019260561783
3475.474598284111	1075.2691409417278	2.194502344838231	2073.7019260561783
3481.3603532148713	1077.4650618834444	2.197339944521203	2074.7019260561783
3487.2540011725696	1079.663821642808	2.2001799803175475	2075.7019260561783
3493.155549339146	1081.8654226564881	2.203022453339735	2076.7019260561783
3499.0650048998814	1084.0698673622671	2.205867364700237	2077.7019260561783
3504.9823750433934	1086.2771581990387	2.208714715511525	2078.7019260561783
3510.9076669616334	1088.487297606811	2.211564506886071	2079.7019260561783
3516.840887849897	1090.7002880267032	2.214416739936347	2080.7019260561783
3522.7820449068117	1092.9161319009468	2.2172714157748232	2081.7019260561783
3528.731145334345	1095.1348316728859	2.2201285355139713	2082.7019260561783
3534.6881963378005	1097.3563897869785	2.222988100266264	2083.7019260561783
3540.6532051258196	1099.580808688794	2.225850111144172	2084.7019260561783
3546.6261789103837	1101.808090825013	2.2287145692601675	2085.7019260561783
3552.607124906806	1104.0382386434308	2.2315814757267205	2086.7019260561783
3558.5960503337415	1106.271254592954	2.234450831656304	2087.7019260561783
3564.592962413183	1108.5071411236024	2.2373226381613898	2088.7019260561783
3570.597868370457	1110.7459006865065	2.2401968963544485	2089.7019260561783
3576.6107754342306	1112.987535733911	2.2430736073479514	2090.7019260561783
3582.631690836508	1115.232048719173	2.245952772254371	2091.7019260561783
3588.660621812628	1117.4794420967619	2.248834392186178	2092.7019260561783
3594.697575601271	1119.7297183222586	2.2517184682558447	2093.7019260561783
3600.742559444453	1121.9828798523567	2.2546050015758423	2094.7019260561783
3606.795580587526	1124.238929144864	2.257493993258642	2095.7019260561783
3612.85664627918	1126.4978686586994	2.260385444416716	2096.7019260561783
3618.925763771445	1128.7597008538937	2.2632793561625357	2097.7019260561783
3625.0029403196854	1131.0244281915907	2.2661757296085723	2098.7019260561783
3631.0881831826027	1133.292053134048	2.2690745658672973	2099.7019260561783
3637.1814996222392	1135.562578144634	2.2719758660511826	2100.7019260561783
3643.282896903971	1137.83600568783	2.2748796312726993	2101.7019260561783
3649.392382296514	1140.1123382292294	2.2777858626443193	2102.7019260561783
3655.509963071923	1142.3915782355393	2.2806945612785148	2103.7019260561783
3661.6356465055824	1144.6737281745782	2.2836057282877555	2104.7019260561783
3667.769439876224	1146.9587905152775	2.286519364784515	2105.7019260561783
3673.911350465912	1149.2467677276804	2.289435471881263	2106.7019260561783
3680.0613855600473	1151.5376622829438	2.2923540506904727	2107.7019260561783
3686.219552447368	1153.8314766533365	2.295275102324614	2108.7019260561783
3692.385858419956	1156.1282133122395	2.29819862789616	2109.7019260561783
3698.5603107732213	1158.4278747341455	2.3011246285175813	2110.7019260561783
3704.742916805917	1160.7304633946617	2.3040531053013495	2111.7019260561783
3710.9336838201325	1163.0359817705066	2.306984059359937	2112.7019260561783
3717.1326191212956	1165.3444323395108	2.3099174918058143	2113.7019260561783
3723.3397300181687	1167.6558175806176	2.312853403751453	2114.7019260561783
3729.5550238228516	1169.9701399738842	2.315791796309325	2115.7019260561783
3735.7785078507877	1172.287402000478	2.3187326705919027	2116.7019260561783
3742.0101894207505	1174.6076061426807	2.321676027711656	2117.7019260561783
3748.2500758548535	1176.9307548838847	2.324621868781057	2118.7019260561783
3754.4981744785487	1179.2568507085966	2.3275701949125778	2119.7019260561783
3760.754492620624	1181.5858961024346	2.3305210072186893	2120.7019260561783
3767.0190376132073	1183.91789355213	2.3334743068118637	2121.7019260561783
3773.2918167917587	1186.2528455455247	2.3364300948045718	2122.7019260561783
3779.5728374950804	1188.590754571576	2.339388372309285	2123.7019260561783
3785.862107065313	1190.9316231203518	2.3423491404384764	2124.7019260561783
3792.1596328479295	1193.275453683032	2.3453124003046164	2125.7019260561783
3798.465422191742	1195.6222487519105	2.3482781530201757	2126.7019260561783
3804.7794824489047	1197.9720108203928	2.3512463996976276	2127.7019260561783
3811.1018209749004	1200.3247423829973	2.354217141449442	2128.7019260561783
3817.4324451285584	1202.6804459353543	2.3571903793880917	2129.7019260561783
3823.771362272041	1205.0391239742066	2.360166114626048	2130.7019260561783
3830.118579770846	1207.4007789974103	2.3631443482757817	2131.7019260561783
3836.474104993814	1209.765413503933	2.3661250814497654	2132.7019260561783
3842.837945313116	1212.133029993855	2.3691083152604695	2133.7019260561783
3849.2101081042692	1214.50363096837	2.3720940508203667	2134.7019260561783
3855.59060074612	1216.8772189297833	2.375082289241928	2135.7019260561783
3861.979430620856	1219.2537963815123	2.3780730316376246	2136.7019260561783
3868.376605114002	1221.633365828087	2.3810662791199286	2137.7019260561783
3874.78213161442	1224.0159297751516	2.384062032801311	2138.7019260561783
3881.1960175143104	1226.4014907294604	2.387060293794244	2139.7019260561783
3887.6182702092083	1228.7900511988817	2.3900610632111987	2140.7019260561783
3894.048897097988	1231.1816136923949	2.393064342164646	2141.7019260561783
3900.4879055828656	1233.5761807200938	2.3960701317670594	2142.7019260561783
3906.935303069384	1235.973754793183	2.3990784331309087	2143.7019260561783
3913.391096966431	1238.3743384239804	2.4020892473686652	2144.7019260561783
3919.8552946862364	1240.7779341259154	2.4051025755928026	2145.7019260561783
3926.327903644353	1243.184544413532	2.40811841891579	2146.7019260561783
3932.808931259685	1245.5941718024847	2.4111367784501003	2147.7019260561783
3939.2983849544676	1248.0068188095404	2.4141576553082054	2148.7019260561783
3945.7962721542726	1250.422487952579	2.417181050602575	2149.7019260561783
3952.3026002880115	1252.841181750595	2.420206965445682	2150.7019260561783
3958.8173767879366	1255.2629027236915	2.4232354009499986	2151.7019260561783
3965.3406090896287	1257.6876533930863	2.4262663582279953	2152.7019260561783
3971.872304632011	1260.1154362811092	2.4292998383921427	2153.7019260561783
3978.412470857348	1262.5462539112034	2.4323358425549144	2154.7019260561783
3984.9611152112366	1264.980108807923	2.4353743718287815	2155.7019260561783
3991.518245142609	1267.4170034969356	2.438415427326214	2156.7019260561783
3998.0838681037417	1269.8569405050207	2.4414590101596847	2157.7019260561783
4004.6579915502443	1272.299922360071	2.4445051214416655	2158.7019260561783
4011.2406229410635	1274.7459515910914	2.447553762284627	2159.7019260561783
4017.831769738485	1277.1950307281984	2.450604933801041	2160.7019260561783
4024.431439408131	1279.6471623026216	2.4536586371033797	2161.7019260561783
4031.039639418962	1282.1023488467042	2.4567148733041138	2162.7019260561783
4037.6563772432746	1284.5605928939003	2.4597736435157147	2163.7019260561783
4044.2816603567053	1287.021896978777	2.4628349488506553	2164.7019260561783
4050.9154962382236	1289.4862636370135	2.465898790421405	2165.7019260561783
4057.557892370142	1291.9536954054024	2.4689651693404375	2166.7019260561783
4064.2088562381055	1294.4241948218482	2.4720340867202233	2167.7019260561783
4070.8683953310997	1296.8977644253675	2.475105543673234	2168.7019260561783
4077.536517141446	1299.3744067560897	2.478179541311941	2169.7019260561783
4084.2132291648018	1301.8541243552572	2.4812560807488158	2170.7019260561783
4090.8985389001673	1304.3369197652244	2.484335163096331	2171.7019260561783
4097.592453849875	1306.8227955294578	2.4874167894669568	2172.7019260561783
4104.294981519595	1309.3117541925362	2.490500960973165	2173.7019260561783
4111.00612941834	1311.8037983001534	2.4935876787274283	2174.7019260561783
4117.725905058453	1314.298930399112	2.4966769438422167	2175.7019260561783
4124.454315955618	1316.7971530373288	2.4997687574300027	2176.7019260561783
4131.191369628856	1319.2984687638334	2.5028631206032568	2177.7019260561783
4137.937073600527	1321.8028801287678	2.5059600344744517	2178.7019260561783
4144.691435396327	1324.310389683386	2.5090595001560585	2179.7019260561783
4151.454462545289	1326.8209999800542	2.512161518760549	2180.7019260561783
4158.226162579784	1329.334713572252	2.515266091400394	2181.7019260561783
4165.006543035519	1331.851533014571	2.518373219188066	2182.7019260561783
4171.795611451541	1334.3714608627151	2.521482903236036	2183.7019260561783
4178.593375370233	1336.8944996735008	2.5245951446567756	2184.7019260561783
4185.399842337314	1339.4206520048567	2.527709944562756	2185.7019260561783
4192.215019901844	1341.9499204158253	2.5308273040664493	2186.7019260561783
4199.038915616218	1344.48230746656	2.533947224280327	2187.7019260561783
4205.871537036169	1347.0178157183273	2.537069706316861	2188.7019260561783
4212.712891720763	1349.5564477335054	2.540194751288521	2189.7019260561783
4219.562987232414	1352.0982060755864	2.543322360307781	2190.7019260561783
4226.421831136863	1354.6430933091747	2.5464525344871105	2191.7019260561783
4233.289431003193	1357.1911119999852	2.5495852749389827	2192.7019260561783
4240.165794403824	1359.742264714847	2.552720582775868	2193.7019260561783
4247.050928914514	1362.2965540217026	2.555858459110238	2194.7019260561783
4253.944842114356	1364.8539824896043	2.558998905054566	2195.7019260561783
4260.847541585784	1367.4145526887194	2.5621419217213206	2196.7019260561783
4267.759034914566	1369.978267190325	2.565287510222975	2197.7019260561783
4274.679329689809	1372.5451285668141	2.568435671672001	2198.7019260561783
4281.608433503959	1375.1151393916894	2.5715864071808703	2199.7019260561783