9.742712e-8	7.78799e-13	1.047129e-10	930.428808666363
9.969651e-8	8.092866e-13	1.0715190000000001e-10	930.4297850677403
1.020188e-7	8.409501e-13	1.096478e-10	930.4303501766565
1.043951e-7	8.73834e-13	1.1220180000000002e-10	930.4304728979391
1.068268e-7	9.079846e-13	1.148154e-10	930.4301338026083
1.093151e-7	9.434498e-13	1.174898e-10	930.4300752048265
1.118614e-7	9.802794e-13	1.202264e-10	930.4310890070733
1.14467e-7	1.018525e-12	1.230269e-10	930.4308124889759
1.171333e-7	1.05824e-12	1.258925e-10	930.4315844073315
1.198618e-7	1.09948e-12	1.28825e-10	930.4319773335923
1.226537e-7	1.142303e-12	1.318257e-10	930.4319438698221
1.255107e-7	1.186768e-12	1.348963e-10	930.4323896800727
1.284343e-7	1.232937e-12	1.380384e-10	930.4333644623524
1.314259e-7	1.280874e-12	1.412538e-10	930.4328865772108
1.344873e-7	1.330647e-12	1.4454399999999998e-10	930.4338516091987
1.376199e-7	1.382322e-12	1.479108e-10	930.4343044726957
1.408255e-7	1.435974e-12	1.513561e-10	930.4344917317505
1.441058e-7	1.491674e-12	1.548817e-10	930.4345941063405
1.474625e-7	1.549501e-12	1.584893e-10	930.435363781656
1.508974e-7	1.609534e-12	1.62181e-10	930.4358065001448
1.544122e-7	1.671855e-12	1.6595870000000001e-10	930.4355351964074
1.58009e-7	1.736551e-12	1.698244e-10	930.4360065514733
1.616896e-7	1.80371e-12	1.737801e-10	930.43682049901
1.654558e-7	1.873423e-12	1.7782789999999997e-10	930.4370878979058
1.693098e-7	1.945787e-12	1.8197010000000002e-10	930.4371750468895
1.732536e-7	2.0209e-12	1.862087e-10	930.4378415186832
1.772893e-7	2.098865e-12	1.905461e-10	930.4383499058758
1.814189e-7	2.179788e-12	1.9498450000000002e-10	930.4384696629733
1.856447e-7	2.263778e-12	1.9952619999999999e-10	930.4390289495815
1.89969e-7	2.350951e-12	2.041738e-10	930.4394146114731
1.94394e-7	2.441423e-12	2.089296e-10	930.4399253289146
1.989221e-7	2.535318e-12	2.1379620000000003e-10	930.4404630110357
2.035557e-7	2.632763e-12	2.187762e-10	930.4409381047847
2.082971e-7	2.733888e-12	2.238721e-10	930.441238046188
2.131491e-7	2.838831e-12	2.290868e-10	930.4418186949225
2.18114e-7	2.947732e-12	2.344229e-10	930.4421527589667
2.231946e-7	3.060738e-12	2.398833e-10	930.4426808285529
2.2839360000000003e-7	3.178e-12	2.454709e-10	930.4433967529349
2.337136e-7	3.299676e-12	2.511886e-10	930.443896243699
2.391576e-7	3.425927e-12	2.570396e-10	930.4442814531302
2.447283e-7	3.556923e-12	2.630268e-10	930.4445665726839
2.504289e-7	3.692838e-12	2.691535e-10	930.4452397535234
2.562622e-7	3.833852e-12	2.754229e-10	930.445630526728
2.622314e-7	3.980154e-12	2.818383e-10	930.4462174019641
2.683397e-7	4.131936e-12	2.884032e-10	930.4467909371325
2.745902e-7	4.289401e-12	2.951209e-10	930.4474518781965
2.809863e-7	4.452756e-12	3.019952e-10	930.4477447191213
2.875314e-7	4.622216e-12	3.090295e-10	930.448459503057
2.94229e-7	4.798006e-12	3.162278e-10	930.4488663109314
3.010826e-7	4.980355e-12	3.2359370000000006e-10	930.4494505146422
3.080958e-7	5.169504e-12	3.3113109999999996e-10	930.4501132753766
3.152724e-7	5.3657e-12	3.3884420000000004e-10	930.4505306568625
3.226162e-7	5.5692e-12	3.4673690000000003e-10	930.4512130090568
3.30131e-7	5.780271e-12	3.548134e-10	930.4518382648456
3.378209e-7	5.999186e-12	3.6307810000000007e-10	930.4524265881088
3.456899e-7	6.226231e-12	3.715352e-10	930.4532282028728
3.537422e-7	6.461702e-12	3.801894e-10	930.4537730457502
3.619821e-7	6.705902e-12	3.890451e-10	930.4546077100059
3.704139e-7	6.95915e-12	3.9810719999999997e-10	930.4550612247153
3.790421e-7	7.221772e-12	4.0738029999999993e-10	930.4556989427324
3.878713e-7	7.494107e-12	4.168694e-10	930.456382999088
3.969062e-7	7.776505e-12	4.265795e-10	930.4572219363565
4.061515e-7	8.069331e-12	4.365158e-10	930.4578879641928
4.156121e-7	8.372959e-12	4.466836e-10	930.4583220852522
4.252932e-7	8.68778e-12	4.570882e-10	930.4591275381862
4.351997e-7	9.014195e-12	4.677351000000001e-10	930.459814102042
4.453371e-7	9.352621e-12	4.786301e-10	930.4606054257767
4.557105e-7	9.703489e-12	4.897788e-10	930.4612684113728
4.6632559999999994e-7	1.006725e-11	5.011871999999999e-10	930.4620454193562
4.77188e-7	1.044435e-11	5.128614e-10	930.4627806849962
4.883034e-7	1.083529e-11	5.248075e-10	930.4635228917269
4.996777e-7	1.124055e-11	5.370318e-10	930.4643422419305
5.113169e-7	1.166065e-11	5.495409e-10	930.4649765831806
5.232273e-7	1.209611e-11	5.623413e-10	930.465886304278
5.354151e-7	1.254748e-11	5.754399000000001e-10	930.4666698989764
5.478868e-7	1.301533e-11	5.888436999999999e-10	930.4673130238125
5.606491e-7	1.350025e-11	6.025595999999999e-10	930.4682893609197
5.737086e-7	1.400285e-11	6.16595e-10	930.469113194236
5.870723e-7	1.452374e-11	6.309573e-10	930.4699759238857
6.007473e-7	1.506358e-11	6.456542e-10	930.4707745725187
6.147409e-7	1.562305e-11	6.606934000000001e-10	930.4717181222031
6.290604e-7	1.620283e-11	6.760829999999999e-10	930.4724461789453
6.437135e-7	1.680365e-11	6.918309999999999e-10	930.4733434176845
6.587079e-7	1.742624e-11	7.079458e-10	930.4742343834796
6.740516e-7	1.807139e-11	7.244359999999999e-10	930.4751163525833
6.897527e-7	1.873987e-11	7.413102e-10	930.4761216964235
7.058195e-7	1.943253e-11	7.585775999999999e-10	930.4768985137447
7.222606e-7	2.01502e-11	7.762471000000001e-10	930.4778725743387
7.390847e-7	2.089377e-11	7.943281999999999e-10	930.4788546724138
7.563007e-7	2.166414e-11	8.128305e-10	930.4798037721271
7.739177e-7	2.246226e-11	8.317638000000001e-10	930.4806992802523
7.919451e-7	2.32891e-11	8.51138e-10	930.4817657066186
8.103925e-7	2.414567e-11	8.709636e-10	930.482795917074
8.292695e-7	2.5033e-11	8.912509e-10	930.4838098901218
8.485863e-7	2.595218e-11	9.120107999999999e-10	930.4848716484498
8.68353e-7	2.690431e-11	9.332542999999998e-10	930.4858325431771
8.885802e-7	2.789054e-11	9.549926e-10	930.486886013567
9.092785e-7	2.891207e-11	9.772372e-10	930.4879225535009
9.304590000000001e-7	2.997011e-11	1.0000000000000003e-9	930.48897011
9.521329e-7	3.106595e-11	1.023293e-9	930.4900609600573
9.743117e-7	3.220089e-11	1.047129e-9	930.4907999778443
9.970071e-7	3.33763e-11	1.071519e-9	930.4925776397806
1.020231e-6	3.459357e-11	1.096478e-9	930.4934468087824
1.043996e-6	3.585415e-11	1.122018e-9	930.4947462072801
1.068315e-6	3.715955e-11	1.148154e-9	930.4955254695799
1.0932e-6	3.851132e-11	1.174898e-9	930.4965293327591
1.118665e-6	3.991105e-11	1.202264e-9	930.4985519403393
1.144723e-6	4.13604e-11	1.230269e-9	930.4992326068526
1.171388e-6	4.286109e-11	1.2589250000000002e-9	930.5009123577655
1.198674e-6	4.441488e-11	1.28825e-9	930.5013893887057
1.226596e-6	4.60236e-11	1.3182569999999998e-9	930.5029471491522
1.255168e-6	4.768913e-11	1.348963e-9	930.5041644062884
1.284406e-6	4.941343e-11	1.380384e-9	930.5058689683452
1.314324e-6	5.119851e-11	1.412538e-9	930.5060809054341
1.34494e-6	5.304646e-11	1.4454400000000001e-9	930.5076976284039
1.376269e-6	5.495944e-11	1.479108e-9	930.5094417987057
1.408328e-6	5.693966e-11	1.513561e-9	930.51085464015
1.441133e-6	5.898942e-11	1.548817e-9	930.5114738668287
1.474703e-6	6.11111e-11	1.584893e-9	930.5133602710088
1.509055e-6	6.330715e-11	1.62181e-9	930.5148612661162
1.544207e-6	6.558011e-11	1.659587e-9	930.5161947580934
1.580177e-6	6.79326e-11	1.6982440000000002e-9	930.5170120430279
1.616986e-6	7.036732e-11	1.7378010000000003e-9	930.5187229838168
1.654652e-6	7.288706e-11	1.778279e-9	930.520400375869
1.693196e-6	7.549472e-11	1.819701e-9	930.5218245854677
1.732637e-6	7.819327e-11	1.8620869999999998e-9	930.523221133062
1.772997e-6	8.098581e-11	1.905461e-9	930.5244168261643
1.814298e-6	8.38755e-11	1.949845e-9	930.5262087499264
1.85656e-6	8.686564e-11	1.995262e-9	930.5278533044784
1.8998069999999998e-6	8.995962e-11	2.041738e-9	930.5292645873271
1.944061e-6	9.316096e-11	2.089296e-9	930.5307438295005
1.989346e-6	9.647326e-11	2.1379620000000006e-9	930.5321952682041
2.035687e-6	9.990029e-11	2.187762e-9	930.5339887474048
2.083106e-6	1.034459e-10	2.238721e-9	930.5355360940467
2.13163e-6	1.071141e-10	2.290868e-9	930.536859434939
2.181285e-6	1.109089e-10	2.344229e-9	930.5387438257952
2.232096e-6	1.148347e-10	2.398833e-9	930.5403230237371
2.284091e-6	1.188959e-10	2.454709e-9	930.5420299921495
2.337297e-6	1.230969e-10	2.511886e-9	930.5438610271327
2.391743e-6	1.274425e-10	2.5703959999999997e-9	930.545504467016
2.447457e-6	1.319375e-10	2.630268e-9	930.5473577217227
2.504468e-6	1.365869e-10	2.691535e-9	930.5487712030496
2.562808e-6	1.413959e-10	2.754229e-9	930.5505809066713
2.622507e-6	1.463698e-10	2.818383e-9	930.5525082290093
2.683597e-6	1.515141e-10	2.8840319999999994e-9	930.5543468657769
2.746109e-6	1.568345e-10	2.9512089999999995e-9	930.5562006960538
2.810078e-6	1.623369e-10	3.019952e-9	930.5579482389123
2.875537e-6	1.680272e-10	3.0902949999999996e-9	930.5600362424946
2.942521e-6	1.739118e-10	3.162278e-9	930.5617380255626
3.011065e-6	1.799971e-10	3.235937e-9	930.5635422135845
3.081206e-6	1.862899e-10	3.311311e-9	930.5656550834398
3.152981e-6	1.927969e-10	3.388442e-9	930.5674398145223
3.226428e-6	1.995252e-10	3.467369e-9	930.5694101781495
3.301586e-6	2.064823e-10	3.548134e-9	930.5715292319851
3.378494e-6	2.136757e-10	3.630781e-9	930.5732501354393
3.457195e-6	2.211132e-10	3.7153519999999994e-9	930.575652912564
3.537728e-6	2.288028e-10	3.801894e-9	930.5774445052913
3.620138e-6	2.36753e-10	3.890451e-9	930.579707339843
3.704468e-6	2.449722e-10	3.981072e-9	930.5817559190086
3.790762e-6	2.534695e-10	4.073803e-9	930.5838965458075
3.879066e-6	2.622538e-10	4.168694e-9	930.5859949902775
3.969427e-6	2.713348e-10	4.265795000000001e-9	930.5881634724594
4.061893e-6	2.807222e-10	4.365158e-9	930.5903067426196
4.156514e-6	2.90426e-10	4.466836e-9	930.5925773858721
4.253338e-6	3.004567e-10	4.570882e-9	930.5946766291495
4.352418e-6	3.108249e-10	4.677351e-9	930.5970034962097
4.453806e-6	3.215419e-10	4.786301e-9	930.599129035136
4.538835e-6	3.306119e-10	4.877671e-9	930.6010208355586
4.675023e-6	3.30612e-10	5.024015000107458e-9	930.601045558184
4.772363e-6	3.407815e-10	5.128614e-9	930.6030404120879
4.883534e-6	3.525066e-10	5.248075000000001e-9	930.6053184453347
4.997294e-6	3.646249e-10	5.370318e-9	930.6075775959636
5.113705e-6	3.771492e-10	5.4954089999999994e-9	930.6099235197962
5.232827e-6	3.900928e-10	5.623413e-9	930.6122621262211
5.354725e-6	4.034695e-10	5.754399e-9	930.6147296181581
5.479462e-6	4.172934e-10	5.888437e-9	930.6169520706429
5.607105e-6	4.31579e-10	6.025596000000001e-9	930.6194074411893
5.737721e-6	4.463415e-10	6.16595e-9	930.6217762875144
5.871381e-6	4.615965e-10	6.309573e-9	930.6244014452324
6.008154e-6	4.773598e-10	6.456542e-9	930.6268525473853
6.148113e-6	4.936482e-10	6.606933999999999e-9	930.6293430810722
6.291332e-6	5.104787e-10	6.76083e-9	930.631664854759
6.437888e-6	5.278688e-10	6.918310000000001e-9	930.634196617382
6.587859e-6	5.458369e-10	7.079458e-9	930.6368986015597
6.741322e-6	5.644017e-10	7.24436e-9	930.6393389754237
6.898361e-6	5.835826e-10	7.413102e-9	930.642068947655
7.059059e-6	6.033995e-10	7.585776e-9	930.6447223725035
7.2235e-6	6.238732e-10	7.762471e-9	930.6474540387977
7.391771e-6	6.450248e-10	7.943282e-9	930.6500795011433
7.563963e-6	6.668763e-10	8.128305e-9	930.6528084637573
7.740166e-6	6.894505e-10	8.317637999999998e-9	930.6554878320024
7.920474e-6	7.127707e-10	8.51138e-9	930.6583386830338
8.104983e-6	7.36861e-10	8.709636e-9	930.6611505922866
8.293789e-6	7.617464e-10	8.912509e-9	930.6639405805929
8.486994e-6	7.874525e-10	9.120108e-9	930.6667697904454
8.684701e-6	8.140058e-10	9.332543e-9	930.669701259346
8.887013e-6	8.414337e-10	9.549926e-9	930.6725972222193
9.094038e-6	8.697645e-10	9.772371999999998e-9	930.6755580426126
9.305886e-6	8.990271e-10	1.e-8	930.67850271
9.522669e-6	9.292518e-10	1.023293e-8	930.6814618882372
9.744502e-6	9.604694e-10	1.047129e-8	930.6840388720016
9.971504e-6	9.927119e-10	1.071519e-8	930.6878097261924
0.00001020379	1.026012e-9	1.0964780000000002e-8	930.6904481439664
0.00001044149	1.060405e-9	1.1220179999999998e-8	930.6936613316362
0.00001068473	1.095924e-9	1.148154e-8	930.6962240256969
0.00001093364	1.132607e-9	1.174898e-8	930.6997379346973
0.00001118834	1.170491e-9	1.202264e-8	930.7032807270284
0.00001144898	1.209614e-9	1.230269e-8	930.7061800305462
0.00001171569	1.250016e-9	1.258925e-8	930.7099323629286
0.00001198861	1.291738e-9	1.28825e-8	930.7123413933631
0.00001226789	1.334822e-9	1.318257e-8	930.7156967116427
0.00001255368	1.379313e-9	1.3489630000000002e-8	930.7193238806401
0.00001284613	1.425255e-9	1.3803840000000001e-8	930.7232809855808
0.00001314539	1.472695e-9	1.4125379999999998e-8	930.7263022304534
0.00001345162	1.52168e-9	1.44544e-8	930.729859419969
0.00001376498	1.57226e-9	1.479108e-8	930.733405539014
0.00001408565	1.624487e-9	1.513561e-8	930.7371481559052
0.00001441378	1.678413e-9	1.548817e-8	930.7399397733883
0.00001474956	1.734091e-9	1.584893e-8	930.7438477550221
0.00001509316	1.791579e-9	1.6218099999999996e-8	930.7472255689632
0.00001544477	1.850934e-9	1.6595870000000003e-8	930.7508997117957
0.00001580457	1.912216e-9	1.6982440000000004e-8	930.7544861633544
0.00001617275	1.975486e-9	1.737801e-8	930.7582102899008
0.00001654951	2.040808e-9	1.778279e-8	930.7623161494905
0.00001693504	2.108247e-9	1.819701e-8	930.7654525111543
0.00001732956	2.17787e-9	1.8620870000000003e-8	930.7695005657631
0.00001773327	2.249748e-9	1.9054609999999996e-8	930.7731697473735
0.00001814639	2.323952e-9	1.949845e-8	930.7772644492253
0.00001856912	2.400556e-9	1.995262e-8	930.7810481029559
0.00001900171	2.479638e-9	2.041738e-8	930.7849311713843
0.00001944438	2.561274e-9	2.089296e-8	930.7891880327153
0.00001989735	2.645548e-9	2.137962e-8	930.7927618919325
0.00002036089	2.732543e-9	2.187762e-8	930.7969762250191
0.00002083522	2.822346e-9	2.238721e-8	930.801218463578
0.0000213206	2.915045e-9	2.290868e-8	930.8050505310651
0.00002181729	3.010733e-9	2.344229e-8	930.8092653490764
0.00002232555	3.109505e-9	2.398833e-8	930.8134207341653
0.00002284565	3.211459e-9	2.4547090000000004e-8	930.8175208955521
0.00002337787	3.316696e-9	2.5118860000000003e-8	930.8219678759307
0.00002392249	3.42532e-9	2.5703959999999997e-8	930.8260408123884
0.0000244798	3.53744e-9	2.6302680000000005e-8	930.8305252544607
0.00002505009	3.653165e-9	2.691535e-8	930.8347528454952
0.00002563367	3.77261e-9	2.754229e-8	930.8391789498985
0.00002623084	3.895894e-9	2.8183830000000005e-8	930.8435331181034
0.00002684193	4.023137e-9	2.8840320000000005e-8	930.8479634414597
0.00002746725	4.154466e-9	2.9512090000000002e-8	930.852557917789
0.00002810714	4.29001e-9	3.019952e-8	930.8568483869942
0.00002876195	4.429903e-9	3.090295e-8	930.8619372260578
0.000029432	4.574283e-9	3.162278e-8	930.8661124354026
0.00003011767	4.723291e-9	3.235937e-8	930.8708201364859
0.00003081931	4.877074e-9	3.311311e-8	930.8756282330471
0.0000315373	5.035783e-9	3.388442e-8	930.8802034386305
0.00003227202	5.199575e-9	3.4673690000000004e-8	930.8850478561699
0.00003302385	5.36861e-9	3.548134e-8	930.8898313874276
0.00003379321	5.543054e-9	3.630781000000001e-8	930.8948420188383
0.00003458048	5.723078e-9	3.715352e-8	930.8997661056071
0.0000353861	5.908859e-9	3.801894e-8	930.9046716978434
0.00003621049	6.100579e-9	3.890451e-8	930.9098245678972
0.00003705408	6.298425e-9	3.981072e-8	930.9145482674014
0.00003791733	6.502591e-9	4.073803e-8	930.9196490601042
0.0000388007	6.713277e-9	4.168694e-8	930.9249677956693
0.00003970464	6.930689e-9	4.265795e-8	930.9301241386424
0.00004062964	7.155039e-9	4.3651580000000004e-8	930.9352614269632
0.0000415762	7.386547e-9	4.466836000000001e-8	930.9405258442439
0.00004254481	7.625437e-9	4.570882e-8	930.9458313953413
0.00004353598	7.871944e-9	4.677351000000001e-8	930.9511290471894
0.00004455025	8.126309e-9	4.786301e-8	930.9564172625165
0.00004558815	8.388777e-9	4.897787999999999e-8	930.9618704811234
0.00004665024	8.659607e-9	5.011872e-8	930.9675029011116
0.00004773706	8.93906e-9	5.1286140000000005e-8	930.9727552122268
0.00004884922	9.22741e-9	5.248074999999999e-8	930.9784522896492
0.00004998728	9.524937e-9	5.370317999999999e-8	930.984067181869
0.00005115186	9.831929e-9	5.495409e-8	930.9897030230143
0.00005234357	1.014869e-8	5.623413e-8	930.9954415583561
0.00005356305	1.047552e-8	5.7543990000000006e-8	931.0012308844068
0.00005481094	1.081274e-8	5.888436999999999e-8	931.0068654890932
0.00005608791	1.116067e-8	6.025596e-8	931.0128105170013
0.000057394629999999996	1.151966e-8	6.16595e-8	931.0187345015772
0.00005873179	1.189006e-8	6.309573e-8	931.0246519059214
0.00006010011	1.227221e-8	6.456542e-8	931.0306075605178
0.00006150031	1.26665e-8	6.606934e-8	931.0366427150628
0.00006293314	1.30733e-8	6.76083e-8	931.0426870665287
0.00006439935	1.349302e-8	6.91831e-8	931.0488113426546
0.00006589972	1.392604e-8	7.079457999999999e-8	931.0549768075465
0.00006743505	1.43728e-8	7.24436e-8	931.0611675841619
0.00006900616	1.483373e-8	7.413102e-8	931.0676384865607
0.00007061387	1.530926e-8	7.585776e-8	931.0738843329938
0.00007225904	1.579987e-8	7.762470999999999e-8	931.0803205577195
0.00007394254	1.630602e-8	7.943281999999999e-8	931.0867475182173
0.00007566527	1.682821e-8	8.128305e-8	931.0932378890802
0.00007742814	1.736693e-8	8.317638000000002e-8	931.0997536800711
0.00007923208	1.792272e-8	8.51138e-8	931.1063860384567
0.00008107806	1.849609e-8	8.709636e-8	931.1130349190254
0.00008296705	1.908762e-8	8.912509e-8	931.1198184484302
0.00008490005	1.969786e-8	9.120108000000001e-8	931.1265596854773
0.00008687809	2.03274e-8	9.332543e-8	931.1333191821351
0.00008890223	2.097686e-8	9.549926000000002e-8	931.1402712439865
0.00009097352	2.164686e-8	9.772372e-8	931.1471857600181
0.00009309308	2.233804e-8	9.999999999999998e-8	931.1541804000001
0.00009526202	2.305107e-8	1.0232929999999999e-7	931.1611734859908
0.00009748151	2.378664e-8	1.0471290000000001e-7	931.1679519906335
0.0000997527	2.454544e-8	1.071519e-7	931.1756995442918
0.0001020768	2.532822e-8	1.0964780000000002e-7	931.1826431538069
0.0001044551	2.613572e-8	1.1220180000000002e-7	931.1903705644651
0.0001068888	2.696873e-8	1.148154e-7	931.1971105792429
0.0001093792	2.782803e-8	1.174898e-7	931.2044792824568
0.0001119276	2.871447e-8	1.202264e-7	931.2123998556058
0.0001145354	2.962888e-8	1.230269e-7	931.2193421113595
0.000117204	3.057214e-8	1.2589249999999996e-7	931.2276119705305
0.0001199348	3.154517e-8	1.28825e-7	931.2349712400544
0.0001227291	3.254889e-8	1.318257e-7	931.242154526773
0.0001255886	3.358427e-8	1.348963e-7	931.2500362871333
0.0001285148	3.465231e-8	1.3803839999999998e-7	931.2586375240514
0.0001315091	3.575401e-8	1.412538e-7	931.265948314311
0.0001345732	3.689045e-8	1.44544e-7	931.2741480102943
0.0001377086	3.806271e-8	1.479108e-7	931.281980152903
0.0001409172	3.927191e-8	1.513561e-7	931.2903273141949
0.0001442005	4.051922e-8	1.548817e-7	931.2980114500293
0.0001475603	4.180582e-8	1.584893e-7	931.3064403716844
0.0001509984	4.313295e-8	1.62181e-7	931.314598812438
0.0001522496	4.361852e-8	1.6352440000000002e-7	931.3180083216938
0.0001581168	4.397829e-8	1.698244e-7	931.3195176311532
0.0001618009	4.537383e-8	1.7378009999999998e-7	931.3280049326708
0.0001655708	4.681333e-8	1.778279e-7	931.336496297825
0.0001694285	4.829814e-8	1.8197010000000003e-7	931.3442051194124
0.0001733762	4.982969e-8	1.862087e-7	931.3529909719579
0.0001774158	5.140945e-8	1.905461e-7	931.3610168352959
0.0001815496	5.303892e-8	1.949845e-7	931.3696161489759
0.0001857796	5.471966e-8	1.995262e-7	931.378032859845
0.0001901083	5.645329e-8	2.0417380000000003e-7	931.3866582783883
0.0001945378	5.824145e-8	2.089296e-7	931.3952711822548
0.0001990706	6.008585e-8	2.1379619999999998e-7	931.4042337983557
0.000203709	6.198825e-8	2.1877620000000004e-7	931.4129610533503
0.0002084554	6.395048e-8	2.238721e-7	931.421782705393
0.0002133125	6.597441e-8	2.290868e-7	931.4306822130301
0.0002182827	6.806196e-8	2.3442290000000002e-7	931.4395562890827
0.0002233688	7.021512e-8	2.398833e-7	931.4488133188096
0.0002285734	7.243597e-8	2.454709e-7	931.458009768164
0.0002338992	7.47266e-8	2.511886e-7	931.4671390341758
0.0002393492	7.708921e-8	2.570396e-7	931.4762752898774
0.0002449262	7.952605e-8	2.630268e-7	931.4857879501252
0.0002506332	8.203945e-8	2.691535e-7	931.4953714144532
0.0002564731	8.463179e-8	2.754229e-7	931.5047216117468
0.0002624491	8.730556e-8	2.818383e-7	931.5142958213982
0.0002685644	9.006329e-8	2.884032e-7	931.5238641249474
0.0002748222	9.290762e-8	2.951209e-7	931.5338480602355
0.0002812258	9.584125e-8	3.019952e-7	931.5434193987189
0.0002877787	9.886699e-8	3.090295e-7	931.5536768819806
0.0002944843	1.019877e-7	3.1622779999999993e-7	931.5635364759203
0.0003013461	1.052064e-7	3.235937e-7	931.5734713005846
0.0003083678	1.085261e-7	3.311311e-7	931.5836721467721
0.0003155532	1.119499e-7	3.388442e-7	931.5937823341818
0.000322906	1.154813e-7	3.4673689999999997e-7	931.603995132909
0.0003304302	1.191234e-7	3.548134e-7	931.6145427427488
0.0003381298	1.228797e-7	3.630781e-7	931.6251233550028
0.0003460087	1.267539e-7	3.715352e-7	931.6356940069205
0.0003540713	1.307497e-7	3.801894e-7	931.646304973258
0.0003623218	1.348707e-7	3.890451e-7	931.6572055527752
0.0003707645	1.39121e-7	3.9810719999999996e-7	931.6677040756862
0.000379404	1.435046e-7	4.073803e-7	931.6785927056364
0.0003882449	1.480256e-7	4.1686939999999994e-7	931.6896985002976
0.0003972918	1.526884e-7	4.2657950000000004e-7	931.7008632622992
0.0004065495	1.574974e-7	4.365158e-7	931.7119733123062
0.000416023	1.624571e-7	4.466836e-7	931.7231640024393
0.0004257172	1.675723e-7	4.570882e-7	931.7343398932635
0.0004356374	1.728478e-7	4.677351e-7	931.7458702586143
0.0004457888	1.782886e-7	4.786301e-7	931.7572977545709
0.0004561768	1.839e-7	4.897788e-7	931.7689944930241
0.0004668068	1.896872e-7	5.011872000000001e-7	931.7805546510366
0.0004776847	1.956557e-7	5.128614e-7	931.7924018068038
0.000488816	2.018113e-7	5.248074999999999e-7	931.80415923934
0.0005002068	2.081596e-7	5.370318e-7	931.8162529667703
0.000511863	2.147069e-7	5.495409e-7	931.8281985926798
0.0005237909	2.214592e-7	5.623413e-7	931.8404307135186
0.0005359968	2.28423e-7	5.754399e-7	931.8526973885542
0.0005484872	2.35605e-7	5.888437e-7	931.864949900967
0.0005612686	2.430119e-7	6.025596e-7	931.8772979469582
0.000574348	2.506507e-7	6.165950000000001e-7	931.8898964474249
0.0005877322	2.585287e-7	6.309573e-7	931.9025688426141
0.0006014284	2.666534e-7	6.456542e-7	931.9153401309865
0.0006154438	2.750324e-7	6.606934e-7	931.9282323692048
0.0006297858	2.836738e-7	6.76083e-7	931.9410099055883
0.0006444621	2.925858e-7	6.918309999999999e-7	931.9540260554962
0.0006594805	3.017767e-7	7.079458e-7	931.9672165581036
0.0006748489	3.112553e-7	7.244360000000001e-7	931.9804030997907
0.0006905755	3.210305e-7	7.413102e-7	931.9938272804017
0.0007066687	3.311117e-7	7.585776e-7	932.0072352518714
0.0007231369	3.415085e-7	7.762470999999999e-7	932.0207553754467
0.000739989	3.522305e-7	7.943282000000001e-7	932.0344292195593
0.0007707905	3.569864e-7	8.273756e-7	932.0404014815036
0.0007748804	3.595303e-7	8.317637999999999e-7	932.0433641137063
0.0007929382	3.708164e-7	8.51138e-7	932.0568655141705
0.0008114169	3.824555e-7	8.709635999999999e-7	932.07035919756
0.0008303263	3.944589e-7	8.912509000000001e-7	932.0840617383948
0.0008420832	4.019687e-7	9.038643999999999e-7	932.0924341084792
0.0008694773	4.088093e-7	9.332543e-7	932.0997602689856
0.0008897397	4.216374e-7	9.549926e-7	932.1133351190365
0.0009104744	4.348669e-7	9.772372e-7	932.1270894108411
0.0009316923	4.485103e-7	1.e-6	932.1408103
0.0009534047999999999	4.625804e-7	1.023293e-6	932.154700950754
0.0009756234	4.770906e-7	1.047129e-6	932.1683294035405
0.0009983599	4.920546e-7	1.071519e-6	932.1831480356392
0.001021626	5.074866e-7	1.096478e-6	932.1969858036367
0.001045435	5.234013e-7	1.122018e-6	932.2117838572999
0.001069799	5.398137e-7	1.1481539999999999e-6	932.2258283296492
0.00109473	5.567393e-7	1.174898e-6	932.2398534170626
0.001120243	5.741942e-7	1.2022639999999998e-6	932.2554731739451
0.00114635	5.921948e-7	1.230269e-6	932.2694425365507
0.001173066	6.107583e-7	1.2589250000000002e-6	932.2848925074964
0.001200405	6.299022e-7	1.28825e-6	932.2995553658066
0.001228381	6.496446e-7	1.3182569999999998e-6	932.3149011156398
0.001257009	6.700042e-7	1.348963e-6	932.3302449362956
0.001286304	6.910003e-7	1.3803840000000001e-6	932.3456373733686
0.001316283	7.126527e-7	1.4125380000000002e-6	932.3612198043521
0.00134696	7.34982e-7	1.44544e-6	932.3769800199246
0.001378352	7.580093e-7	1.479108e-6	932.3930431719658
0.001410476	7.817563e-7	1.513561e-6	932.4089060830717
0.001443348	8.062455e-7	1.5488170000000002e-6	932.4240665617693
0.001476987	8.315002e-7	1.584893e-6	932.4405497405818
0.00151141	8.575441e-7	1.62181e-6	932.4566651457322
0.001546636	8.84402e-7	1.6595870000000002e-6	932.4732008626243
0.001582683	9.120992e-7	1.6982439999999998e-6	932.4897359861128
0.00161957	9.406619e-7	1.7378009999999997e-6	932.5064618445956
0.001657316	9.701172e-7	1.7782789999999998e-6	932.523027713874
0.001695943	1.000493e-6	1.8197010000000002e-6	932.5397375722715
0.001735471	1.031818e-6	1.8620869999999998e-6	932.5572961950758
0.001739608	1.03511e-6	1.866524e-6	932.5586544828782
0.00181731	1.051185e-6	1.949845e-6	932.567042508507
0.001859665	1.084093e-6	1.995262e-6	932.5838376113012
0.001903008	1.11803e-6	2.041738e-6	932.6005736289377
0.001947361	1.153027e-6	2.089296e-6	932.6175070454354
0.001992748	1.189118e-6	2.137962e-6	932.6344986487131
0.002039193	1.226336e-6	2.1877619999999994e-6	932.6514200356346
0.002086721	1.264716e-6	2.238721e-6	932.6690177114523
0.002135357	1.304296e-6	2.290868e-6	932.6863424693173
0.002185127	1.345112e-6	2.3442290000000005e-6	932.7041479309399
0.002236057	1.387203e-6	2.398833e-6	932.721953966783
0.002288174	1.430608e-6	2.4547090000000004e-6	932.7397292306338
0.002341506	1.47537e-6	2.511886e-6	932.7578441059826
0.002396082	1.52153e-6	2.5703960000000003e-6	932.7759341362187
0.00245193	1.569131e-6	2.630268e-6	932.7943506137017
0.00250908	1.618219e-6	2.691535e-6	932.812770036429
0.002567562	1.66884e-6	2.7542290000000004e-6	932.8312351659937
0.002627408	1.721042e-6	2.818383e-6	932.850163373821
0.002688649	1.774875e-6	2.8840319999999994e-6	932.8689400811087
0.002751317	1.830388e-6	2.951209e-6	932.8879750637791
0.002815447	1.887635e-6	3.019952e-6	932.9070909074052
0.002881072	1.94667e-6	3.090295e-6	932.9266849928567
0.002948227	2.007549e-6	3.1622780000000004e-6	932.9459803976753
0.003016947	2.070328e-6	3.235937e-6	932.9654217619192
0.00308727	2.135068e-6	3.311311e-6	932.9854755412584
0.003159232	2.201829e-6	3.388442e-6	933.0051477935878
0.003232872	2.270675e-6	3.467369e-6	933.0252058549291
0.003308229	2.34167e-6	3.548134e-6	933.0455585950249
0.003385343	2.414882e-6	3.630781e-6	933.0658836211823
0.003464255	2.49038e-6	3.715352e-6	933.0866577379478
0.003545007	2.568235e-6	3.801894e-6	933.1073499155948
0.003627641	2.648521e-6	3.890451e-6	933.1281954200168
0.003712203	2.731313e-6	3.981072e-6	933.1492404558369
0.003798736	2.81669e-6	4.073803e-6	933.170477315668
0.003887286	2.904733e-6	4.168694e-6	933.191722155668
0.003977901	2.995524e-6	4.265795e-6	933.2132753683661
0.004070629	3.089149e-6	4.365158e-6	933.2349823305365
0.00416552	3.185697e-6	4.466836e-6	933.2569400354076
0.004262622	3.285258e-6	4.570882e-6	933.2787978337661
0.004361989	3.387928e-6	4.677351e-6	933.3011202280951
0.004463673	3.493802e-6	4.786301e-6	933.3234165590504
0.004567728	3.602982e-6	4.897788e-6	933.346029268723
0.00467421	3.715569e-6	5.011872000000001e-6	933.368922630107
0.004783174	3.83167e-6	5.128614e-6	933.3916863308489
0.004894679	3.951396e-6	5.2480750000000006e-6	933.4147084407139
0.005008784	4.074858e-6	5.370318000000001e-6	933.4379934298116
0.00512555	4.202174e-6	5.495409e-6	933.4613991424478
0.005245039	4.333463e-6	5.623413e-6	933.4851384737347
0.005367314	4.46885e-6	5.754399000000001e-6	933.5089294294677
0.00549244	4.608463e-6	5.888436999999999e-6	933.5326951787038
0.005620485	4.752432e-6	6.025596e-6	933.5570177622263
0.005751515	4.900895e-6	6.165950000000001e-6	933.5813451292987
0.005885601	5.053992e-6	6.309573000000001e-6	933.6059654116054
0.006022814	5.211866e-6	6.456542e-6	933.6307060342826
0.006163226	5.374667e-6	6.606934e-6	933.655560506583
0.006306914	5.542549e-6	6.76083e-6	933.680709173282
0.006349596	5.592666e-6	6.8065439999999995e-6	933.6880311065352
0.006604413	5.624687e-6	7.079458e-6	933.6926198305013
0.006758382	5.800371e-6	7.24436e-6	933.7170393243848
0.006915942	5.981537e-6	7.413101999999999e-6	933.7418447769908
0.007077177	6.168356e-6	7.5857760000000005e-6	933.7667439692393
0.007242171	6.361006e-6	7.762471e-6	933.7918307198829
0.007411014	6.559667e-6	7.943282e-6	933.8172391462371
0.007583794	6.764527e-6	8.128305e-6	933.8427294497438
0.007760603	6.97578e-6	8.317638e-6	933.8683385836218
0.007941535	7.193624e-6	8.511379999999998e-6	933.8942244383402
0.008126688	7.418266e-6	8.709636e-6	933.9203459249043
0.008316158	7.649917e-6	8.912509000000001e-6	933.9466492544357
0.008510047	7.888797e-6	9.120108e-6	933.9731280594484
0.008708458	8.13513e-6	9.332543e-6	933.999782267277
0.008911497	8.389149e-6	9.549926e-6	934.0267295264908
0.009119271	8.651094e-6	9.772372e-6	934.053891317277
0.00933189	8.921211e-6	0.00001	934.0811211
0.009549469	9.199757e-6	0.00001023293	934.1086821663004
0.009772122	9.486993e-6	0.00001047129	934.1360035869504
0.009999969	9.783191e-6	0.000010715190000000001	934.1646943264655
0.01023313	0.00001008863	0.00001096478	934.1928091580496
0.01047173	0.0000104036	0.00001122018	934.2215187278636
0.01071589	0.0000107284	0.00001148154	934.2490989884633
0.01096575	0.00001106332	0.00001174898	934.2779815779753
0.01122144	0.0000114087	0.00001202264	934.3079972451973
0.01148309	0.00001176485	0.000012302690000000001	934.3367060374601
0.01175084	0.00001213212	0.00001258925	934.3663935500526
0.01202484	0.00001251084	0.000012882499999999999	934.3955629730254
0.01230523	0.00001290138	0.00001318257	934.4256377929341
0.01259216	0.0000133041	0.000013489630000000003	934.4558820367942
0.01288579	0.00001371938	0.00001380384	934.487025349468
0.01318626	0.00001414762	0.00001412538	934.5169914012932
0.01349374	0.00001458922	0.000014454400000000002	934.5479037524906
0.0138084	0.00001504459	0.00001479108	934.5798001227768
0.01413039	0.00001551417	0.000015135610000000002	934.6107735334089
0.0144599	0.0000159984	0.00001548817	934.6422721341514
0.01479709	0.00001649773	0.00001584893	934.6743111364617
0.01514215	0.00001701264	0.0000162181	934.7064477343215
0.01549526	0.00001754362	0.00001659587	934.7388006775179
0.01561285	0.00001772134	0.00001672167	934.7494203629183
0.01622636	0.00001772535	0.00001737801	934.7494534759734
0.01660474	0.00001827855	0.00001778279	934.7812435506464
0.01699195	0.00001884901	0.00001819701	934.8128626626021
0.01738819	0.00001943727	0.00001862087	934.8450029456195
0.01779367	0.00002004387	0.00001905461	934.8768549972947
0.01820861	0.0000206694	0.00001949845	934.9091543173945
0.01863323	0.00002131444	0.000019952619999999997	934.942099834508
0.01906776	0.0000219796	0.00002041738	934.9749869963726
0.01951243	0.0000226655	0.00002089296	935.0085148298758
0.01996746	0.0000233728	0.00002137962	935.0415395596367
0.02043312	0.00002410216	0.00002187762	935.0753034379425
0.02090964	0.00002485428	0.00002238721	935.1095683651514
0.02139727	0.00002562985	0.000022908679999999995	935.1433539601584
0.02189629	0.00002642961	0.00002344229	935.1782445315708
0.02240694	0.00002725432	0.00002398833	935.2128439120188
0.02292951	0.00002810475	0.00002454709	935.2479153333451
0.02346427	0.00002898171	0.00002511886	935.2833572064974
0.02401151	0.00002988602	0.00002570396	935.3187610002506
0.02457152	0.00003081853	0.00002630268	935.354820497379
0.02514459	0.00003178013	0.000026915349999999996	935.3907762670744
0.02573104	0.00003277172	0.00002754229	935.4273635198816
0.02633116	0.00003379424	0.00002818383	935.4638542738867
0.02694529	0.00003484865	0.000028840319999999997	935.5006688552693
0.02757376	0.00003593595	0.00002951209	935.5384843974113
0.02821688	0.00003705715	0.00003019952	935.5757028588533
0.02887501	0.00003821333	0.00003090295	935.6136980450085
0.0295485	0.00003940557	0.00003162278	935.6516274027774
0.03023771	0.00004063499	0.00003235937	935.6901877261517
0.03094299	0.00004190275	0.00003311311	935.7288623750533
0.03166474	0.00004321006	0.00003388442	935.7678266294656
0.03240333	0.00004455813	0.00003467368999999999	935.8071820449453
0.03315915	0.00004594825	0.00003548134	935.8467929903436
0.03393262	0.00004738172	0.000036307810000000006	935.8868441803568
0.03472413	0.0000488599	0.00003715352	935.9271988226151
0.03553411	0.00005038418	0.00003801894	935.9675514362053
0.03561557	0.00005053811	0.00003810597000000001	935.9716629703953
0.03721117	0.00005064854	0.00003981072	935.9744948094383
0.03807912	0.0000522286	0.00004073803	936.0135627569622
0.03896734	0.00005385794	0.000041686940000000005	936.05330446418
0.03987628	0.00005553809	0.00004265795	936.0932274054426
0.04080643	0.00005727064	0.00004365157999999999	936.1333688265122
0.04175829	0.00005905722	0.00004466836	936.1737753523972
0.04273236	0.00006089952	0.00004570882000000001	936.2144881447387
0.04372916	0.00006279928	0.00004677351	936.2555703003687
0.04474923	0.00006475828	0.00004786301	936.2969081969563
0.04579311	0.00006677837	0.00004897788000000001	936.3387792611684
0.04686135	0.00006886146	0.00005011872	936.3808864232766
0.04795452	0.00007100952	0.00005128614	936.4231646210848
0.0490732	0.00007322456	0.000052480750000000004	936.465743343988
0.05021799	0.00007550868	0.00005370318	936.5087631682146
0.05138951	0.00007786403	0.00005495409	936.5522025749129
0.0543213	0.00007956368	0.00005808442	936.5827132301572
0.05507053	0.00008102877	0.000058884370000000006	936.6077750343596
0.05635521	0.00008355627	0.00006025596	936.6503540894545
0.05766986	0.0000861626	0.0000616595	936.6930091875544
0.05901521	0.0000888502	0.00006309573	936.736292614413
0.06039195	0.00009162162	0.00006456542	936.7796510887716
0.06180083	0.00009447946	0.00006606934	936.8234866581079
0.06324259	0.00009742642	0.00006760830000000001	936.8674618353073
0.064718	0.0001004653	0.0000691831	936.9118368503291
0.06622785	0.0001035989	0.00007079458	936.9565989373764
0.06777295	0.0001068303	0.0000724436	937.0017544683036
0.06935411	0.0001101624	0.00007413101999999999	937.0473035444542
0.0709025	0.0001134499	0.0000757834	937.0911030647873
0.07432237	0.0001161892	0.00007943282	937.12597890897
0.0760563	0.0001198131	0.00008128305	937.1709489247758
0.07783072	0.0001235501	0.00008317637999999999	937.2164321169063
0.07964655	0.0001274036	0.00008511380000000001	937.262272392961
0.08150477	0.0001313772	0.00008709636	937.3083697183213
0.08340637	0.0001354748	0.00008912509	937.3549558266924
0.08535236	0.0001397002	0.00009120108	937.4018399782108
0.08734377	0.0001440573	0.00009332543	937.4489600530103
0.08938168	0.0001485503	0.00009549926000000002	937.4965868845475
0.09146716	0.0001531833	0.00009772372000000001	937.5445725971136
0.09360132	0.0001579609	0.00010000000000000002	937.592809
0.09578532	0.0001628874	0.0001023293	937.6415884795459
0.09802029	0.0001679676	0.00010471289999999999	937.69017570901
0.1003075	0.0001732062	0.0001071519	937.7407792115678
0.1008452	0.0001744436	0.0001077254	937.7513901085538
0.105043	0.0001766863	0.0001122018	937.7718209511792
0.107494	0.0001821968	0.00011481539999999999	937.8201600133781
0.1100021	0.0001878791	0.0001174898	937.8684711353667
0.1125689	0.0001937385	0.0001202264	937.9191134393112
0.1151955	0.0001997807	0.0001230269	937.9678810081374
0.1178835	0.0002060113	0.0001258925	938.0186373294678
0.1206342	0.0002124361	0.000128825	938.06820182418
0.1234492	0.0002190613	0.0001318257	938.1195115975111
0.1263299	0.0002258931	0.00013489629999999998	938.1709735552421
0.1292778	0.0002329379	0.0001380384	938.2225373519253
0.1322946	0.0002402024	0.0001412538	938.2742439495433
0.1353818	0.0002476934	0.000144544	938.3266922182864
0.1385411	0.000255418	0.0001479108	938.3798748975736
0.1417742	0.0002633835	0.0001513561	938.4331619274014
0.1450827	0.0002715973	0.0001548817	938.4859366858708
0.1484686	0.0002800673	0.0001584893	938.5407551172225
0.1519335	0.0002888014	0.000162181	938.5951584957547
0.1554793	0.0002978078	0.00016595869999999998	938.649843605668
0.1580418	0.000304359	0.0001686886	938.6891526754032
0.1666209	0.0003123413	0.0001778279	938.7348177648163
0.1705093	0.0003220817	0.0001819701	938.7881948737733
0.1744886	0.0003321258	0.0001862087	938.8429530951023
0.1785609	0.0003424831	0.0001905461	938.8981621770271
0.1827282	0.0003531634	0.0001949845	938.9534214258057
0.1869928	0.0003641767	0.0001995262	939.0093967609266
0.1913571	0.0003755334	0.00020417380000000001	939.0658027621565
0.1958232	0.0003872442	0.00020892960000000002	939.1222890389873
0.2003937	0.0003993201	0.00021379619999999997	939.1795555767595
0.2050709	0.0004117726	0.0002187762	939.2368667158494
0.2098573	0.0004246134	0.0002238721	939.2948625576836
0.2147556	0.0004378545	0.0002290868	939.3533564570284
0.2195833	0.0004510029	0.00023422600000000003	939.4102401099792
0.2301469	0.0004577091	0.0002454709	939.4376649126231
0.2355185	0.0004719822	0.0002511886	939.4951928550897
0.2410156	0.0004867003	0.00025703960000000007	939.5528949624882
0.2466411	0.0005018774	0.0002630268	939.611390930506
0.2477387	0.0005048519	0.0002641949	939.622800818638
0.252398	0.0005128182	0.0002691535	939.6527193590274
0.2582891	0.0005205402	0.00027542290000000003	939.6809059813108
0.2643176	0.0005274976	0.00028183829999999996	939.7058440957101
0.2704868	0.0005340658	0.0002884032	939.7290522435256
0.2767997	0.0005404122	0.00029512090000000004	939.7508349967759
0.2832599	0.0005466289	0.0003019952	939.7716549799468
0.2898706	0.0005527728	0.0003090295	939.7917441538751
0.2966355	0.0005588853	0.0003162277999999999	939.811064365625
0.3035582	0.0005650021	0.0003235937	939.8304172794464
0.3106422	0.0005711428	0.00033113110000000006	939.8493309749521
0.3178913	0.0005773289	0.0003388442	939.867434354786
0.3253095	0.0005835763	0.0003467369	939.8857643936944
0.3329006	0.0005899026	0.0003548134	939.9039117462869
0.3406687	0.0005963157	0.00036307810000000006	939.9217845967576
0.3486178	0.0006028331	0.0003715352	939.9395618503979
0.3567523	0.0006094621	0.0003801894	939.9571952821411
0.3650764	0.0006162136	0.00038904510000000006	939.9748604981788
0.3735945	0.0006230992	0.0003981072	939.9920403348646
0.3823113	0.0006301256	0.0004073803	940.0096803895525
0.3912312	0.0006373026	0.0004168694	940.0270266898937
0.4003591	0.0006446377	0.0004265795	940.0445584000169
0.4096997	0.0006521454	0.00043651579999999995	940.0618383114655
0.4192582	0.0006598278	0.00044668359999999995	940.079348782897
0.4290394	0.0006677003	0.0004570882	940.0966822158175
0.4390486	0.0006757658	0.00046773510000000003	940.1141068951208
0.4492912	0.0006840339	0.0004786301	940.1315000874371
0.4597726	0.0006925184	0.0004897788	940.1491416124993
0.4814738	0.0007011234	0.0005128614	940.1661411835635
0.4927052	0.0007103862	0.0005248075	940.1839459230289
0.5041984	0.000719897	0.0005370318000000002	940.2018595546855
0.5159596	0.0007296677	0.0005495409000000001	940.2198593407696
0.5279949	0.0007397086	0.0005623413	940.2379099667764
0.5403108	0.0007500283	0.0005754399	940.2560168316447
0.5529139	0.00076064	0.0005888437	940.2742017958244
0.5658108	0.0007715486	0.0006025596	940.2926259908562
0.5790083	0.0007827725	0.000616595	940.311018577835
0.5925135	0.0007943171	0.0006309573	940.3295866455622
0.6063335	0.0008061996	0.0006456542	940.3480990288608
0.6204758	0.0008184282	0.0006606934	940.3669360099557
0.6349477	0.0008310163	0.0006760829999999998	940.3855980700596
0.6497571	0.0008439751	0.000691831	940.4046293097592
0.6649117	0.0008573187	0.0007079458	940.4237142165404
0.6804196	0.0008710643	0.000724436	940.4428607910154
0.696289	0.000885219	0.0007413102	940.4621965271759
0.7125285	0.0008998009	0.0007585776000000001	940.4816341795487
0.7291465	0.000914823	0.0007762470999999999	940.5011922105732
0.746152	0.0009303016	0.0007943282	940.5209353010506
0.763554	0.0009462505	0.0008128305	940.5408021721624
0.7813617	0.0009626869	0.0008317638	940.5607540265639
0.7995845	0.0009796285	0.000851138	940.5808793638635
0.8182323	0.0009970903	0.0008709636	940.6011804626507
0.8373148	0.001015088	0.0008912509	940.6216453750567
0.8568422	0.001033644	0.0009120108	940.6421985353682
0.8768249	0.001052771	0.0009332543	940.6628729168459
0.8972736	0.001072492	0.0009549926	940.6838251940383
0.918199	0.001092826	0.0009772372	940.7049035791924
0.9396123	0.001113792	0.001	940.7260919999999
0.9615248	0.001135411	0.001023293	940.7473822258141
0.9839483000000001	0.001157703	0.001047129	940.7685232669519
1.006895	0.001180692	0.001071519	940.7912430857504
1.030376	0.001204401	0.0010964779999999997	940.8126756761195
1.054405	0.001228849	0.001122018	940.8350391883197
1.078994	0.001254065	0.001148154	940.8564225704914
1.104157	0.001280069	0.001174898	940.8791818523822
1.129906	0.001306894	0.001202264	940.9022427686433
1.16078	0.00132275	0.001235078	940.9144604632257
1.183219	0.001346557	0.001258925	940.9341755863138
1.210811	0.001376049	0.0012882500000000001	940.9563741509802
1.239047	0.001406466	0.0013182569999999998	940.9799955547363
1.267942	0.00143784	0.001348963	941.00419359167
1.29751	0.001470201	0.0013803839999999997	941.0281494134966
1.327767	0.001503579	0.0014125380000000003	941.0511993305665
1.35873	0.001538007	0.0014454399999999999	941.0753867334513
1.390415	0.001573518	0.001479108	941.0999859374704
1.422839	0.001610144	0.001513561	941.1243709371475
1.456019	0.001647922	0.001548817	941.148581142898
1.489973	0.001686887	0.0015848930000000002	941.1738754603623
1.524719	0.001727076	0.00162181	941.1990775738219
1.560275	0.001768526	0.0016595869999999997	941.2242479604867
1.59666	0.001811274	0.001698244	941.2494753404104
1.633894	0.001855364	0.0017378009999999998	941.2754187619872
1.671996	0.001900836	0.001778279	941.3015820352149
1.710986	0.00194773	0.0018197009999999997	941.3270257036733
1.750886	0.001996089	0.0018620869999999997	941.3534861690135
1.791717	0.002045964	0.001905461	941.3800460885843
1.833499	0.002097391	0.001949845	941.4063122966185
1.876257	0.002150423	0.0019952620000000003	941.4339685715461
1.920011	0.002205108	0.002041738	941.4607104339539
1.964786	0.002261495	0.0020892960000000005	941.4881831009104
2.010605	0.002319635	0.002137962	941.5156279671949
2.057492	0.002379577	0.002187762	941.5428081299519
2.105474	0.002441381	0.002238721	941.5712726150334
2.154574	0.002505096	0.002290868	941.599034077913
2.20482	0.00257078	0.002344229	941.6276225573524
2.256237	0.002638495	0.002398833	941.6560031481974
2.301204	0.002668723	0.002446585	941.6687844485273
2.362697	0.002750976	0.002511886	941.7019625890665
2.417796	0.002825259	0.0025703959999999995	941.730869095657
2.474181	0.002901822	0.0026302680000000003	941.7606198303748
2.53188	0.002980741	0.002691535	941.7899975292909
2.590926	0.003062081	0.0027542289999999995	941.8200451015512
2.651348	0.003145909	0.002818383	941.8499575820605
2.71318	0.003232301	0.0028840319999999995	941.8800835080888
2.776455	0.003321329	0.0029512089999999998	941.9110367988169
2.841205	0.003413069	0.0030199520000000002	941.9414841692849
2.907466	0.003507598	0.003090295	941.9727236396526
2.975272	0.003604995	0.0031622780000000006	942.0035161361524
3.04466	0.003705343	0.003235937	942.0348242255643
3.115667	0.003808728	0.0033113109999999995	942.066670270476
3.18833	0.003915228	0.003388442	942.0982351180867
3.262688	0.004024937	0.003467369	942.1301675708585
3.338781	0.004137945	0.0035481339999999997	942.1625409299648
3.416649	0.004254343	0.003630781	942.1949004911064
3.496333	0.004374226	0.003715352	942.2276075052915
3.577877	0.004497692	0.003801894	942.260539615255
3.661322	0.004624845	0.003890451	942.2935400034597
3.7467149999999996	0.004755782	0.0039810719999999996	942.3267858506451
3.834099	0.004890608	0.004073803	942.3601504540107
3.923522	0.005029431	0.004168694	942.3938123066841
4.015032	0.005172367	0.004265795	942.4279335973715
4.108676	0.005319531	0.004365158	942.461998168222
4.204505	0.005471035	0.004466836	942.4962176807029
4.302569	0.005626999	0.004570882	942.5305660920585
4.402922	0.005787548	0.004677350999999999	942.5654709257442
4.505616	0.005952815	0.004786301000000001	942.6003118065495
4.610706	0.006122923	0.004897788	942.6355168904821
4.718247	0.00629801	0.005011872	942.6707246314352
4.828298	0.006478212	0.005128614	942.706199374724
4.940916	0.006663677	0.005248075	942.7418009460611
5.056163	0.006854551	0.005370318	942.7779790693959
5.174097	0.007050987	0.005495408999999999	942.8138992020431
5.294784	0.007253135	0.005623413	942.850389078661
5.418287	0.007461169	0.005754399	942.8870276461538
5.544671	0.007675242	0.005888437	942.9236046849105
5.674004	0.007895537	0.006025596	942.9605863054874
5.806355	0.008122233	0.006165950000000001	942.9977915811837
5.941794	0.008355513	0.006309573000000001	943.0352122084964
6.080393	0.008595563	0.006456542	943.0727102836162
6.222227	0.008842591	0.006606933999999999	943.1106154534009
6.36737	0.009096805	0.00676083	943.1485194865129
6.5159	0.009358412	0.00691831	943.1867626631359
6.667895	0.00962764	0.007079458	943.2251226011933
6.823438	0.009904727	0.007244359999999999	943.2638255139171
6.98261	0.01018992	0.007413102000000001	943.3028063015995
7.145496	0.01048345	0.007585776	943.3417820404926
7.312184	0.01078561	0.007762471	943.3812519235177
7.482761	0.01109666	0.007943282	943.4208252961433
7.657319	0.01141689	0.008128305000000002	943.4606464693437
7.83595	0.01174662	0.008317638	943.5006212100118
8.01875	0.01208616	0.00851138	943.5410192001768
8.205816	0.01243585	0.008709636	943.5815515137486
8.397247	0.01279603	0.008912509	943.6223884879106
8.593146	0.01316708	0.009120108	943.663504862004
8.793617	0.0135494	0.009332543	943.7048830099149
8.998766	0.01394338	0.009549926	943.746514894461
9.208703	0.01434949	0.009772372	943.788518283995
9.42354	0.01476816	0.01	943.8308159999998
9.643391	0.01519989	0.01023293	943.8734448491292
9.868373	0.0156452	0.01047129	943.9160027083578
10.09861	0.01610465	0.01071519	943.9603637453001
10.33421	0.01657878	0.010964780000000002	944.0033251921151
10.57532	0.01706825	0.01122018	944.0479787311789
10.82205	0.01757369	0.01148154	944.0914450500544
11.07455	0.01809581	0.01174898	944.1369216732007
11.33293	0.01863534	0.01202264	944.1824208326956
11.59735	0.01919308	0.012302689999999998	944.2278948750234
11.86794	0.01976985	0.012589249999999998	944.2746668784877
12.14485	0.02036656	0.0128825	944.3210991655346
12.42822	0.02098417	0.013182570000000001	944.3685237400598
12.7182	0.02162368	0.01348963	944.4160944369859
13.01496	0.02228617	0.01380384	944.4651756322878
13.31864	0.02297282	0.01412538	944.5135507858904
13.62941	0.02368485	0.014454399999999997	944.5632367998672
13.94744	0.02442358	0.01479108	944.6141579925198
14.2729	0.02519041	0.01513561	944.6656203483044
14.60595	0.02598686	0.01548817	944.7169588143724
14.94678	0.02681453	0.01584893	944.7700589251135
15.29557	0.02767513	0.0162181	944.8236926643689
15.6525	0.02857048	0.01659587	944.8778810631803
16.01777	0.02950255	0.01698244	944.9332693064129
16.39157	0.03047343	0.01737801	944.9898711072213
16.7741	0.03148534	0.01778279	945.0477309803467
17.16556	0.03254067	0.01819701	945.1058536539794
19.2685	0.03356891	0.02042203	945.159169289243
19.71362	0.03472316	0.020892959999999995	945.2151901884654
20.17363	0.03594039	0.021379619999999995	945.272665744293
20.64438	0.03721237	0.02187762	945.3309989843502
21.12614	0.03854236	0.02238721	945.3916928460491
21.61914	0.03993383	0.02290868	945.4527205408605
22.12366	0.04139046	0.023442290000000005	945.5155814555659
22.63997	0.04291622	0.02398833	945.5800474647465
23.16834	0.0445153	0.02454709	945.6459115927795
23.70906	0.04619217	0.02511886	945.7137851797415
24.26241	0.04795161	0.025703960000000005	945.7827358119137
24.82869	0.04979869	0.02630268	945.8537567274515
25.40821	0.05173879	0.026915349999999998	945.9267217405682
26.00127	0.05377769	0.027542289999999997	946.0015013275948
26.60819	0.05592147	0.02818383	946.0783530840203
27.22931	0.05817664	0.02884032	946.1575544238067
27.86494	0.06055009	0.02951209	946.2389851074594
28.51544	0.06304915	0.030199519999999997	946.3226286378062
29.18115	0.06568159	0.030902949999999995	946.4090512394448
29.86242	0.0684557	0.03162278	946.4972940392969
30.55964	0.07138017	0.03235936999999999	946.5888912546816
31.27316	0.07446432	0.03311311	946.6831813743862
32.00338	0.07771794	0.03388442	946.7801998676679
32.75068	0.08115149	0.03467369	946.8802279192092
33.51548	0.08477594	0.03548134	946.9838495389406
34.29817	0.08860299	0.03630781	947.090253859982
35.09919	0.09264497	0.03715352	947.2005605390822
35.91896	0.09691487	0.03801894	947.3140195386825
36.75793	0.1014265	0.03890451	947.4314546051345
37.61655	0.1061944	0.039810719999999994	947.5524280897205
38.49528	0.1112339	0.04073803000000001	947.6774871048011
39.3946	0.1165612	0.041686940000000006	947.8067039701162
40.315	0.1221934	0.04265795	947.9403815701411
41.25697	0.1281485	0.04365158	948.0783627992389
42.22103	0.1344456	0.04466836	948.2209689364015
43.20769	0.1411047	0.04570882	948.3682733441817
44.2175	0.1481469	0.046773510000000004	948.5207952107935
45.25099	0.1555945	0.04786301	948.6779978944074
46.30874	0.163471	0.04897788	948.8408032360732
47.39131	0.1718011	0.05011871999999999	949.0088952790495
48.4993	0.1806108	0.05128614	949.1825822727153
49.6333	0.1899278	0.05248075000000001	949.3619622432986
50.79395	0.199781	0.05370318000000001	949.5476990375616
51.98187	0.2102012	0.054954090000000004	949.7395225723873
53.1977	0.2212206	0.05623413	949.9377086477554
54.44212	0.2328734	0.05754399	950.1425500734308
55.71581	0.245196	0.05888436999999999	950.3541601956513
57.01946	0.2582266	0.06025595999999999	950.5729657282036
58.35378	0.272006	0.061659500000000006	950.7989198744718
59.71952	0.2865773	0.06309573	951.0326182136255
61.11742	0.3019865	0.06456542	951.2740178875937
62.54825	0.3182824	0.06606934	951.5235417820127
64.0128	0.3355173	0.0676083	951.7813241865275
65.51187	0.3537469	0.06918309999999998	952.0477819004932
67.0463	0.3730309	0.07079458000000001	952.3233402896099
68.61693	0.3934335	0.0724436	952.6081461992502
70.22464	0.4150234	0.07413102	952.9028927431457
71.87031	0.4378751	0.07585776	953.2074912309565
73.55486	0.4620685	0.07762471	953.5227700045515
75.27923	0.4876904	0.07943282000000002	953.8490563472378
77.04438	0.5148349	0.08128304999999998	954.1868187771006
78.8513	0.543604	0.08317638	954.5366605279047
80.701	0.574109	0.08511379999999999	954.8993112750222
82.59451	0.606471	0.08709636	955.2750654562373
84.5329	0.6408227	0.08912508999999999	955.6649277997924
86.51727	0.6773087	0.09120108	956.069584921582
88.54874	0.7160882	0.09332543	956.4898677670169
90.62846	0.7573353	0.09549926	956.9267374427823
92.75761	0.8012418	0.09772372	957.3811946577556
94.93741	0.8480183	0.09999999999999999	957.854283
97.16912	0.8978966	0.1023293	958.3473804667872
99.454	0.9511327	0.1047129	958.8611594177986
101.7934	1.008008	0.1071519	959.3988347383482
104.1886	1.068834	0.1096478	959.9593790299485
106.6411	1.133952	0.1122018	960.5465509465979
109.1524	1.203741	0.1148154	961.1614905317579
111.7237	1.277711	0.11748980000000002	961.7976283898686
114.3568	1.356167	0.1202264	962.4588859019318
117.053	1.440037	0.1230269	963.1473848402261
119.8141	1.529994	0.1258925	963.8707150942273
122.6417	1.62671	0.128825	964.6296138171939
125.5375	1.730898	0.1318257	965.429335857879
128.5032	1.843323	0.1348963	966.2720400781933
131.5408	1.964819	0.1380384	967.1628981500799
134.652	2.096295	0.1412538	968.1034775701607
137.8389	2.238744	0.144544	969.1003708213415
141.1035	2.39325	0.1479108	970.157351592987
144.4479	2.560999	0.1513561	971.2783231068984
147.8743	2.743288	0.1548817	972.468587315351
151.3849	2.941531	0.1584893	973.7340691138139
154.9821	3.157272	0.162181	975.079522262164
158.6683	3.392194	0.16595869999999996	976.5109873721594
162.4461	3.648128	0.1698244	978.0351233391668
166.3181	3.927065	0.1737801	979.6585742556254
170.2871	4.231165	0.17782789999999998	981.3885503905743
174.356	4.562775	0.1819701	983.231723233652
178.5276	4.924429	0.18620869999999998	985.1957991221678
182.8053	5.318875	0.19054610000000002	987.2895587996815
187.1922	5.74907	0.19498450000000003	989.5210644948701
191.6917	6.218209	0.19952619999999996	991.8993545709787
196.3075	6.729724	0.2041738	994.4332916368311
201.0432	7.287304	0.20892960000000002	997.1325460825083
205.9028	7.894903	0.2137962	1000.007030059468
210.8904	8.556756	0.2187762	1003.0668601063553
216.0102	9.277386	0.22387210000000002	1006.3227441025479
221.2668	10.06162	0.2290868	1009.7850247155226
226.6649	10.91459	0.2344229	1013.4653653717278
232.2094	11.84176	0.23988330000000002	1017.3745316993721
237.9056	12.84892	0.24547090000000002	1021.5244250947871
243.759	13.94221	0.2511886	1025.9271718541368
249.7752	15.1281	0.25703960000000003	1030.5933404813889
255.9603	16.41344	0.2630268	1035.5360746509482
262.3206	17.80544	0.2691535	1040.766848656993
268.8628	19.31167	0.27542289999999997	1046.2981473218094
275.5939	20.94009	0.2818383	1052.1422744885988
282.5212	22.69904	0.2884032	1058.310864789295
289.6525	24.59725	0.29512089999999996	1064.8169953398758
296.9957	26.64383	0.3019952	1071.6711060308241
304.5595	28.84832	0.30902949999999996	1078.8867082268846
312.3528	31.22063	0.31622780000000006	1086.4744655593215
320.3849	33.7711	0.3235937	1094.4465235262614
328.6656	36.51048	0.3311311	1102.8142025922662
337.2042	39.23176	0.3388442	1110.9411345981428
346.0014	41.71985	0.3467369	1118.2001396447854
355.0618	44.24768	0.35481339999999995	1125.4069885748397
364.393	46.8655	0.3630781	1132.6998240874345
374.0039	49.59754	0.3715352	1140.1381080446752
383.9035	52.38609	0.3801894	1147.5585326681912
394.0975	55.11349	0.3890451	1154.6501678083082
404.5934	57.9141	0.39810719999999994	1161.766227789902
415.4	60.81419	0.40738030000000003	1168.9671542782014
426.5276	63.87291	0.41686940000000006	1176.38884024589
437.9876	67.10739	0.4265795	1184.0582822193753
449.7922	70.53074	0.43651579999999995	1191.9910802770485
461.9537	74.15509	0.4466836	1200.1980596556489
474.4854	77.99235	0.45708819999999994	1208.6895920743525
487.4009	82.05461	0.4677351	1217.47439950519
500.7146	86.35422	0.47863009999999995	1226.5605944966687
514.4415	90.90394	0.48977880000000007	1235.956803356944
528.5971	95.71696	0.5011872	1245.6704002017607
543.1978	100.807	0.5128614	1255.7092423021113
558.2604	106.1883	0.5248075	1266.0808010556252
573.8028	111.8758	0.5370318	1276.7932923152784
589.8434	117.8848	0.5495409000000001	1287.8535519376264
606.4014	124.2315	0.5623413	1299.2695005684268
623.4971	130.9326	0.5754399	1311.0486429599339
641.1514	138.0058	0.5888437	1323.1986688487964
659.3861	145.4693	0.6025596	1335.7274533506727
678.2241	153.3421	0.616595	1348.6424638539072
697.6892	161.6443	0.6309573	1361.9519102164281
717.8063	170.3965	0.6456542000000001	1375.6633194672938
738.6013	179.6204	0.6606934	1389.784883578374
760.1012	189.3388	0.6760829999999999	1404.3246169479191
782.3342	199.5753	0.6918310000000001	1419.2909829134571
805.3298	210.3546	0.7079458	1434.6923168412045
829.1187	221.7025	0.724436	1450.536969449337
853.7328	233.646	0.7413102	1466.8337222393538
862.6653566573767	238.0529275985296	0.7473653420853372	1472.709980188683
1191.4062111844237	238.0536794252599	0.9706411154326291	1472.7104520361236
1191.9611560219582	238.26693167892688	0.9710084905475982	1472.9305681913359
1194.485119624702	239.23879649039242	0.9727214748483174	1473.9305681913359
1197.0138270130237	240.21237531381485	0.9744365147230402	1474.9305681913359
1199.547284619905	241.1876702055544	0.9761536117454316	1475.9305681913359
1202.0854988830479	242.16468322354626	0.9778727674891565	1476.9305681913359
1204.6284762448754	243.14341642729772	0.9795939835278795	1477.9305681913359
1207.176223152531	244.12387187789147	0.9813172614352652	1478.9305681913359
1209.7287460578805	245.1060516379825	0.9830426027849783	1479.9305681913359
1212.2860514175097	246.0899577718002	0.9847700091506842	1480.9305681913359
1214.8481456927257	247.07559234514707	0.986499482106047	1481.9305681913359
1217.4150353495568	248.0629574254	0.9882310232247317	1482.9305681913359
1219.9867268587511	249.05205508150885	0.9899646340804028	1483.9305681913359
1222.5632266957798	250.04288738399754	0.9917003162467253	1484.9305681913359
1225.1445413408335	251.0354564049636	0.9934380712973641	1485.9305681913359
1227.7306772788238	252.02976421807813	0.9951779008059836	1486.9305681913359
1230.321640999384	253.0258128985862	0.9969198063462487	1487.9305681913359
1232.9174389968682	254.0236045233059	0.9986637894918239	1488.9305681913359
1235.5180777703517	255.02314117062951	1.0004098518163747	1489.9305681913359
1238.1235638236294	256.0244249205228	1.0021579948935648	1490.9305681913359
1240.7339036652197	257.02745785452544	1.0039082202970597	1491.9305681913359
1243.3491038083596	258.03224205575015	1.0056605296005239	1492.9305681913359
1245.9691707710087	259.0387796088844	1.0074149243776223	1493.9305681913359
1248.5941110758458	260.04707260018796	1.0091714062020192	1494.9305681913359
1251.2239312502734	261.0571231174953	1.0109299766473798	1495.9305681913359
1253.8586378264129	262.06893325021423	1.0126906372873687	1496.9305681913359
1256.4982373411067	263.0825050893262	1.014453389695651	1497.9305681913359
1259.1427363359194	264.0978407273862	1.0162182354458906	1498.9305681913359
1261.7921413571357	265.11494225852323	1.017985176111753	1499.9305681913359
1264.4464589557615	266.13381177843945	1.0197542132669026	1500.9305681913359
1267.1056956875236	267.15445138441135	1.0215253484850044	1501.9305681913359
1269.7698581128702	268.17686317528836	1.0232985833397228	1502.9305681913359
1272.4389527969704	269.20104925149417	1.025073919404723	1503.9305681913359
1275.1129863097135	270.22701171502575	1.0268513582536691	1504.9305681913359
1277.7919652257112	271.2547526694542	1.0286309014602268	1505.9305681913359
1280.4758961242949	272.28427421992336	1.03041255059806	1506.9305681913359
1283.1647855895171	273.31557847315196	1.0321963072408336	1507.9305681913359
1285.8586402101523	274.34866753743114	1.0339821729622125	1508.9305681913359
1288.5574665796953	275.38354352262706	1.0357701493358618	1509.9305681913359
1291.261271296362	276.4202085401783	1.0375602379354456	1510.9305681913359
1293.970060963089	277.45866470309795	1.0393524403346288	1511.9305681913359
1296.6838421875348	278.49891412597185	1.0411467581070766	1512.9305681913359
1299.4026215820772	279.5409589249609	1.0429431928264532	1513.9305681913359
1302.126405763817	280.5848012177984	1.0447417460664237	1514.9305681913359
1304.8552013545748	281.63044312379185	1.0465424194006525	1515.9305681913359
1307.589014980892	282.67788676382236	1.0483452144028047	1516.9305681913359
1310.3278532740321	283.7271342603447	1.0501501326465452	1517.9305681913359
1313.0717228699784	284.77818773738727	1.051957175705538	1518.9305681913359
1315.8206304094365	285.8310493205519	1.0537663451534485	1519.9305681913359
1318.5745825378315	286.8857211370149	1.0555776425639414	1520.9305681913359
1321.3335859053097	287.9422053155252	1.057391069510681	1521.9305681913359
1324.0976471667402	289.00050398640633	1.0592066275673326	1522.9305681913359
1326.8667729817118	290.06061928155435	1.061024318307561	1523.9305681913359
1329.6409700145325	291.12255333444057	1.0628441433050302	1524.9305681913359
1332.4202449342351	292.1863082801081	1.0646661041334053	1525.9305681913359
1335.2046044145702	293.2518862551756	1.0664902023663514	1526.9305681913359
1337.994055134011	294.31928939783364	1.0683164395775329	1527.9305681913359
1340.7886037757514	295.3885198478479	1.0701448173406147	1528.9305681913359
1343.588257027706	296.4595797465566	1.0719753372292613	1529.9305681913359
1346.3930215825105	297.5324712368729	1.073808000817138	1530.9305681913359
1349.202904137522	298.6071964632819	1.075642809677909	1531.9305681913359
1352.0179113948177	299.6837575718441	1.077479765385239	1532.9305681913359
1354.8380500611963	300.7621567101925	1.079318869512793	1533.9305681913359
1357.6633268481787	301.8423960275344	1.0811601236342363	1534.9305681913359
1360.4937484720047	302.9244776746502	1.0830035293232327	1535.9305681913359
1363.3293216536358	304.0084038038947	1.0848490881534474	1536.9305681913359
1366.1700531187555	305.0941765691953	1.086696801698545	1537.9305681913359
1369.0159495977666	306.18179812605445	1.0885466715321903	1538.9305681913359
1371.8670178257942	307.27127063154717	1.090398699228048	1539.9305681913359
1374.7232645426845	308.36259624432256	1.0922528863597831	1540.9305681913359
1377.584696493004	309.4557771246033	1.0941092345010601	1541.9305681913359
1380.4513204260397	310.5508154341857	1.0959677452255439	1542.9305681913359
1383.3231430958012	311.6477133364399	1.097828420106899	1543.9305681913359
1386.2001712610177	312.7464729963097	1.0996912607187905	1544.9305681913359
1389.08241168514	313.84709658031227	1.1015562686348828	1545.9305681913359
1391.9698711363392	314.9495862565388	1.1034234454288407	1546.9305681913359
1394.862556387509	316.0539441946538	1.1052927926743292	1547.9305681913359
1397.7604742162625	317.16017256589583	1.107164311945013	1548.9305681913359
1400.663631404934	318.2682735430768	1.1090380048145565	1549.9305681913359
1403.5720347405802	319.3782493005826	1.110913872856625	1550.9305681913359
1406.4856910149765	320.49010201437204	1.1127919176448826	1551.9305681913359
1409.4046070246222	321.60383386197867	1.1146721407529947	1552.9305681913359
1412.3287895707338	322.71944702250926	1.1165545437546256	1553.9305681913359
1415.2582454592523	323.83694367664367	1.11843912822344	1554.9305681913359
1418.1929815008382	324.95632600663646	1.1203258957331033	1555.9305681913359
1421.133004510873	326.0775961963147	1.1222148478572795	1556.9305681913359
1424.0783213094585	327.20075643108044	1.1241059861696334	1557.9305681913359
1427.0289387214198	328.32580889790796	1.12599931224383	1558.9305681913359
1429.9848635763003	329.45275578534654	1.1278948276535345	1559.9305681913359
1432.9461027083662	330.5815992835181	1.1297925339724109	1560.9305681913359
1435.912662956604	331.71234158411903	1.1316924327741242	1561.9305681913359
1438.8845511647214	332.8449848804185	1.1335945256323394	1562.9305681913359
1441.8617741811463	333.9795313672604	1.1354988141207207	1563.9305681913359
1444.8443388590292	335.1159832410613	1.1374052998129334	1564.9305681913359
1447.8322520562401	336.2543426998121	1.1393139842826419	1565.9305681913359
1450.8255206353708	337.3946119430768	1.1412248691035112	1566.9305681913359
1453.8241514637334	338.536793171994	1.1431379558492056	1567.9305681913359
1456.8281514133616	339.6808885892748	1.1450532460933904	1568.9305681913359
1459.8375273610104	340.82690039920493	1.14697074140973	1569.9305681913359
1462.8522861881552	341.9748308076429	1.1488904433718894	1570.9305681913359
1465.8724347809919	343.1246820220219	1.150812353553533	1571.9305681913359
1468.8979800304385	344.2764562513478	1.1527364735283259	1572.9305681913359
1471.9289288321336	345.43015570620076	1.1546628048699326	1573.9305681913359
1474.9652880864369	346.58578259873434	1.156591349152018	1574.9305681913359
1478.0070646984286	347.74333914267623	1.1585221079482468	1575.9305681913359
1481.0542655779102	348.9028275533268	1.1604550828322837	1576.9305681913359
1484.106897639404	350.0642500475613	1.1623902753777937	1577.9305681913359
1487.1649678021533	351.2276088438275	1.164327687158441	1578.9305681913359
1490.2284829901237	352.39290616214765	1.1662673197478908	1579.9305681913359
1493.2974501319995	353.5601442241174	1.1682091747198076	1580.9305681913359
1496.3718761611885	354.729325252906	1.170153253647857	1581.9305681913359
1499.4517680158165	355.90045147325634	1.172099558105702	1582.9305681913359
1502.5371326387326	357.07352511148537	1.174048089667009	1583.9305681913359
1505.6279769775067	358.24854839548277	1.175998849905442	1584.9305681913359
1508.7243079844288	359.42552355471315	1.1779518403946658	1585.9305681913359
1511.826132616511	360.6044528202136	1.1799070627083452	1586.9305681913359
1514.9334578354847	361.78533842459564	1.181864518420145	1587.9305681913359
1518.046290607804	362.9681826020445	1.1838242091037299	1588.9305681913359
1521.1646379046429	364.15298758831835	1.1857861363327646	1589.9305681913359
1524.288506701897	365.33975562074977	1.187750301680914	1590.9305681913359
1527.4179039801843	366.5284889382444	1.189716706721843	1591.9305681913359
1530.5528367248392	367.71918978128224	1.1916853530292157	1592.9305681913359
1533.6933119259222	368.91186039191615	1.1936562421766976	1593.9305681913359
1536.839336578212	370.10650301377353	1.195629375737953	1594.9305681913359
1539.9909176812089	371.3031198920545	1.1976047552866467	1595.9305681913359
1543.1480622391348	372.5017132735339	1.1995823823964433	1596.9305681913359
1546.3107772609314	373.7022854065591	1.2015622586410077	1597.9305681913359
1549.4790697602627	374.904838541052	1.2035443855940051	1598.9305681913359
1552.6529467555126	376.1093749285077	1.2055287648290995	1599.9305681913359
1555.8324152697871	377.3158968219955	1.2075153979199564	1600.9305681913359
1559.0174823309121	378.5244064761574	1.2095042864402397	1601.9305681913359
1562.2081549714349	379.7349061472103	1.2114954319636149	1602.9305681913359
1565.4044402286238	380.9473980929437	1.2134888360637464	1603.9305681913359
1568.6063451444684	382.16188457272136	1.2154845003142989	1604.9305681913359
1571.8138767656783	383.37836784748026	1.217482426288937	1605.9305681913359
1575.0270421436862	384.5968501797318	1.219482615561326	1606.9305681913359
1578.2458483346431	385.81733383356016	1.22148506970513	1607.9305681913359
1581.4703023994234	387.03982107462383	1.2234897902940145	1608.9305681913359
1584.7004114036201	388.2643141701544	1.2254967789016433	1609.9305681913359
1587.9361824175498	389.49081538895786	1.2275060371016822	1610.9305681913359
1591.177622516248	390.71932700141303	1.2295175664677949	1611.9305681913359
1594.4247387794726	391.9498512794734	1.231531368573647	1612.9305681913359
1597.6775382917017	393.18239049666477	1.233547444992903	1613.9305681913359
1600.9360281421345	394.41694692808824	1.2355657972992276	1614.9305681913359
1604.2002154246904	395.6535228504168	1.237586427066285	1615.9305681913359
1607.4701072380121	396.892120541899	1.239609335867741	1616.9305681913359
1610.7457106854606	398.1327422823551	1.2416345252772594	1617.9305681913359
1614.027032875121	399.3753903531806	1.2436619968685059	1618.9305681913359
1617.314080919795	400.620067037344	1.245691752215144	1619.9305681913359
1620.6068619370099	401.86677461938734	1.2477237928908396	1620.9305681913359
1623.9053830490109	403.1155153854265	1.2497581204692567	1621.9305681913359
1627.209651382766	404.366291623151	1.2517947365240605	1622.9305681913359
1630.5196740699628	405.61910562182464	1.2538336426289156	1623.9305681913359
1633.8354582470106	406.8739596722836	1.2558748403574866	1624.9305681913359
1637.1570110550394	408.13085606693875	1.2579183312834386	1625.9305681913359
1640.4843396399015	409.3897970997741	1.259964116980436	1626.9305681913359
1643.8174511521684	410.65078506634785	1.262012199022144	1627.9305681913359
1647.1563527471326	411.9138222637911	1.2640625789822266	1628.9305681913359
1650.5010515848094	413.1789109908096	1.2661152584343494	1629.9305681913359
1653.8515548299338	414.4460535476818	1.2681702389521763	1630.9305681913359
1657.207869651961	415.71525223626037	1.2702275221093728	1631.9305681913359
1660.5700032250688	416.9865093599716	1.2722871094796029	1632.9305681913359
1663.9379627281558	418.2598272238152	1.2743490026365323	1633.9305681913359
1667.3117553448408	419.53520813436467	1.2764132031538247	1634.9305681913359
1670.6913882634642	420.8126543997676	1.2784797126051457	1635.9305681913359
1674.0768686770866	422.09216832974425	1.2805485325641595	1636.9305681913359
1677.4682037834905	423.37375223558973	1.2826196646045314	1637.9305681913359
1680.8654007851799	424.6574084301717	1.2846931102999255	1638.9305681913359
1684.2684668893774	425.94313922793236	1.286768871224007	1639.9305681913359
1687.6774093080285	427.23094694488714	1.2888469489504404	1640.9305681913359
1691.0922352578	428.52083389862526	1.2909273450528906	1641.9305681913359
1694.5129519600787	429.81280240830944	1.2930100611050221	1642.9305681913359
1697.9395666409723	431.10685479467656	1.2950950986805003	1643.9305681913359
1701.3720865313107	432.4029933800361	1.2971824593529893	1644.9305681913359
1704.8105188666434	433.7012204882727	1.299272144696154	1645.9305681913359
1708.2548708872416	435.0015384448432	1.3013641562836589	1646.9305681913359
1711.7051498380974	436.30394957677936	1.3034584956891693	1647.9305681913359
1715.1613629689239	437.60845621268544	1.3055551644863497	1648.9305681913359
1718.6235175341556	438.91506068274055	1.3076541642488648	1649.9305681913359
1722.0916207929472	440.22376531869617	1.3097554965503795	1650.9305681913359
1725.5656800091742	441.5345724538788	1.3118591629645584	1651.9305681913359
1729.0457024514346	442.8474844231874	1.313965165065066	1652.9305681913359
1732.5316953930464	444.1625035630956	1.3160735044255678	1653.9305681913359
1736.023666112048	445.47963221164986	1.3181841826197278	1654.9305681913359
1739.5216218911999	446.79887270847064	1.3202972012212109	1655.9305681913359
1743.0255700179828	448.1202273947526	1.3224125618036822	1656.9305681913359
1746.535517784599	449.443698613263	1.324530265940806	1657.9305681913359
1750.0514724879706	450.7692887083437	1.3266503152062472	1658.9305681913359
1753.573441429744	452.09700002590944	1.328772711173671	1659.9305681913359
1757.1014319162823	453.42683491344957	1.3308974554167416	1660.9305681913359
1760.6354512586718	454.7587957200261	1.3330245495091237	1661.9305681913359
1764.1755067727192	456.0928847962754	1.3351539950244824	1662.9305681913359
1767.7216057789533	457.42910449440717	1.3372857935364824	1663.9305681913359
1771.273755602623	458.7674571682052	1.3394199466187886	1664.9305681913359
1774.831963573698	460.1079451730261	1.341556455845065	1665.9305681913359
1778.3962370268691	461.45057086580124	1.3436953227889772	1666.9305681913359
1781.9665833015483	462.79533660503455	1.3458365490241895	1667.9305681913359
1785.5430097418682	464.14224475080465	1.3479801361243662	1668.9305681913359
1789.125523696684	465.4912976647627	1.3501260856631732	1669.9305681913359
1792.7141325195707	466.84249771013504	1.352274399214275	1670.9305681913359
1796.3088435688226	468.19584725171984	1.3544250783513352	1671.9305681913359
1799.9096642074567	469.55134865589093	1.3565781246480193	1672.9305681913359
1803.516601803213	470.9090042905938	1.3587335396779925	1673.9305681913359
1807.1296637285495	472.2688165253493	1.3608913250149195	1674.9305681913359
1810.748857360645	473.63078773125045	1.3630514822324638	1675.9305681913359
1814.3741900814011	474.9949202809655	1.3652140129042913	1676.9305681913359
1818.0056692774408	476.36121654873506	1.3673789186040666	1677.9305681913359
1821.643302340106	477.72967891037433	1.3695462009054546	1678.9305681913359
1825.2870966654607	479.1003097432711	1.3717158613821194	1679.9305681913359
1828.937059654289	480.4731114263881	1.3738879016077261	1680.9305681913359
1832.593198712099	481.84808634026075	1.37606232315594	1681.9305681913359
1836.2555212491147	483.2252368669988	1.3782391276004247	1682.9305681913359
1839.9240346802865	484.6045653902848	1.3804183165148456	1683.9305681913359
1843.5987464252821	485.9860742953764	1.3825998914728679	1684.9305681913359
1847.2796639084909	487.3697659691032	1.3847838540481552	1685.9305681913359
1850.966794559025	488.75564279986975	1.3869702058143734	1686.9305681913359
1854.6601458107157	490.1437071776533	1.3891589483451865	1687.9305681913359
1858.3597251021158	491.5339614940061	1.3913500832142596	1688.9305681913359
1862.065539876499	492.9264081420526	1.3935436119952573	1689.9305681913359
1865.7775975818608	494.3210495164916	1.3957395362618443	1690.9305681913359
1869.495905670916	495.7178880135959	1.3979378575876857	1691.9305681913359
1873.2204716011013	497.1169260312114	1.4001385775464457	1692.9305681913359
1876.9513028345766	498.51816596875784	1.4023416977117895	1693.9305681913359
1880.6884068382192	499.92161022722814	1.4045472196573818	1694.9305681913359
1884.4317910836287	501.32726120919045	1.4067551449568874	1695.9305681913359
1888.1814630471258	502.7351213187846	1.4089654751839702	1696.9305681913359
1891.9374302097533	504.14519296172546	1.4111782119122962	1697.9305681913359
1895.6997000572737	505.55747854530074	1.4133933567155297	1698.9305681913359
1899.4682800801697	506.97198047837276	1.415610911167335	1699.9305681913359
1903.2431777736474	508.3887011713762	1.417830876841377	1700.9305681913359
1907.024400637632	509.8076430363209	1.420053255311321	1701.9305681913359
1910.81195617677	511.22880848678864	1.4222780481508313	1702.9305681913359
1914.60585190043	512.652199937937	1.4245052569335726	1703.9305681913359
1918.4060953227008	514.077819806495	1.4267348832332098	1704.9305681913359
1922.2126939623909	515.5056705107669	1.4289669286234075	1705.9305681913359
1926.025655343032	516.9357544706297	1.4312013946778306	1706.9305681913359
1929.8449869928759	518.3680741075351	1.433438282970144	1707.9305681913359
1933.670696444895	519.8026318445072	1.4356775950740122	1708.9305681913359
1937.5027912367832	521.2394301061449	1.4379193325631001	1709.9305681913359
1941.341278910955	522.6784713186198	1.440163497011072	1710.9305681913359
1945.186167014547	524.1197579096778	1.4424100899915935	1711.9305681913359
1949.0374630994138	525.5632923086384	1.4446591130783282	1712.9305681913359
1952.8951747221354	527.0090769463945	1.446910567844942	1713.9305681913359
1956.75930944401	528.4571142554128	1.4491644558650991	1714.9305681913359
1960.629874831056	529.9074066697339	1.451420778712464	1715.9305681913359
1964.5068784540156	531.3599566249713	1.4536795379607022	1716.9305681913359
1968.39032788835	532.8147665583135	1.4559407351834777	1717.9305681913359
1972.2802307142413	534.2718389085212	1.4582043719544555	1718.9305681913359
1976.1765945165932	535.7311761159297	1.4604704498473002	1719.9305681913359
1980.079426885032	537.1927806224476	1.4627389704356772	1720.9305681913359
1983.9887354139016	538.6566548715574	1.4650099352932506	1721.9305681913359
1987.90452770227	540.122801308315	1.4672833459936854	1722.9305681913359
1991.826811353923	541.59122237935	1.469559204110646	1723.9305681913359
1995.7555939773708	543.0619205328663	1.4718375112177977	1724.9305681913359
1999.6908831858432	544.5348982186401	1.4741182688888048	1725.9305681913359
2003.6326865972896	546.010157888023	1.476401478697332	1726.9305681913359
2007.581011834382	547.4877019939386	1.4786871422170447	1727.9305681913359
2011.535866524514	548.9675329908854	1.4809752610216074	1728.9305681913359
2015.4972582997977	550.4496533349347	1.483265836684684	1729.9305681913359
2019.4651947970688	551.9340654837323	1.48555887077994	1730.9305681913359
2023.439683657883	553.4207718964965	1.4878543648810405	1731.9305681913359
2027.4207325285158	554.9097750340208	1.4901523205616494	1732.9305681913359
2031.4083490599664	556.4010773586708	1.492452739395432	1733.9305681913359
2035.4025409079518	557.8946813343873	1.494755622956053	1734.9305681913359
2039.4033157329134	559.3905894266832	1.4970609728171773	1735.9305681913359
2043.4106812000102	560.8888041026464	1.4993687905524693	1736.9305681913359
2047.4246449791235	562.3893278309374	1.5016790777355933	1737.9305681913359
2051.4452147448565	563.8921630817915	1.503991835940215	1738.9305681913359
2055.4723981765337	565.3973123270162	1.5063070667399985	1739.9305681913359
2059.506202958199	566.9047780399943	1.5086247717086092	1740.9305681913359
2063.546636778617	568.4145626956808	1.5109449524197112	1741.9305681913359
2067.593707331276	569.9266687706057	1.5132676104469696	1742.9305681913359
2071.6474223143814	571.4410987428714	1.5155927473640487	1743.9305681913359
2075.707789430864	572.9578550921551	1.517920364744614	1744.9305681913359
2079.774816388371	574.4769402997065	1.5202504641623293	1745.9305681913359
2083.848510899276	575.99835684835	1.5225830471908608	1746.9305681913359
2087.9288806806667	577.5221072224829	1.5249181154038713	1747.9305681913359
2092.0159334543587	579.0481939080772	1.5272556703750273	1748.9305681913359
2096.1096769468845	580.576619392677	1.5295957136779925	1749.9305681913359
2100.210118889497	582.1073861654016	1.5319382468864318	1750.9305681913359
2104.317267018175	583.6404967169428	1.5342832715740105	1751.9305681913359
2108.4311290736127	585.1759535395672	1.5366307893143931	1752.9305681913359
2112.5517128012266	586.7137591271139	1.5389808016812432	1753.9305681913359
2116.6790259511577	588.2539159749965	1.5413333102482274	1754.9305681913359
2120.8130762782644	589.7964265802016	1.5436883165890096	1755.9305681913359
2124.9538715421277	591.3412934412904	1.5460458222772546	1756.9305681913359
2129.1014195070475	592.8885190583966	1.5484058288866267	1757.9305681913359
2133.255727942048	594.4381059332281	1.5507683379907913	1758.9305681913359
2137.4168046208715	595.9900565690675	1.553133351163413	1759.9305681913359
2141.5846573219824	597.5443734707692	1.555500869978156	1760.9305681913359
2145.7592938285666	599.1010591447625	1.5578708960086858	1761.9305681913359
2149.9407219285313	600.6601160990497	1.5602434308286668	1762.9305681913359
2154.128949414503	602.2215468432075	1.562618476011764	1763.9305681913359
2158.3239840838305	603.7853538883853	1.564996033131642	1764.9305681913359
2162.5258337385817	605.3515397473076	1.5673761037619651	1765.9305681913359
2166.7345061855494	606.9201069342707	1.5697586894763988	1766.9305681913359
2170.9500092362423	608.4910579651464	1.5721437918486072	1767.9305681913359
2175.172350706896	610.0643953573785	1.5745314124522554	1768.9305681913359
2179.4015384184618	611.640121629986	1.576921552861008	1769.9305681913359
2183.6375801966146	613.21823930356	1.57931421464853	1770.9305681913359
2187.880483871749	614.7987509002671	1.5817093993884859	1771.9305681913359
2192.1302572789823	616.3816589438459	1.5841071086545402	1772.9305681913359
2196.3869082581523	617.9669659596095	1.5865073440203585	1773.9305681913359
2200.6504446538156	619.5546744744445	1.5889101070596046	1774.9305681913359
2204.920874315254	621.144787016811	1.5913153993459441	1775.9305681913359
2209.198205096465	622.7373061167432	1.5937232224530407	1776.9305681913359
2213.482444856173	624.3322343058486	1.5961335779545605	1777.9305681913359
2217.7736014578177	625.9295741173083	1.5985464674241672	1778.9305681913359
2222.071682769564	627.5293280858775	1.6009618924355258	1779.9305681913359
2226.3766966642943	629.1314987478845	1.6033798545623006	1780.9305681913359
2230.688651019618	630.7360886412318	1.605800355378158	1781.9305681913359
2235.007553717858	632.3431003053951	1.608223396456761	1782.9305681913359
2239.3334126460613	633.9525362814243	1.6106489793717746	1783.9305681913359
2243.666235695998	635.5643991119418	1.6130771056968642	1784.9305681913359
2248.006030764156	637.1786913411456	1.6155077770056945	1785.9305681913359
2252.352805751746	638.7954155148058	1.6179409948719292	1786.9305681913359
2256.7065685647	640.4145741802668	1.6203767608692348	1787.9305681913359
2261.0673271136707	642.0361698864458	1.6228150765712748	1788.9305681913359
2265.4350893140295	643.6602051838354	1.6252559435517138	1789.9305681913359
2269.8098630858717	645.2866826245	1.6276993633842172	1790.9305681913359
2274.191656354013	646.9156047620788	1.6301453376424497	1791.9305681913359
2278.5804770479886	648.5469741517848	1.6325938679000755	1792.9305681913359
2282.9763331020567	650.1807933504033	1.63504495573076	1793.9305681913359
2287.379232455195	651.8170649162952	1.637498602708168	1794.9305681913359
2291.7891830511035	653.4557914093932	1.6399548104059636	1795.9305681913359
2296.206192838201	655.096975391205	1.642413580397812	1796.9305681913359
2300.63026976963	656.7406194248113	1.6448749142573775	1797.9305681913359
2305.061421803252	658.3867260748672	1.6473388135583251	1798.9305681913359
2309.499656901651	660.0352979075999	1.64980527987432	1799.9305681913359
2313.944983032131	661.6863374908119	1.6522743147790266	1800.9305681913359
2318.397408166715	663.3398473938787	1.6547459198461092	1801.9305681913359
2322.856940282153	664.9958301877494	1.6572200966492332	1802.9305681913359
2327.3235873599097	666.654288444947	1.659696846762063	1803.9305681913359
2331.797357386174	668.3152247395681	1.6621761717582637	1804.9305681913359
2336.2782583518547	669.9786416472823	1.6646580732114993	1805.9305681913359
2340.7662982525835	671.6445417453344	1.667142552695436	1806.9305681913359
2345.2614850887094	673.3129276125416	1.6696296117837368	1807.9305681913359
2349.763826865305	674.9838018292946	1.6721192520500674	1808.9305681913359
2354.2733315921646	676.657166977559	1.6746114750680925	1809.9305681913359
2358.7900072838015	678.3330256408726	1.6771062824114766	1810.9305681913359
2363.313861959452	680.0113804043482	1.679603675653885	1811.9305681913359
2367.84490364307	681.6922338546715	1.6821036563689815	1812.9305681913359
2372.383140363334	683.3755885801015	1.6846062261304315	1813.9305681913359
2376.928580153643	685.0614471704721	1.6871113865119	1814.9305681913359
2381.481231052114	686.74981221719	1.6896191390870507	1815.9305681913359
2386.0411011015885	688.4406863132356	1.6921294854295494	1816.9305681913359
2390.608198349628	690.1340720531625	1.6946424271130605	1817.9305681913359
2395.1825308485127	691.8299720330999	1.6971579657112486	1818.9305681913359
2399.7641066552487	693.528388850748	1.699676102797779	1819.9305681913359
2404.352933831558	695.2293251053829	1.7021968399463157	1820.9305681913359
2408.949020443886	696.9327833978525	1.7047201787305237	1821.9305681913359
2413.552374563398	698.6387663305802	1.7072461207240677	1822.9305681913359
2418.1630042659835	700.3472765075618	1.7097746675006127	1823.9305681913359
2422.7809176322485	702.0583165343671	1.7123058206338237	1824.9305681913359
2427.4061227475217	703.7718890181395	1.7148395816973645	1825.9305681913359
2432.0386277018547	705.4879965675962	1.7173759522649004	1826.9305681913359
2436.678440590019	707.2066417930283	1.7199149339100968	1827.9305681913359
2441.3255695115045	708.9278273063003	1.7224565282066173	1828.9305681913359
2445.9800225705244	710.65155572085	1.725000736728127	1829.9305681913359
2450.6418078760144	712.3778296516894	1.7275475610482909	1830.9305681913359
2455.3109335416293	714.1066517154042	1.730097002740774	1831.9305681913359
2459.9874076857436	715.8380245301529	1.7326490633792404	1832.9305681913359
2464.671238431456	717.5719507156691	1.7352037445373552	1833.9305681913359
2469.3624339065846	719.3084328932587	1.7377610477887833	1834.9305681913359
2474.0610022436667	721.0474736858023	1.740320974707189	1835.9305681913359
2478.766951579963	722.7890757177532	1.742883526866237	1836.9305681913359
2483.480290057455	724.5332416151398	1.7454487058395929	1837.9305681913359
2488.2010258228447	726.2799740055618	1.7480165132009207	1838.9305681913359
2492.9291670275547	728.0292755181954	1.7505869505238851	1839.9305681913359
2497.6647218277294	729.7811487837879	1.7531600193821513	1840.9305681913359
2502.4076983842324	731.5355964346627	1.7557357213493834	1841.9305681913359
2507.1581048626517	733.2926211047145	1.7583140579992471	1842.9305681913359
2511.9159494332926	735.0522254294133	1.7608950309054063	1843.9305681913359
2516.6812402711844	736.8144120458018	1.7634786416415262	1844.9305681913359
2521.4539855560747	738.5791835924977	1.7660648917812716	1845.9305681913359
2526.234193472435	740.3465427096903	1.7686537828983067	1846.9305681913359
2531.021872209455	742.1164920391445	1.7712453165662967	1847.9305681913359
2535.8170299610474	743.8890342241976	1.7738394943589064	1848.9305681913359
2540.6196749258447	745.6641719097618	1.7764363178498006	1849.9305681913359
2545.4298153072004	747.4419077423211	1.7790357886126436	1850.9305681913359
2550.2474593131897	749.2222443699357	1.7816379082211002	1851.9305681913359
2555.0726151566096	751.0051844422366	1.7842426782488356	1852.9305681913359
2559.905291054976	752.790730610431	1.7868501002695147	1853.9305681913359
2564.745495230526	754.5788855272976	1.7894601758568012	1854.9305681913359
2569.59323591022	756.3696518471913	1.7920729065843606	1855.9305681913359
2574.448521325737	758.1630322260379	1.7946882940258577	1856.9305681913359
2579.3113597134784	759.9590293213389	1.797306339754957	1857.9305681913359
2584.181759314566	761.7576457921682	1.7999270453453233	1858.9305681913359
2589.0597283748425	763.5588842991745	1.8025504123706215	1859.9305681913359
2593.9452751448716	765.3627475045787	1.805176442404516	1860.9305681913359
2598.838407879937	767.1692380721773	1.8078051370206718	1861.9305681913359
2603.7391348400492	768.9783586673389	1.8104364977927543	1862.9305681913359
2608.6474642899284	770.790111957006	1.8130705262944267	1863.9305681913359
2613.563404499028	772.6045006096956	1.815707224099355	1864.9305681913359
2618.486963741513	774.421527295497	1.8183465927812035	1865.9305681913359
2623.418150296277	776.241194686075	1.8209886339136372	1866.9305681913359
2628.356972446927	778.0635054546658	1.8236333490703207	1867.9305681913359
2633.3034384817965	779.8884622760813	1.8262807398249183	1868.9305681913359
2638.2575566939386	781.7160678267061	1.8289308077510955	1869.9305681913359
2643.219335381127	783.5463247844987	1.8315835544225167	1870.9305681913359
2648.188782845856	785.3792358289909	1.8342389814128466	1871.9305681913359
2653.165907395342	787.2148036412884	1.83689709029575	1872.9305681913359
2658.150717341521	789.0530309040711	1.8395578826448915	1873.9305681913359
2663.1432210010526	790.8939203015916	1.8422213600339363	1874.9305681913359
2668.143426695313	792.7374745196767	1.8448875240365488	1875.9305681913359
2673.151342750403	794.5836962457272	1.8475563762263936	1876.9305681913359
2678.1669774971447	796.4325881687165	1.8502279181771357	1877.9305681913359
2683.190339271078	798.2841529791931	1.85290215146244	1878.9305681913359
2688.2214364124675	800.1383933692775	1.855579077655971	1879.9305681913359
2693.260277266294	801.9953120326657	1.8582586983313933	1880.9305681913359
2698.3068701822644	803.8549116646253	1.8609410150623718	1881.9305681913359
2703.361223514806	805.7171949620001	1.8636260294225715	1882.9305681913359
2708.4233456230627	807.582164623205	1.8663137429856569	1883.9305681913359
2713.4932448709023	809.4498233482302	1.8690041573252927	1884.9305681913359
2718.570929626916	811.3201738386389	1.8716972740151439	1885.9305681913359
2723.656408264411	813.1932187975685	1.874393094628875	1886.9305681913359
2728.7496891614182	815.0689609297292	1.8770916207401505	1887.9305681913359
2733.850780700692	816.9474029414059	1.8797928539226363	1888.9305681913359
2738.9596912697016	818.8285475404562	1.8824967957499954	1889.9305681913359
2744.0764292606427	820.712397436312	1.8852034477958939	1890.9305681913359
2749.201003070429	822.5989553399786	1.8879128116339956	1891.9305681913359
2754.3334211006977	824.4882239640353	1.8906248888379664	1892.9305681913359
2759.4736917578043	826.3802060226344	1.8933396809814704	1893.9305681913359
2764.621823452826	828.2749042315025	1.896057189638172	1894.9305681913359
2769.777824601563	830.1723213079397	1.8987774163817366	1895.9305681913359
2774.941703624533	832.0724599708196	1.9015003627858285	1896.9305681913359
2780.113468946979	833.9753229405894	1.904226030424113	1897.9305681913359
2785.29312899886	835.8809129392704	1.9069544208702536	1898.9305681913359
2790.480692214861	837.7892326904571	1.9096855356979165	1899.9305681913359
2795.676167034384	839.7002849193179	1.9124193764807655	1900.9305681913359
2800.8795619015546	841.614072352595	1.915155944792466	1901.9305681913359
2806.0908852652183	843.5305977186036	1.9178952422066824	1902.9305681913359
2811.310145578941	845.4498637472338	1.9206372702970795	1903.9305681913359
2816.5373513010118	847.3718731699478	1.9233820306373222	1904.9305681913359
2821.772510894437	849.296628719783	1.9261295248010746	1905.9305681913359
2827.015632826948	851.224133131349	1.9288797543620022	1906.9305681913359
2832.266725570995	853.1543891408305	1.9316327208937696	1907.9305681913359
2837.5257976037497	855.0873994859846	1.9343884259700412	1908.9305681913359
2842.792857407105	857.0231669061432	1.9371468711644824	1909.9305681913359
2848.067913467674	858.9616941422111	1.9399080580507575	1910.9305681913359
2853.35097427679	860.9029839366667	1.9426719882025307	1911.9305681913359
2858.64204833051	862.8470390335624	1.9454386631934675	1912.9305681913359
2863.9411441296115	864.7938621785247	1.948208084597233	1913.9305681913359
2869.24827017959	866.7434561187522	1.9509802539874908	1914.9305681913359
2874.5634349906654	868.6958236030194	1.9537551729379066	1915.9305681913359
2879.886647077777	870.6509673816727	1.9565328430221447	1916.9305681913359
2885.2179149605845	872.6088902066331	1.9593132658138699	1917.9305681913359
2890.5572471634705	874.5695948313942	1.9620964428867471	1918.9305681913359
2895.9046522155368	876.5330840110247	1.9648823758144407	1919.9305681913359
2901.260138650607	878.4993605021659	1.967671066170616	1920.9305681913359
2906.6237150072266	880.4684270630335	1.9704625155289377	1921.9305681913359
2911.9953898286594	882.4402864534156	1.9732567254630697	1922.9305681913359
2917.375171662894	884.414941434676	1.9760536975466778	1923.9305681913359
2922.763069062636	886.3923947697501	1.978853433353426	1924.9305681913359
2928.159090585315	888.3726492231485	1.9816559344569797	1925.9305681913359
2933.56324479308	890.3557075609544	1.984461202431003	1926.9305681913359
2938.975540252801	892.3415725508254	1.9872692388491608	1927.9305681913359
2944.395985536071	894.3302469619921	1.9900800452851184	1928.9305681913359
2949.824589219201	896.3217335652591	1.9928936233125398	1929.9305681913359
2955.2613598832254	898.3160351330052	1.9957099745050901	1930.9305681913359
2960.706306113898	900.3131544391821	1.9985291004364343	1931.9305681913359
2966.159436501695	902.3130942593159	2.001351002680237	1932.9305681913359
2971.6207596418103	904.3158573705048	2.004175682810162	1933.9305681913359
2977.090284134165	906.3214465514227	2.0070031423998755	1934.9305681913359
2982.568018583396	908.3298645823157	2.0098333830230417	1935.9305681913359
2988.0539715988625	910.3411142450045	2.012666406253325	1936.9305681913359
2993.5481517946455	912.3551983228824	2.0155022136643908	1937.9305681913359
2999.050567789545	914.3721196009183	2.018340806829903	1938.9305681913359
3004.5612282070842	916.3918808656516	2.021182187323527	1939.9305681913359
3010.080141675509	918.4144849051991	2.024026356718928	1940.9305681913359
3015.6073168277794	920.4399345092484	2.026873316589769	1941.9305681913359
3021.1427623015834	922.4682324690616	2.0297230685097163	1942.9305681913359
3026.686486739327	924.4993815774751	2.0325756140524343	1943.9305681913359
3032.2384987881373	926.5333846288985	2.0354309547915874	1944.9305681913359
3037.798807099863	928.570244419315	2.038289092300841	1945.9305681913359
3043.367420331073	930.6099637462817	2.0411500281538593	1946.9305681913359
3048.944347143058	932.6525454089285	2.044013763924307	1947.9305681913359
3054.52959620183	934.6979922079605	2.0468803011858494	1948.9305681913359
3060.1231761781196	936.7463069456553	2.0497496415121503	1949.9305681913359
3065.7250957473816	938.7974924258642	2.052621786476876	1950.9305681913359
3071.3353635897906	940.8515514540129	2.0554967376536895	1951.9305681913359
3076.95398839024	942.9084868371004	2.0583744966162563	1952.9305681913359
3082.5809788383494	944.9683013836986	2.061255064938242	1953.9305681913359
3088.2163436284527	947.0309979039544	2.06413844419331	1954.9305681913359
3093.860091459609	949.0965792095874	2.067024635955125	1955.9305681913359
3099.5122310355996	951.1650481138917	2.069913641797353	1956.9305681913359
3105.172771064923	953.2364074317334	2.072805463293658	1957.9305681913359
3110.8417202608016	955.3106599795549	2.075700102017705	1958.9305681913359
3116.5190873411757	957.3878085753695	2.078597559543158	1959.9305681913359
3122.2048810287106	959.467856038766	2.0814978374436826	1960.9305681913359
3127.899110050791	961.5508051909067	2.0844009372929433	1961.9305681913359
3133.60178313952	963.6366588545259	2.087306860664605	1962.9305681913359
3139.3129090317266	965.7254198539342	2.0902156091323327	1963.9305681913359
3145.0324964689544	967.817091015014	2.0931271842697896	1964.9305681913359
3150.760554197474	969.9116751652218	2.0960415876506415	1965.9305681913359
3156.497090968275	972.0091751335876	2.098958820848554	1966.9305681913359
3162.2421155370675	974.1095937507157	2.1018788854371913	1967.9305681913359
3167.995636664282	976.2129338487833	2.1048017829902173	1968.9305681913359
3173.7576631150705	978.3191982615423	2.1077275150812977	1969.9305681913359
3179.528203659306	980.4283898243166	2.110656083284096	1970.9305681913359
3185.3072670715856	982.5405113740055	2.113587489172279	1971.9305681913359
3191.0948621312205	984.6555657490808	2.1165217343195097	1972.9305681913359
3196.8909976222494	986.7735557895888	2.119458820299453	1973.9305681913359
3202.6956823334303	988.8944843371485	2.122398748685775	1974.9305681913359
3208.5089250582387	991.0183542349537	2.1253415210521394	1975.9305681913359
3214.3307345948747	993.1451683277708	2.128287138972211	1976.9305681913359
3220.161119746259	995.2749294619408	2.131235604019654	1977.9305681913359
3226.000089320034	997.4076404853772	2.134186917768135	1978.9305681913359
3231.8476521285584	999.5433042475686	2.1371410817913166	1979.9305681913359
3237.7038169889197	1001.6819235995758	2.1400980976628645	1980.9305681913359
3243.5685927229197	1003.8235013940349	2.143057966956444	1981.9305681913359
3249.4419881570825	1005.9680404851538	2.1460206912457185	1982.9305681913359
3255.3240121226554	1008.1155437287161	2.148986272104354	1983.9305681913359
3261.2146734556077	1010.2660139820771	2.151954711106015	1984.9305681913359
3267.1139809966235	1012.4194541041671	2.1549260098243654	1985.9305681913359
3273.021943591115	1014.5758669554893	2.157900169833071	1986.9305681913359
3278.9385700892108	1016.7352553981211	2.160877192705796	1987.9305681913359
3284.8638693457615	1018.8976222957133	2.163857080016205	1988.9305681913359
3290.7978502203423	1021.062970513491	2.1668398333379635	1989.9305681913359
3296.740521577243	1023.231302918251	2.169825454244735	1990.9305681913359
3302.691892285479	1025.4026223783665	2.1728139443101853	1991.9305681913359
3308.6519712187855	1027.576931763782	2.1758053051079793	1992.9305681913359
3314.62076725562	1029.7542339460174	2.1787995382117815	1993.9305681913359
3320.598289279157	1031.9345317981656	2.1817966451952557	1994.9305681913359
3326.5845461772947	1034.1178281948928	2.1847966276320676	1995.9305681913359
3332.5795468426536	1036.3041260124387	2.187799487095882	1996.9305681913359
3338.5833001725737	1038.4934281286176	2.190805225160363	1997.9305681913359
3344.595815069116	1040.685737422817	2.1938138433991763	1998.9305681913359
3350.6171004390617	1042.8810567759988	2.1968253433859855	1999.9305681913359
3356.647165193915	1045.0793890706966	2.1998397266944565	2000.9305681913359
3362.686018249899	1047.2807371910194	2.202856994898253	2001.9305681913359
3368.733668527958	1049.4851040226495	2.20587714957104	2002.9305681913359
3374.7901249537604	1051.6924924528423	2.208900192286483	2003.9305681913359
3380.8553964576913	1053.902905370428	2.211926124618246	2004.9305681913359
3386.92949197486	1056.116345665809	2.2149549481399937	2005.9305681913359
3393.0124204450954	1058.3328162309622	2.217986664425392	2006.9305681913359
3399.1041908129478	1060.5523199594386	2.2210212750481046	2007.9305681913359
3405.2048120276836	1062.7748597463626	2.2240587815817956	2008.9305681913359
3411.3142930433014	1065.0004384884305	2.2270991856001308	2009.9305681913359
3417.4326428185122	1067.2290590839157	2.2301424886767753	2010.9305681913359
3423.559870316748	1069.4607244326614	2.2331886923853927	2011.9305681913359
3429.695984506166	1071.695437436088	2.2362377982996486	2012.9305681913359
3435.8409943596403	1073.933200997187	2.2392898079932073	2013.9305681913359
3441.99490885477	1076.1740180205256	2.242344723039734	2014.9305681913359
3448.15773697387	1078.4178914122422	2.245402545012893	2015.9305681913359
3454.3294877039816	1080.6648240800516	2.2484632754863485	2016.9305681913359
3460.5101700368655	1082.9148189332395	2.2515269160337668	2017.9305681913359
3466.6997929690006	1085.1678788826684	2.2545934682288116	2018.9305681913359
3472.898365501591	1087.424006840771	2.2576629336451477	2019.9305681913359
3479.1058966405562	1089.6832057215568	2.26073531385644	2020.9305681913359
3485.322395396544	1091.9454784406068	2.2638106104363533	2021.9305681913359
3491.547870784918	1094.210827915077	2.266888824958553	2022.9305681913359
3497.7823318257624	1096.479257063696	2.2699699589967017	2023.9305681913359
3504.025787543886	1098.750768806767	2.2730540141244666	2024.9305681913359
3510.278246968817	1101.025366066166	2.2761409919155113	2025.9305681913359
3516.5397191348015	1103.3030517653433	2.2792308939435	2026.9305681913359
3522.8102130808134	1105.583828829323	2.282323721782099	2027.9305681913359
3529.089737850542	1107.8677001847027	2.2854194770049725	2028.9305681913359
3535.378302492397	1110.1546687596522	2.2885181611857837	2029.9305681913359
3541.6759160595134	1112.4447374839176	2.291619775898199	2030.9305681913359
3547.982587609745	1114.7379092888173	2.294724322715883	2031.9305681913359
3554.2983262056664	1117.0341871072426	2.2978318032125	2032.9305681913359
3560.623140914574	1119.3335738736596	2.3009422189617146	2033.9305681913359
3566.9570408084833	1121.636072524108	2.304055571537192	2034.9305681913359
3573.3000349641334	1123.9416859962007	2.307171862512597	2035.9305681913359
3579.6521324629834	1126.2504172291242	2.3102910934615943	2036.9305681913359
3586.013342391212	1128.5622691636397	2.3134132659578484	2037.9305681913359
3592.3836738397217	1130.8772447420802	2.3165383815750245	2038.9305681913359
3598.7631359041325	1133.1953469083546	2.3196664418867865	2039.9305681913359
3605.1517376847864	1135.5165786079435	2.3227974484667993	2040.9305681913359
3611.5494882867506	1137.8409427879023	2.325931402888729	2041.9305681913359
3617.9563968198077	1140.1684423968593	2.3290683067262385	2042.9305681913359
3624.372472398464	1142.4990803850178	2.332208161552994	2043.9305681913359