9.742712e-8	7.78799e-13	1.047129e-10	930.428808666363
9.969651e-8	8.092866e-13	1.0715190000000001e-10	930.4297850677403
1.020188e-7	8.409501e-13	1.096478e-10	930.4303501766565
1.043951e-7	8.73834e-13	1.1220180000000002e-10	930.4304728979391
1.068268e-7	9.079846e-13	1.148154e-10	930.4301338026083
1.093151e-7	9.434498e-13	1.174898e-10	930.4300752048265
1.118614e-7	9.802794e-13	1.202264e-10	930.4310890070733
1.14467e-7	1.018525e-12	1.230269e-10	930.4308124889759
1.171333e-7	1.05824e-12	1.258925e-10	930.4315844073315
1.198618e-7	1.09948e-12	1.28825e-10	930.4319773335923
1.226537e-7	1.142303e-12	1.318257e-10	930.4319438698221
1.255107e-7	1.186768e-12	1.348963e-10	930.4323896800727
1.284343e-7	1.232937e-12	1.380384e-10	930.4333644623524
1.314259e-7	1.280874e-12	1.412538e-10	930.4328865772108
1.344873e-7	1.330647e-12	1.4454399999999998e-10	930.4338516091987
1.376199e-7	1.382322e-12	1.479108e-10	930.4343044726957
1.408255e-7	1.435974e-12	1.513561e-10	930.4344917317505
1.441058e-7	1.491674e-12	1.548817e-10	930.4345941063405
1.474625e-7	1.549501e-12	1.584893e-10	930.435363781656
1.508974e-7	1.609534e-12	1.62181e-10	930.4358065001448
1.544122e-7	1.671855e-12	1.6595870000000001e-10	930.4355351964074
1.58009e-7	1.736551e-12	1.698244e-10	930.4360065514733
1.616896e-7	1.80371e-12	1.737801e-10	930.43682049901
1.654558e-7	1.873423e-12	1.7782789999999997e-10	930.4370878979058
1.693098e-7	1.945787e-12	1.8197010000000002e-10	930.4371750468895
1.732536e-7	2.0209e-12	1.862087e-10	930.4378415186832
1.772893e-7	2.098865e-12	1.905461e-10	930.4383499058758
1.814189e-7	2.179788e-12	1.9498450000000002e-10	930.4384696629733
1.856447e-7	2.263778e-12	1.9952619999999999e-10	930.4390289495815
1.89969e-7	2.350951e-12	2.041738e-10	930.4394146114731
1.94394e-7	2.441423e-12	2.089296e-10	930.4399253289146
1.989221e-7	2.535318e-12	2.1379620000000003e-10	930.4404630110357
2.035557e-7	2.632763e-12	2.187762e-10	930.4409381047847
2.082971e-7	2.733888e-12	2.238721e-10	930.441238046188
2.131491e-7	2.838831e-12	2.290868e-10	930.4418186949225
2.18114e-7	2.947732e-12	2.344229e-10	930.4421527589667
2.231946e-7	3.060738e-12	2.398833e-10	930.4426808285529
2.2839360000000003e-7	3.178e-12	2.454709e-10	930.4433967529349
2.337136e-7	3.299676e-12	2.511886e-10	930.443896243699
2.391576e-7	3.425927e-12	2.570396e-10	930.4442814531302
2.447283e-7	3.556923e-12	2.630268e-10	930.4445665726839
2.504289e-7	3.692838e-12	2.691535e-10	930.4452397535234
2.562622e-7	3.833852e-12	2.754229e-10	930.445630526728
2.622314e-7	3.980154e-12	2.818383e-10	930.4462174019641
2.683397e-7	4.131936e-12	2.884032e-10	930.4467909371325
2.745902e-7	4.289401e-12	2.951209e-10	930.4474518781965
2.809863e-7	4.452756e-12	3.019952e-10	930.4477447191213
2.875314e-7	4.622216e-12	3.090295e-10	930.448459503057
2.94229e-7	4.798006e-12	3.162278e-10	930.4488663109314
3.010826e-7	4.980355e-12	3.2359370000000006e-10	930.4494505146422
3.080958e-7	5.169504e-12	3.3113109999999996e-10	930.4501132753766
3.152724e-7	5.3657e-12	3.3884420000000004e-10	930.4505306568625
3.226162e-7	5.5692e-12	3.4673690000000003e-10	930.4512130090568
3.30131e-7	5.780271e-12	3.548134e-10	930.4518382648456
3.378209e-7	5.999186e-12	3.6307810000000007e-10	930.4524265881088
3.456899e-7	6.226231e-12	3.715352e-10	930.4532282028728
3.537422e-7	6.461702e-12	3.801894e-10	930.4537730457502
3.619821e-7	6.705902e-12	3.890451e-10	930.4546077100059
3.704139e-7	6.95915e-12	3.9810719999999997e-10	930.4550612247153
3.790421e-7	7.221772e-12	4.0738029999999993e-10	930.4556989427324
3.878713e-7	7.494107e-12	4.168694e-10	930.456382999088
3.969062e-7	7.776505e-12	4.265795e-10	930.4572219363565
4.061515e-7	8.069331e-12	4.365158e-10	930.4578879641928
4.156121e-7	8.372959e-12	4.466836e-10	930.4583220852522
4.252932e-7	8.68778e-12	4.570882e-10	930.4591275381862
4.351997e-7	9.014195e-12	4.677351000000001e-10	930.459814102042
4.453371e-7	9.352621e-12	4.786301e-10	930.4606054257767
4.557105e-7	9.703489e-12	4.897788e-10	930.4612684113728
4.6632559999999994e-7	1.006725e-11	5.011871999999999e-10	930.4620454193562
4.77188e-7	1.044435e-11	5.128614e-10	930.4627806849962
4.883034e-7	1.083529e-11	5.248075e-10	930.4635228917269
4.996777e-7	1.124055e-11	5.370318e-10	930.4643422419305
5.113169e-7	1.166065e-11	5.495409e-10	930.4649765831806
5.232273e-7	1.209611e-11	5.623413e-10	930.465886304278
5.354151e-7	1.254748e-11	5.754399000000001e-10	930.4666698989764
5.478868e-7	1.301533e-11	5.888436999999999e-10	930.4673130238125
5.606491e-7	1.350025e-11	6.025595999999999e-10	930.4682893609197
5.737086e-7	1.400285e-11	6.16595e-10	930.469113194236
5.870723e-7	1.452374e-11	6.309573e-10	930.4699759238857
6.007473e-7	1.506358e-11	6.456542e-10	930.4707745725187
6.147409e-7	1.562305e-11	6.606934000000001e-10	930.4717181222031
6.290604e-7	1.620283e-11	6.760829999999999e-10	930.4724461789453
6.437135e-7	1.680365e-11	6.918309999999999e-10	930.4733434176845
6.587079e-7	1.742624e-11	7.079458e-10	930.4742343834796
6.740516e-7	1.807139e-11	7.244359999999999e-10	930.4751163525833
6.897527e-7	1.873987e-11	7.413102e-10	930.4761216964235
7.058195e-7	1.943253e-11	7.585775999999999e-10	930.4768985137447
7.222606e-7	2.01502e-11	7.762471000000001e-10	930.4778725743387
7.390847e-7	2.089377e-11	7.943281999999999e-10	930.4788546724138
7.563007e-7	2.166414e-11	8.128305e-10	930.4798037721271
7.739177e-7	2.246226e-11	8.317638000000001e-10	930.4806992802523
7.919451e-7	2.32891e-11	8.51138e-10	930.4817657066186
8.103925e-7	2.414567e-11	8.709636e-10	930.482795917074
8.292695e-7	2.5033e-11	8.912509e-10	930.4838098901218
8.485863e-7	2.595218e-11	9.120107999999999e-10	930.4848716484498
8.68353e-7	2.690431e-11	9.332542999999998e-10	930.4858325431771
8.885802e-7	2.789054e-11	9.549926e-10	930.486886013567
9.092785e-7	2.891207e-11	9.772372e-10	930.4879225535009
9.304590000000001e-7	2.997011e-11	1.0000000000000003e-9	930.48897011
9.521329e-7	3.106595e-11	1.023293e-9	930.4900609600573
9.743117e-7	3.220089e-11	1.047129e-9	930.4907999778443
9.970071e-7	3.33763e-11	1.071519e-9	930.4925776397806
1.020231e-6	3.459357e-11	1.096478e-9	930.4934468087824
1.043996e-6	3.585415e-11	1.122018e-9	930.4947462072801
1.068315e-6	3.715955e-11	1.148154e-9	930.4955254695799
1.0932e-6	3.851132e-11	1.174898e-9	930.4965293327591
1.118665e-6	3.991105e-11	1.202264e-9	930.4985519403393
1.144723e-6	4.13604e-11	1.230269e-9	930.4992326068526
1.171388e-6	4.286109e-11	1.2589250000000002e-9	930.5009123577655
1.198674e-6	4.441488e-11	1.28825e-9	930.5013893887057
1.226596e-6	4.60236e-11	1.3182569999999998e-9	930.5029471491522
1.255168e-6	4.768913e-11	1.348963e-9	930.5041644062884
1.284406e-6	4.941343e-11	1.380384e-9	930.5058689683452
1.314324e-6	5.119851e-11	1.412538e-9	930.5060809054341
1.34494e-6	5.304646e-11	1.4454400000000001e-9	930.5076976284039
1.376269e-6	5.495944e-11	1.479108e-9	930.5094417987057
1.408328e-6	5.693966e-11	1.513561e-9	930.51085464015
1.441133e-6	5.898942e-11	1.548817e-9	930.5114738668287
1.474703e-6	6.11111e-11	1.584893e-9	930.5133602710088
1.509055e-6	6.330715e-11	1.62181e-9	930.5148612661162
1.544207e-6	6.558011e-11	1.659587e-9	930.5161947580934
1.580177e-6	6.79326e-11	1.6982440000000002e-9	930.5170120430279
1.616986e-6	7.036732e-11	1.7378010000000003e-9	930.5187229838168
1.654652e-6	7.288706e-11	1.778279e-9	930.520400375869
1.693196e-6	7.549472e-11	1.819701e-9	930.5218245854677
1.732637e-6	7.819327e-11	1.8620869999999998e-9	930.523221133062
1.772997e-6	8.098581e-11	1.905461e-9	930.5244168261643
1.814298e-6	8.38755e-11	1.949845e-9	930.5262087499264
1.85656e-6	8.686564e-11	1.995262e-9	930.5278533044784
1.8998069999999998e-6	8.995962e-11	2.041738e-9	930.5292645873271
1.944061e-6	9.316096e-11	2.089296e-9	930.5307438295005
1.989346e-6	9.647326e-11	2.1379620000000006e-9	930.5321952682041
2.035687e-6	9.990029e-11	2.187762e-9	930.5339887474048
2.083106e-6	1.034459e-10	2.238721e-9	930.5355360940467
2.13163e-6	1.071141e-10	2.290868e-9	930.536859434939
2.181285e-6	1.109089e-10	2.344229e-9	930.5387438257952
2.232096e-6	1.148347e-10	2.398833e-9	930.5403230237371
2.284091e-6	1.188959e-10	2.454709e-9	930.5420299921495
2.337297e-6	1.230969e-10	2.511886e-9	930.5438610271327
2.391743e-6	1.274425e-10	2.5703959999999997e-9	930.545504467016
2.447457e-6	1.319375e-10	2.630268e-9	930.5473577217227
2.504468e-6	1.365869e-10	2.691535e-9	930.5487712030496
2.562808e-6	1.413959e-10	2.754229e-9	930.5505809066713
2.622507e-6	1.463698e-10	2.818383e-9	930.5525082290093
2.683597e-6	1.515141e-10	2.8840319999999994e-9	930.5543468657769
2.746109e-6	1.568345e-10	2.9512089999999995e-9	930.5562006960538
2.810078e-6	1.623369e-10	3.019952e-9	930.5579482389123
2.875537e-6	1.680272e-10	3.0902949999999996e-9	930.5600362424946
2.942521e-6	1.739118e-10	3.162278e-9	930.5617380255626
3.011065e-6	1.799971e-10	3.235937e-9	930.5635422135845
3.081206e-6	1.862899e-10	3.311311e-9	930.5656550834398
3.152981e-6	1.927969e-10	3.388442e-9	930.5674398145223
3.226428e-6	1.995252e-10	3.467369e-9	930.5694101781495
3.301586e-6	2.064823e-10	3.548134e-9	930.5715292319851
3.378494e-6	2.136757e-10	3.630781e-9	930.5732501354393
3.457195e-6	2.211132e-10	3.7153519999999994e-9	930.575652912564
3.537728e-6	2.288028e-10	3.801894e-9	930.5774445052913
3.620138e-6	2.36753e-10	3.890451e-9	930.579707339843
3.704468e-6	2.449722e-10	3.981072e-9	930.5817559190086
3.790762e-6	2.534695e-10	4.073803e-9	930.5838965458075
3.879066e-6	2.622538e-10	4.168694e-9	930.5859949902775
3.969427e-6	2.713348e-10	4.265795000000001e-9	930.5881634724594
4.061893e-6	2.807222e-10	4.365158e-9	930.5903067426196
4.156514e-6	2.90426e-10	4.466836e-9	930.5925773858721
4.253338e-6	3.004567e-10	4.570882e-9	930.5946766291495
4.352418e-6	3.108249e-10	4.677351e-9	930.5970034962097
4.453806e-6	3.215419e-10	4.786301e-9	930.599129035136
4.538835e-6	3.306119e-10	4.877671e-9	930.6010208355586
4.675023e-6	3.30612e-10	5.024015000107458e-9	930.601045558184
4.772363e-6	3.407815e-10	5.128614e-9	930.6030404120879
4.883534e-6	3.525066e-10	5.248075000000001e-9	930.6053184453347
4.997294e-6	3.646249e-10	5.370318e-9	930.6075775959636
5.113705e-6	3.771492e-10	5.4954089999999994e-9	930.6099235197962
5.232827e-6	3.900928e-10	5.623413e-9	930.6122621262211
5.354725e-6	4.034695e-10	5.754399e-9	930.6147296181581
5.479462e-6	4.172934e-10	5.888437e-9	930.6169520706429
5.607105e-6	4.31579e-10	6.025596000000001e-9	930.6194074411893
5.737721e-6	4.463415e-10	6.16595e-9	930.6217762875144
5.871381e-6	4.615965e-10	6.309573e-9	930.6244014452324
6.008154e-6	4.773598e-10	6.456542e-9	930.6268525473853
6.148113e-6	4.936482e-10	6.606933999999999e-9	930.6293430810722
6.291332e-6	5.104787e-10	6.76083e-9	930.631664854759
6.437888e-6	5.278688e-10	6.918310000000001e-9	930.634196617382
6.587859e-6	5.458369e-10	7.079458e-9	930.6368986015597
6.741322e-6	5.644017e-10	7.24436e-9	930.6393389754237
6.898361e-6	5.835826e-10	7.413102e-9	930.642068947655
7.059059e-6	6.033995e-10	7.585776e-9	930.6447223725035
7.2235e-6	6.238732e-10	7.762471e-9	930.6474540387977
7.391771e-6	6.450248e-10	7.943282e-9	930.6500795011433
7.563963e-6	6.668763e-10	8.128305e-9	930.6528084637573
7.740166e-6	6.894505e-10	8.317637999999998e-9	930.6554878320024
7.920474e-6	7.127707e-10	8.51138e-9	930.6583386830338
8.104983e-6	7.36861e-10	8.709636e-9	930.6611505922866
8.293789e-6	7.617464e-10	8.912509e-9	930.6639405805929
8.486994e-6	7.874525e-10	9.120108e-9	930.6667697904454
8.684701e-6	8.140058e-10	9.332543e-9	930.669701259346
8.887013e-6	8.414337e-10	9.549926e-9	930.6725972222193
9.094038e-6	8.697645e-10	9.772371999999998e-9	930.6755580426126
9.305886e-6	8.990271e-10	1.e-8	930.67850271
9.522669e-6	9.292518e-10	1.023293e-8	930.6814618882372
9.744502e-6	9.604694e-10	1.047129e-8	930.6840388720016
9.971504e-6	9.927119e-10	1.071519e-8	930.6878097261924
0.00001020379	1.026012e-9	1.0964780000000002e-8	930.6904481439664
0.00001044149	1.060405e-9	1.1220179999999998e-8	930.6936613316362
0.00001068473	1.095924e-9	1.148154e-8	930.6962240256969
0.00001093364	1.132607e-9	1.174898e-8	930.6997379346973
0.00001118834	1.170491e-9	1.202264e-8	930.7032807270284
0.00001144898	1.209614e-9	1.230269e-8	930.7061800305462
0.00001171569	1.250016e-9	1.258925e-8	930.7099323629286
0.00001198861	1.291738e-9	1.28825e-8	930.7123413933631
0.00001226789	1.334822e-9	1.318257e-8	930.7156967116427
0.00001255368	1.379313e-9	1.3489630000000002e-8	930.7193238806401
0.00001284613	1.425255e-9	1.3803840000000001e-8	930.7232809855808
0.00001314539	1.472695e-9	1.4125379999999998e-8	930.7263022304534
0.00001345162	1.52168e-9	1.44544e-8	930.729859419969
0.00001376498	1.57226e-9	1.479108e-8	930.733405539014
0.00001408565	1.624487e-9	1.513561e-8	930.7371481559052
0.00001441378	1.678413e-9	1.548817e-8	930.7399397733883
0.00001474956	1.734091e-9	1.584893e-8	930.7438477550221
0.00001509316	1.791579e-9	1.6218099999999996e-8	930.7472255689632
0.00001544477	1.850934e-9	1.6595870000000003e-8	930.7508997117957
0.00001580457	1.912216e-9	1.6982440000000004e-8	930.7544861633544
0.00001617275	1.975486e-9	1.737801e-8	930.7582102899008
0.00001654951	2.040808e-9	1.778279e-8	930.7623161494905
0.00001693504	2.108247e-9	1.819701e-8	930.7654525111543
0.00001732956	2.17787e-9	1.8620870000000003e-8	930.7695005657631
0.00001773327	2.249748e-9	1.9054609999999996e-8	930.7731697473735
0.00001814639	2.323952e-9	1.949845e-8	930.7772644492253
0.00001856912	2.400556e-9	1.995262e-8	930.7810481029559
0.00001900171	2.479638e-9	2.041738e-8	930.7849311713843
0.00001944438	2.561274e-9	2.089296e-8	930.7891880327153
0.00001989735	2.645548e-9	2.137962e-8	930.7927618919325
0.00002036089	2.732543e-9	2.187762e-8	930.7969762250191
0.00002083522	2.822346e-9	2.238721e-8	930.801218463578
0.0000213206	2.915045e-9	2.290868e-8	930.8050505310651
0.00002181729	3.010733e-9	2.344229e-8	930.8092653490764
0.00002232555	3.109505e-9	2.398833e-8	930.8134207341653
0.00002284565	3.211459e-9	2.4547090000000004e-8	930.8175208955521
0.00002337787	3.316696e-9	2.5118860000000003e-8	930.8219678759307
0.00002392249	3.42532e-9	2.5703959999999997e-8	930.8260408123884
0.0000244798	3.53744e-9	2.6302680000000005e-8	930.8305252544607
0.00002505009	3.653165e-9	2.691535e-8	930.8347528454952
0.00002563367	3.77261e-9	2.754229e-8	930.8391789498985
0.00002623084	3.895894e-9	2.8183830000000005e-8	930.8435331181034
0.00002684193	4.023137e-9	2.8840320000000005e-8	930.8479634414597
0.00002746725	4.154466e-9	2.9512090000000002e-8	930.852557917789
0.00002810714	4.29001e-9	3.019952e-8	930.8568483869942
0.00002876195	4.429903e-9	3.090295e-8	930.8619372260578
0.000029432	4.574283e-9	3.162278e-8	930.8661124354026
0.00003011767	4.723291e-9	3.235937e-8	930.8708201364859
0.00003081931	4.877074e-9	3.311311e-8	930.8756282330471
0.0000315373	5.035783e-9	3.388442e-8	930.8802034386305
0.00003227202	5.199575e-9	3.4673690000000004e-8	930.8850478561699
0.00003302385	5.36861e-9	3.548134e-8	930.8898313874276
0.00003379321	5.543054e-9	3.630781000000001e-8	930.8948420188383
0.00003458048	5.723078e-9	3.715352e-8	930.8997661056071
0.0000353861	5.908859e-9	3.801894e-8	930.9046716978434
0.00003621049	6.100579e-9	3.890451e-8	930.9098245678972
0.00003705408	6.298425e-9	3.981072e-8	930.9145482674014
0.00003791733	6.502591e-9	4.073803e-8	930.9196490601042
0.0000388007	6.713277e-9	4.168694e-8	930.9249677956693
0.00003970464	6.930689e-9	4.265795e-8	930.9301241386424
0.00004062964	7.155039e-9	4.3651580000000004e-8	930.9352614269632
0.0000415762	7.386547e-9	4.466836000000001e-8	930.9405258442439
0.00004254481	7.625437e-9	4.570882e-8	930.9458313953413
0.00004353598	7.871944e-9	4.677351000000001e-8	930.9511290471894
0.00004455025	8.126309e-9	4.786301e-8	930.9564172625165
0.00004558815	8.388777e-9	4.897787999999999e-8	930.9618704811234
0.00004665024	8.659607e-9	5.011872e-8	930.9675029011116
0.00004773706	8.93906e-9	5.1286140000000005e-8	930.9727552122268
0.00004884922	9.22741e-9	5.248074999999999e-8	930.9784522896492
0.00004998728	9.524937e-9	5.370317999999999e-8	930.984067181869
0.00005115186	9.831929e-9	5.495409e-8	930.9897030230143
0.00005234357	1.014869e-8	5.623413e-8	930.9954415583561
0.00005356305	1.047552e-8	5.7543990000000006e-8	931.0012308844068
0.00005481094	1.081274e-8	5.888436999999999e-8	931.0068654890932
0.00005608791	1.116067e-8	6.025596e-8	931.0128105170013
0.000057394629999999996	1.151966e-8	6.16595e-8	931.0187345015772
0.00005873179	1.189006e-8	6.309573e-8	931.0246519059214
0.00006010011	1.227221e-8	6.456542e-8	931.0306075605178
0.00006150031	1.26665e-8	6.606934e-8	931.0366427150628
0.00006293314	1.30733e-8	6.76083e-8	931.0426870665287
0.00006439935	1.349302e-8	6.91831e-8	931.0488113426546
0.00006589972	1.392604e-8	7.079457999999999e-8	931.0549768075465
0.00006743505	1.43728e-8	7.24436e-8	931.0611675841619
0.00006900616	1.483373e-8	7.413102e-8	931.0676384865607
0.00007061387	1.530926e-8	7.585776e-8	931.0738843329938
0.00007225904	1.579987e-8	7.762470999999999e-8	931.0803205577195
0.00007394254	1.630602e-8	7.943281999999999e-8	931.0867475182173
0.00007566527	1.682821e-8	8.128305e-8	931.0932378890802
0.00007742814	1.736693e-8	8.317638000000002e-8	931.0997536800711
0.00007923208	1.792272e-8	8.51138e-8	931.1063860384567
0.00008107806	1.849609e-8	8.709636e-8	931.1130349190254
0.00008296705	1.908762e-8	8.912509e-8	931.1198184484302
0.00008490005	1.969786e-8	9.120108000000001e-8	931.1265596854773
0.00008687809	2.03274e-8	9.332543e-8	931.1333191821351
0.00008890223	2.097686e-8	9.549926000000002e-8	931.1402712439865
0.00009097352	2.164686e-8	9.772372e-8	931.1471857600181
0.00009309308	2.233804e-8	9.999999999999998e-8	931.1541804000001
0.00009526202	2.305107e-8	1.0232929999999999e-7	931.1611734859908
0.00009748151	2.378664e-8	1.0471290000000001e-7	931.1679519906335
0.0000997527	2.454544e-8	1.071519e-7	931.1756995442918
0.0001020768	2.532822e-8	1.0964780000000002e-7	931.1826431538069
0.0001044551	2.613572e-8	1.1220180000000002e-7	931.1903705644651
0.0001068888	2.696873e-8	1.148154e-7	931.1971105792429
0.0001093792	2.782803e-8	1.174898e-7	931.2044792824568
0.0001119276	2.871447e-8	1.202264e-7	931.2123998556058
0.0001145354	2.962888e-8	1.230269e-7	931.2193421113595
0.000117204	3.057214e-8	1.2589249999999996e-7	931.2276119705305
0.0001199348	3.154517e-8	1.28825e-7	931.2349712400544
0.0001227291	3.254889e-8	1.318257e-7	931.242154526773
0.0001255886	3.358427e-8	1.348963e-7	931.2500362871333
0.0001285148	3.465231e-8	1.3803839999999998e-7	931.2586375240514
0.0001315091	3.575401e-8	1.412538e-7	931.265948314311
0.0001345732	3.689045e-8	1.44544e-7	931.2741480102943
0.0001377086	3.806271e-8	1.479108e-7	931.281980152903
0.0001409172	3.927191e-8	1.513561e-7	931.2903273141949
0.0001442005	4.051922e-8	1.548817e-7	931.2980114500293
0.0001475603	4.180582e-8	1.584893e-7	931.3064403716844
0.0001509984	4.313295e-8	1.62181e-7	931.314598812438
0.0001522496	4.361852e-8	1.6352440000000002e-7	931.3180083216938
0.0001581168	4.397829e-8	1.698244e-7	931.3195176311532
0.0001618009	4.537383e-8	1.7378009999999998e-7	931.3280049326708
0.0001655708	4.681333e-8	1.778279e-7	931.336496297825
0.0001694285	4.829814e-8	1.8197010000000003e-7	931.3442051194124
0.0001733762	4.982969e-8	1.862087e-7	931.3529909719579
0.0001774158	5.140945e-8	1.905461e-7	931.3610168352959
0.0001815496	5.303892e-8	1.949845e-7	931.3696161489759
0.0001857796	5.471966e-8	1.995262e-7	931.378032859845
0.0001901083	5.645329e-8	2.0417380000000003e-7	931.3866582783883
0.0001945378	5.824145e-8	2.089296e-7	931.3952711822548
0.0001990706	6.008585e-8	2.1379619999999998e-7	931.4042337983557
0.000203709	6.198825e-8	2.1877620000000004e-7	931.4129610533503
0.0002084554	6.395048e-8	2.238721e-7	931.421782705393
0.0002133125	6.597441e-8	2.290868e-7	931.4306822130301
0.0002182827	6.806196e-8	2.3442290000000002e-7	931.4395562890827
0.0002233688	7.021512e-8	2.398833e-7	931.4488133188096
0.0002285734	7.243597e-8	2.454709e-7	931.458009768164
0.0002338992	7.47266e-8	2.511886e-7	931.4671390341758
0.0002393492	7.708921e-8	2.570396e-7	931.4762752898774
0.0002449262	7.952605e-8	2.630268e-7	931.4857879501252
0.0002506332	8.203945e-8	2.691535e-7	931.4953714144532
0.0002564731	8.463179e-8	2.754229e-7	931.5047216117468
0.0002624491	8.730556e-8	2.818383e-7	931.5142958213982
0.0002685644	9.006329e-8	2.884032e-7	931.5238641249474
0.0002748222	9.290762e-8	2.951209e-7	931.5338480602355
0.0002812258	9.584125e-8	3.019952e-7	931.5434193987189
0.0002877787	9.886699e-8	3.090295e-7	931.5536768819806
0.0002944843	1.019877e-7	3.1622779999999993e-7	931.5635364759203
0.0003013461	1.052064e-7	3.235937e-7	931.5734713005846
0.0003083678	1.085261e-7	3.311311e-7	931.5836721467721
0.0003155532	1.119499e-7	3.388442e-7	931.5937823341818
0.000322906	1.154813e-7	3.4673689999999997e-7	931.603995132909
0.0003304302	1.191234e-7	3.548134e-7	931.6145427427488
0.0003381298	1.228797e-7	3.630781e-7	931.6251233550028
0.0003460087	1.267539e-7	3.715352e-7	931.6356940069205
0.0003540713	1.307497e-7	3.801894e-7	931.646304973258
0.0003623218	1.348707e-7	3.890451e-7	931.6572055527752
0.0003707645	1.39121e-7	3.9810719999999996e-7	931.6677040756862
0.000379404	1.435046e-7	4.073803e-7	931.6785927056364
0.0003882449	1.480256e-7	4.1686939999999994e-7	931.6896985002976
0.0003972918	1.526884e-7	4.2657950000000004e-7	931.7008632622992
0.0004065495	1.574974e-7	4.365158e-7	931.7119733123062
0.000416023	1.624571e-7	4.466836e-7	931.7231640024393
0.0004257172	1.675723e-7	4.570882e-7	931.7343398932635
0.0004356374	1.728478e-7	4.677351e-7	931.7458702586143
0.0004457888	1.782886e-7	4.786301e-7	931.7572977545709
0.0004561768	1.839e-7	4.897788e-7	931.7689944930241
0.0004668068	1.896872e-7	5.011872000000001e-7	931.7805546510366
0.0004776847	1.956557e-7	5.128614e-7	931.7924018068038
0.000488816	2.018113e-7	5.248074999999999e-7	931.80415923934
0.0005002068	2.081596e-7	5.370318e-7	931.8162529667703
0.000511863	2.147069e-7	5.495409e-7	931.8281985926798
0.0005237909	2.214592e-7	5.623413e-7	931.8404307135186
0.0005359968	2.28423e-7	5.754399e-7	931.8526973885542
0.0005484872	2.35605e-7	5.888437e-7	931.864949900967
0.0005612686	2.430119e-7	6.025596e-7	931.8772979469582
0.000574348	2.506507e-7	6.165950000000001e-7	931.8898964474249
0.0005877322	2.585287e-7	6.309573e-7	931.9025688426141
0.0006014284	2.666534e-7	6.456542e-7	931.9153401309865
0.0006154438	2.750324e-7	6.606934e-7	931.9282323692048
0.0006297858	2.836738e-7	6.76083e-7	931.9410099055883
0.0006444621	2.925858e-7	6.918309999999999e-7	931.9540260554962
0.0006594805	3.017767e-7	7.079458e-7	931.9672165581036
0.0006748489	3.112553e-7	7.244360000000001e-7	931.9804030997907
0.0006905755	3.210305e-7	7.413102e-7	931.9938272804017
0.0007066687	3.311117e-7	7.585776e-7	932.0072352518714
0.0007231369	3.415085e-7	7.762470999999999e-7	932.0207553754467
0.000739989	3.522305e-7	7.943282000000001e-7	932.0344292195593
0.0007707905	3.569864e-7	8.273756e-7	932.0404014815036
0.0007748804	3.595303e-7	8.317637999999999e-7	932.0433641137063
0.0007929382	3.708164e-7	8.51138e-7	932.0568655141705
0.0008114169	3.824555e-7	8.709635999999999e-7	932.07035919756
0.0008303263	3.944589e-7	8.912509000000001e-7	932.0840617383948
0.0008420832	4.019687e-7	9.038643999999999e-7	932.0924341084792
0.0008694773	4.088093e-7	9.332543e-7	932.0997602689856
0.0008897397	4.216374e-7	9.549926e-7	932.1133351190365
0.0009104744	4.348669e-7	9.772372e-7	932.1270894108411
0.0009316923	4.485103e-7	1.e-6	932.1408103
0.0009534047999999999	4.625804e-7	1.023293e-6	932.154700950754
0.0009756234	4.770906e-7	1.047129e-6	932.1683294035405
0.0009983599	4.920546e-7	1.071519e-6	932.1831480356392
0.001021626	5.074866e-7	1.096478e-6	932.1969858036367
0.001045435	5.234013e-7	1.122018e-6	932.2117838572999
0.001069799	5.398137e-7	1.1481539999999999e-6	932.2258283296492
0.00109473	5.567393e-7	1.174898e-6	932.2398534170626
0.001120243	5.741942e-7	1.2022639999999998e-6	932.2554731739451
0.00114635	5.921948e-7	1.230269e-6	932.2694425365507
0.001173066	6.107583e-7	1.2589250000000002e-6	932.2848925074964
0.001200405	6.299022e-7	1.28825e-6	932.2995553658066
0.001228381	6.496446e-7	1.3182569999999998e-6	932.3149011156398
0.001257009	6.700042e-7	1.348963e-6	932.3302449362956
0.001286304	6.910003e-7	1.3803840000000001e-6	932.3456373733686
0.001316283	7.126527e-7	1.4125380000000002e-6	932.3612198043521
0.00134696	7.34982e-7	1.44544e-6	932.3769800199246
0.001378352	7.580093e-7	1.479108e-6	932.3930431719658
0.001410476	7.817563e-7	1.513561e-6	932.4089060830717
0.001443348	8.062455e-7	1.5488170000000002e-6	932.4240665617693
0.001476987	8.315002e-7	1.584893e-6	932.4405497405818
0.00151141	8.575441e-7	1.62181e-6	932.4566651457322
0.001546636	8.84402e-7	1.6595870000000002e-6	932.4732008626243
0.001582683	9.120992e-7	1.6982439999999998e-6	932.4897359861128
0.00161957	9.406619e-7	1.7378009999999997e-6	932.5064618445956
0.001657316	9.701172e-7	1.7782789999999998e-6	932.523027713874
0.001695943	1.000493e-6	1.8197010000000002e-6	932.5397375722715
0.001735471	1.031818e-6	1.8620869999999998e-6	932.5572961950758
0.001739608	1.03511e-6	1.866524e-6	932.5586544828782
0.00181731	1.051185e-6	1.949845e-6	932.567042508507
0.001859665	1.084093e-6	1.995262e-6	932.5838376113012
0.001903008	1.11803e-6	2.041738e-6	932.6005736289377
0.001947361	1.153027e-6	2.089296e-6	932.6175070454354
0.001992748	1.189118e-6	2.137962e-6	932.6344986487131
0.002039193	1.226336e-6	2.1877619999999994e-6	932.6514200356346
0.002086721	1.264716e-6	2.238721e-6	932.6690177114523
0.002135357	1.304296e-6	2.290868e-6	932.6863424693173
0.002185127	1.345112e-6	2.3442290000000005e-6	932.7041479309399
0.002236057	1.387203e-6	2.398833e-6	932.721953966783
0.002288174	1.430608e-6	2.4547090000000004e-6	932.7397292306338
0.002341506	1.47537e-6	2.511886e-6	932.7578441059826
0.002396082	1.52153e-6	2.5703960000000003e-6	932.7759341362187
0.00245193	1.569131e-6	2.630268e-6	932.7943506137017
0.00250908	1.618219e-6	2.691535e-6	932.812770036429
0.002567562	1.66884e-6	2.7542290000000004e-6	932.8312351659937
0.002627408	1.721042e-6	2.818383e-6	932.850163373821
0.002688649	1.774875e-6	2.8840319999999994e-6	932.8689400811087
0.002751317	1.830388e-6	2.951209e-6	932.8879750637791
0.002815447	1.887635e-6	3.019952e-6	932.9070909074052
0.002881072	1.94667e-6	3.090295e-6	932.9266849928567
0.002948227	2.007549e-6	3.1622780000000004e-6	932.9459803976753
0.003016947	2.070328e-6	3.235937e-6	932.9654217619192
0.00308727	2.135068e-6	3.311311e-6	932.9854755412584
0.003159232	2.201829e-6	3.388442e-6	933.0051477935878
0.003232872	2.270675e-6	3.467369e-6	933.0252058549291
0.003308229	2.34167e-6	3.548134e-6	933.0455585950249
0.003385343	2.414882e-6	3.630781e-6	933.0658836211823
0.003464255	2.49038e-6	3.715352e-6	933.0866577379478
0.003545007	2.568235e-6	3.801894e-6	933.1073499155948
0.003627641	2.648521e-6	3.890451e-6	933.1281954200168
0.003712203	2.731313e-6	3.981072e-6	933.1492404558369
0.003798736	2.81669e-6	4.073803e-6	933.170477315668
0.003887286	2.904733e-6	4.168694e-6	933.191722155668
0.003977901	2.995524e-6	4.265795e-6	933.2132753683661
0.004070629	3.089149e-6	4.365158e-6	933.2349823305365
0.00416552	3.185697e-6	4.466836e-6	933.2569400354076
0.004262622	3.285258e-6	4.570882e-6	933.2787978337661
0.004361989	3.387928e-6	4.677351e-6	933.3011202280951
0.004463673	3.493802e-6	4.786301e-6	933.3234165590504
0.004567728	3.602982e-6	4.897788e-6	933.346029268723
0.00467421	3.715569e-6	5.011872000000001e-6	933.368922630107
0.004783174	3.83167e-6	5.128614e-6	933.3916863308489
0.004894679	3.951396e-6	5.2480750000000006e-6	933.4147084407139
0.005008784	4.074858e-6	5.370318000000001e-6	933.4379934298116
0.00512555	4.202174e-6	5.495409e-6	933.4613991424478
0.005245039	4.333463e-6	5.623413e-6	933.4851384737347
0.005367314	4.46885e-6	5.754399000000001e-6	933.5089294294677
0.00549244	4.608463e-6	5.888436999999999e-6	933.5326951787038
0.005620485	4.752432e-6	6.025596e-6	933.5570177622263
0.005751515	4.900895e-6	6.165950000000001e-6	933.5813451292987
0.005885601	5.053992e-6	6.309573000000001e-6	933.6059654116054
0.006022814	5.211866e-6	6.456542e-6	933.6307060342826
0.006163226	5.374667e-6	6.606934e-6	933.655560506583
0.006306914	5.542549e-6	6.76083e-6	933.680709173282
0.006349596	5.592666e-6	6.8065439999999995e-6	933.6880311065352
0.006604413	5.624687e-6	7.079458e-6	933.6926198305013
0.006758382	5.800371e-6	7.24436e-6	933.7170393243848
0.006915942	5.981537e-6	7.413101999999999e-6	933.7418447769908
0.007077177	6.168356e-6	7.5857760000000005e-6	933.7667439692393
0.007242171	6.361006e-6	7.762471e-6	933.7918307198829
0.007411014	6.559667e-6	7.943282e-6	933.8172391462371
0.007583794	6.764527e-6	8.128305e-6	933.8427294497438
0.007760603	6.97578e-6	8.317638e-6	933.8683385836218
0.007941535	7.193624e-6	8.511379999999998e-6	933.8942244383402
0.008126688	7.418266e-6	8.709636e-6	933.9203459249043
0.008316158	7.649917e-6	8.912509000000001e-6	933.9466492544357
0.008510047	7.888797e-6	9.120108e-6	933.9731280594484
0.008708458	8.13513e-6	9.332543e-6	933.999782267277
0.008911497	8.389149e-6	9.549926e-6	934.0267295264908
0.009119271	8.651094e-6	9.772372e-6	934.053891317277
0.00933189	8.921211e-6	0.00001	934.0811211
0.009549469	9.199757e-6	0.00001023293	934.1086821663004
0.009772122	9.486993e-6	0.00001047129	934.1360035869504
0.009999969	9.783191e-6	0.000010715190000000001	934.1646943264655
0.01023313	0.00001008863	0.00001096478	934.1928091580496
0.01047173	0.0000104036	0.00001122018	934.2215187278636
0.01071589	0.0000107284	0.00001148154	934.2490989884633
0.01096575	0.00001106332	0.00001174898	934.2779815779753
0.01122144	0.0000114087	0.00001202264	934.3079972451973
0.01148309	0.00001176485	0.000012302690000000001	934.3367060374601
0.01175084	0.00001213212	0.00001258925	934.3663935500526
0.01202484	0.00001251084	0.000012882499999999999	934.3955629730254
0.01230523	0.00001290138	0.00001318257	934.4256377929341
0.01259216	0.0000133041	0.000013489630000000003	934.4558820367942
0.01288579	0.00001371938	0.00001380384	934.487025349468
0.01318626	0.00001414762	0.00001412538	934.5169914012932
0.01349374	0.00001458922	0.000014454400000000002	934.5479037524906
0.0138084	0.00001504459	0.00001479108	934.5798001227768
0.01413039	0.00001551417	0.000015135610000000002	934.6107735334089
0.0144599	0.0000159984	0.00001548817	934.6422721341514
0.01479709	0.00001649773	0.00001584893	934.6743111364617
0.01514215	0.00001701264	0.0000162181	934.7064477343215
0.01549526	0.00001754362	0.00001659587	934.7388006775179
0.01561285	0.00001772134	0.00001672167	934.7494203629183
0.01622636	0.00001772535	0.00001737801	934.7494534759734
0.01660474	0.00001827855	0.00001778279	934.7812435506464
0.01699195	0.00001884901	0.00001819701	934.8128626626021
0.01738819	0.00001943727	0.00001862087	934.8450029456195
0.01779367	0.00002004387	0.00001905461	934.8768549972947
0.01820861	0.0000206694	0.00001949845	934.9091543173945
0.01863323	0.00002131444	0.000019952619999999997	934.942099834508
0.01906776	0.0000219796	0.00002041738	934.9749869963726
0.01951243	0.0000226655	0.00002089296	935.0085148298758
0.01996746	0.0000233728	0.00002137962	935.0415395596367
0.02043312	0.00002410216	0.00002187762	935.0753034379425
0.02090964	0.00002485428	0.00002238721	935.1095683651514
0.02139727	0.00002562985	0.000022908679999999995	935.1433539601584
0.02189629	0.00002642961	0.00002344229	935.1782445315708
0.02240694	0.00002725432	0.00002398833	935.2128439120188
0.02292951	0.00002810475	0.00002454709	935.2479153333451
0.02346427	0.00002898171	0.00002511886	935.2833572064974
0.02401151	0.00002988602	0.00002570396	935.3187610002506
0.02457152	0.00003081853	0.00002630268	935.354820497379
0.02514459	0.00003178013	0.000026915349999999996	935.3907762670744
0.02573104	0.00003277172	0.00002754229	935.4273635198816
0.02633116	0.00003379424	0.00002818383	935.4638542738867
0.02694529	0.00003484865	0.000028840319999999997	935.5006688552693
0.02757376	0.00003593595	0.00002951209	935.5384843974113
0.02821688	0.00003705715	0.00003019952	935.5757028588533
0.02887501	0.00003821333	0.00003090295	935.6136980450085
0.0295485	0.00003940557	0.00003162278	935.6516274027774
0.03023771	0.00004063499	0.00003235937	935.6901877261517
0.03094299	0.00004190275	0.00003311311	935.7288623750533
0.03166474	0.00004321006	0.00003388442	935.7678266294656
0.03240333	0.00004455813	0.00003467368999999999	935.8071820449453
0.03315915	0.00004594825	0.00003548134	935.8467929903436
0.03393262	0.00004738172	0.000036307810000000006	935.8868441803568
0.03472413	0.0000488599	0.00003715352	935.9271988226151
0.03553411	0.00005038418	0.00003801894	935.9675514362053
0.03561557	0.00005053811	0.00003810597000000001	935.9716629703953
0.03721117	0.00005064854	0.00003981072	935.9744948094383
0.03807912	0.0000522286	0.00004073803	936.0135627569622
0.03896734	0.00005385794	0.000041686940000000005	936.05330446418
0.03987628	0.00005553809	0.00004265795	936.0932274054426
0.04080643	0.00005727064	0.00004365157999999999	936.1333688265122
0.04175829	0.00005905722	0.00004466836	936.1737753523972
0.04273236	0.00006089952	0.00004570882000000001	936.2144881447387
0.04372916	0.00006279928	0.00004677351	936.2555703003687
0.04474923	0.00006475828	0.00004786301	936.2969081969563
0.04579311	0.00006677837	0.00004897788000000001	936.3387792611684
0.04686135	0.00006886146	0.00005011872	936.3808864232766
0.04795452	0.00007100952	0.00005128614	936.4231646210848
0.0490732	0.00007322456	0.000052480750000000004	936.465743343988
0.05021799	0.00007550868	0.00005370318	936.5087631682146
0.05138951	0.00007786403	0.00005495409	936.5522025749129
0.0543213	0.00007956368	0.00005808442	936.5827132301572
0.05507053	0.00008102877	0.000058884370000000006	936.6077750343596
0.05635521	0.00008355627	0.00006025596	936.6503540894545
0.05766986	0.0000861626	0.0000616595	936.6930091875544
0.05901521	0.0000888502	0.00006309573	936.736292614413
0.06039195	0.00009162162	0.00006456542	936.7796510887716
0.06180083	0.00009447946	0.00006606934	936.8234866581079
0.06324259	0.00009742642	0.00006760830000000001	936.8674618353073
0.064718	0.0001004653	0.0000691831	936.9118368503291
0.06622785	0.0001035989	0.00007079458	936.9565989373764
0.06777295	0.0001068303	0.0000724436	937.0017544683036
0.06935411	0.0001101624	0.00007413101999999999	937.0473035444542
0.0709025	0.0001134499	0.0000757834	937.0911030647873
0.07432237	0.0001161892	0.00007943282	937.12597890897
0.0760563	0.0001198131	0.00008128305	937.1709489247758
0.07783072	0.0001235501	0.00008317637999999999	937.2164321169063
0.07964655	0.0001274036	0.00008511380000000001	937.262272392961
0.08150477	0.0001313772	0.00008709636	937.3083697183213
0.08340637	0.0001354748	0.00008912509	937.3549558266924
0.08535236	0.0001397002	0.00009120108	937.4018399782108
0.08734377	0.0001440573	0.00009332543	937.4489600530103
0.08938168	0.0001485503	0.00009549926000000002	937.4965868845475
0.09146716	0.0001531833	0.00009772372000000001	937.5445725971136
0.09360132	0.0001579609	0.00010000000000000002	937.592809
0.09578532	0.0001628874	0.0001023293	937.6415884795459
0.09802029	0.0001679676	0.00010471289999999999	937.69017570901
0.1003075	0.0001732062	0.0001071519	937.7407792115678
0.1008452	0.0001744436	0.0001077254	937.7513901085538
0.105043	0.0001766863	0.0001122018	937.7718209511792
0.107494	0.0001821968	0.00011481539999999999	937.8201600133781
0.1100021	0.0001878791	0.0001174898	937.8684711353667
0.1125689	0.0001937385	0.0001202264	937.9191134393112
0.1151955	0.0001997807	0.0001230269	937.9678810081374
0.1178835	0.0002060113	0.0001258925	938.0186373294678
0.1206342	0.0002124361	0.000128825	938.06820182418
0.1234492	0.0002190613	0.0001318257	938.1195115975111
0.1263299	0.0002258931	0.00013489629999999998	938.1709735552421
0.1292778	0.0002329379	0.0001380384	938.2225373519253
0.1322946	0.0002402024	0.0001412538	938.2742439495433
0.1353818	0.0002476934	0.000144544	938.3266922182864
0.1385411	0.000255418	0.0001479108	938.3798748975736
0.1417742	0.0002633835	0.0001513561	938.4331619274014
0.1450827	0.0002715973	0.0001548817	938.4859366858708
0.1484686	0.0002800673	0.0001584893	938.5407551172225
0.1519335	0.0002888014	0.000162181	938.5951584957547
0.1554793	0.0002978078	0.00016595869999999998	938.649843605668
0.1580418	0.000304359	0.0001686886	938.6891526754032
0.1666209	0.0003123413	0.0001778279	938.7348177648163
0.1705093	0.0003220817	0.0001819701	938.7881948737733
0.1744886	0.0003321258	0.0001862087	938.8429530951023
0.1785609	0.0003424831	0.0001905461	938.8981621770271
0.1827282	0.0003531634	0.0001949845	938.9534214258057
0.1869928	0.0003641767	0.0001995262	939.0093967609266
0.1913571	0.0003755334	0.00020417380000000001	939.0658027621565
0.1958232	0.0003872442	0.00020892960000000002	939.1222890389873
0.2003937	0.0003993201	0.00021379619999999997	939.1795555767595
0.2050709	0.0004117726	0.0002187762	939.2368667158494
0.2098573	0.0004246134	0.0002238721	939.2948625576836
0.2147556	0.0004378545	0.0002290868	939.3533564570284
0.2195833	0.0004510029	0.00023422600000000003	939.4102401099792
0.2301469	0.0004577091	0.0002454709	939.4376649126231
0.2355185	0.0004719822	0.0002511886	939.4951928550897
0.2410156	0.0004867003	0.00025703960000000007	939.5528949624882
0.2466411	0.0005018774	0.0002630268	939.611390930506
0.2477387	0.0005048519	0.0002641949	939.622800818638
0.252398	0.0005128182	0.0002691535	939.6527193590274
0.2582891	0.0005205402	0.00027542290000000003	939.6809059813108
0.2643176	0.0005274976	0.00028183829999999996	939.7058440957101
0.2704868	0.0005340658	0.0002884032	939.7290522435256
0.2767997	0.0005404122	0.00029512090000000004	939.7508349967759
0.2832599	0.0005466289	0.0003019952	939.7716549799468
0.2898706	0.0005527728	0.0003090295	939.7917441538751
0.2966355	0.0005588853	0.0003162277999999999	939.811064365625
0.3035582	0.0005650021	0.0003235937	939.8304172794464
0.3106422	0.0005711428	0.00033113110000000006	939.8493309749521
0.3178913	0.0005773289	0.0003388442	939.867434354786
0.3253095	0.0005835763	0.0003467369	939.8857643936944
0.3329006	0.0005899026	0.0003548134	939.9039117462869
0.3406687	0.0005963157	0.00036307810000000006	939.9217845967576
0.3486178	0.0006028331	0.0003715352	939.9395618503979
0.3567523	0.0006094621	0.0003801894	939.9571952821411
0.3650764	0.0006162136	0.00038904510000000006	939.9748604981788
0.3735945	0.0006230992	0.0003981072	939.9920403348646
0.3823113	0.0006301256	0.0004073803	940.0096803895525
0.3912312	0.0006373026	0.0004168694	940.0270266898937
0.4003591	0.0006446377	0.0004265795	940.0445584000169
0.4096997	0.0006521454	0.00043651579999999995	940.0618383114655
0.4192582	0.0006598278	0.00044668359999999995	940.079348782897
0.4290394	0.0006677003	0.0004570882	940.0966822158175
0.4390486	0.0006757658	0.00046773510000000003	940.1141068951208
0.4492912	0.0006840339	0.0004786301	940.1315000874371
0.4597726	0.0006925184	0.0004897788	940.1491416124993
0.4814738	0.0007011234	0.0005128614	940.1661411835635
0.4927052	0.0007103862	0.0005248075	940.1839459230289
0.5041984	0.000719897	0.0005370318000000002	940.2018595546855
0.5159596	0.0007296677	0.0005495409000000001	940.2198593407696
0.5279949	0.0007397086	0.0005623413	940.2379099667764
0.5403108	0.0007500283	0.0005754399	940.2560168316447
0.5529139	0.00076064	0.0005888437	940.2742017958244
0.5658108	0.0007715486	0.0006025596	940.2926259908562
0.5790083	0.0007827725	0.000616595	940.311018577835
0.5925135	0.0007943171	0.0006309573	940.3295866455622
0.6063335	0.0008061996	0.0006456542	940.3480990288608
0.6204758	0.0008184282	0.0006606934	940.3669360099557
0.6349477	0.0008310163	0.0006760829999999998	940.3855980700596
0.6497571	0.0008439751	0.000691831	940.4046293097592
0.6649117	0.0008573187	0.0007079458	940.4237142165404
0.6804196	0.0008710643	0.000724436	940.4428607910154
0.696289	0.000885219	0.0007413102	940.4621965271759
0.7125285	0.0008998009	0.0007585776000000001	940.4816341795487
0.7291465	0.000914823	0.0007762470999999999	940.5011922105732
0.746152	0.0009303016	0.0007943282	940.5209353010506
0.763554	0.0009462505	0.0008128305	940.5408021721624
0.7813617	0.0009626869	0.0008317638	940.5607540265639
0.7995845	0.0009796285	0.000851138	940.5808793638635
0.8182323	0.0009970903	0.0008709636	940.6011804626507
0.8373148	0.001015088	0.0008912509	940.6216453750567
0.8568422	0.001033644	0.0009120108	940.6421985353682
0.8768249	0.001052771	0.0009332543	940.6628729168459
0.8972736	0.001072492	0.0009549926	940.6838251940383
0.918199	0.001092826	0.0009772372	940.7049035791924
0.9396123	0.001113792	0.001	940.7260919999999
0.9615248	0.001135411	0.001023293	940.7473822258141
0.9839483000000001	0.001157703	0.001047129	940.7685232669519
1.006895	0.001180692	0.001071519	940.7912430857504
1.030376	0.001204401	0.0010964779999999997	940.8126756761195
1.054405	0.001228849	0.001122018	940.8350391883197
1.078994	0.001254065	0.001148154	940.8564225704914
1.104157	0.001280069	0.001174898	940.8791818523822
1.129906	0.001306894	0.001202264	940.9022427686433
1.16078	0.00132275	0.001235078	940.9144604632257
1.183219	0.001346557	0.001258925	940.9341755863138
1.210811	0.001376049	0.0012882500000000001	940.9563741509802
1.239047	0.001406466	0.0013182569999999998	940.9799955547363
1.267942	0.00143784	0.001348963	941.00419359167
1.29751	0.001470201	0.0013803839999999997	941.0281494134966
1.327767	0.001503579	0.0014125380000000003	941.0511993305665
1.35873	0.001538007	0.0014454399999999999	941.0753867334513
1.390415	0.001573518	0.001479108	941.0999859374704
1.422839	0.001610144	0.001513561	941.1243709371475
1.456019	0.001647922	0.001548817	941.148581142898
1.489973	0.001686887	0.0015848930000000002	941.1738754603623
1.524719	0.001727076	0.00162181	941.1990775738219
1.560275	0.001768526	0.0016595869999999997	941.2242479604867
1.59666	0.001811274	0.001698244	941.2494753404104
1.633894	0.001855364	0.0017378009999999998	941.2754187619872
1.671996	0.001900836	0.001778279	941.3015820352149
1.710986	0.00194773	0.0018197009999999997	941.3270257036733
1.750886	0.001996089	0.0018620869999999997	941.3534861690135
1.791717	0.002045964	0.001905461	941.3800460885843
1.833499	0.002097391	0.001949845	941.4063122966185
1.876257	0.002150423	0.0019952620000000003	941.4339685715461
1.920011	0.002205108	0.002041738	941.4607104339539
1.964786	0.002261495	0.0020892960000000005	941.4881831009104
2.010605	0.002319635	0.002137962	941.5156279671949
2.057492	0.002379577	0.002187762	941.5428081299519
2.105474	0.002441381	0.002238721	941.5712726150334
2.154574	0.002505096	0.002290868	941.599034077913
2.20482	0.00257078	0.002344229	941.6276225573524
2.256237	0.002638495	0.002398833	941.6560031481974
2.301204	0.002668723	0.002446585	941.6687844485273
2.362697	0.002750976	0.002511886	941.7019625890665
2.417796	0.002825259	0.0025703959999999995	941.730869095657
2.474181	0.002901822	0.0026302680000000003	941.7606198303748
2.53188	0.002980741	0.002691535	941.7899975292909
2.590926	0.003062081	0.0027542289999999995	941.8200451015512
2.651348	0.003145909	0.002818383	941.8499575820605
2.71318	0.003232301	0.0028840319999999995	941.8800835080888
2.776455	0.003321329	0.0029512089999999998	941.9110367988169
2.841205	0.003413069	0.0030199520000000002	941.9414841692849
2.907466	0.003507598	0.003090295	941.9727236396526
2.975272	0.003604995	0.0031622780000000006	942.0035161361524
3.04466	0.003705343	0.003235937	942.0348242255643
3.115667	0.003808728	0.0033113109999999995	942.066670270476
3.18833	0.003915228	0.003388442	942.0982351180867
3.262688	0.004024937	0.003467369	942.1301675708585
3.338781	0.004137945	0.0035481339999999997	942.1625409299648
3.416649	0.004254343	0.003630781	942.1949004911064
3.496333	0.004374226	0.003715352	942.2276075052915
3.577877	0.004497692	0.003801894	942.260539615255
3.661322	0.004624845	0.003890451	942.2935400034597
3.7467149999999996	0.004755782	0.0039810719999999996	942.3267858506451
3.834099	0.004890608	0.004073803	942.3601504540107
3.923522	0.005029431	0.004168694	942.3938123066841
4.015032	0.005172367	0.004265795	942.4279335973715
4.108676	0.005319531	0.004365158	942.461998168222
4.204505	0.005471035	0.004466836	942.4962176807029
4.302569	0.005626999	0.004570882	942.5305660920585
4.402922	0.005787548	0.004677350999999999	942.5654709257442
4.505616	0.005952815	0.004786301000000001	942.6003118065495
4.610706	0.006122923	0.004897788	942.6355168904821
4.718247	0.00629801	0.005011872	942.6707246314352
4.828298	0.006478212	0.005128614	942.706199374724
4.940916	0.006663677	0.005248075	942.7418009460611
5.056163	0.006854551	0.005370318	942.7779790693959
5.174097	0.007050987	0.005495408999999999	942.8138992020431
5.294784	0.007253135	0.005623413	942.850389078661
5.418287	0.007461169	0.005754399	942.8870276461538
5.544671	0.007675242	0.005888437	942.9236046849105
5.674004	0.007895537	0.006025596	942.9605863054874
5.806355	0.008122233	0.006165950000000001	942.9977915811837
5.941794	0.008355513	0.006309573000000001	943.0352122084964
6.080393	0.008595563	0.006456542	943.0727102836162
6.222227	0.008842591	0.006606933999999999	943.1106154534009
6.36737	0.009096805	0.00676083	943.1485194865129
6.5159	0.009358412	0.00691831	943.1867626631359
6.667895	0.00962764	0.007079458	943.2251226011933
6.823438	0.009904727	0.007244359999999999	943.2638255139171
6.98261	0.01018992	0.007413102000000001	943.3028063015995
7.145496	0.01048345	0.007585776	943.3417820404926
7.312184	0.01078561	0.007762471	943.3812519235177
7.482761	0.01109666	0.007943282	943.4208252961433
7.657319	0.01141689	0.008128305000000002	943.4606464693437
7.83595	0.01174662	0.008317638	943.5006212100118
8.01875	0.01208616	0.00851138	943.5410192001768
8.205816	0.01243585	0.008709636	943.5815515137486
8.397247	0.01279603	0.008912509	943.6223884879106
8.593146	0.01316708	0.009120108	943.663504862004
8.793617	0.0135494	0.009332543	943.7048830099149
8.998766	0.01394338	0.009549926	943.746514894461
9.208703	0.01434949	0.009772372	943.788518283995
9.42354	0.01476816	0.01	943.8308159999998
9.643391	0.01519989	0.01023293	943.8734448491292
9.868373	0.0156452	0.01047129	943.9160027083578
10.09861	0.01610465	0.01071519	943.9603637453001
10.33421	0.01657878	0.010964780000000002	944.0033251921151
10.57532	0.01706825	0.01122018	944.0479787311789
10.82205	0.01757369	0.01148154	944.0914450500544
11.07455	0.01809581	0.01174898	944.1369216732007
11.33293	0.01863534	0.01202264	944.1824208326956
11.59735	0.01919308	0.012302689999999998	944.2278948750234
11.86794	0.01976985	0.012589249999999998	944.2746668784877
12.14485	0.02036656	0.0128825	944.3210991655346
12.42822	0.02098417	0.013182570000000001	944.3685237400598
12.7182	0.02162368	0.01348963	944.4160944369859
13.01496	0.02228617	0.01380384	944.4651756322878
13.31864	0.02297282	0.01412538	944.5135507858904
13.62941	0.02368485	0.014454399999999997	944.5632367998672
13.94744	0.02442358	0.01479108	944.6141579925198
14.2729	0.02519041	0.01513561	944.6656203483044
14.60595	0.02598686	0.01548817	944.7169588143724
14.94678	0.02681453	0.01584893	944.7700589251135
15.29557	0.02767513	0.0162181	944.8236926643689
15.6525	0.02857048	0.01659587	944.8778810631803
16.01777	0.02950255	0.01698244	944.9332693064129
16.39157	0.03047343	0.01737801	944.9898711072213
16.7741	0.03148534	0.01778279	945.0477309803467
17.16556	0.03254067	0.01819701	945.1058536539794
19.2685	0.03356891	0.02042203	945.159169289243
19.71362	0.03472316	0.020892959999999995	945.2151901884654
20.17363	0.03594039	0.021379619999999995	945.272665744293
20.64438	0.03721237	0.02187762	945.3309989843502
21.12614	0.03854236	0.02238721	945.3916928460491
21.61914	0.03993383	0.02290868	945.4527205408605
22.12366	0.04139046	0.023442290000000005	945.5155814555659
22.63997	0.04291622	0.02398833	945.5800474647465
23.16834	0.0445153	0.02454709	945.6459115927795
23.70906	0.04619217	0.02511886	945.7137851797415
24.26241	0.04795161	0.025703960000000005	945.7827358119137
24.82869	0.04979869	0.02630268	945.8537567274515
25.40821	0.05173879	0.026915349999999998	945.9267217405682
26.00127	0.05377769	0.027542289999999997	946.0015013275948
26.60819	0.05592147	0.02818383	946.0783530840203
27.22931	0.05817664	0.02884032	946.1575544238067
27.86494	0.06055009	0.02951209	946.2389851074594
28.51544	0.06304915	0.030199519999999997	946.3226286378062
29.18115	0.06568159	0.030902949999999995	946.4090512394448
29.86242	0.0684557	0.03162278	946.4972940392969
30.55964	0.07138017	0.03235936999999999	946.5888912546816
31.27316	0.07446432	0.03311311	946.6831813743862
32.00338	0.07771794	0.03388442	946.7801998676679
32.75068	0.08115149	0.03467369	946.8802279192092
33.51548	0.08477594	0.03548134	946.9838495389406
34.29817	0.08860299	0.03630781	947.090253859982
35.09919	0.09264497	0.03715352	947.2005605390822
35.91896	0.09691487	0.03801894	947.3140195386825
36.75793	0.1014265	0.03890451	947.4314546051345
37.61655	0.1061944	0.039810719999999994	947.5524280897205
38.49528	0.1112339	0.04073803000000001	947.6774871048011
39.3946	0.1165612	0.041686940000000006	947.8067039701162
40.315	0.1221934	0.04265795	947.9403815701411
41.25697	0.1281485	0.04365158	948.0783627992389
42.22103	0.1344456	0.04466836	948.2209689364015
43.20769	0.1411047	0.04570882	948.3682733441817
44.2175	0.1481469	0.046773510000000004	948.5207952107935
45.25099	0.1555945	0.04786301	948.6779978944074
46.30874	0.163471	0.04897788	948.8408032360732
47.39131	0.1718011	0.05011871999999999	949.0088952790495
48.4993	0.1806108	0.05128614	949.1825822727153
49.6333	0.1899278	0.05248075000000001	949.3619622432986
50.79395	0.199781	0.05370318000000001	949.5476990375616
51.98187	0.2102012	0.054954090000000004	949.7395225723873
53.1977	0.2212206	0.05623413	949.9377086477554
54.44212	0.2328734	0.05754399	950.1425500734308
55.71581	0.245196	0.05888436999999999	950.3541601956513
57.01946	0.2582266	0.06025595999999999	950.5729657282036
58.35378	0.272006	0.061659500000000006	950.7989198744718
59.71952	0.2865773	0.06309573	951.0326182136255
61.11742	0.3019865	0.06456542	951.2740178875937
62.54825	0.3182824	0.06606934	951.5235417820127
64.0128	0.3355173	0.0676083	951.7813241865275
65.51187	0.3537469	0.06918309999999998	952.0477819004932
67.0463	0.3730309	0.07079458000000001	952.3233402896099
68.61693	0.3934335	0.0724436	952.6081461992502
70.22464	0.4150234	0.07413102	952.9028927431457
71.87031	0.4378751	0.07585776	953.2074912309565
73.55486	0.4620685	0.07762471	953.5227700045515
75.27923	0.4876904	0.07943282000000002	953.8490563472378
77.04438	0.5148349	0.08128304999999998	954.1868187771006
78.8513	0.543604	0.08317638	954.5366605279047
80.701	0.574109	0.08511379999999999	954.8993112750222
82.59451	0.606471	0.08709636	955.2750654562373
84.5329	0.6408227	0.08912508999999999	955.6649277997924
86.51727	0.6773087	0.09120108	956.069584921582
88.54874	0.7160882	0.09332543	956.4898677670169
90.62846	0.7573353	0.09549926	956.9267374427823
92.75761	0.8012418	0.09772372	957.3811946577556
94.93741	0.8480183	0.09999999999999999	957.854283
97.16912	0.8978966	0.1023293	958.3473804667872
99.454	0.9511327	0.1047129	958.8611594177986
101.7934	1.008008	0.1071519	959.3988347383482
104.1886	1.068834	0.1096478	959.9593790299485
106.6411	1.133952	0.1122018	960.5465509465979
109.1524	1.203741	0.1148154	961.1614905317579
111.7237	1.277711	0.11748980000000002	961.7976283898686
114.3568	1.356167	0.1202264	962.4588859019318
117.053	1.440037	0.1230269	963.1473848402261
119.8141	1.529994	0.1258925	963.8707150942273
122.6417	1.62671	0.128825	964.6296138171939
125.5375	1.730898	0.1318257	965.429335857879
128.5032	1.843323	0.1348963	966.2720400781933
131.5408	1.964819	0.1380384	967.1628981500799
134.652	2.096295	0.1412538	968.1034775701607
137.8389	2.238744	0.144544	969.1003708213415
141.1035	2.39325	0.1479108	970.157351592987
144.4479	2.560999	0.1513561	971.2783231068984
147.8743	2.743288	0.1548817	972.468587315351
151.3849	2.941531	0.1584893	973.7340691138139
154.9821	3.157272	0.162181	975.079522262164
158.6683	3.392194	0.16595869999999996	976.5109873721594
162.4461	3.648128	0.1698244	978.0351233391668
166.3181	3.927065	0.1737801	979.6585742556254
170.2871	4.231165	0.17782789999999998	981.3885503905743
174.356	4.562775	0.1819701	983.231723233652
178.5276	4.924429	0.18620869999999998	985.1957991221678
182.8053	5.318875	0.19054610000000002	987.2895587996815
187.1922	5.74907	0.19498450000000003	989.5210644948701
191.6917	6.218209	0.19952619999999996	991.8993545709787
196.3075	6.729724	0.2041738	994.4332916368311
201.0432	7.287304	0.20892960000000002	997.1325460825083
205.9028	7.894903	0.2137962	1000.007030059468
210.8904	8.556756	0.2187762	1003.0668601063553
216.0102	9.277386	0.22387210000000002	1006.3227441025479
221.2668	10.06162	0.2290868	1009.7850247155226
226.6649	10.91459	0.2344229	1013.4653653717278
232.2094	11.84176	0.23988330000000002	1017.3745316993721
237.9056	12.84892	0.24547090000000002	1021.5244250947871
243.759	13.94221	0.2511886	1025.9271718541368
249.7752	15.1281	0.25703960000000003	1030.5933404813889
255.9603	16.41344	0.2630268	1035.5360746509482
262.3206	17.80544	0.2691535	1040.766848656993
268.8628	19.31167	0.27542289999999997	1046.2981473218094
275.5939	20.94009	0.2818383	1052.1422744885988
282.5212	22.69904	0.2884032	1058.310864789295
289.6525	24.59725	0.29512089999999996	1064.8169953398758
296.9957	26.64383	0.3019952	1071.6711060308241
304.5595	28.84832	0.30902949999999996	1078.8867082268846
312.3528	31.22063	0.31622780000000006	1086.4744655593215
320.3849	33.7711	0.3235937	1094.4465235262614
328.6656	36.51048	0.3311311	1102.8142025922662
337.2042	39.23176	0.3388442	1110.9411345981428
346.0014	41.71985	0.3467369	1118.2001396447854
355.0618	44.24768	0.35481339999999995	1125.4069885748397
364.393	46.8655	0.3630781	1132.6998240874345
374.0039	49.59754	0.3715352	1140.1381080446752
383.9035	52.38609	0.3801894	1147.5585326681912
394.0975	55.11349	0.3890451	1154.6501678083082
404.5934	57.9141	0.39810719999999994	1161.766227789902
415.4	60.81419	0.40738030000000003	1168.9671542782014
426.5276	63.87291	0.41686940000000006	1176.38884024589
437.9876	67.10739	0.4265795	1184.0582822193753
449.7922	70.53074	0.43651579999999995	1191.9910802770485
461.9537	74.15509	0.4466836	1200.1980596556489
474.4854	77.99235	0.45708819999999994	1208.6895920743525
487.4009	82.05461	0.4677351	1217.47439950519
500.7146	86.35422	0.47863009999999995	1226.5605944966687
514.4415	90.90394	0.48977880000000007	1235.956803356944
528.5971	95.71696	0.5011872	1245.6704002017607
543.1978	100.807	0.5128614	1255.7092423021113
558.2604	106.1883	0.5248075	1266.0808010556252
573.8028	111.8758	0.5370318	1276.7932923152784
589.8434	117.8848	0.5495409000000001	1287.8535519376264
606.4014	124.2315	0.5623413	1299.2695005684268
623.4971	130.9326	0.5754399	1311.0486429599339
641.1514	138.0058	0.5888437	1323.1986688487964
659.3861	145.4693	0.6025596	1335.7274533506727
678.2241	153.3421	0.616595	1348.6424638539072
697.6892	161.6443	0.6309573	1361.9519102164281
717.8063	170.3965	0.6456542000000001	1375.6633194672938
738.6013	179.6204	0.6606934	1389.784883578374
760.1012	189.3388	0.6760829999999999	1404.3246169479191
782.3342	199.5753	0.6918310000000001	1419.2909829134571
805.3298	210.3546	0.7079458	1434.6923168412045
829.1187	221.7025	0.724436	1450.536969449337
853.7328	233.646	0.7413102	1466.8337222393538
879.2057	246.2132	0.7585776	1483.5909997869696
905.5722	259.4336	0.7762471	1500.818231720286
932.8686	273.3379	0.7943282	1518.524081104007
961.1329	287.9582	0.8128305	1536.7178027891423
990.4048	303.3282	0.8317637999999999	1555.4091197525065
1020.726	319.4828	0.8511379999999998	1574.6081129029606
1052.138	336.4588	0.8709636	1594.3224263333161
1084.688	354.2945	0.8912509	1614.56498949959
1118.422	373.03	0.9120108000000001	1635.3446691640054
1153.389	392.7072	0.9332543	1656.6719274692869
1189.64	413.37	0.9549926000000001	1678.557509241433
1227.228	435.0644	0.9772372	1701.01220051795
1266.21	457.8387	1.	1724.0487
1306.644	481.7452	1.0232930000000002	1747.6804786116977
1328.3759977453133	494.74471165166307	1.0356425982419188	1760.2370572480236
1045.1598981213897	494.7450266807373	0.8749117242302019	1760.2374066096068
1046.2314548830345	495.30852660035504	0.875436553028362	1760.881443835996
1047.8976316756848	496.1844360801073	0.8763825018748097	1761.881443835996
1049.5657632706038	497.0612917949172	0.8773290231588635	1762.881443835996
1051.2358509715784	497.9390943172675	0.8782761169706408	1763.881443835996
1052.907896082665	498.81784421973117	0.8792237834002592	1764.881443835996
1054.5818999081923	499.6975420749707	0.8801720225378362	1765.881443835996
1056.2578637527574	500.57818845573945	0.8811208344734895	1766.881443835996
1057.935788921229	501.4597839348804	0.8820702192973369	1767.881443835996
1059.6156767187454	502.3423290853269	0.8830201770994954	1768.881443835996
1061.2975284507156	503.22582448010223	0.8839707079700829	1769.881443835996
1062.9813454228192	504.11027069231994	0.8849218119992172	1770.881443835996
1064.6671289410062	504.99566829518363	0.8858734892770155	1771.881443835996
1066.354880311496	505.8820178619869	0.8868257398935955	1772.881443835996
1068.0446008407794	506.7693199661137	0.8877785639390747	1773.881443835996
1069.7362918356162	507.65757518103806	0.8887319615035707	1774.881443835996
1071.4299546030388	508.5467840803239	0.8896859326772012	1775.881443835996
1073.125590450348	509.4369472376255	0.8906404775500837	1776.881443835996
1074.823200685116	510.3280652266873	0.8915955962123359	1777.881443835996
1076.522786615184	511.2201386213435	0.8925512887540749	1778.881443835996
1078.224349548666	512.1131679955186	0.8935075552654188	1779.881443835996
1079.9278907939433	513.0071539232274	0.8944643958364848	1780.881443835996
1081.6334116596704	513.9020969785748	0.8954218105573908	1781.881443835996
1083.34091345477	514.7979977357555	0.8963797995182541	1782.881443835996
1085.0503974884361	515.6948567690547	0.8973383628091924	1783.881443835996
1086.7618650701343	516.5926746528473	0.8982975005203235	1784.881443835996
1088.4753175095968	517.4914519615987	0.8992572127417644	1785.881443835996
1090.1907561168305	518.3911892698643	0.9002174995636331	1786.881443835996
1091.90818220211	519.2918871522895	0.9011783610760471	1787.881443835996
1093.6275970759812	520.19354618361	0.902139797369124	1788.881443835996
1095.3490020492604	521.0961669386513	0.9031018085329812	1789.881443835996
1097.072398433033	521.9997499923295	0.9040643946577364	1790.881443835996
1098.7977875386566	522.9042959196506	0.9050275558335071	1791.881443835996
1100.5251706777583	523.8098052957104	0.9059912921504112	1792.881443835996
1102.2545491622354	524.7162786956952	0.9069556036985658	1793.881443835996
1103.9859243042551	525.6237166948812	0.9079204905680884	1794.881443835996
1105.7192974162565	526.532119868635	0.9088859528490971	1795.881443835996
1107.4546698109475	527.4414887924132	0.9098519906317093	1796.881443835996
1109.1920428013075	528.3518240417625	0.9108186040060424	1797.881443835996
1110.9314177005847	529.2631261923193	0.911785793062214	1798.881443835996
1112.6727958222996	530.1753958198109	0.9127535578903417	1799.881443835996
1114.4161784802423	531.088633500054	0.9137218985805432	1800.881443835996
1116.1615669884723	532.0028398089561	0.914690815222936	1801.881443835996
1117.9089626613197	532.9180153225141	0.9156603079076373	1802.881443835996
1119.6583668133874	533.8341606168154	0.9166303767247654	1803.881443835996
1121.409780759545	534.7512762680377	0.9176010217644374	1804.881443835996
1123.1632058149348	535.6693628524484	0.9185722431167709	1805.881443835996
1124.9186432949691	536.5884209464054	0.9195440408718834	1806.881443835996
1126.67609451533	537.5084511263567	0.9205164151198928	1807.881443835996
1128.4355607919706	538.4294539688398	0.9214893659509165	1808.881443835996
1130.1970434411126	539.3514300504828	0.9224628934550716	1809.881443835996
1131.960543779251	540.2743799480041	0.9234369977224764	1810.881443835996
1133.7260631231497	541.1983042382121	0.9244116788432484	1811.881443835996
1135.4936027898416	542.1232034980053	0.9253869369075047	1812.881443835996
1137.2631640966317	543.0490783043717	0.9263627720053631	1813.881443835996
1139.0347483610956	543.9759292343905	0.9273391842269414	1814.881443835996
1140.8083569010776	544.9037568652303	0.9283161736623569	1815.881443835996
1142.583991034693	545.8325617741498	0.9292937404017271	1816.881443835996
1144.3616520803284	546.7623445384983	0.9302718845351696	1817.881443835996
1146.1413413566404	547.693105735715	0.9312506061528023	1818.881443835996
1147.923060182555	548.6248459433288	0.9322299053447426	1819.881443835996
1149.7068098772697	549.5575657389592	0.9332097822011081	1820.881443835996
1151.4925917602507	550.4912657003158	0.9341902368120159	1821.881443835996
1153.2804071512367	551.425946405198	0.9351712692675842	1822.881443835996
1155.0702573702354	552.361608431496	0.9361528796579304	1823.881443835996
1156.8621437375255	553.298252357189	0.9371350680731719	1824.881443835996
1158.656067573655	554.2358787603473	0.9381178346034265	1825.881443835996
1160.4520301994435	555.1744882191308	0.9391011793388114	1826.881443835996
1162.2500329359805	556.11408131179	0.9400851023694446	1827.881443835996
1164.0500771046256	557.0546586166647	0.9410696037854436	1828.881443835996
1165.852164027009	557.9962207121861	0.9420546836769257	1829.881443835996
1167.6562950250313	558.938768176874	0.9430403421340087	1830.881443835996
1169.4624714208628	559.8823015893392	0.9440265792468099	1831.881443835996
1171.270694536946	560.8268215282827	0.9450133951054474	1832.881443835996
1173.0809656959912	561.7723285724953	0.9460007898000382	1833.881443835996
1174.8932862209804	562.7188233008583	0.9469887634207002	1834.881443835996
1176.7076574351663	563.6663062923423	0.947977316057551	1835.881443835996
1178.5240806620718	564.6147781260088	0.9489664478007079	1836.881443835996
1180.3425572254891	565.5642393810091	0.9499561587402887	1837.881443835996
1182.1630884494823	566.5146906365848	0.9509464489664109	1838.881443835996
1183.985675658384	567.4661324720676	0.9519373185691921	1839.881443835996
1185.8103201767992	568.4185654668789	0.95292876763875	1840.881443835996
1187.6370233296025	569.3719902005307	0.9539207962652019	1841.881443835996
1189.4657864419373	570.3264072526249	0.9549134045386654	1842.881443835996
1191.2966108392193	571.2818172028536	0.9559065925492582	1843.881443835996
1193.1294978471349	572.2382206309993	0.9569003603870979	1844.881443835996
1194.9644487916382	573.1956181169338	0.9578947081423019	1845.881443835996
1196.8014649989566	574.1540102406196	0.9588896359049879	1846.881443835996
1198.6405477955866	575.1133975821095	0.9598851437652735	1847.881443835996
1200.4816985082944	576.0737807215461	0.9608812318132762	1848.881443835996
1202.3249184641172	577.0351602391621	0.9618779001391136	1849.881443835996
1204.1702089903636	577.9975367152803	0.9628751488329034	1850.881443835996
1206.0175714146098	578.9609107303139	0.9638729779847629	1851.881443835996
1207.8670070647056	579.9252828647659	0.9648713876848098	1852.881443835996
1209.7185172687682	580.8906536992295	0.9658703780231614	1853.881443835996
1211.572103355188	581.8570238143884	0.966869949089936	1854.881443835996
1213.4277666526236	582.8243937910156	0.9678701009752505	1855.881443835996
1215.2855084900048	583.7927642099751	0.9688708337692229	1856.881443835996
1217.1453301965312	584.7621356522204	0.9698721475619703	1857.881443835996
1219.0072331016734	585.7325086987953	0.9708740424436105	1858.881443835996
1220.8712185351728	586.7038839308341	0.9718765185042614	1859.881443835996
1222.7372878270394	587.6762619295602	0.9728795758340401	1860.881443835996
1224.6054423075552	588.6496432762883	0.9738832145230641	1861.881443835996
1226.4756833072724	589.6240285524227	0.9748874346614517	1862.881443835996
1228.3480121570126	590.5994183394578	0.9758922363393198	1863.881443835996
1230.222430187868	591.5758132189779	0.976897619646786	1864.881443835996
1232.098938731202	592.5532137726581	0.9779035846739682	1865.881443835996
1233.9775391186477	593.5316205822626	0.9789101315109838	1866.881443835996
1235.8582326821083	594.5110342296466	0.9799172602479505	1867.881443835996
1237.7410207537584	595.491455296755	0.9809249709749854	1868.881443835996
1239.625904666041	596.4728843656231	0.9819332637822066	1869.881443835996
1241.512885751672	597.4553220183764	0.9829421387597316	1870.881443835996
1243.401965343636	598.4387688372295	0.9839515959976777	1871.881443835996
1245.2931447751878	599.4232254044884	0.9849616355861626	1872.881443835996
1247.1864253798537	600.4086923025487	0.985972257615304	1873.881443835996
1249.0818084914295	601.395170113896	0.9869834621752195	1874.881443835996
1250.9792954439813	602.3826594211062	0.9879952493560263	1875.881443835996
1252.878887571846	603.3711608068452	0.9890076192478423	1876.881443835996
1254.780586209631	604.3606748538689	0.9900205719407851	1877.881443835996
1256.6843926922138	605.3512021450236	0.9910341075249721	1878.881443835996
1258.5903083547407	606.3427432632459	0.9920482260905209	1879.881443835996
1260.4983345326318	607.3352987915621	0.9930629277275491	1880.881443835996
1262.4084725615744	608.3288693130883	0.9940782125261742	1881.881443835996
1264.3207237775282	609.3234554110314	0.995094080576514	1882.881443835996
1266.2350895167217	610.3190576686884	0.9961105319686859	1883.881443835996
1268.1515711156542	611.3156766694461	0.9971275667928075	1884.881443835996
1270.0701699110962	612.3133129967815	0.9981451851389963	1885.881443835996
1271.9908872400877	613.3119672342617	0.9991633870973698	1886.881443835996
1273.913724439939	614.3116399655437	1.0001821727580458	1887.881443835996
1275.8386828482326	615.3123317743753	1.001201542211142	1888.881443835996
1277.7657638028181	616.3140432445934	1.0022214955467756	1889.881443835996
1279.6949686418172	617.3167749601262	1.0032420328550642	1890.881443835996
1281.6262987036223	618.3205275049912	1.0042631542261253	1891.881443835996
1283.5597553268967	619.3253014632961	1.0052848597500772	1892.881443835996
1285.4953398505716	620.3310974192391	1.0063071495170366	1893.881443835996
1287.433053613851	621.337915957108	1.0073300236171214	1894.881443835996
1289.3728979562077	622.345757661281	1.0083534821404492	1895.881443835996
1291.3148742173867	623.3546231162268	1.0093775251771377	1896.881443835996
1293.2589837374007	624.364512906503	1.0104021528173042	1897.881443835996
1295.2052278565345	625.3754276167591	1.0114273651510661	1898.881443835996
1297.1536079153439	626.3873678317332	1.0124531622685418	1899.881443835996
1299.1041252546527	627.4003341362541	1.0134795442598479	1900.881443835996
1301.056781215558	628.4143271152409	1.0145065112151028	1901.881443835996
1303.0115771394235	629.4293473537024	1.0155340632244232	1902.881443835996
1304.9685143678878	630.4453954367378	1.0165622003779275	1903.881443835996
1306.927594242856	631.4624719495362	1.0175909227657327	1904.881443835996
1308.8888181065058	632.4805774773773	1.0186202304779568	1905.881443835996
1310.8521873012844	633.4997126056303	1.019650123604717	1906.881443835996
1312.8177031699083	634.519877919755	1.020680602236131	1907.881443835996
1314.7853670553675	635.5410740053009	1.0217116664623165	1908.881443835996
1316.7551803009187	636.563301447908	1.022743316373391	1909.881443835996
1318.7271442500917	637.586560833306	1.023775552059472	1910.881443835996
1320.7012602466846	638.6108527473151	1.024808373610677	1911.881443835996
1322.677529634768	639.6361777758458	1.0258417811171239	1912.881443835996
1324.6559537586802	640.662536504898	1.0268757746689299	1913.881443835996
1326.6365339630327	641.689929520562	1.0279103543562127	1914.881443835996
1328.6192715927052	642.718357409019	1.02894552026909	1915.881443835996
1330.6041679928492	643.7478207565389	1.0299812724976793	1916.881443835996
1332.5912245088848	644.7783201494829	1.031017611132098	1917.881443835996
1334.5804424865048	645.8098561743018	1.0320545362624642	1918.881443835996
1336.5718232716697	646.8424294175364	1.0330920479788945	1919.881443835996
1338.565368210613	647.8760404658182	1.0341301463715076	1920.881443835996
1340.5610786498366	648.9106899058683	1.0351688315304202	1921.881443835996
1342.5589559361133	649.9463783244978	1.0362081035457502	1922.881443835996
1344.5590014164873	650.9831063086086	1.0372479625076152	1923.881443835996
1346.5612164382717	652.0208744451921	1.038288408506133	1924.881443835996
1348.5656023490503	653.0596833213298	1.0393294416314207	1925.881443835996
1350.572160496677	654.0995335241937	1.040371061973596	1926.881443835996
1352.5808922292783	655.1404256410458	1.0414132696227767	1927.881443835996
1354.5917988952474	656.1823602592384	1.0424560646690801	1928.881443835996
1356.6048818432505	657.2253379662133	1.043499447202624	1929.881443835996
1358.6201424222236	658.2693593495027	1.044543417313526	1930.881443835996
1360.637581981372	659.3144249967295	1.0455879750919033	1931.881443835996
1362.657201870173	660.3605354956057	1.0466331206278738	1932.881443835996
1364.679003438373	661.4076914339345	1.047678854011555	1933.881443835996
1366.7029880359894	662.455893399608	1.0487251753330644	1934.881443835996
1368.7291570133098	663.5051419806098	1.0497720846825198	1935.881443835996
1370.757511720892	664.5554377650126	1.0508195821500383	1936.881443835996
1372.7880535095637	665.6067813409793	1.0518676678257382	1937.881443835996
1374.8207837304242	666.6591732967634	1.0529163417997363	1938.881443835996
1376.855703734842	667.7126142207082	1.0539656041621506	1939.881443835996
1378.892814874457	668.7671047012474	1.0550154550030986	1940.881443835996
1380.9321185011777	669.8226453269039	1.0560658944126977	1941.881443835996
1382.9736159671854	670.8792366862922	1.057116922481066	1942.881443835996
1385.01730862493	671.9368793681158	1.0581685392983202	1943.881443835996
1387.063197827132	672.9955739611686	1.0592207449545787	1944.881443835996
1389.111284926782	674.0553210543347	1.0602735395399587	1945.881443835996
1391.1615712771425	675.1161212365882	1.0613269231445779	1946.881443835996
1393.2140582317447	676.1779750969937	1.0623808958585537	1947.881443835996
1395.2687471443903	677.2408832247052	1.0634354577720035	1948.881443835996
1397.3256393691527	678.3048462089675	1.0644906089750454	1949.881443835996
1399.3847362603742	679.3698646391152	1.0655463495577968	1950.881443835996
1401.4460391726675	680.435939104573	1.066602679610375	1951.881443835996
1403.5095494609177	681.5030701948559	1.0676595992228979	1952.881443835996
1405.5752684802767	682.5712584995689	1.0687171084854827	1953.881443835996
1407.6431975861701	683.640504608407	1.0697752074882474	1954.881443835996
1409.7133381342915	684.7108091111554	1.0708338963213089	1955.881443835996
1411.7856914806064	685.7821725976897	1.0718931750747855	1956.881443835996
1413.8602589813513	686.8545956579752	1.0729530438387949	1957.881443835996
1415.9370419930299	687.9280788820674	1.0740135027034539	1958.881443835996
1418.016041872418	689.0026228601124	1.0750745517588802	1959.881443835996
1420.0972599765637	690.0782281823456	1.0761361910951919	1960.881443835996
1422.1806976627827	691.1548954390931	1.0771984208025063	1961.881443835996
1424.2663562886619	692.232625220771	1.078261240970941	1962.881443835996
1426.3542372120594	693.3114181178852	1.0793246516906132	1963.881443835996
1428.4443417911027	694.3912747210325	1.0803886530516411	1964.881443835996
1430.5366713841902	695.4721956208991	1.0814532451441419	1965.881443835996
1432.6312273499893	696.5541814082616	1.0825184280582332	1966.881443835996
1434.7280110474394	697.6372326739862	1.0835842018840327	1967.881443835996
1436.82702383575	698.7213500090301	1.084650566711658	1968.881443835996
1438.9282670743999	699.8065340044402	1.0857175226312261	1969.881443835996
1441.0317421231405	700.8927852513532	1.0867850697328554	1970.881443835996
1443.1374503419902	701.9801043409966	1.087853208106663	1971.881443835996
1445.2453930912407	703.0684918646873	1.0889219378427666	1972.881443835996
1447.3555717314525	704.157948413833	1.0899912590312837	1973.881443835996
1449.4679876234568	705.2484745799306	1.0910611717623317	1974.881443835996
1451.5826421283557	706.3400709545685	1.0921316761260287	1975.881443835996
1453.6995366075207	707.4327381294238	1.093202772212492	1976.881443835996
1455.8186724225943	708.5264766962644	1.0942744601118388	1977.881443835996
1457.9400509354894	709.6212872469483	1.0953467399141872	1978.881443835996
1460.0636735083892	710.7171703734238	1.0964196117096545	1979.881443835996
1462.1895415037463	711.8141266677289	1.0974930755883585	1980.881443835996
1464.3176562842852	712.9121567219917	1.0985671316404164	1981.881443835996
1466.448019213	714.0112611284308	1.0996417799559461	1982.881443835996
1468.580631653155	715.1114404793548	1.1007170206250652	1983.881443835996
1470.7154949682847	716.2126953671622	1.101792853737891	1984.881443835996
1472.8526105221947	717.3150263843418	1.102869279384541	1985.881443835996
1474.9919796789604	718.4184341234726	1.103946297655133	1986.881443835996
1477.1336038029278	719.5229191772235	1.1050239086397848	1987.881443835996
1479.277484258712	720.6284821383534	1.1061021124286134	1988.881443835996
1481.4236224112017	721.7351235997121	1.107180909111737	1989.881443835996
1483.5720196255522	722.8428441542385	1.1082602987792727	1990.881443835996
1485.7226772671913	723.951644394962	1.1093402815213382	1991.881443835996
1487.8755967018162	725.0615249150026	1.110420857428051	1992.881443835996
1490.0307792953956	726.1724863075698	1.111502026589529	1993.881443835996
1492.1882264141677	727.2845291659635	1.1125837890958894	1994.881443835996
1494.347939424641	728.3976540835732	1.1136661450372498	1995.881443835996
1496.509919693594	729.5118616538797	1.1147490945037282	1996.881443835996
1498.6741685880768	730.6271524704524	1.1158326375854415	1997.881443835996
1500.8406874754096	731.7435271269522	1.116916774372508	1998.881443835996
1503.0094777231816	732.8609862171293	1.1180015049550445	1999.881443835996
1505.180540699253	733.9795303348241	1.119086829423169	2000.881443835996
1507.353877771756	735.0991600739676	1.1201727478669994	2001.881443835996
1509.5294903090903	736.2198760285801	1.1212592603766525	2002.881443835996
1511.7073796799289	737.3416787927728	1.1223463670422467	2003.881443835996
1513.8875472532125	738.4645689607466	1.1234340679538988	2004.881443835996
1516.0699943981529	739.5885471267927	1.1245223632017267	2005.881443835996
1518.254722484235	740.7136138852923	1.1256112528758484	2006.881443835996
1520.4417328812083	741.8397698307166	1.1267007370663806	2007.881443835996
1522.6310269591	742.9670155576272	1.1277908158634418	2008.881443835996
1524.8226060881998	744.0953516606755	1.1288814893571486	2009.881443835996
1527.0164716390746	745.2247787346037	1.1299727576376195	2010.881443835996
1529.2126249825576	746.3552973742433	1.1310646207949715	2011.881443835996
1531.411067489753	747.486908174516	1.1321570789193223	2012.881443835996
1533.6118005320363	748.6196117304343	1.1332501321007893	2013.881443835996
1535.8148254810537	749.7534086370999	1.1343437804294905	2014.881443835996
1538.0201437087205	750.8882994897056	1.1354380239955433	2015.881443835996
1540.227756587222	752.0242848835335	1.136532862889065	2016.881443835996
1542.4376654890154	753.1613654139563	1.1376282972001734	2017.881443835996
1544.6498717868274	754.2995416764365	1.1387243270189862	2018.881443835996
1546.8643768536551	755.4388142665268	1.1398209524356209	2019.881443835996
1549.0811820627657	756.5791837798703	1.1409181735401948	2020.881443835996
1551.3002887876971	757.7206508121998	1.1420159904228255	2021.881443835996
1553.521698402259	758.8632159593387	1.143114403173631	2022.881443835996
1555.7454122805277	760.0068798171999	1.1442134118827285	2023.881443835996
1557.9714317968537	761.151642981787	1.1453130166402359	2024.881443835996
1560.1997583258556	762.2975060491933	1.1464132175362702	2025.881443835996
1562.4303932424239	763.4444696156024	1.1475140146609497	2026.881443835996
1564.6633379217167	764.592534277288	1.1486154081043913	2027.881443835996
1566.898593739166	765.7417006306142	1.149717397956713	2028.881443835996
1569.1361620704722	766.8919692720344	1.1508199843080322	2029.881443835996
1571.3760442916061	768.0433407980933	1.1519231672484664	2030.881443835996
1573.6182417788084	769.1958158054244	1.1530269468681333	2031.881443835996
1575.8627559085921	770.3493948907528	1.1541313232571506	2032.881443835996
1578.1095880577393	771.504078650892	1.1552362965056358	2033.881443835996
1580.3587396033013	772.6598676827471	1.1563418667037062	2034.881443835996
1582.6102119226023	773.8167625833127	1.1574480339414797	2035.881443835996
1584.8640063932335	774.9747639496732	1.1585547983090734	2036.881443835996
1587.12012439306	776.1338723790041	1.1596621598966055	2037.881443835996
1589.3785673002158	777.29408846857	1.1607701187941932	2038.881443835996
1591.6393364931034	778.4554128157258	1.161878675091954	2039.881443835996
1593.9024333503994	779.6178460179173	1.162987828880006	2040.881443835996
1596.167859251048	780.7813886726792	1.164097580248466	2041.881443835996
1598.4356155742641	781.9460413776377	1.1652079292874524	2042.881443835996
1600.7057036995332	783.1118047305077	1.166318876087082	2043.881443835996
1602.9781250066121	784.2786793290953	1.1674304207374728	2044.881443835996
1605.2528808755267	785.4466657712964	1.1685425633287423	2045.881443835996
1607.5299726865735	786.6157646550965	1.169655303951008	2046.881443835996
1609.8094018203192	787.785976578572	1.1707686426943875	2047.881443835996
1612.0911696576022	788.957302139889	1.1718825796489984	2048.881443835996
1614.3752775795297	790.129741937304	1.1729971149049583	2049.881443835996
1616.66172696748	791.3032965691629	1.1741122485523847	2050.881443835996
1618.950519203101	792.4779666339025	1.1752279806813952	2051.881443835996
1621.2416556683118	793.6537527300494	1.1763443113821075	2052.881443835996
1623.5351377453014	794.8306554562207	1.177461240744639	2053.881443835996
1625.8309668165302	796.0086754111228	1.1785787688591072	2054.881443835996
1628.1291442647266	797.1878131935529	1.1796968958156298	2055.881443835996
1630.429671472892	798.3680694023981	1.1808156217043244	2056.881443835996
1632.7325498242965	799.5494446366355	1.1819349466153086	2057.881443835996
1635.0377807024809	800.7319394953329	1.1830548706386999	2058.881443835996
1637.3453654912569	801.9155545776471	1.1841753938646158	2059.881443835996
1639.655305574705	803.1002904828264	1.185296516383174	2060.881443835996
1641.9676023371787	804.2861478102078	1.1864182382844919	2061.881443835996
1644.2822571632998	805.4731271592194	1.1875405596586872	2062.881443835996
1646.5992714379604	806.6612291293795	1.1886634805958776	2063.881443835996
1648.9186465463251	807.8504543202957	1.1897870011861806	2064.881443835996
1651.2403838738244	809.0408033316663	1.1909111215197135	2065.881443835996
1653.5644848061647	810.2322767632795	1.1920358416865942	2066.881443835996
1655.8909507293192	811.424875215014	1.1931611617769402	2067.881443835996
1658.2197830295324	812.6185992868379	1.1942870818808689	2068.881443835996
1660.5509830933192	813.8134495788102	1.195413602088498	2069.881443835996
1662.8845523074638	815.0094266910795	1.1965407224899451	2070.881443835996
1665.2204920590223	816.2065312238848	1.1976684431753275	2071.881443835996
1667.5588037353216	817.4047637775549	1.1987967642347634	2072.881443835996
1669.8994887239562	818.6041249525089	1.1999256857583696	2073.881443835996
1672.242548412794	819.8046153492564	1.2010552078362644	2074.881443835996
1674.5879841899714	821.0062355683964	1.2021853305585648	2075.881443835996
1676.935797443895	822.2089862106184	1.2033160540153884	2076.881443835996
1679.2859895632437	823.412867876702	1.2044473782968534	2077.881443835996
1681.6385619369646	824.6178811675169	1.2055793034930766	2078.881443835996
1683.9935159542763	825.8240266840232	1.2067118296941761	2079.881443835996
1686.3508530046674	827.0313050272704	1.2078449569902692	2080.881443835996
1688.7105744778974	828.2397167983988	1.2089786854714737	2081.881443835996
1691.0726817639948	829.4492625986384	1.2101130152279067	2082.881443835996
1693.4371762532596	830.6599430293095	1.2112479463496864	2083.881443835996
1695.8040593362628	831.8717586918227	1.2123834789269299	2084.881443835996
1698.173332403843	833.0847101876788	1.2135196130497548	2085.881443835996
1700.544996847113	834.2987981184676	1.214656348808279	2086.881443835996
1702.919054057452	835.5140230858705	1.2157936862926197	2087.881443835996
1705.295505426514	836.7303856916583	1.216931625592895	2088.881443835996
1707.6743523462192	837.9478865376916	1.218070166799222	2089.881443835996
1710.0555962087583	839.1665262259222	1.219209310001718	2090.881443835996
1712.4392384065973	840.3863053583905	1.2203490552905014	2091.881443835996
1714.825280332467	841.6072245372284	1.221489402755689	2092.881443835996
1717.2137233793696	842.8292843646574	1.222630352487399	2093.881443835996
1719.6045689405817	844.0524854429888	1.2237719045757485	2094.881443835996
1721.997818409645	845.2768283746245	1.2249140591108554	2095.881443835996
1724.3934731803747	846.502313762056	1.2260568161828367	2096.881443835996
1726.791534646856	847.7289422078659	1.227200175881811	2097.881443835996
1729.1920042034426	848.9567143147256	1.2283441382978948	2098.881443835996
1731.5948832447605	850.1856306853972	1.2294887035212063	2099.881443835996
1734.0001731657053	851.4156919227337	1.230633871641863	2100.881443835996
1736.4078753614426	852.6468986296768	1.231779642749982	2101.881443835996
1738.8179912274109	853.8792514092596	1.2329260169356817	2102.881443835996
1741.2305221593142	855.1127508646042	1.234072994289079	2103.881443835996
1743.6454695531315	856.3473975989237	1.2352205749002918	2104.881443835996
1746.0628348051096	857.5831922155207	1.2363687588594374	2105.881443835996
1748.482619311766	858.8201353177885	1.2375175462566335	2106.881443835996
1750.9048244698906	860.05822750921	1.2386669371819978	2107.881443835996
1753.3294516765395	861.2974693933586	1.2398169317256476	2108.881443835996
1755.7565023290435	862.5378615738977	1.240967529977701	2109.881443835996
1758.1859778250011	863.7794046545802	1.242118732028275	2110.881443835996
1760.6178795622823	865.0220992392503	1.2432705379674873	2111.881443835996
1763.052208939026	866.2659459318414	1.2444229478854556	2112.881443835996
1765.4889673536445	867.5109453363773	1.2455759618722977	2113.881443835996
1767.9281562048168	868.7570980569723	1.2467295800181306	2114.881443835996
1770.3697768914942	870.00440469783	1.2478838024130723	2115.881443835996
1772.8138308128987	871.252865863245	1.2490386291472404	2116.881443835996
1775.2603193685202	872.5024821576011	1.2501940603107518	2117.881443835996
1777.7092439581236	873.753254185373	1.2513500959937252	2118.881443835996
1780.1606059817386	875.005182551125	1.252506736286277	2119.881443835996
1782.6144068396702	876.258267859512	1.2536639812785255	2120.881443835996
1785.0706479324908	877.5125107152787	1.2548218310605885	2121.881443835996
1787.529330661043	878.7679117232599	1.2559802857225826	2122.881443835996
1789.990456426442	880.0244714883806	1.2571393453546265	2123.881443835996
1792.4540266300714	881.2821906156556	1.2582990100468368	2124.881443835996
1794.9200426735852	882.541069710191	1.2594592798893316	2125.881443835996
1797.3885059589093	883.8011093771812	1.2606201549722285	2126.881443835996
1799.8594178882374	885.0623102219122	1.2617816353856446	2127.881443835996
1802.3327798640369	886.3246728497596	1.2629437212196981	2128.881443835996
1804.8085932890426	887.5881978661885	1.264106412564506	2129.881443835996
1807.286859566262	888.8528858767554	1.2652697095101864	2130.881443835996
1809.7675800989705	890.1187374871058	1.2664336121468567	2131.881443835996
1812.2507562907153	891.3857533029761	1.267598120564634	2132.881443835996
1814.7363895453143	892.6539339301924	1.2687632348536364	2133.881443835996
1817.2244812668555	893.9232799746707	1.2699289551039816	2134.881443835996
1819.7150328596956	895.1937920424175	1.2710952814057865	2135.881443835996
1822.208045728464	896.4654707395292	1.272262213849169	2136.881443835996
1824.7035212780602	897.7383166721929	1.2734297525242475	2137.881443835996
1827.2014609136513	899.012330446685	1.274597897521138	2138.881443835996
1829.701866040679	900.2875126693726	1.2757666489299595	2139.881443835996
1832.2047380648512	901.5638639467123	1.2769360068408284	2140.881443835996
1834.7100783921499	902.8413848852516	1.2781059713438632	2141.881443835996
1837.217888428825	904.1200760916277	1.279276542529181	2142.881443835996
1839.7281695813958	905.3999381725673	1.2804477204868994	2143.881443835996
1842.2409232566565	906.6809717348889	1.2816195053071362	2144.881443835996
1844.7561508616664	907.9631773854992	1.2827918970800087	2145.881443835996
1847.2738538037574	909.2465557313966	1.2839648958956345	2146.881443835996
1849.7940334905336	910.5311073796679	1.2851385018441315	2147.881443835996
1852.3166913298664	911.8168329374923	1.2863127150156168	2148.881443835996
1854.8418287298982	913.103733012137	1.287487535500208	2149.881443835996
1857.3694470990442	914.3918082109604	1.2886629633880233	2150.881443835996
1859.8995478459865	915.6810591414109	1.2898389987691796	2151.881443835996
1862.4321323796798	916.9714864110265	1.2910156417337948	2152.881443835996
1864.9672021093493	918.2630906274364	1.2921928923719865	2153.881443835996
1867.5047584444883	919.5558723983585	1.2933707507738719	2154.881443835996
1870.044802794864	920.8498323316021	1.2945492170295692	2155.881443835996
1872.587336570509	922.1449710350656	1.2957282912291952	2156.881443835996
1875.1323611817297	923.4412891167382	1.2969079734628677	2157.881443835996
1877.679878039106	924.7387871846995	1.2980882638207052	2158.881443835996
1880.2298885534794	926.0374658471179	1.2992691623928239	2159.881443835996
1882.7823941359702	927.3373257122533	1.3004506692693423	2160.881443835996
1885.3373961979637	928.6383673884548	1.3016327845403772	2161.881443835996
1887.8948961511194	929.9405914841622	1.302815508296047	2162.881443835996
1890.4548954073637	931.243998607905	1.303998840626469	2163.881443835996
1893.0173953788947	932.5485893683034	1.3051827816217603	2164.881443835996
1895.5823974781817	933.854364374067	1.306367331372039	2165.881443835996
1898.1499031179649	935.1613242339957	1.3075524899674227	2166.881443835996
1900.7199137112516	936.4694695569802	1.3087382574980286	2167.881443835996
1903.2924306713223	937.7788009520002	1.3099246340539743	2168.881443835996
1905.8674554117279	939.0893190281267	1.311111619725378	2169.881443835996
1908.4449893462875	940.4010243945196	1.3122992146023562	2170.881443835996
1911.0250338890924	941.7139176604297	1.3134874187750276	2171.881443835996
1913.6075904545037	943.0279994351984	1.314676232333509	2172.881443835996
1916.1926604571534	944.3432703282555	1.315865655367918	2173.881443835996
1918.780245311943	945.659730949123	1.317055687968373	2174.881443835996
1921.370346434044	946.9773819074111	1.3182463302249903	2175.881443835996
1923.9629652389006	948.2962238128215	1.3194375822278888	2176.881443835996
1926.558103142224	949.6162572751456	1.3206294440671849	2177.881443835996
1929.155761559997	950.9374829042645	1.3218219158329965	2178.881443835996
1931.7559419084755	952.2599013101507	1.3230149976154417	2179.881443835996
1934.3586456041808	953.5835131028646	1.3242086895046374	2180.881443835996
1936.9638740639098	954.9083188925588	1.3254029915907017	2181.881443835996
1939.5716287047267	956.2343192894749	1.326597903963752	2182.881443835996
1942.1819109439639	957.5615149039453	1.3277934267139058	2183.881443835996
1944.7947221992295	958.8899063463919	1.3289895599312804	2184.881443835996
1947.4100638883983	960.2194942273271	1.3301863037059942	2185.881443835996
1950.0279374296165	961.550279157353	1.331383658128164	2186.881443835996
1952.6483442413	962.8822617471624	1.3325816232879075	2187.881443835996
1955.2712857421357	964.215442607538	1.3337801992753424	2188.881443835996
1957.896763351081	965.5498223493523	1.334979386180586	2189.881443835996
1960.5247784873645	966.8854015835688	1.336179184093757	2190.881443835996
1963.1553325704817	968.2221809212393	1.3373795931049712	2191.881443835996
1965.7884270202026	969.5601609735079	1.3385806133043476	2192.881443835996
1968.4240632565648	970.8993423516074	1.339782244782003	2193.881443835996
1971.062242699877	972.2397256668611	1.340984487628055	2194.881443835996
1973.7029667707197	973.5813115306831	1.3421873419326218	2195.881443835996
1976.3462368899413	974.9241005545761	1.34339080778582	2196.881443835996
1978.9920544786623	976.2680933501343	1.3445948852777683	2197.881443835996
1981.6404209582734	977.6132905290413	1.3457995744985836	2198.881443835996
1984.2913377504337	978.9596927030711	1.3470048755383834	2199.881443835996
1986.9448062770764	980.3073004840877	1.3482107884872856	2200.881443835996
1989.6008279603998	981.6561144840454	1.3494173134354073	2201.881443835996
1992.2594042228782	983.0061353149883	1.3506244504728666	2202.881443835996
1994.920536487253	984.3573635890509	1.3518321996897809	2203.881443835996
1997.5842261765374	985.7097999184579	1.3530405611762677	2204.881443835996
2000.2504747140117	987.0634449155234	1.3542495350224442	2205.881443835996
2002.9192835232325	988.4182991926527	1.355459121318429	2206.881443835996
2005.5906540280193	989.7743633623402	1.3566693201543385	2207.881443835996
2008.2645876524693	991.1316380371711	1.3578801316202909	2208.881443835996
2010.9410858209458	992.4901238298208	1.3590915558064043	2209.881443835996
2013.6201499580818	993.8498213530542	1.360303592802795	2210.881443835996
2016.301781488784	995.2107312197267	1.3615162426995813	2211.881443835996
2018.9859818382258	996.5728540427835	1.3627295055868807	2212.881443835996
2021.6727524318555	997.9361904352605	1.3639433815548112	2213.881443835996
2024.362094695386	999.3007410102832	1.3651578706934895	2214.881443835996
2027.054010054806	1000.6665063810675	1.3663729730930336	2215.881443835996
2029.748499936371	1002.0334871609199	1.367588688843561	2216.881443835996
2032.4455657666076	1003.4016839632352	1.3688050180351896	2217.881443835996
2035.1452089723145	1004.7710974015007	1.3700219607580368	2218.881443835996
2037.8474309805576	1006.1417280892917	1.3712395171022198	2219.881443835996
2040.5522332186774	1007.5135766402756	1.3724576871578569	2220.881443835996
2043.2596171142795	1008.886643668208	1.3736764710150646	2221.881443835996
2045.969584095245	1010.260929786936	1.3748958687639614	2222.881443835996
2048.6821355897214	1011.6364356103965	1.3761158804946647	2223.881443835996
2051.397273026129	1013.013161752616	1.377336506297292	2224.881443835996
2054.1149978331578	1014.391108827712	1.3785577462619607	2225.881443835996
2056.835311439767	1015.7702774498905	1.3797796004787883	2226.881443835996
2059.5582152751886	1017.1506682334502	1.3810020690378928	2227.881443835996
2062.2837107689224	1018.5322817927773	1.3822251520293918	2228.881443835996
2065.0117993507397	1019.9151187423499	1.3834488495434023	2229.881443835996
2067.742482450682	1021.2991796967352	1.3846731616700423	2230.881443835996
2070.475761499061	1022.6844652705906	1.3858980884994287	2231.881443835996
2073.21163792646	1024.070976078665	1.38712363012168	2232.881443835996
2075.9501131637317	1025.458712735795	1.3883497866269137	2233.881443835996
2078.6911886419975	1026.8476758569097	1.3895765581052468	2234.881443835996
2081.434865792652	1028.2378660570268	1.3908039446467968	2235.881443835996
2084.181146047359	1029.6292839512544	1.3920319463416824	2236.881443835996
2086.930030838051	1031.0219301547913	1.3932605632800195	2237.881443835996
2089.6815215969355	1032.4158052829255	1.394489795551927	2238.881443835996
2092.4356197564853	1033.8109099510364	1.3957196432475223	2239.881443835996
2095.1923267494435	1035.2072447745918	1.396950106456922	2240.881443835996
2097.951644008829	1036.6048103691514	1.398181185270245	2241.881443835996
2100.7135729679267	1038.0036073503638	1.3994128797776078	2242.881443835996
2103.478115060291	1039.403636333968	1.4006451900691288	2243.881443835996
2106.2452717197507	1040.8048979357934	1.4018781162349248	2244.881443835996
2109.015044380401	1042.2073927717595	1.4031116583651138	2245.881443835996
2111.7874344766105	1043.6111214578752	1.4043458165498137	2246.881443835996
2114.5624434430156	1045.0160846102406	1.4055805908791412	2247.881443835996
2117.3400727145254	1046.4222828450452	1.4068159814432146	2248.881443835996
2120.1203237263167	1047.8297167785686	1.4080519883321512	2249.881443835996
2122.9031979138394	1049.238387027181	1.4092886116360688	2250.881443835996
2125.688696712812	1050.6482942073426	1.4105258514450845	2251.881443835996