# epsilon[MeV/fm^3] P[MeV/fm^3] nB[fm^-3] muB[MeV]
4.3514892049562272e-07 9.0000000794219998e-12 4.6796200000000002e-10 9.2990010724260003e+02
5.4394952759824855e-07 1.2854500250148002e-11 5.8496400000000005e-10 9.2990743275720001e+02
6.8239664606092796e-07 1.8414700022552000e-11 7.3384599999999997e-10 9.2991587774760001e+02
8.5763463874259032e-07 2.6380199998860002e-11 9.2229000000000003e-10 9.2992551188760001e+02
1.0799253715994732e-06 3.7791099667920001e-11 1.1613300000000000e-09 9.2993648532329996e+02
1.3625442882637764e-06 5.4137899979800000e-11 1.4652400000000000e-09 9.2994894782519998e+02
1.7226605254650248e-06 7.7555599791040007e-11 1.8524800000000000e-09 9.2996308925910000e+02
2.1826057027272589e-06 1.1110299984364001e-10 2.3470600000000000e-09 9.2997909967860005e+02
2.7713348204539073e-06 1.5916099965360000e-10 2.9801100000000000e-09 9.2999716876169998e+02
3.5266032513682487e-06 2.2800800111288001e-10 3.7922200000000000e-09 9.3001754656409992e+02
4.4975537964996660e-06 3.2663399940042002e-10 4.8362200000000001e-09 9.3004045271789994e+02
4.5807460305493105e-06 3.3555999792714001e-10 4.9256699999999996e-09 9.3004228160820003e+02
4.7281205653478515e-06 3.3656599963290001e-10 5.0841300000000003e-09 9.3004248152130003e+02
6.5759177435918250e-06 5.4515600232911993e-10 7.0708799999999999e-09 9.3007696075620004e+02
9.1998724984833464e-06 8.8567000200420000e-10 9.8920399999999997e-09 9.3011730648750006e+02
1.2918168885426129e-05 1.4388700552640002e-09 1.3889600000000001e-08 9.3016406831190000e+02
1.8201380444258739e-05 2.3376200076990001e-09 1.9569300000000001e-08 9.3021808578930006e+02
2.5725895950178280e-05 3.7977398937599994e-09 2.7657999999999999e-08 9.3028025838780002e+02
3.6463989818522291e-05 6.1698799253159997e-09 3.9200400000000002e-08 9.3035162548649998e+02
5.1813630126296458e-05 1.0023700173792000e-08 5.5698400000000002e-08 9.3043332628019994e+02
7.3785560512054020e-05 1.6284700005120000e-08 7.9311899999999997e-08 9.3052664006250006e+02
1.0527189036420272e-04 2.6456400399219999e-08 1.1314700000000000e-07 9.3063298613190000e+02
1.5043483705694415e-04 4.2981499428689995e-08 1.6167299999999999e-07 9.3075400323120004e+02
1.5143539825673478e-04 4.3369399516159995e-08 1.6274800000000000e-07 9.3075639185940008e+02
1.5666718390755263e-04 4.3499599327679997e-08 1.6836899999999999e-07 9.3075719132400002e+02
1.8247319946392853e-04 5.3487099479700000e-08 1.9609400000000001e-07 9.3081203831400001e+02
2.1304949570856091e-04 6.5965099669560007e-08 2.2894200000000001e-07 9.3087079295249998e+02
2.4880173202308656e-04 8.1354199584480006e-08 2.6734800000000002e-07 9.3093285559410003e+02
2.9061049213158235e-04 1.0033299847065000e-07 3.1225699999999999e-07 9.3099838615049998e+02
3.3950651358852186e-04 1.2374000051775000e-07 3.6477499999999998e-07 9.3106758453479995e+02
3.9669496520679297e-04 1.5260700009555001e-07 4.2619500000000001e-07 9.3114063056550003e+02
4.6358813252914599e-04 1.8820900209407997e-07 4.9803199999999997e-07 9.3121772415570001e+02
5.4183717856390442e-04 2.3211699768180001e-07 5.8205699999999998e-07 9.3129908512530005e+02
6.3337419989345891e-04 2.8626699988691999e-07 6.8034199999999997e-07 9.3138494352930002e+02
7.4046361643000222e-04 3.5305100162730003e-07 7.9531500000000002e-07 9.3147551899979999e+02
7.4543957324912111e-04 3.5623800038969997e-07 8.0065699999999999e-07 9.3147951660449996e+02
7.7046470619140960e-04 3.5730600246279002e-07 8.2752300000000002e-07 9.3148080575760002e+02
7.7218701201869997e-04 3.5837800248323999e-07 8.2937200000000002e-07 9.3148210505190002e+02
7.7564281539113634e-04 3.6053199741144001e-07 8.3308200000000005e-07 9.3148469349929996e+02
7.7911352986319152e-04 3.6269800105895999e-07 8.3680799999999998e-07 9.3148728185280004e+02
7.8260009510663572e-04 3.6487800290032998e-07 8.4055099999999997e-07 9.3148988034750005e+02
7.8610250285012515e-04 3.6706999922346001e-07 8.4431100000000000e-07 9.3149248879559991e+02
7.8962075319254110e-04 3.6927600351839998e-07 8.4808799999999996e-07 9.3149508719639994e+02
7.9315485471188711e-04 3.7149499796798001e-07 8.5188199999999998e-07 9.3149769564450003e+02
7.9670479058673201e-04 3.7372699824480005e-07 8.5569300000000004e-07 9.3150031404599997e+02
8.0027057791247260e-04 3.7597299948234002e-07 8.5952100000000004e-07 9.3150293244750003e+02
8.0385221698387247e-04 3.7823200230633998e-07 8.6336599999999998e-07 9.3150555094289996e+02
8.0745063029167934e-04 3.8050499711466001e-07 8.6722899999999999e-07 9.3150817929779998e+02
8.1106395596088781e-04 3.8279099715107999e-07 8.7110800000000002e-07 9.3151080774659999e+02
8.1469498722525535e-04 3.8509200436278001e-07 8.7500600000000005e-07 9.3151343619540000e+02
8.1834093096975699e-04 3.8740599815679997e-07 8.7891999999999998e-07 9.3151607459759998e+02
8.3652972322216491e-04 3.8856800310954005e-07 8.9844600000000005e-07 9.3151737379799999e+02
8.9649746606902973e-04 4.2637900225708002e-07 9.6282100000000007e-07 9.3155798930399999e+02
9.6293679962426715e-04 4.6927300060880000e-07 1.0341400000000000e-06 9.3160093353000002e+02
1.0343084479593990e-03 5.1648199988999994e-07 1.1107499999999999e-06 9.3164493704189999e+02
1.1110033276598183e-03 5.6844100521450010e-07 1.1930700000000001e-06 9.3169002988770001e+02
1.1934040547386528e-03 6.2562700512179996e-07 1.2815100000000000e-06 9.3173623206809998e+02
1.2819398888523502e-03 6.8856500094819997e-07 1.3765300000000001e-06 9.3178357353719991e+02
1.3770588621277026e-03 7.5783499966439992e-07 1.4786100000000000e-06 9.3183208434300002e+02
1.4792742600387720e-03 8.3407400117300003e-07 1.5882999999999999e-06 9.3188178448619999e+02
1.5890902438860661e-03 9.1798299673799988e-07 1.7061399999999999e-06 9.3193271378040004e+02
1.7070948934908867e-03 1.0103300084124001e-06 1.8327600000000000e-06 9.3198488236679998e+02
1.7418302566492478e-03 1.0379399925766002e-06 1.8700300000000001e-06 9.3199978345169995e+02
1.8026805910135908e-03 1.0410599913928000e-06 1.9353200000000000e-06 9.3200143242960007e+02
2.0389359400714486e-03 1.2275099896319999e-06 2.1888000000000001e-06 9.3209187794249999e+02
2.3114099463439177e-03 1.4516999917321999e-06 2.4811100000000001e-06 9.3218792017709995e+02
2.6204004641994278e-03 1.7168400063888003e-06 2.8125600000000001e-06 9.3228811983419996e+02
2.9707928967162671e-03 2.0304000155634000e-06 3.1883800000000001e-06 9.3239264696670000e+02
3.3681648965264784e-03 2.4012300084080001e-06 3.6145400000000001e-06 9.3250170129989999e+02
3.8188055776886142e-03 2.8397900147328003e-06 4.0977700000000004e-06 9.3261546284010001e+02
4.3298558716110781e-03 3.3584500068246004e-06 4.6457100000000001e-06 9.3273413140649996e+02
4.9094492242661523e-03 3.9718300068571995e-06 5.2670599999999997e-06 9.3285792691289998e+02
5.5667590537662745e-03 4.6972400276543001e-06 5.9716300000000001e-06 9.3298704917850000e+02
6.3122329168583428e-03 5.5551399798486997e-06 6.7705900000000002e-06 9.3312173811779996e+02
6.3691536418958340e-03 5.6221100036384002e-06 6.8315900000000001e-06 9.3313158221820004e+02
6.6107787783348925e-03 5.6389700285964000e-06 7.0905299999999997e-06 9.3313397075249998e+02
7.1832281514335565e-03 6.2999099885847007e-06 7.7039700000000007e-06 9.3322329697740008e+02
7.8228640480689938e-03 7.0594400109160007e-06 8.3893400000000006e-06 9.3331767013950002e+02
8.5195476220300548e-03 7.9105299722335996e-06 9.1357600000000004e-06 9.3341477175390003e+02
9.2783521214718639e-03 8.8642300383220009e-06 9.9486500000000000e-06 9.3351470163630006e+02
1.0104791977484120e-02 9.9329099737559988e-06 1.0833900000000000e-05 9.3361751969490001e+02
1.1005037422914624e-02 1.1130399980334000e-05 1.1798100000000000e-05 9.3372332602710003e+02
1.1985504705131824e-02 1.2472300012974001e-05 1.2848100000000000e-05 9.3383220044789994e+02
1.3053499763127112e-02 1.3976000053347000e-05 1.3991700000000000e-05 9.3394422305399996e+02
1.4216706487829026e-02 1.5661000693130000e-05 1.5237100000000000e-05 9.3405949366109996e+02
1.5483652631007537e-02 1.7549100191680000e-05 1.6593399999999999e-05 9.3417811227269999e+02
1.5623499832828706e-02 1.7760599953030001e-05 1.6743099999999999e-05 9.3419079468840005e+02
1.6269961736847121e-02 1.7813900213129999e-05 1.7435099999999998e-05 9.3419395273319992e+02
1.7094324515795702e-02 1.9027400207749999e-05 1.8317499999999999e-05 9.3426180186839997e+02
1.8000874089488257e-02 2.0384500450440000e-05 1.9287799999999999e-05 9.3433394852489994e+02
1.8955614232225096e-02 2.1838399047120000e-05 2.0309599999999999e-05 9.3440734433310001e+02
1.9960983560824267e-02 2.3396100553499999e-05 2.1385500000000000e-05 9.3448202938830002e+02
2.1019794814794490e-02 2.5064799654149998e-05 2.2518500000000001e-05 9.3455801364390004e+02
2.2134768910989058e-02 2.6852600343399999e-05 2.3711500000000002e-05 9.3463531710059999e+02
2.3309000859656603e-02 2.8767899159999994e-05 2.4967799999999998e-05 9.3471396971249999e+02
2.4545494036103295e-02 3.0819700065419999e-05 2.6290599999999999e-05 9.3479400162150000e+02
2.5847718880420045e-02 3.3017999946119998e-05 2.7683600000000000e-05 9.3487541254589996e+02
2.7219055484112444e-02 3.5372998881120002e-05 2.9150400000000001e-05 9.3495825272219997e+02
2.7775365070038964e-02 3.6339601209739997e-05 2.9745400000000002e-05 9.3499105302509997e+02
2.8289610775747390e-02 3.6448598719180002e-05 3.0295400000000001e-05 9.3499466085090000e+02
2.8802930737171755e-02 3.7332599735440002e-05 3.0844399999999999e-05 9.3502356336480000e+02
2.9391538203060320e-02 3.8352800962709990e-05 3.1473899999999997e-05 9.3505628375879996e+02
2.9992229144074897e-02 3.9400800335690003e-05 3.2116300000000003e-05 9.3508923392610006e+02
3.0605097595990186e-02 4.0477499896860003e-05 3.2771700000000003e-05 9.3512239395989991e+02
3.1230612131930052e-02 4.1583600119840003e-05 3.3440600000000000e-05 9.3515578386089999e+02
3.1868867160453597e-02 4.2719998743180005e-05 3.4123099999999999e-05 9.3518940362910007e+02
3.2520144922003676e-02 4.3887298648500002e-05 3.4819500000000001e-05 9.3522325326449993e+02
3.3184820445813230e-02 4.5086601561120004e-05 3.5530200000000001e-05 9.3525732271979996e+02
3.3862987887692660e-02 4.6318701748649993e-05 3.6255299999999998e-05 9.3529163208960006e+02
3.4555116462740516e-02 4.7584401826990007e-05 3.6995300000000001e-05 9.3532617123270006e+02
3.4710848908415574e-02 4.7870299693839997e-05 3.7161800000000001e-05 9.3533387666670001e+02
3.5705765632703390e-02 4.8013899962450004e-05 3.8225500000000002e-05 9.3533768431169995e+02
3.6190650245182691e-02 4.8884701265269996e-05 3.8743900000000000e-05 9.3536029073669999e+02
3.6764595537185744e-02 4.9920498059249994e-05 3.9357499999999997e-05 9.3538680481020003e+02
3.7347724170046170e-02 5.0978398185919999e-05 3.9980900000000002e-05 9.3541345870079999e+02
3.7940129948432849e-02 5.2058599241440000e-05 4.0614200000000002e-05 9.3544024264290010e+02
3.8541907483377907e-02 5.3161699756499999e-05 4.1257500000000003e-05 9.3546717635549999e+02
3.9153244015328124e-02 5.4288198430999997e-05 4.1910999999999999e-05 9.3549425007299999e+02
3.9774234210732992e-02 5.5438601263319996e-05 4.2574799999999998e-05 9.3552146370150001e+02
4.0405159191034282e-02 5.6613297948239995e-05 4.3249199999999999e-05 9.3554882728830000e+02
4.1046019389420471e-02 5.7812899551080002e-05 4.3934199999999997e-05 9.3557633069220003e+02
4.1697190276124625e-02 5.9037997871239995e-05 4.4630199999999998e-05 9.3560397410099995e+02
4.2358578444415006e-02 6.0288999023690009e-05 4.5337100000000003e-05 9.3563177732760005e+02
4.2549448380963861e-02 6.0651299975859995e-05 4.5541099999999997e-05 9.3563974248900001e+02
4.3740238175900857e-02 6.0833198906699995e-05 4.6813800000000002e-05 9.3564365013750000e+02
4.5854886274473032e-02 6.4782902450840000e-05 4.9073799999999998e-05 9.3572599057799994e+02
4.8180087401599556e-02 6.9195997901699998e-05 5.1558599999999998e-05 9.3581365787159996e+02
5.0623240020302433e-02 7.3909702371599995e-05 5.4169200000000003e-05 9.3590278418340006e+02
5.3190452397117956e-02 7.8944498346630003e-05 5.6912100000000000e-05 9.3599338970190001e+02
5.5887837732656438e-02 8.4322299027779992e-05 5.9793799999999997e-05 9.3608550419339997e+02
5.8722166587791814e-02 9.0066499795649990e-05 6.2821499999999995e-05 9.3617915789369999e+02
6.1700398546921942e-02 9.6201898222459989e-05 6.6002599999999997e-05 9.3627437052180005e+02
6.4829683480590566e-02 1.0275499726340999e-04 6.9344700000000000e-05 9.3637116226620003e+02
6.8117831355171340e-02 1.0975499711746999e-04 7.2856100000000002e-05 9.3646956308100005e+02
7.1572933822013338e-02 1.1723199746169999e-04 7.6545399999999994e-05 9.3656960282640000e+02
7.2872355791586060e-02 1.2007500056640000e-04 7.7932800000000000e-05 9.3660639068670002e+02
7.6294350046888545e-02 1.2043499631464001e-04 8.1586400000000002e-05 9.3661091798129996e+02
7.8557740452832786e-02 1.2521799885310001e-04 8.4002899999999995e-05 9.3666865324139997e+02
8.1070439170188191e-02 1.3058099681828001e-04 8.6685400000000002e-05 9.3673145543940007e+02
8.3663493660002267e-02 1.3617299667415003e-04 8.9453500000000007e-05 9.3679492723830003e+02
8.6339540033127660e-02 1.4200499619000000e-04 9.2310000000000002e-05 9.3685905859080003e+02
8.9101308842231525e-02 1.4808700429182000e-04 9.5257800000000001e-05 9.3692387963880003e+02
9.1951438062670962e-02 1.5442999846642999e-04 9.8299699999999997e-05 9.3698938014720000e+02
9.3544637803481184e-02 1.5800363917307320e-04 1.0000000000000000e-04 9.3702641442654260e+02
9.5903790621474416e-02 1.5963253295139845e-04 1.0251766734322329e-04 9.3704261561873977e+02
9.8322440190423480e-02 1.6131642894995514e-04 1.0509878430351982e-04 9.3705895146186913e+02
1.0080208699107182e-01 1.6305718440723886e-04 1.0774494954072116e-04 9.3707542307883546e+02
1.0334426934559836e-01 1.6485671927439242e-04 1.1045780198122195e-04 9.3709203160198240e+02
1.0595056437196114e-01 1.6671701833279918e-04 1.1323902183176895e-04 9.3710877817317009e+02
1.0862258896230900e-01 1.6864013338318054e-04 1.1609033161875902e-04 9.3712566394385783e+02
1.1136200078606845e-01 1.7062818550861184e-04 1.1901349725368812e-04 9.3714269007518612e+02
1.1417049931832790e-01 1.7268336741395237e-04 1.2201032912540902e-04 9.3715985773805721e+02
1.1704982689415720e-01 1.7480794584427039e-04 1.2508268321987097e-04 9.3717716811321861e+02
1.2000176978951679e-01 1.7700426408492979e-04 1.2823246226803281e-04 9.3719462239134748e+02
1.2302815932942666e-01 1.7927474454609643e-04 1.3146161692265788e-04 9.3721222177313359e+02
1.2613087302408310e-01 1.8162189143451445e-04 1.3477214696471624e-04 9.3722996746936587e+02
1.2931183573362753e-01 1.8404829351549945e-04 1.3816610254013939e-04 9.3724786070101732e+02
1.3257302086229039e-01 1.8655662696819459e-04 1.4164558542768956e-04 9.3726590269933047e+02
1.3591645158265081e-01 1.8914965833723935e-04 1.4521275033872662e-04 9.3728409470590555e+02
1.3934420209077153e-01 1.9183024758410584e-04 1.4886980624967346e-04 9.3730243797278865e+02
1.4285839889298771e-01 1.9460135124146861e-04 1.5261901776800289e-04 9.3732093376255989e+02
1.4646122212514789e-01 1.9746602567408665e-04 1.5646270653258752e-04 9.3733958334842180e+02
1.5015490690512592e-01 2.0042743044979444e-04 1.6040325264927738e-04 9.3735838801429111e+02
1.5394174471944219e-01 2.0348883182432000e-04 1.6444309616258992e-04 9.3737734905488776e+02
1.5782408484485505e-01 2.0665360634377310e-04 1.6858473856442018e-04 9.3739646777582766e+02
1.6180433580580417e-01 2.0992524456877779e-04 1.7283074434070207e-04 9.3741574549371535e+02
1.6588496686860979e-01 2.1330735492435584e-04 1.7718374255697416e-04 9.3743518353623540e+02
1.7006850957335509e-01 2.1680366767980785e-04 1.8164642848382735e-04 9.3745478324224825e+02
1.7435755930440183e-01 2.2041803906298142e-04 1.8622156526323748e-04 9.3747454596188345e+02
1.7875477690051400e-01 2.2415445551346439e-04 1.9091198561681008e-04 9.3749447305663614e+02
1.8326289030558726e-01 2.2801703807939349e-04 1.9572059359698941e-04 9.3751456589946258e+02
1.8788469626101023e-01 2.3201004696272914e-04 2.0065036638231386e-04 9.3753482587487724e+02
1.9262306204070506e-01 2.3613788621800776e-04 2.0570435611782132e-04 9.3755525437905203e+02
1.9748092722992608e-01 2.4040510860975605e-04 2.1088569180174226e-04 9.3757585281991305e+02
2.0246130554891781e-01 2.4481642063392257e-04 2.1619758121964051e-04 9.3759662261724168e+02
2.0756728672256611e-01 2.4937668770886744e-04 2.2164331292719695e-04 9.3761756520277413e+02
2.1280203839719949e-01 2.5409093954163232e-04 2.2722625828285474e-04 9.3763868202030403e+02
2.1816880810573303e-01 2.5896437567541350e-04 2.3294987353158307e-04 9.3765997452578245e+02
2.2367092528237045e-01 2.6400237122435149e-04 2.3881770194103890e-04 9.3768144418742258e+02
2.2931180332811801e-01 2.6921048280196798e-04 2.4483337599144769e-04 9.3770309248580350e+02
2.3509494172838774e-01 2.7459445464978339e-04 2.5100061962054886e-04 9.3772492091397351e+02
2.4102392822400756e-01 2.8016022497287947e-04 2.5732325052499187e-04 9.3774693097755812e+02
2.4710244103698142e-01 2.8591393248938969e-04 2.6380518251959919e-04 9.3776912419486416e+02
2.5333425115238406e-01 2.9186192320114664e-04 2.7045042795595143e-04 9.3779150209698901e+02
2.5972322465780184e-01 2.9801075739294841e-04 2.7726310020178202e-04 9.3781406622792849e+02
2.6627332514177582e-01 3.0436721686816925e-04 2.8424741618271308e-04 9.3783681814468605e+02
2.7298861615272957e-01 3.1093831242868928e-04 2.9140769898789299e-04 9.3785975941738218e+02
2.7987326371991300e-01 3.1773129160739917e-04 2.9874838054114568e-04 9.3788289162936758e+02
2.8693153893792045e-01 3.2475364666180234e-04 3.0627400433927269e-04 9.3790621637733341e+02
2.9416782061639146e-01 3.3201312283753662e-04 3.1398922825919820e-04 9.3792973527142567e+02
3.0158659799653387e-01 3.3951772691092480e-04 3.2189882743568235e-04 9.3795344993535821e+02
3.0919247353615820e-01 3.4727573601997985e-04 3.3000769721137869e-04 9.3797736200652855e+02
3.1699016576494765e-01 3.5529570679360248e-04 3.3832085616104817e-04 9.3800147313613388e+02
3.2498451221173763e-01 3.6358648478904029e-04 3.4684344919179617e-04 9.3802578498928744e+02
3.3318047240562004e-01 3.7215721424801914e-04 3.5558075072123808e-04 9.3805029924513758e+02
3.4158313095273329e-01 3.8101734818230470e-04 3.6453816793555183e-04 9.3807501759698539e+02
3.5019770069064837e-01 3.9017665879982047e-04 3.7372124412942271e-04 9.3809994175240604e+02
3.5902952592230636e-01 3.9964524828281912e-04 3.8313566212993616e-04 9.3812507343336995e+02
3.6808408573151508e-01 4.0943355992999740e-04 3.9278724780652732e-04 9.3815041437636376e+02
3.7736699738206031e-01 4.1955238967484167e-04 4.0268197366914596e-04 9.3817596633251446e+02
3.8688401980254161e-01 4.3001289799290900e-04 4.1282596255685293e-04 9.3820173106771347e+02
3.9664105715909387e-01 4.4082662221117739e-04 4.2322549141911764e-04 9.3822771036274196e+02
4.0664416251821117e-01 4.5200548923304015e-04 4.3388699519214286e-04 9.3825390601339734e+02
4.1689954160194564e-01 4.6356182869298080e-04 4.4481707077260416e-04 9.3828031983062021e+02
4.2741355663781033e-01 4.7550838655543645e-04 4.5602248109124583e-04 9.3830695364062353e+02
4.3819273030577527e-01 4.8785833917284902e-04 4.6751015928884321e-04 9.3833380928502299e+02
4.4924374978480469e-01 5.0062530781840855e-04 4.7928721299709789e-04 9.3836088862096631e+02
4.6057347090144607e-01 5.1382337370951890e-04 4.9136092872710058e-04 9.3838819352126632e+02
4.7218892238304488e-01 5.2746709353855407e-04 5.0373877636806109e-04 9.3841572587453368e+02
4.8409731021822339e-01 5.4157151552803576e-04 5.1642841379907225e-04 9.3844348758531078e+02
4.9630602212732827e-01 5.5615219602794027e-04 5.2943769161674272e-04 9.3847148057420941e+02
5.0882263214562184e-01 5.7122521667344022e-04 5.4277465798161157e-04 9.3849970677804345e+02
5.2165490532205838e-01 5.8680720212200366e-04 5.5644756358631754e-04 9.3852816814996970e+02
5.3481080253656166e-01 6.0291533838941662e-04 5.7046486674858243e-04 9.3855686665962685e+02
5.4829848543879200e-01 6.1956739180495004e-04 5.8483523863214174e-04 9.3858580429327287e+02
5.6212632151146769e-01 6.3678172860657915e-04 5.9956756859882705e-04 9.3861498305393036e+02
5.7630288926137885e-01 6.5457733519786560e-04 6.1467096969509483e-04 9.3864440496152645e+02
5.9083698354131875e-01 6.7297383908884690e-04 6.3015478427637470e-04 9.3867407205303675e+02
6.0573762100623019e-01 6.9199153054402926e-04 6.4602858977268998e-04 9.3870398638263214e+02
6.2101404570695407e-01 7.1165138496135825e-04 6.6230220459909930e-04 9.3873415002182355e+02
6.3667573482504924e-01 7.3197508600685176e-04 6.7898569421458838e-04 9.3876456505961107e+02
6.5273240455224268e-01 7.5298504953041272e-04 6.9608937733313771e-04 9.3879523360263113e+02
6.6919401611815565e-01 7.7470444828919524e-04 7.1362383229078103e-04 9.3882615777530816e+02
6.8607078197004723e-01 7.9715723750579677e-04 7.3159990357256701e-04 9.3885733972000583e+02
7.0337317210840777e-01 8.2036818128946361e-04 7.5002870850343606e-04 9.3888878159717956e+02
7.2111192058233298e-01 8.4436287994944965e-04 7.6892164410712028e-04 9.3892048558553131e+02
7.3929803214870882e-01 8.6916779823065639e-04 7.8829039413728160e-04 9.3895245388216483e+02
7.5794278909933732e-01 8.9481029450269329e-04 8.0814693628520750e-04 9.3898468870274166e+02
7.7705775826023993e-01 9.2131865093455459e-04 8.2850354956848660e-04 9.3901719228164200e+02
7.9665479816748019e-01 9.4872210468819338e-04 8.4937282190521103e-04 9.3904996687212110e+02
8.1674606642395642e-01 9.7705088016539427e-04 8.7076765787834549e-04 9.3908301474647271e+02
8.3734402724173040e-01 1.0063362223435160e-03 8.9270128669503965e-04 9.3911633819619124e+02
8.5846145917456984e-01 1.0366104312368694e-03 9.1518727034576816e-04 9.3914993953213366e+02
8.8011146304550159e-01 1.0679068975217370e-03 9.3823951196830217e-04 9.3918382108468847e+02
9.0230747007429435e-01 1.1002601393643307e-03 9.6187226442165743e-04 9.3921798520393816e+02
9.2506325020991320e-01 1.1337058404923028e-03 9.8610013907526992e-04 9.3925243425983138e+02
9.4839292067311409e-01 1.1682808895518058e-03 1.0109381148188047e-03 9.3928717064234968e+02
9.7231095471447870e-01 1.2040234207935036e-03 1.0364015472981167e-03 9.3932219676168097e+02
9.9683219059332473e-01 1.2409728561324142e-03 1.0625061783830429e-03 9.3935751504839061e+02
1.0219718407830556e+00 1.2791699486279669e-03 1.0892681458728210e-03 9.3939312795359626e+02
1.0477455014086718e+00 1.3186568274322387e-03 1.1167039934451074e-03 9.3942903794914366e+02
1.0741691619222837e+00 1.3594770442559333e-03 1.1448306808546766e-03 9.3946524752778362e+02
1.1012592150226455e+00 1.4016756214033695e-03 1.1736655943880806e-03 9.3950175920335153e+02
1.1290324668248453e+00 1.4452991014294336e-03 1.2032265575806613e-03 9.3953857551094688e+02
1.1575061472864805e+00 1.4903955984732948e-03 1.2335318422025050e-03 9.3957569900711576e+02
1.1866979208967658e+00 1.5370148513254691e-03 1.2646001795200599e-03 9.3961313227003438e+02
1.2166258976352269e+00 1.5852082782867975e-03 1.2964507718403414e-03 9.3965087789969471e+02
1.2473086442067556e+00 1.6350290338798051e-03 1.3291033043447828e-03 9.3968893851809037e+02
1.2787651955600201e+00 1.6865320674750294e-03 1.3625779572200068e-03 9.3972731676940577e+02
1.3110150666963514e+00 1.7397741838969447e-03 1.3968954180929320e-03 9.3976601532020629e+02
1.3440782647764580e+00 1.7948141060763591e-03 1.4320768947778638e-03 9.3980503685962969e+02
1.3779753015324525e+00 1.8517125398183523e-03 1.4681441283433496e-03 9.3984438409958045e+02
1.4127272059929179e+00 1.9105322407572285e-03 1.5051194065068424e-03 9.3988405977492403e+02
1.4483555375288792e+00 1.9713380835722867e-03 1.5430255773653441e-03 9.3992406664368320e+02
1.4848823992288049e+00 2.0341971335407984e-03 1.5818860634704726e-03 9.3996440748724024e+02
1.5223304516109031e+00 2.0991787205070630e-03 1.6217248762565538e-03 9.4000508511053283e+02
1.5607229266812503e+00 2.1663545153491675e-03 1.6625666308305929e-03 9.4004610234225856e+02
1.6000836423464477e+00 2.2357986090277521e-03 1.7044365611331655e-03 9.4008746203507917e+02
1.6404370171897684e+00 2.3075875943040012e-03 1.7473605354795367e-03 9.4012916706582587e+02
1.6818080856199420e+00 2.3818006502169574e-03 1.7913650724905041e-03 9.4017122033570672e+02
1.7242225134019957e+00 2.4585196294133645e-03 1.8364773574227353e-03 9.4021362477051639e+02
1.7677066135797643e+00 2.5378291484263260e-03 1.8827252589085827e-03 9.4025638332084770e+02
1.8122873627999707e+00 2.6198166810023856e-03 1.9301373461156467e-03 9.4029949896230357e+02
1.8579924180479790e+00 2.7045726545799286e-03 1.9787429063365535e-03 9.4034297469571493e+02
1.9048501338056307e+00 2.7921905500253529e-03 2.0285719630197653e-03 9.4038681354735309e+02
1.9528895796417773e+00 2.8827670047369652e-03 2.0796552942523960e-03 9.4043101856915393e+02
2.0021405582464551e+00 2.9764019192303776e-03 2.1320244517064046e-03 9.4047559283893452e+02
2.0526336239198555e+00 3.0731985673229018e-03 2.1857117800597003e-03 9.4052053946061858e+02
2.1044001015275975e+00 3.1732637100385227e-03 2.2407504369040898e-03 9.4056586156446031e+02
2.1574721059340249e+00 3.2767077133590318e-03 2.2971744131522068e-03 9.4061156230727033e+02
2.2118825619256213e+00 3.3836446699512445e-03 2.3550185539559340e-03 9.4065764487264562e+02
2.2676652246368629e+00 3.4941925250045014e-03 2.4143185801490771e-03 9.4070411247120092e+02
2.3248547004912257e+00 3.6084732063173097e-03 2.4751111102274469e-03 9.4075096834080000e+02
2.3834864686702955e+00 3.7266127587765414e-03 2.5374336828797436e-03 9.4079821574679124e+02
2.4435969031243263e+00 3.8487414833775447e-03 2.6013247800830406e-03 9.4084585798224521e+02
2.5052232951379025e+00 3.9749940809385128e-03 2.6668238507769892e-03 9.4089389836819419e+02
2.5684038764646804e+00 4.1055098006675672e-03 2.7339713351311940e-03 9.4094234025387175e+02
2.6331778430455954e+00 4.2404325937464779e-03 2.8028086894206082e-03 9.4099118701695772e+02
2.6995853793252120e+00 4.3799112721003581e-03 2.8733784115241288e-03 9.4104044206382332e+02
2.7676676831813447e+00 4.5240996725285035e-03 2.9457240670619955e-03 9.4109010882977918e+02
2.8374669914833652e+00 4.6731568263773393e-03 3.0198903161879273e-03 9.4114019077932517e+02
2.9090266062951051e+00 4.8272471349426818e-03 3.0959229410523928e-03 9.4119069140640363e+02
2.9823909217385602e+00 4.9865405507947078e-03 3.1738688739537638e-03 9.4124161423465102e+02
3.0576054515351059e+00 5.1512127652256819e-03 3.2537762261945526e-03 9.4129296281765892e+02
3.1347168572412705e+00 5.3214454020271296e-03 3.3356943176603418e-03 9.4134474073923013e+02
3.2137729771966201e+00 5.4974262178102435e-03 3.4196737071394857e-03 9.4139695161364091e+02
3.2948228562016748e+00 5.6793493090903820e-03 3.5057662234020473e-03 9.4144959908590511e+02
3.3779167759443149e+00 5.8674153263641796e-03 3.5940249970569963e-03 9.4150268683204069e+02
3.4631062861934958e+00 6.0618316954152238e-03 3.6845044932070472e-03 9.4155621855933623e+02
3.5504442367796867e+00 6.2628128460925688e-03 3.7772605449211101e-03 9.4161019800662518e+02
3.6399848103818098e+00 6.4705804488142445e-03 3.8723503875447408e-03 9.4166462894455549e+02
3.7317835561410813e+00 6.6853636590567551e-03 3.9698326938695429e-03 9.4171951517586854e+02
3.8258974241225481e+00 6.9073993701000928e-03 4.0697676101829373e-03 9.4177486053567623e+02
3.9223848006457591e+00 7.1369324743071564e-03 4.1722167932203361e-03 9.4183066889174165e+02
4.0213055445064274e+00 7.3742161332256365e-03 4.2772434480421746e-03 9.4188694414476299e+02
4.1227210241116223e+00 7.6195120568103725e-03 4.3849123668589845e-03 9.4194369022865840e+02
4.2266941555514537e+00 7.8730907920740514e-03 4.4952899688280624e-03 9.4200091111085635e+02
4.3332894416309493e+00 8.1352320214847281e-03 4.6084443408461080e-03 9.4205861079258489e+02
4.4425730118862550e+00 8.4062248714391295e-03 4.7244452793625703e-03 9.4211679330916638e+02
4.5546126636100679e+00 8.6863682311521667e-03 4.8433643332392862e-03 9.4217546273031337e+02
4.6694779039116714e+00 8.9759710823141461e-03 4.9652748476824073e-03 9.4223462316042821e+02
4.7872399928377405e+00 9.2753528398794895e-03 5.0902520092734899e-03 9.4229427873890404e+02
4.9079719875806038e+00 9.5848437043626576e-03 5.2183728921270543e-03 9.4235443364043067e+02
5.0317487878014484e+00 9.9047850260299847e-03 5.3497165052028344e-03 9.4241509207529941e+02
5.1586471820965185e+00 1.0235529681388942e-02 5.4843638408013876e-03 9.4247625828971604e+02
5.2887458956352127e+00 1.0577442462390283e-02 5.6223979242727264e-03 9.4253793656611128e+02
5.4221256389995460e+00 1.0930900478772102e-02 5.7639038649680919e-03 9.4260013122345777e+02
5.5588691582553693e+00 1.1296293573989818e-02 5.9089689084659749e-03 9.4266284661758823e+02
5.6990612862863106e+00 1.1674024755190558e-02 6.0576824901040814e-03 9.4272608714151693e+02
5.8427889954223904e+00 1.2064510637706478e-02 6.2101362898498722e-03 9.4278985722576408e+02
5.9901414513958473e+00 1.2468181904556957e-02 6.3664242885429706e-03 9.4285416133868307e+02
6.1412100686577649e+00 1.2885483781466769e-02 6.5266428255437393e-03 9.4291900398679013e+02
6.2960885670896980e+00 1.3316876527923866e-02 6.6908906578229330e-03 9.4298438971509984e+02
6.4548730301456025e+00 1.3762835944818665e-02 6.8592690205285436e-03 9.4305032310745821e+02
6.6176619644600141e+00 1.4223853899224441e-02 7.0318816890664109e-03 9.4311680878688423e+02
6.7845563609595825e+00 1.4700438866897933e-02 7.2088350427325495e-03 9.4318385141591250e+02
6.9556597575157442e+00 1.5193116493098182e-02 7.3902381299356789e-03 9.4325145569693746e+02
7.1310783031775342e+00 1.5702430172342505e-02 7.5762027350496945e-03 9.4331962637256413e+02
7.3109208240242554e+00 1.6228941647738679e-02 7.7668434469366082e-03 9.4338836822595692e+02
7.4952988906789813e+00 1.6773231630554723e-02 7.9622777291816060e-03 9.4345768608119829e+02
7.6843268875246613e+00 1.7335900440709259e-02 8.1626259920828167e-03 9.4352758480364673e+02
7.8781220836658834e+00 1.7917568668889269e-02 8.3680116664396290e-03 9.4359806930029436e+02
8.0768047056801962e+00 1.8518877861025108e-02 8.5785612791840875e-03 9.4366914452013714e+02
8.2804980122042569e+00 1.9140491225878124e-02 8.7944045309015489e-03 9.4374081545454067e+02
8.4893283704009281e+00 1.9783094366520933e-02 9.0156743752873789e-03 9.4381308713761268e+02
8.7034253343549235e+00 2.0447396036517445e-02 9.2425071005881026e-03 9.4388596464657735e+02
8.9229217254454749e+00 2.1134128921636405e-02 9.4750424130761787e-03 9.4395945310215484e+02
9.1479537147460377e+00 2.1844050447960894e-02 9.7134235226092325e-03 9.4403355766894379e+02
9.3786609075020078e+00 2.2577943617284772e-02 9.9577972303254349e-03 9.4410828355580463e+02
9.6151864297389711e+00 2.3336617870717734e-02 1.0208314018528264e-02 9.4418363601625174e+02
9.8576770170551864e+00 2.4120909981451465e-02 1.0465128142815156e-02 9.4425962034884367e+02
1.0106283105653322e+01 2.4931684977671262e-02 1.0728397726505742e-02 9.4433624189758189e+02
1.0361158925668020e+01 2.5769837096631450e-02 1.0998284857426995e-02 9.4441350605230934e+02
1.0622462596847081e+01 2.6636290770946477e-02 1.1274955687113813e-02 9.4449141824911294e+02
1.0890356226645782e+01 2.7532001648186057e-02 1.1558580532485180e-02 9.4456998397073437e+02
1.1165006010794983e+01 2.8457957644898235e-02 1.1849333980057367e-02 9.4464920874697884e+02
1.1446582336405577e+01 2.9415180036223402e-02 1.2147394992757353e-02 9.4472909815513026e+02
1.1735259887673179e+01 3.0404724582300941e-02 1.2452947019401001e-02 9.4480965782037185e+02
1.2031217754248580e+01 3.1427682692710492e-02 1.2766178106902259e-02 9.4489089341620638e+02
1.2334639542341378e+01 3.2485182630232992e-02 1.3087281015281362e-02 9.4497281066488438e+02
1.2645713488625473e+01 3.3578390755258140e-02 1.3416453335541353e-02 9.4505541533783617e+02
1.2964632577017268e+01 3.4708512812211573e-02 1.3753897610484470e-02 9.4513871325610296e+02
1.3291594658398896e+01 3.5876795259420016e-02 1.4099821458541138e-02 9.4522271029077740e+02
1.3626802573360948e+01 3.7084526643882024e-02 1.4454437700686705e-02 9.4530741236344898e+02
1.3970464278040565e+01 3.8333039022459485e-02 1.4817964490522390e-02 9.4539282544664547e+02
1.4322792973133206e+01 3.9623709431058328e-02 1.5190625447599053e-02 9.4547895556428909e+02
1.4684007236157944e+01 4.0957961403418092e-02 1.5572649794064360e-02 9.4556580879214914e+02
1.5054331157058577e+01 4.2337266541186462e-02 1.5964272494715947e-02 9.4565339125830178e+02
1.5433994477224386e+01 4.3763146137009351e-02 1.6365734400544844e-02 9.4574170914359422e+02
1.5823232732017033e+01 4.5237172852427537e-02 1.6777282395856102e-02 9.4583076868211299e+02
1.6222287396891808e+01 4.6760972452429814e-02 1.7199169549055135e-02 9.4592057616165562e+02
1.6631406037204176e+01 4.8336225598576796e-02 1.7631655267191029e-02 9.4601113792420858e+02
1.7050842461794183e+01 4.9964669702671750e-02 1.8075005454349664e-02 9.4610246036642968e+02
1.7480856880444321e+01 5.1648100843024049e-02 1.8529492673992547e-02 9.4619454994013165e+02
1.7921716065308274e+01 5.3388375745417840e-02 1.8995396315338815e-02 9.4628741315277341e+02
1.8373693516411009e+01 5.5187413830972087e-02 1.9473002763891099e-02 9.4638105656795574e+02
1.8837069631322553e+01 5.7047199333149251e-02 1.9962605576207604e-02 9.4647548680592183e+02
1.9312131879110925e+01 5.8969783486248435e-02 2.0464505659025987e-02 9.4657071054406038e+02
1.9799174978682000e+01 6.0957286787796196e-02 2.0979011452846662e-02 9.4666673451741485e+02
2.0298501081617214e+01 6.3011901337331436e-02 2.1506439120086360e-02 9.4676356551919901e+02
2.0810419959622141e+01 6.5135893254162164e-02 2.2047112737914893e-02 9.4686121040131309e+02
2.1335249196702581e+01 6.7331605176762441e-02 2.2601364495891320e-02 9.4695967607487137e+02
2.1873314386187072e+01 6.9601458846564684e-02 2.3169534898518362e-02 9.4705896951072737e+02
2.2424949332718494e+01 7.1947957778999053e-02 2.3751972972837102e-02 9.4715909774001000e+02
2.2990496259339540e+01 7.4373690024723646e-02 2.4349036481186428e-02 9.4726006785466075e+02
2.3570306019800949e+01 7.6881331024092836e-02 2.4961092139255410e-02 9.4736188700797925e+02
2.4164738316223893e+01 7.9473646558010411e-02 2.5588515839559501e-02 9.4746456241517058e+02
2.4774161922251974e+01 8.2153495798424472e-02 2.6231692880475065e-02 9.4756810135390106e+02
2.5398954911830749e+01 8.4923834461825831e-02 2.6891018200969456e-02 9.4767251116485613e+02
2.6039504893757137e+01 8.7787718069230178e-02 2.7566896621167875e-02 9.4777779925230777e+02
2.6696209252143881e+01 9.0748305316237954e-02 2.8259743088901241e-02 9.4788397308468302e+02
2.7369475392948669e+01 9.3808861556891041e-02 2.8969982932383422e-02 9.4799104019513823e+02
2.8059720996720390e+01 9.6972762405166210e-02 2.9698052119168778e-02 9.4809900818214464e+02
2.8767374277719629e+01 1.0024349745807953e-01 3.0444397521546054e-02 9.4820788471007086e+02
2.9492874249573944e+01 1.0362467414450668e-01 3.1209477188527179e-02 9.4831767750977667e+02
3.0236670997633109e+01 1.0712002170396613e-01 3.1993760624594532e-02 9.4842839437921293e+02
3.0999225958192753e+01 1.1073339529975092e-01 3.2797729075373379e-02 9.4854004318402156e+02
3.1781012204760060e+01 1.1446878027094805e-01 3.3621875820400729e-02 9.4865263185814877e+02
3.2582514741538780e+01 1.1833029652803290e-01 3.4466706473165978e-02 9.4876616840445809e+02
3.3404230804316093e+01 1.2232220309688982e-01 3.5332739288603206e-02 9.4888066089535221e+02
3.4246670168937428e+01 1.2644890281626708e-01 3.6220505478218812e-02 9.4899611747340066e+02
3.5110355467561028e+01 1.3071494719385029e-01 3.7130549533043386e-02 9.4911254635197326e+02
3.5995822512888104e+01 1.3512504142630732e-01 3.8063429554600681e-02 9.4922995581587861e+02
3.6903620630570309e+01 1.3968404958884537e-01 3.9019717594092292e-02 9.4934835422201070e+02
3.7834313000000002e+01 1.4439700000000000e-01 4.0000000000000001e-02 9.4946956000000000e+02
4.3001810999999996e+01 1.8227499999999999e-01 4.5440000000000001e-02 9.5035581000000002e+02
4.8174092999999999e+01 2.2441500000000000e-01 5.0880000000000002e-02 9.5123032499999999e+02
5.3351098999999998e+01 2.7081200000000000e-01 5.6320000000000002e-02 9.5209538399999997e+02
5.8532787999999996e+01 3.2158900000000001e-01 6.1760000000000002e-02 9.5295478500000002e+02
6.3719141999999998e+01 3.7701800000000002e-01 6.7199999999999996e-02 9.5381369700000005e+02
6.8910174999999995e+01 4.3753500000000001e-01 7.2639999999999996e-02 9.5467840100000001e+02
7.4105936999999997e+01 5.0373800000000002e-01 7.8079999999999997e-02 9.5555601100000001e+02
7.9306518999999994e+01 5.7638900000000004e-01 8.3519999999999997e-02 9.5645420500000000e+02
8.4512052999999995e+01 6.5640399999999999e-01 8.8959999999999997e-02 9.5738100399999996e+02
8.9722718999999998e+01 7.4484399999999995e-01 9.4399999999999998e-02 9.5834458099999995e+02
9.4938737000000003e+01 8.4290399999999999e-01 9.9839999999999998e-02 9.5935311600000000e+02
1.0016037500000000e+02 9.5189900000000005e-01 1.0528000000000000e-01 9.6041467899999998e+02
1.0538788500000000e+02 1.0700069999999999e+00 1.1072000000000000e-01 9.6150725799999998e+02
1.1062141900000000e+02 1.1986550000000000e+00 1.1616000000000000e-01 9.6264011000000005e+02
1.1586127900000000e+02 1.3412470000000001e+00 1.2160000000000000e-01 9.6383828600000004e+02
1.2110785500000000e+02 1.5000180000000001e+00 1.2703999999999999e-01 9.6511407199999996e+02
1.2636159600000001e+02 1.6770179999999999e+00 1.3247999999999999e-01 9.6647676100000001e+02
1.3162299600000000e+02 1.8742350000000001e+00 1.3791999999999999e-01 9.6793407200000001e+02
1.3689258799999999e+02 2.0936340000000002e+00 1.4335999999999999e-01 9.6949265900000000e+02
1.4217093900000000e+02 2.3371710000000001e+00 1.4879999999999999e-01 9.7115836300000001e+02
1.4745864700000001e+02 2.6067950000000000e+00 1.5423999999999999e-01 9.7293636500000002e+02
1.5275633500000001e+02 2.9044509999999999e+00 1.5967999999999999e-01 9.7483127300000001e+02
1.5806465100000000e+02 3.2320769999999999e+00 1.6511999999999999e-01 9.7684719199999995e+02
1.6338426200000001e+02 3.5916039999999998e+00 1.7055999999999999e-01 9.7898777500000006e+02
1.6871585700000000e+02 3.9849470000000000e+00 1.7599999999999999e-01 9.8125625900000000e+02
1.7406013899999999e+02 4.4140079999999999e+00 1.8143999999999999e-01 9.8365550199999996e+02
1.7941782699999999e+02 4.8806729999999998e+00 1.8687999999999999e-01 9.8618800799999997e+02
1.8478965099999999e+02 5.3868010000000002e+00 1.9231999999999999e-01 9.8885595200000000e+02
1.9017635400000000e+02 5.9342319999999997e+00 1.9775999999999999e-01 9.9166120100000001e+02
1.9557868800000000e+02 6.5247729999999997e+00 2.0319999999999999e-01 9.9460532799999999e+02
2.0099741100000000e+02 7.1602030000000001e+00 2.0863999999999999e-01 9.9768963399999996e+02
2.0643329000000000e+02 7.8422669999999997e+00 2.1407999999999999e-01 1.0009151580000000e+03
2.1188709499999999e+02 8.5726720000000007e+00 2.1951999999999999e-01 1.0042826900000000e+03
2.1735960100000000e+02 9.3530840000000008e+00 2.2495999999999999e-01 1.0077927800000000e+03
2.2285158500000000e+02 1.0185129000000000e+01 2.3039999999999999e-01 1.0114457500000000e+03
2.2836382300000000e+02 1.1070383000000000e+01 2.3583999999999999e-01 1.0152417000000000e+03
2.3389709500000001e+02 1.2010373000000000e+01 2.4127999999999999e-01 1.0191805140000000e+03
2.3945217700000001e+02 1.3006575000000000e+01 2.4671999999999999e-01 1.0232618649999999e+03
2.4502984400000000e+02 1.4060406000000000e+01 2.5216000000000000e-01 1.0274852229999999e+03
2.5063086600000000e+02 1.5173223999999999e+01 2.5760000000000000e-01 1.0318498580000000e+03
2.5625600900000001e+02 1.6346326000000001e+01 2.6304000000000000e-01 1.0363548450000001e+03
2.6190603499999997e+02 1.7580940999999999e+01 2.6848000000000000e-01 1.0409990650000000e+03
2.6758169900000001e+02 1.8878229000000001e+01 2.7392000000000000e-01 1.0457812140000001e+03
2.7328374600000001e+02 2.0239280000000001e+01 2.7936000000000000e-01 1.0506998070000000e+03
2.7901291500000002e+02 2.1665109000000001e+01 2.8480000000000000e-01 1.0557531799999999e+03
2.8476993499999998e+02 2.3156652999999999e+01 2.9024000000000000e-01 1.0609394980000000e+03
2.9055552299999999e+02 2.4714773999999998e+01 2.9568000000000000e-01 1.0662567620000000e+03
2.9637038799999999e+02 2.6340252000000000e+01 3.0112000000000000e-01 1.0717028150000001e+03
3.0221522199999998e+02 2.8033787000000000e+01 3.0656000000000000e-01 1.0772753510000000e+03
3.0809071000000000e+02 2.9795998000000001e+01 3.1200000000000000e-01 1.0829719230000001e+03
3.1399751700000002e+02 3.1627421999999999e+01 3.1744000000000000e-01 1.0887899510000000e+03
3.1993629900000002e+02 3.3528516000000003e+01 3.2288000000000000e-01 1.0947267340000001e+03
3.2590769399999999e+02 3.5499656000000002e+01 3.2832000000000000e-01 1.1007794610000001e+03
3.3191232500000001e+02 3.7541139000000001e+01 3.3376000000000000e-01 1.1069452220000001e+03
3.3795079900000002e+02 3.9653185000000001e+01 3.3920000000000000e-01 1.1132210160000000e+03
3.4402370700000000e+02 4.1835940000000001e+01 3.4464000000000000e-01 1.1196037670000001e+03
3.5013162299999999e+02 4.4089477000000002e+01 3.5008000000000000e-01 1.1260903360000000e+03
3.5627397300000001e+02 4.6178592999999999e+01 3.5552000000000000e-01 1.1320127720000000e+03
3.6244623600000000e+02 4.8062064999999997e+01 3.6096000000000000e-01 1.1372698530000000e+03
3.6864649200000002e+02 4.9901386000000002e+01 3.6640000000000000e-01 1.1423267260000000e+03
3.7487393200000002e+02 5.1727169000000004e+01 3.7184000000000000e-01 1.1472723350000001e+03
3.8112807099999998e+02 5.3553144000000003e+01 3.7728000000000000e-01 1.1521465940000001e+03
3.8740858500000002e+02 5.5387076999999998e+01 3.8272000000000000e-01 1.1569720000000000e+03
3.9371525000000003e+02 5.7233924000000002e+01 3.8816000000000001e-01 1.1617627930000001e+03
4.0004790700000001e+02 5.9097090999999999e+01 3.9360000000000001e-01 1.1665286560000000e+03
4.0640643899999998e+02 6.0979045999999997e+01 3.9904000000000001e-01 1.1712765019999999e+03
4.1279076300000003e+02 6.2881647000000001e+01 4.0448000000000001e-01 1.1760114450000001e+03
4.1920077199999997e+02 6.4770131000000006e+01 4.0992000000000001e-01 1.1806489329999999e+03
4.2563456300000001e+02 6.6481556999999995e+01 4.1536000000000001e-01 1.1847959280000000e+03
4.3209064699999999e+02 6.8181769000000003e+01 4.2080000000000001e-01 1.1888620280000000e+03
4.3856877200000002e+02 6.9893373999999994e+01 4.2624000000000001e-01 1.1929027790000000e+03
4.4506885199999999e+02 7.1623271000000003e+01 4.3168000000000001e-01 1.1969349170000000e+03
4.5159086300000001e+02 7.3374842999999998e+01 4.3712000000000001e-01 1.2009664560000001e+03
4.5813481500000000e+02 7.5150098999999997e+01 4.4256000000000001e-01 1.2050019780000000e+03
4.6470074000000000e+02 7.6950367000000000e+01 4.4800000000000001e-01 1.2090443670000000e+03
4.7128867900000000e+02 7.8776587000000006e+01 4.5344000000000001e-01 1.2130955480000000e+03
4.7789868500000000e+02 8.0629462000000004e+01 4.5888000000000001e-01 1.2171568470000000e+03
4.8453081400000002e+02 8.2509533000000005e+01 4.6432000000000001e-01 1.2212292030000001e+03
4.9118513000000002e+02 8.4417230000000004e+01 4.6976000000000001e-01 1.2253132790000000e+03
4.9786169699999999e+02 8.6352903999999995e+01 4.7520000000000001e-01 1.2294095440000001e+03
5.0456058300000001e+02 8.8316839999999999e+01 4.8064000000000001e-01 1.2335183219999999e+03
5.1128185600000000e+02 9.0309279000000004e+01 4.8608000000000001e-01 1.2376398260000001e+03
5.1802558499999998e+02 9.2330420000000004e+01 4.9152000000000001e-01 1.2417741850000000e+03
5.2479184199999997e+02 9.4380433999999994e+01 4.9696000000000001e-01 1.2459214569999999e+03
5.3158069599999999e+02 9.6459463999999997e+01 5.0239999999999996e-01 1.2500816490000000e+03
5.3839221799999996e+02 9.8567632000000003e+01 5.0783999999999996e-01 1.2542547239999999e+03
5.4522647700000005e+02 1.0070503900000000e+02 5.1327999999999996e-01 1.2584406070000000e+03
5.5208354399999996e+02 1.0287177300000000e+02 5.1871999999999996e-01 1.2626391960000001e+03
5.5896348499999999e+02 1.0506790400000000e+02 5.2415999999999996e-01 1.2668503630000000e+03
5.6586637099999996e+02 1.0729349200000000e+02 5.2959999999999996e-01 1.2710739599999999e+03
5.7279226800000004e+02 1.0954858500000000e+02 5.3503999999999996e-01 1.2753098230000001e+03
5.7974124200000006e+02 1.1183321900000000e+02 5.4047999999999996e-01 1.2795577720000001e+03
5.8671335799999997e+02 1.1414742200000001e+02 5.4591999999999996e-01 1.2838176180000000e+03
5.9370868099999996e+02 1.1649121400000000e+02 5.5135999999999996e-01 1.2880891580000000e+03
6.0072727399999997e+02 1.1886460599999999e+02 5.5679999999999996e-01 1.2923721849999999e+03
6.0776919799999996e+02 1.2126760299999999e+02 5.6223999999999996e-01 1.2966664820000001e+03
6.1483451500000001e+02 1.2370020100000001e+02 5.6767999999999996e-01 1.3009718280000000e+03
6.2192328299999997e+02 1.2616239299999999e+02 5.7311999999999996e-01 1.3052879969999999e+03
6.2903556200000003e+02 1.2865416300000001e+02 5.7855999999999996e-01 1.3096147599999999e+03
6.3617140800000004e+02 1.3117549299999999e+02 5.8399999999999996e-01 1.3139518849999999e+03
6.4333087699999999e+02 1.3372635700000001e+02 5.8943999999999996e-01 1.3182991370000000e+03
6.5051402299999995e+02 1.3630672600000000e+02 5.9487999999999996e-01 1.3226562799999999e+03
6.5772089900000003e+02 1.3891656599999999e+02 6.0031999999999996e-01 1.3270230790000001e+03
6.6495155799999998e+02 1.4155583999999999e+02 6.0575999999999997e-01 1.3313992960000000e+03
6.7220605000000000e+02 1.4422450599999999e+02 6.1119999999999997e-01 1.3357846939999999e+03
6.7948442499999999e+02 1.4692251899999999e+02 6.1663999999999997e-01 1.3401790370000001e+03
6.8678672900000004e+02 1.4964982900000001e+02 6.2207999999999997e-01 1.3445820900000001e+03
6.9411301100000003e+02 1.5240638500000000e+02 6.2751999999999997e-01 1.3489936160000000e+03
7.0146331499999997e+02 1.5519213199999999e+02 6.3295999999999997e-01 1.3534133830000001e+03
7.0883768599999996e+02 1.5800701300000000e+02 6.3839999999999997e-01 1.3578411599999999e+03
7.1623616700000002e+02 1.6085096600000000e+02 6.4383999999999997e-01 1.3622767160000001e+03
7.2365879900000004e+02 1.6372393000000000e+02 6.4927999999999997e-01 1.3667198229999999e+03
7.3110562200000004e+02 1.6662583900000001e+02 6.5471999999999997e-01 1.3711702550000000e+03
7.3857667700000002e+02 1.6955662599999999e+02 6.6015999999999997e-01 1.3756277889999999e+03
7.4607200100000000e+02 1.7251622100000000e+02 6.6559999999999997e-01 1.3800922029999999e+03
7.5359163100000001e+02 1.7550455299999999e+02 6.7103999999999997e-01 1.3845632780000001e+03
7.6113560299999995e+02 1.7852154899999999e+02 6.7647999999999997e-01 1.3890407990000001e+03
7.6870394999999996e+02 1.8156713400000001e+02 6.8191999999999997e-01 1.3935245520000001e+03
7.7629670699999997e+02 1.8464123200000000e+02 6.8735999999999997e-01 1.3980143270000001e+03
7.8391390500000000e+02 1.8774376500000000e+02 6.9279999999999997e-01 1.4025099150000001e+03
7.9155557599999997e+02 1.9087465300000000e+02 6.9823999999999997e-01 1.4070111119999999e+03
7.9922175000000004e+02 1.9403381600000000e+02 7.0367999999999997e-01 1.4115177150000000e+03
8.0691245500000002e+02 1.9722117299999999e+02 7.0911999999999997e-01 1.4160295260000000e+03
8.1462771899999996e+02 2.0043663900000001e+02 7.1455999999999997e-01 1.4205463480000001e+03
8.2236756900000000e+02 2.0368013199999999e+02 7.1999999999999997e-01 1.4250679889999999e+03
8.3013203099999998e+02 2.0695156600000001e+02 7.2543999999999997e-01 1.4295942580000001e+03
8.3792112899999995e+02 2.1025085500000000e+02 7.3087999999999997e-01 1.4341249680000001e+03
8.4573488799999996e+02 2.1357791399999999e+02 7.3631999999999997e-01 1.4386599349999999e+03
8.5357332799999995e+02 2.1693265400000001e+02 7.4175999999999997e-01 1.4431989790000000e+03
8.6143647299999998e+02 2.2031498700000000e+02 7.4719999999999998e-01 1.4477419210000000e+03
8.6932434300000000e+02 2.2372482400000001e+02 7.5263999999999998e-01 1.4522885859999999e+03
8.7723695799999996e+02 2.2716207700000001e+02 7.5807999999999998e-01 1.4568388030000001e+03
8.8517433600000004e+02 2.3062665500000000e+02 7.6351999999999998e-01 1.4613924019999999e+03
8.9313649599999997e+02 2.3411846800000001e+02 7.6895999999999998e-01 1.4659492170000001e+03
9.0112345500000004e+02 2.3763742500000001e+02 7.7439999999999998e-01 1.4705090860000000e+03
9.0913522899999998e+02 2.4118343400000001e+02 7.7983999999999998e-01 1.4750718480000000e+03
9.1717183199999999e+02 2.4475640500000000e+02 7.8527999999999998e-01 1.4796373460000000e+03
9.2523328000000004e+02 2.4835624500000000e+02 7.9071999999999998e-01 1.4842054260000000e+03
9.3331958599999996e+02 2.5198286200000001e+02 7.9615999999999998e-01 1.4887759349999999e+03
9.4143076399999995e+02 2.5563616400000001e+02 8.0159999999999998e-01 1.4933487259999999e+03
9.4956682400000000e+02 2.5931605900000000e+02 8.0703999999999998e-01 1.4979236519999999e+03
9.5772777799999994e+02 2.6302245199999999e+02 8.1247999999999998e-01 1.5025005699999999e+03
9.6591363699999999e+02 2.6675525199999998e+02 8.1791999999999998e-01 1.5070793389999999e+03
9.7412441100000001e+02 2.7051436600000000e+02 8.2335999999999998e-01 1.5116598220000001e+03
9.8236010699999997e+02 2.7429969999999997e+02 8.2879999999999998e-01 1.5162418829999999e+03
9.9062073499999997e+02 2.7811116199999998e+02 8.3423999999999998e-01 1.5208253910000001e+03
9.9890630199999998e+02 2.8194865800000002e+02 8.3967999999999998e-01 1.5254102140000000e+03
1.0072168150000000e+03 2.8581209500000000e+02 8.4511999999999998e-01 1.5299962250000001e+03
1.0155522800000000e+03 2.8970138100000003e+02 8.5055999999999998e-01 1.5345832989999999e+03
1.0239127020000000e+03 2.9361642100000000e+02 8.5599999999999998e-01 1.5391713139999999e+03
1.0322980860000000e+03 2.9755712399999999e+02 8.6143999999999998e-01 1.5437601490000000e+03
1.0407084370000000e+03 3.0152339599999999e+02 8.6687999999999998e-01 1.5483496869999999e+03
1.0491437570000001e+03 3.0551514500000002e+02 8.7231999999999998e-01 1.5529398120000001e+03
1.0576040499999999e+03 3.0953227800000002e+02 8.7775999999999998e-01 1.5575304120000001e+03
1.0660893180000000e+03 3.1357470300000000e+02 8.8319999999999999e-01 1.5621213740000001e+03
1.0745995620000001e+03 3.1764232700000002e+02 8.8863999999999999e-01 1.5667125920000001e+03
1.0831347840000001e+03 3.2173505799999998e+02 8.9407999999999999e-01 1.5713039580000000e+03
1.0916949840000000e+03 3.2585280599999999e+02 8.9951999999999999e-01 1.5758953680000000e+03
1.1002801620000000e+03 3.2999547699999999e+02 9.0495999999999999e-01 1.5804867200000001e+03
1.1088903180000000e+03 3.3416298100000000e+02 9.1039999999999999e-01 1.5850779150000001e+03
1.1175254500000001e+03 3.3835522700000001e+02 9.1583999999999999e-01 1.5896688540000000e+03
1.1261855570000000e+03 3.4257212399999997e+02 9.2127999999999999e-01 1.5942594420000000e+03
1.1348706360000001e+03 3.4681358000000000e+02 9.2671999999999999e-01 1.5988495840000000e+03
1.1435806860000000e+03 3.5107950799999998e+02 9.3215999999999999e-01 1.6034391889999999e+03
1.1523157020000001e+03 3.5536981500000002e+02 9.3759999999999999e-01 1.6080281669999999e+03
1.1610756810000000e+03 3.5968441300000001e+02 9.4303999999999999e-01 1.6126164300000000e+03
1.1698606190000000e+03 3.6402321300000000e+02 9.4847999999999999e-01 1.6172038930000001e+03
1.1786705110000000e+03 3.6838612599999999e+02 9.5391999999999999e-01 1.6217904699999999e+03
1.1875053519999999e+03 3.7277306299999998e+02 9.5935999999999999e-01 1.6263760789999999e+03
1.1963651379999999e+03 3.7718393700000001e+02 9.6479999999999999e-01 1.6309606409999999e+03
1.2052498610000000e+03 3.8161865999999998e+02 9.7023999999999999e-01 1.6355440759999999e+03
1.2141595159999999e+03 3.8607714499999997e+02 9.7567999999999999e-01 1.6401263070000000e+03
1.2230940949999999e+03 3.9055930400000000e+02 9.8111999999999999e-01 1.6447072590000000e+03
1.2320535920000000e+03 3.9506505399999998e+02 9.8655999999999999e-01 1.6492868590000000e+03
1.2410379989999999e+03 3.9959430600000002e+02 9.9199999999999999e-01 1.6538650359999999e+03
1.2500473079999999e+03 4.0414697799999999e+02 9.9743999999999999e-01 1.6584417189999999e+03
1.2590815110000001e+03 4.0872298300000000e+02 1.0028800000000000e+00 1.6630168400000000e+03
1.2681405980000000e+03 4.1332223900000002e+02 1.0083200000000001e+00 1.6675903320000000e+03
1.2772245620000001e+03 4.1794466199999999e+02 1.0137600000000000e+00 1.6721621319999999e+03
1.2863333929999999e+03 4.2259017000000000e+02 1.0192000000000001e+00 1.6767321750000001e+03
1.2954670799999999e+03 4.2725868100000002e+02 1.0246400000000000e+00 1.6813004020000001e+03
1.3046256140000000e+03 4.3195011599999998e+02 1.0300800000000001e+00 1.6858667530000000e+03
1.3138089849999999e+03 4.3666439300000002e+02 1.0355200000000000e+00 1.6904311700000001e+03
1.3230171820000000e+03 4.4140143499999999e+02 1.0409600000000001e+00 1.6949935980000000e+03
1.3322501930000001e+03 4.4616116499999998e+02 1.0464000000000000e+00 1.6995539839999999e+03
1.3415080080000000e+03 4.5094350600000001e+02 1.0518400000000001e+00 1.7041122769999999e+03
1.3507906149999999e+03 4.5574838599999998e+02 1.0572800000000000e+00 1.7086684290000001e+03
1.3600980020000000e+03 4.6057573300000001e+02 1.0627200000000001e+00 1.7132223939999999e+03
1.3694301579999999e+03 4.6542547800000000e+02 1.0681600000000000e+00 1.7177741309999999e+03
1.3787870690000000e+03 4.7029755599999999e+02 1.0736000000000001e+00 1.7223236010000001e+03
1.3881687240000001e+03 4.7519190900000001e+02 1.0790400000000000e+00 1.7268707720000000e+03
1.3975751100000000e+03 4.8010848399999998e+02 1.0844800000000001e+00 1.7314156200000000e+03
1.4070062150000001e+03 4.8504724399999998e+02 1.0899200000000000e+00 1.7359581330000001e+03
1.4164620250000000e+03 4.9000817200000000e+02 1.0953599999999999e+00 1.7404983190000000e+03
1.4259425280000000e+03 4.9499130700000001e+02 1.1008000000000000e+00 1.7450362359999999e+03
1.4354477119999999e+03 4.9999696499999999e+02 1.1062399999999999e+00 1.7495721940000001e+03
1.4449775680000000e+03 5.0502500800000001e+02 1.1116800000000000e+00 1.7541060869999999e+03
1.4545320800000000e+03 5.1007436100000001e+02 1.1171199999999999e+00 1.7586369720000000e+03
1.4641112330000001e+03 5.1514494700000000e+02 1.1225600000000000e+00 1.7631648060000000e+03
1.4737150099999999e+03 5.2023668599999996e+02 1.1279999999999999e+00 1.7676895509999999e+03
1.4833433940000000e+03 5.2534950200000003e+02 1.1334400000000000e+00 1.7722111669999999e+03
1.4929963670000000e+03 5.3048331700000006e+02 1.1388799999999999e+00 1.7767296170000000e+03
1.5026739120000000e+03 5.3563805500000001e+02 1.1443200000000000e+00 1.7812448629999999e+03
1.5123760119999999e+03 5.4081363999999996e+02 1.1497599999999999e+00 1.7857568699999999e+03
1.5221026500000000e+03 5.4600999500000000e+02 1.1552000000000000e+00 1.7902656030000001e+03
1.5318538060000001e+03 5.5122704699999997e+02 1.1606399999999999e+00 1.7947710270000000e+03
1.5416294630000000e+03 5.5646471899999995e+02 1.1660800000000000e+00 1.7992731100000001e+03
1.5514296039999999e+03 5.6172293900000000e+02 1.1715199999999999e+00 1.8037718179999999e+03
1.5612542080000001e+03 5.6700163199999997e+02 1.1769600000000000e+00 1.8082671210000001e+03
1.5711032590000000e+03 5.7230072500000006e+02 1.1823999999999999e+00 1.8127589880000000e+03
1.5809767360000001e+03 5.7762014499999998e+02 1.1878400000000000e+00 1.8172473880000000e+03
1.5908746209999999e+03 5.8295981900000004e+02 1.1932799999999999e+00 1.8217322919999999e+03
1.6007968949999999e+03 5.8831967699999996e+02 1.1987200000000000e+00 1.8262136730000000e+03
1.6107435390000001e+03 5.9369964500000003e+02 1.2041599999999999e+00 1.8306915019999999e+03
1.6207145330000001e+03 5.9909965399999999e+02 1.2096000000000000e+00 1.8351657530000000e+03
1.6307098579999999e+03 6.0451963300000000e+02 1.2150399999999999e+00 1.8396364000000001e+03
1.6407294930000000e+03 6.0995951100000002e+02 1.2204800000000000e+00 1.8441034170000000e+03
1.6507734200000000e+03 6.1541921900000000e+02 1.2259199999999999e+00 1.8485667800000001e+03
1.6608416179999999e+03 6.2089868799999999e+02 1.2313600000000000e+00 1.8530264629999999e+03
1.6709340680000000e+03 6.2639784799999995e+02 1.2367999999999999e+00 1.8574824460000000e+03
1.6810507480000001e+03 6.3191663200000005e+02 1.2422400000000000e+00 1.8619347029999999e+03
1.6911916389999999e+03 6.3745497000000000e+02 1.2476799999999999e+00 1.8663832140000000e+03
1.7013567200000000e+03 6.4301279699999998e+02 1.2531200000000000e+00 1.8708279570000000e+03
1.7115459710000000e+03 6.4859004400000003e+02 1.2585599999999999e+00 1.8752689100000000e+03
1.7217593710000001e+03 6.5418664500000000e+02 1.2640000000000000e+00 1.8797060550000001e+03
1.7319968980000001e+03 6.5980253300000004e+02 1.2694399999999999e+00 1.8841393700000001e+03
1.7422585340000001e+03 6.6543764299999998e+02 1.2748800000000000e+00 1.8885688379999999e+03
1.7525442550000000e+03 6.7109190799999999e+02 1.2803199999999999e+00 1.8929944399999999e+03
1.7628540419999999e+03 6.7676526500000000e+02 1.2857600000000000e+00 1.8974161570000001e+03
1.7731878720000000e+03 6.8245764799999995e+02 1.2911999999999999e+00 1.9018339719999999e+03
1.7835457260000001e+03 6.8816899300000000e+02 1.2966400000000000e+00 1.9062478679999999e+03
1.7939275809999999e+03 6.9389923499999998e+02 1.3020799999999999e+00 1.9106578300000001e+03
1.8043334159999999e+03 6.9964831300000003e+02 1.3075200000000000e+00 1.9150638400000000e+03
1.8147632090000000e+03 7.0541616099999999e+02 1.3129599999999999e+00 1.9194658840000000e+03
1.8252169389999999e+03 7.1120271800000000e+02 1.3184000000000000e+00 1.9238639470000001e+03
1.8356945840000001e+03 7.1700792100000001e+02 1.3238399999999999e+00 1.9282580140000000e+03
1.8461961220000001e+03 7.2283170800000005e+02 1.3292800000000000e+00 1.9326480710000001e+03
1.8567215320000000e+03 7.2867401800000005e+02 1.3347199999999999e+00 1.9370341050000000e+03
1.8672707909999999e+03 7.3453478900000005e+02 1.3401600000000000e+00 1.9414161030000000e+03
1.8778438770000000e+03 7.4041396099999997e+02 1.3455999999999999e+00 1.9457940520000000e+03
1.8884407699999999e+03 7.4631147199999998e+02 1.3510400000000000e+00 1.9501679389999999e+03
1.8990614370000001e+03 7.5221413299999995e+02 1.3564799999999999e+00 1.9545280690000000e+03
1.9097057020000000e+03 7.5808301300000005e+02 1.3619200000000000e+00 1.9588458889999999e+03
1.9203733980000000e+03 7.6394747099999995e+02 1.3673599999999999e+00 1.9631432540000001e+03
1.9310644310000000e+03 7.6981570899999997e+02 1.3728000000000000e+00 1.9674263140000000e+03
1.9417787320000000e+03 7.7569135200000005e+02 1.3782399999999999e+00 1.9716978190000000e+03
1.9525162439999999e+03 7.8157651299999998e+02 1.3836800000000000e+00 1.9759593890000001e+03
1.9632769140000000e+03 7.8747258899999997e+02 1.3891199999999999e+00 1.9802121110000000e+03
1.9740606969999999e+03 7.9338057400000002e+02 1.3945600000000000e+00 1.9844567669999999e+03
1.9848675519999999e+03 7.9930120899999997e+02 1.3999999999999999e+00 1.9886939510000000e+03
