# epsilon[MeV/fm^3] P[MeV/fm^3] nB[fm^-3] muB[MeV]
4.3514892049562272e-07 9.0000000794219998e-12 4.6796200000000002e-10 9.2990010724260003e+02
5.4394952759824855e-07 1.2854500250148002e-11 5.8496400000000005e-10 9.2990743275720001e+02
6.8239664606092796e-07 1.8414700022552000e-11 7.3384599999999997e-10 9.2991587774760001e+02
8.5763463874259032e-07 2.6380199998860002e-11 9.2229000000000003e-10 9.2992551188760001e+02
1.0799253715994732e-06 3.7791099667920001e-11 1.1613300000000000e-09 9.2993648532329996e+02
1.3625442882637764e-06 5.4137899979800000e-11 1.4652400000000000e-09 9.2994894782519998e+02
1.7226605254650248e-06 7.7555599791040007e-11 1.8524800000000000e-09 9.2996308925910000e+02
2.1826057027272589e-06 1.1110299984364001e-10 2.3470600000000000e-09 9.2997909967860005e+02
2.7713348204539073e-06 1.5916099965360000e-10 2.9801100000000000e-09 9.2999716876169998e+02
3.5266032513682487e-06 2.2800800111288001e-10 3.7922200000000000e-09 9.3001754656409992e+02
4.4975537964996660e-06 3.2663399940042002e-10 4.8362200000000001e-09 9.3004045271789994e+02
4.5807460305493105e-06 3.3555999792714001e-10 4.9256699999999996e-09 9.3004228160820003e+02
4.7281205653478515e-06 3.3656599963290001e-10 5.0841300000000003e-09 9.3004248152130003e+02
6.5759177435918250e-06 5.4515600232911993e-10 7.0708799999999999e-09 9.3007696075620004e+02
9.1998724984833464e-06 8.8567000200420000e-10 9.8920399999999997e-09 9.3011730648750006e+02
1.2918168885426129e-05 1.4388700552640002e-09 1.3889600000000001e-08 9.3016406831190000e+02
1.8201380444258739e-05 2.3376200076990001e-09 1.9569300000000001e-08 9.3021808578930006e+02
2.5725895950178280e-05 3.7977398937599994e-09 2.7657999999999999e-08 9.3028025838780002e+02
3.6463989818522291e-05 6.1698799253159997e-09 3.9200400000000002e-08 9.3035162548649998e+02
5.1813630126296458e-05 1.0023700173792000e-08 5.5698400000000002e-08 9.3043332628019994e+02
7.3785560512054020e-05 1.6284700005120000e-08 7.9311899999999997e-08 9.3052664006250006e+02
1.0527189036420272e-04 2.6456400399219999e-08 1.1314700000000000e-07 9.3063298613190000e+02
1.5043483705694415e-04 4.2981499428689995e-08 1.6167299999999999e-07 9.3075400323120004e+02
1.5143539825673478e-04 4.3369399516159995e-08 1.6274800000000000e-07 9.3075639185940008e+02
1.5666718390755263e-04 4.3499599327679997e-08 1.6836899999999999e-07 9.3075719132400002e+02
1.8247319946392853e-04 5.3487099479700000e-08 1.9609400000000001e-07 9.3081203831400001e+02
2.1304949570856091e-04 6.5965099669560007e-08 2.2894200000000001e-07 9.3087079295249998e+02
2.4880173202308656e-04 8.1354199584480006e-08 2.6734800000000002e-07 9.3093285559410003e+02
2.9061049213158235e-04 1.0033299847065000e-07 3.1225699999999999e-07 9.3099838615049998e+02
3.3950651358852186e-04 1.2374000051775000e-07 3.6477499999999998e-07 9.3106758453479995e+02
3.9669496520679297e-04 1.5260700009555001e-07 4.2619500000000001e-07 9.3114063056550003e+02
4.6358813252914599e-04 1.8820900209407997e-07 4.9803199999999997e-07 9.3121772415570001e+02
5.4183717856390442e-04 2.3211699768180001e-07 5.8205699999999998e-07 9.3129908512530005e+02
6.3337419989345891e-04 2.8626699988691999e-07 6.8034199999999997e-07 9.3138494352930002e+02
7.4046361643000222e-04 3.5305100162730003e-07 7.9531500000000002e-07 9.3147551899979999e+02
7.4543957324912111e-04 3.5623800038969997e-07 8.0065699999999999e-07 9.3147951660449996e+02
7.7046470619140960e-04 3.5730600246279002e-07 8.2752300000000002e-07 9.3148080575760002e+02
7.7218701201869997e-04 3.5837800248323999e-07 8.2937200000000002e-07 9.3148210505190002e+02
7.7564281539113634e-04 3.6053199741144001e-07 8.3308200000000005e-07 9.3148469349929996e+02
7.7911352986319152e-04 3.6269800105895999e-07 8.3680799999999998e-07 9.3148728185280004e+02
7.8260009510663572e-04 3.6487800290032998e-07 8.4055099999999997e-07 9.3148988034750005e+02
7.8610250285012515e-04 3.6706999922346001e-07 8.4431100000000000e-07 9.3149248879559991e+02
7.8962075319254110e-04 3.6927600351839998e-07 8.4808799999999996e-07 9.3149508719639994e+02
7.9315485471188711e-04 3.7149499796798001e-07 8.5188199999999998e-07 9.3149769564450003e+02
7.9670479058673201e-04 3.7372699824480005e-07 8.5569300000000004e-07 9.3150031404599997e+02
8.0027057791247260e-04 3.7597299948234002e-07 8.5952100000000004e-07 9.3150293244750003e+02
8.0385221698387247e-04 3.7823200230633998e-07 8.6336599999999998e-07 9.3150555094289996e+02
8.0745063029167934e-04 3.8050499711466001e-07 8.6722899999999999e-07 9.3150817929779998e+02
8.1106395596088781e-04 3.8279099715107999e-07 8.7110800000000002e-07 9.3151080774659999e+02
8.1469498722525535e-04 3.8509200436278001e-07 8.7500600000000005e-07 9.3151343619540000e+02
8.1834093096975699e-04 3.8740599815679997e-07 8.7891999999999998e-07 9.3151607459759998e+02
8.3652972322216491e-04 3.8856800310954005e-07 8.9844600000000005e-07 9.3151737379799999e+02
8.9649746606902973e-04 4.2637900225708002e-07 9.6282100000000007e-07 9.3155798930399999e+02
9.6293679962426715e-04 4.6927300060880000e-07 1.0341400000000000e-06 9.3160093353000002e+02
1.0343084479593990e-03 5.1648199988999994e-07 1.1107499999999999e-06 9.3164493704189999e+02
1.1110033276598183e-03 5.6844100521450010e-07 1.1930700000000001e-06 9.3169002988770001e+02
1.1934040547386528e-03 6.2562700512179996e-07 1.2815100000000000e-06 9.3173623206809998e+02
1.2819398888523502e-03 6.8856500094819997e-07 1.3765300000000001e-06 9.3178357353719991e+02
1.3770588621277026e-03 7.5783499966439992e-07 1.4786100000000000e-06 9.3183208434300002e+02
1.4792742600387720e-03 8.3407400117300003e-07 1.5882999999999999e-06 9.3188178448619999e+02
1.5890902438860661e-03 9.1798299673799988e-07 1.7061399999999999e-06 9.3193271378040004e+02
1.7070948934908867e-03 1.0103300084124001e-06 1.8327600000000000e-06 9.3198488236679998e+02
1.7418302566492478e-03 1.0379399925766002e-06 1.8700300000000001e-06 9.3199978345169995e+02
1.8026805910135908e-03 1.0410599913928000e-06 1.9353200000000000e-06 9.3200143242960007e+02
2.0389359400714486e-03 1.2275099896319999e-06 2.1888000000000001e-06 9.3209187794249999e+02
2.3114099463439177e-03 1.4516999917321999e-06 2.4811100000000001e-06 9.3218792017709995e+02
2.6204004641994278e-03 1.7168400063888003e-06 2.8125600000000001e-06 9.3228811983419996e+02
2.9707928967162671e-03 2.0304000155634000e-06 3.1883800000000001e-06 9.3239264696670000e+02
3.3681648965264784e-03 2.4012300084080001e-06 3.6145400000000001e-06 9.3250170129989999e+02
3.8188055776886142e-03 2.8397900147328003e-06 4.0977700000000004e-06 9.3261546284010001e+02
4.3298558716110781e-03 3.3584500068246004e-06 4.6457100000000001e-06 9.3273413140649996e+02
4.9094492242661523e-03 3.9718300068571995e-06 5.2670599999999997e-06 9.3285792691289998e+02
5.5667590537662745e-03 4.6972400276543001e-06 5.9716300000000001e-06 9.3298704917850000e+02
6.3122329168583428e-03 5.5551399798486997e-06 6.7705900000000002e-06 9.3312173811779996e+02
6.3691536418958340e-03 5.6221100036384002e-06 6.8315900000000001e-06 9.3313158221820004e+02
6.6107787783348925e-03 5.6389700285964000e-06 7.0905299999999997e-06 9.3313397075249998e+02
7.1832281514335565e-03 6.2999099885847007e-06 7.7039700000000007e-06 9.3322329697740008e+02
7.8228640480689938e-03 7.0594400109160007e-06 8.3893400000000006e-06 9.3331767013950002e+02
8.5195476220300548e-03 7.9105299722335996e-06 9.1357600000000004e-06 9.3341477175390003e+02
9.2783521214718639e-03 8.8642300383220009e-06 9.9486500000000000e-06 9.3351470163630006e+02
1.0104791977484120e-02 9.9329099737559988e-06 1.0833900000000000e-05 9.3361751969490001e+02
1.1005037422914624e-02 1.1130399980334000e-05 1.1798100000000000e-05 9.3372332602710003e+02
1.1985504705131824e-02 1.2472300012974001e-05 1.2848100000000000e-05 9.3383220044789994e+02
1.3053499763127112e-02 1.3976000053347000e-05 1.3991700000000000e-05 9.3394422305399996e+02
1.4216706487829026e-02 1.5661000693130000e-05 1.5237100000000000e-05 9.3405949366109996e+02
1.5483652631007537e-02 1.7549100191680000e-05 1.6593399999999999e-05 9.3417811227269999e+02
1.5623499832828706e-02 1.7760599953030001e-05 1.6743099999999999e-05 9.3419079468840005e+02
1.6269961736847121e-02 1.7813900213129999e-05 1.7435099999999998e-05 9.3419395273319992e+02
1.7094324515795702e-02 1.9027400207749999e-05 1.8317499999999999e-05 9.3426180186839997e+02
1.8000874089488257e-02 2.0384500450440000e-05 1.9287799999999999e-05 9.3433394852489994e+02
1.8955614232225096e-02 2.1838399047120000e-05 2.0309599999999999e-05 9.3440734433310001e+02
1.9960983560824267e-02 2.3396100553499999e-05 2.1385500000000000e-05 9.3448202938830002e+02
2.1019794814794490e-02 2.5064799654149998e-05 2.2518500000000001e-05 9.3455801364390004e+02
2.2134768910989058e-02 2.6852600343399999e-05 2.3711500000000002e-05 9.3463531710059999e+02
2.3309000859656603e-02 2.8767899159999994e-05 2.4967799999999998e-05 9.3471396971249999e+02
2.4545494036103295e-02 3.0819700065419999e-05 2.6290599999999999e-05 9.3479400162150000e+02
2.5847718880420045e-02 3.3017999946119998e-05 2.7683600000000000e-05 9.3487541254589996e+02
2.7219055484112444e-02 3.5372998881120002e-05 2.9150400000000001e-05 9.3495825272219997e+02
2.7775365070038964e-02 3.6339601209739997e-05 2.9745400000000002e-05 9.3499105302509997e+02
2.8289610775747390e-02 3.6448598719180002e-05 3.0295400000000001e-05 9.3499466085090000e+02
2.8802930737171755e-02 3.7332599735440002e-05 3.0844399999999999e-05 9.3502356336480000e+02
2.9391538203060320e-02 3.8352800962709990e-05 3.1473899999999997e-05 9.3505628375879996e+02
2.9992229144074897e-02 3.9400800335690003e-05 3.2116300000000003e-05 9.3508923392610006e+02
3.0605097595990186e-02 4.0477499896860003e-05 3.2771700000000003e-05 9.3512239395989991e+02
3.1230612131930052e-02 4.1583600119840003e-05 3.3440600000000000e-05 9.3515578386089999e+02
3.1868867160453597e-02 4.2719998743180005e-05 3.4123099999999999e-05 9.3518940362910007e+02
3.2520144922003676e-02 4.3887298648500002e-05 3.4819500000000001e-05 9.3522325326449993e+02
3.3184820445813230e-02 4.5086601561120004e-05 3.5530200000000001e-05 9.3525732271979996e+02
3.3862987887692660e-02 4.6318701748649993e-05 3.6255299999999998e-05 9.3529163208960006e+02
3.4555116462740516e-02 4.7584401826990007e-05 3.6995300000000001e-05 9.3532617123270006e+02
3.4710848908415574e-02 4.7870299693839997e-05 3.7161800000000001e-05 9.3533387666670001e+02
3.5705765632703390e-02 4.8013899962450004e-05 3.8225500000000002e-05 9.3533768431169995e+02
3.6190650245182691e-02 4.8884701265269996e-05 3.8743900000000000e-05 9.3536029073669999e+02
3.6764595537185744e-02 4.9920498059249994e-05 3.9357499999999997e-05 9.3538680481020003e+02
3.7347724170046170e-02 5.0978398185919999e-05 3.9980900000000002e-05 9.3541345870079999e+02
3.7940129948432849e-02 5.2058599241440000e-05 4.0614200000000002e-05 9.3544024264290010e+02
3.8541907483377907e-02 5.3161699756499999e-05 4.1257500000000003e-05 9.3546717635549999e+02
3.9153244015328124e-02 5.4288198430999997e-05 4.1910999999999999e-05 9.3549425007299999e+02
3.9774234210732992e-02 5.5438601263319996e-05 4.2574799999999998e-05 9.3552146370150001e+02
4.0405159191034282e-02 5.6613297948239995e-05 4.3249199999999999e-05 9.3554882728830000e+02
4.1046019389420471e-02 5.7812899551080002e-05 4.3934199999999997e-05 9.3557633069220003e+02
4.1697190276124625e-02 5.9037997871239995e-05 4.4630199999999998e-05 9.3560397410099995e+02
4.2358578444415006e-02 6.0288999023690009e-05 4.5337100000000003e-05 9.3563177732760005e+02
4.2549448380963861e-02 6.0651299975859995e-05 4.5541099999999997e-05 9.3563974248900001e+02
4.3740238175900857e-02 6.0833198906699995e-05 4.6813800000000002e-05 9.3564365013750000e+02
4.5854886274473032e-02 6.4782902450840000e-05 4.9073799999999998e-05 9.3572599057799994e+02
4.8180087401599556e-02 6.9195997901699998e-05 5.1558599999999998e-05 9.3581365787159996e+02
5.0623240020302433e-02 7.3909702371599995e-05 5.4169200000000003e-05 9.3590278418340006e+02
5.3190452397117956e-02 7.8944498346630003e-05 5.6912100000000000e-05 9.3599338970190001e+02
5.5887837732656438e-02 8.4322299027779992e-05 5.9793799999999997e-05 9.3608550419339997e+02
5.8722166587791814e-02 9.0066499795649990e-05 6.2821499999999995e-05 9.3617915789369999e+02
6.1700398546921942e-02 9.6201898222459989e-05 6.6002599999999997e-05 9.3627437052180005e+02
6.4829683480590566e-02 1.0275499726340999e-04 6.9344700000000000e-05 9.3637116226620003e+02
6.8117831355171340e-02 1.0975499711746999e-04 7.2856100000000002e-05 9.3646956308100005e+02
7.1572933822013338e-02 1.1723199746169999e-04 7.6545399999999994e-05 9.3656960282640000e+02
7.2872355791586060e-02 1.2007500056640000e-04 7.7932800000000000e-05 9.3660639068670002e+02
7.6294350046888545e-02 1.2043499631464001e-04 8.1586400000000002e-05 9.3661091798129996e+02
7.8557740452832786e-02 1.2521799885310001e-04 8.4002899999999995e-05 9.3666865324139997e+02
8.1070439170188191e-02 1.3058099681828001e-04 8.6685400000000002e-05 9.3673145543940007e+02
8.3663493660002267e-02 1.3617299667415003e-04 8.9453500000000007e-05 9.3679492723830003e+02
8.6339540033127660e-02 1.4200499619000000e-04 9.2310000000000002e-05 9.3685905859080003e+02
8.9101308842231525e-02 1.4808700429182000e-04 9.5257800000000001e-05 9.3692387963880003e+02
9.1951438062670962e-02 1.5442999846642999e-04 9.8299699999999997e-05 9.3698938014720000e+02
9.3544637803481184e-02 1.5800363917307320e-04 1.0000000000000000e-04 9.3702641442654260e+02
9.5904104449782090e-02 1.5982064284096457e-04 1.0251812370210102e-04 9.3704334047087434e+02
9.8323083677303330e-02 1.6169900875774858e-04 1.0509971495099158e-04 9.3706041669080582e+02
1.0080307656567619e-01 1.6364080919529546e-04 1.0774637297638351e-04 9.3707764433984221e+02
1.0334562205610705e-01 1.6564818640841749e-04 1.1045973729039893e-04 9.3709502468201674e+02
1.0595229790635582e-01 1.6772335499827125e-04 1.1324148870174520e-04 9.3711255899198227e+02
1.0862472166980193e-01 1.6986860435557469e-04 1.1609335035540764e-04 9.3713024855510025e+02
1.1136455169920505e-01 1.7208630118633450e-04 1.1901708879850048e-04 9.3714809466753354e+02
1.1417348817578359e-01 1.7437889212286971e-04 1.2201451507293441e-04 9.3716609863633687e+02
1.1705327416424958e-01 1.7674890642301315e-04 1.2508748583557410e-04 9.3718426177955132e+02
1.2000569669445456e-01 1.7919895876046738e-04 1.2823790450657745e-04 9.3720258542629745e+02
1.2303258787031765e-01 1.8173175210939421e-04 1.3146772244662433e-04 9.3722107091686973e+02
1.2613582600672418e-01 1.8435008072642029e-04 1.3477894016376152e-04 9.3723971960283120e+02
1.2931733679509996e-01 1.8705683323334807e-04 1.3817360855060746e-04 9.3725853284711047e+02
1.3257909449838481e-01 1.8985499580397345e-04 1.4165383015268070e-04 9.3727751202409854e+02
1.3592312317614696e-01 1.9274765545852608e-04 1.4522176046863404e-04 9.3729665851974494e+02
1.3935149794059801e-01 1.9573800346936598e-04 1.4887960928319574e-04 9.3731597373165778e+02
1.4286634624428851e-01 1.9882933888169509e-04 1.5262964203364033e-04 9.3733545906920176e+02
1.4646984920028294e-01 2.0202507215316662e-04 1.5647418121063155e-04 9.3735511595359969e+02
1.5016424293563321e-01 2.0532872891640863e-04 1.6041560779430118e-04 9.3737494581803128e+02
1.5395181997899063e-01 2.0874395386861143e-04 1.6445636272644868e-04 9.3739495010773692e+02
1.5783493068321777e-01 2.1227451479247163e-04 1.6859894841977048e-04 9.3741513028011923e+02
1.6181598468388234e-01 2.1592430671292740e-04 1.7284593030504817e-04 9.3743548780484616e+02
1.6589745239453874e-01 2.1969735619427138e-04 1.7719993841724987e-04 9.3745602416395650e+02
1.7008186653972493e-01 2.2359782578238222e-04 1.8166366902152312e-04 9.3747674085196354e+02
1.7437182372662580e-01 2.2763001859697470e-04 1.8623988628007991e-04 9.3749763937596322e+02
1.7876998605637850e-01 2.3179838307893602e-04 1.9093142396100376e-04 9.3751872125573811e+02
1.8327908277601970e-01 2.3610751789798429e-04 1.9574118719002919e-04 9.3753998802386809e+02
1.8790191197209946e-01 2.4056217702606440e-04 2.0067215424637559e-04 9.3756144122583783e+02
1.9264134230701319e-01 2.4516727498207836e-04 2.0572737840374096e-04 9.3758308242014618e+02
1.9750031479912877e-01 2.4992789225373557e-04 2.1090998981759007e-04 9.3760491317841775e+02
2.0248184464781382e-01 2.5484928090250560e-04 2.1622319745990049e-04 9.3762693508551365e+02
2.0758902310449515e-01 2.5993687035785604e-04 2.2167029110255808e-04 9.3764914973964414e+02
2.1282501939091206e-01 2.6519627340716853e-04 2.2725464335062422e-04 9.3767155875248227e+02
2.1819308266575335e-01 2.7063329238794089e-04 2.3297971172672711e-04 9.3769416374927823e+02
2.2369654404089867e-01 2.7625392558910673e-04 2.3884904080786193e-04 9.3771696636897491e+02
2.2933881864851535e-01 2.8206437386853515e-04 2.4486626441591527e-04 9.3773996826432381e+02
2.3512340776029322e-01 2.8807104749401012e-04 2.5103510786326350e-04 9.3776317110200250e+02
2.4105390096013296e-01 2.9428057321523836e-04 2.5735939025482853e-04 9.3778657656273356e+02
2.4713397837163573e-01 3.0069980157468594e-04 2.6384302684800818e-04 9.3781018634140321e+02
2.5336741294177656e-01 3.0733581446531073e-04 2.7049003147193478e-04 9.3783400214718210e+02
2.5975807278217866e-01 3.1419593294352720e-04 2.7730451900755229e-04 9.3785802570364604e+02
2.6630992356944144e-01 3.2128772530602462e-04 2.8429070793003765e-04 9.3788225874889986e+02
2.7302703100601172e-01 3.2861901543934787e-04 2.9145292291513379e-04 9.3790670303569971e+02
2.7991356334312528e-01 3.3619789145145312e-04 2.9879559751099790e-04 9.3793136033157737e+02
2.8697379396738409e-01 3.4403271459476078e-04 3.0632327687720866e-04 9.3795623241896749e+02
2.9421210405257497e-01 3.5213212849055002e-04 3.1404062059262191e-04 9.3798132109533231e+02
3.0163298527837434e-01 3.6050506866487148e-04 3.2195240553379938e-04 9.3800662817329112e+02
3.0924104261762686e-01 3.6916077240649830e-04 3.3006352882578526e-04 9.3803215548074809e+02
3.1704099719392698e-01 3.7810878895779080e-04 3.3837901086704455e-04 9.3805790486102183e+02
3.2503768921127757e-01 3.8735899004971943e-04 3.4690399843042630e-04 9.3808387817297887e+02
3.3323608095764218e-01 3.9692158079266532e-04 3.5564376784205952e-04 9.3811007729116295e+02
3.4164125988425642e-01 4.0680711093501689e-04 3.6460372824013786e-04 9.3813650410592982e+02
3.5025844176260795e-01 4.1702648650198136e-04 3.7378942491559812e-04 9.3816316052358275e+02
3.5909297392104500e-01 4.2759098182745190e-04 3.8320654273674886e-04 9.3819004846650557e+02
3.6815033856302098e-01 4.3851225199220418e-04 3.9286090965995395e-04 9.3821716987330262e+02
3.7743615616903564e-01 4.4980234568214552e-04 4.0275850032853416e-04 9.3824452669893356e+02
3.8695618898438228e-01 4.6147371848080052e-04 4.1290543976209586e-04 9.3827212091485626e+02
3.9671634459486649e-01 4.7353924661069972e-04 4.2330800713856178e-04 9.3829995450916351e+02
4.0672267959271458e-01 4.8601224113882957e-04 4.3397263967122406e-04 9.3832802948672770e+02
4.1698140333494732e-01 4.9890646266181719e-04 4.4490593658320904e-04 9.3835634786934202e+02
4.2749888179655016e-01 5.1223613648704942e-04 4.5611466318179450e-04 9.3838491169586450e+02
4.3828164152083177e-01 5.2601596832647555e-04 4.6760575503508540e-04 9.3841372302236448e+02
4.4933637366942242e-01 5.4026116052040816e-04 4.7938632225361766e-04 9.3844278392226875e+02
4.6066993817442436e-01 5.5498742880921823e-04 4.9146365387952055e-04 9.3847209648650880e+02
4.7228936799529220e-01 5.7021101967143066e-04 5.0384522238593643e-04 9.3850166282367093e+02
4.8420187348308352e-01 5.8594872824734631e-04 5.1653868828946447e-04 9.3853148506014588e+02
4.9641484685478893e-01 6.0221791686796387e-04 5.2955190487846172e-04 9.3856156534028150e+02
5.0893586678051739e-01 6.1903653420964625e-04 5.4289292306010991e-04 9.3859190582653514e+02
5.2177270308638402e-01 6.3642313509565873e-04 5.5656999632922445e-04 9.3862250869962861e+02
5.3493332157601770e-01 6.5439690096642995e-04 5.7059158586186072e-04 9.3865337615870328e+02
5.4842588897368205e-01 6.7297766104111503e-04 5.8496636573684643e-04 9.3868451042147842e+02
5.6225877799207491e-01 6.9218591419380757e-04 5.9970322828844906e-04 9.3871591372440810e+02
5.7644057252795411e-01 7.1204285156853940e-04 6.1481128959346601e-04 9.3874758832284203e+02
5.9098007298880983e-01 7.3257037995800873e-04 6.3029989509610722e-04 9.3877953649118774e+02
6.0588630175389335e-01 7.5379114597183962e-04 6.4617862537413038e-04 9.3881176052307080e+02
6.2116850877298668e-01 7.7572856102102613e-04 6.6245730204976137e-04 9.3884426273150132e+02
6.3683617730639130e-01 7.9840682714613347e-04 6.7914599384904010e-04 9.3887704544903829e+02
6.5289902980969394e-01 8.2185096371774151e-04 6.9625502281330388e-04 9.3891011102795676e+02
6.6936703396696551e-01 8.4608683503859688e-04 7.1379497066662988e-04 9.3894346184041672e+02
6.8625040887613253e-01 8.7114117887791766e-04 7.3177668534314016e-04 9.3897710027863172e+02
7.0355963139036348e-01 8.9704163596933438e-04 7.5021128767817976e-04 9.3901102875504273e+02
7.2130544261940155e-01 9.2381678050500941e-04 7.6911017826747515e-04 9.3904524970248838e+02
7.3949885459488141e-01 9.5149615165957728e-04 7.8848504449848303e-04 9.3907976557438121e+02
7.5815115710376346e-01 9.8011028617868445e-04 8.0834786775824368e-04 9.3911457884488300e+02
7.7727392469412759e-01 1.0096907520680775e-03 8.2871093082216541e-04 9.3914969200908115e+02
7.9687902385767306e-01 1.0402701834204137e-03 8.4958682542826929e-04 9.3918510758317063e+02
8.1697862039338198e-01 1.0718823164182090e-03 8.7098846004154788e-04 9.3922082810463132e+02
8.3758518695691586e-01 1.1045620265526474e-03 8.9292906781319624e-04 9.3925685613241251e+02
8.5871151080042962e-01 1.1383453670993100e-03 9.1542221473960104e-04 9.3929319424711571e+02
8.8037070170760601e-01 1.1732696088932739e-03 9.3848180802609071e-04 9.3932984505118031e+02
9.0257620012883466e-01 1.2093732814474594e-03 9.6212210466057842e-04 9.3936681116907039e+02
9.2534178552158430e-01 1.2466962154595916e-03 9.8635772020235434e-04 9.3940409524746394e+02
9.4868158490114241e-01 1.2852795867546671e-03 1.0112036377914171e-03 9.3944169995544303e+02
9.7261008160703066e-01 1.3251659617114094e-03 1.0366752173838708e-03 9.3947962798468564e+02
9.9714212429053317e-01 1.3663993442228259e-03 1.0627882052190447e-03 9.3951788204965965e+02
1.0222929361289173e+00 1.4090252242426741e-03 1.0895587435241466e-03 9.3955646488781804e+02
1.0480781242720629e+00 1.4530906279713982e-03 1.1170033804623909e-03 9.3959537925979612e+02
1.0745136895273653e+00 1.4986441697369013e-03 1.1451390803307057e-03 9.3963462794961083e+02
1.1016160362889151e+00 1.5457361056273864e-03 1.1739832340132649e-03 9.3967421376486027e+02
1.1294019827171258e+00 1.5944183889354420e-03 1.2035536696972482e-03 9.3971413953692763e+02
1.1578887711751167e+00 1.6447447274745342e-03 1.2338686638574030e-03 9.3975440812118507e+02
1.1870940789283351e+00 1.6967706428311425e-03 1.2649469525161318e-03 9.3979502239719864e+02
1.2170360291140512e+00 1.7505535316179053e-03 1.2968077427860025e-03 9.3983598526893729e+02
1.2477332019875371e+00 1.8061527287953534e-03 1.3294707247017558e-03 9.3987729966498171e+02
1.2792046464519067e+00 1.8636295731320899e-03 1.3629560833490534e-03 9.3991896853873675e+02
1.3114698918787704e+00 1.9230474748756312e-03 1.3972845112973939e-03 9.3996099486864443e+02
1.3445489602270435e+00 1.9844719857085727e-03 1.4324772213448135e-03 9.4000338165839923e+02
1.3784623784674228e+00 2.0479708710672475e-03 1.4685559595821694e-03 9.4004613193716500e+02
1.4132311913202473e+00 2.1136141849026715e-03 1.5055430187850063e-03 9.4008924875979471e+02
1.4488769743146428e+00 2.1814743469662440e-03 1.5434612521412036e-03 9.4013273520705059e+02
1.4854218471770564e+00 2.2516262227054804e-03 1.5823340873228030e-03 9.4017659438582905e+02
1.5228884875574900e+00 2.3241472058579075e-03 1.6221855409106320e-03 9.4022082942938368e+02
1.5613001451019461e+00 2.3991173038342465e-03 1.6630402331805454e-03 9.4026544349755352e+02
1.6006806558798254e+00 2.4766192259850889e-03 1.7049234032603360e-03 9.4031043977699085e+02
1.6410544571752208e+00 2.5567384748484273e-03 1.7478609246665781e-03 9.4035582148139417e+02
1.6824466026512950e+00 2.6395634404787266e-03 1.7918793212309222e-03 9.4040159185173957e+02
1.7248827778971438e+00 2.7251854979615841e-03 1.8370057834255645e-03 9.4044775415651714e+02
1.7683893163667994e+00 2.8136991082215795e-03 1.8832681850978897e-03 9.4049431169196760e+02
1.8129932157202588e+00 2.9052019222345097e-03 1.9306951006245079e-03 9.4054126778232239e+02
1.8587221545766834e+00 2.9997948887589944e-03 1.9793158224951837e-03 9.4058862578004403e+02
1.9056045096901586e+00 3.0975823657062905e-03 2.0291603793373926e-03 9.4063638906607150e+02
1.9536693735586803e+00 3.1986722352711993e-03 2.0802595543925424e-03 9.4068456105006453e+02
2.0029465724772884e+00 3.3031760229510695e-03 2.1326449044551279e-03 9.4073314517065307e+02
2.0534666850465517e+00 3.4112090205841994e-03 2.1863487792864109e-03 9.4078214489568666e+02
2.1052610611478948e+00 3.5228904135433956e-03 2.2414043415144775e-03 9.4083156372248754e+02
2.1583618413975314e+00 3.6383434122249899e-03 2.2978455870328301e-03 9.4088140517810484e+02
2.2128019770910874e+00 3.7576953879783909e-03 2.3557073659099784e-03 9.4093167281957301e+02
2.2686152506512829e+00 3.8810780136261341e-03 2.4150254038228019e-03 9.4098237023416800e+02
2.3258362965913637e+00 4.0086274087294434e-03 2.4758363240267520e-03 9.4103350103967489e+02
2.3845006230072934e+00 4.1404842897595781e-03 2.5381776698763514e-03 9.4108506888464456e+02
2.4446446336120364e+00 4.2767941253406333e-03 2.6020879279096852e-03 9.4113707744866633e+02
2.5063056503256145e+00 4.4177072967350618e-03 2.6676065515110186e-03 9.4118953044263390e+02
2.5695219364349473e+00 4.5633792637489769e-03 2.7347739851659681e-03 9.4124243160901653e+02
2.6343327203378504e+00 4.7139707362402585e-03 2.8036316893240180e-03 9.4129578472213302e+02
2.7007782198859278e+00 4.8696478514186781e-03 2.8742221658835626e-03 9.4134959358842923e+02
2.7688996673414610e+00 5.0305823571336538e-03 2.9465889843150318e-03 9.4140386204675451e+02
2.8387393349637851e+00 5.1969518013518382e-03 3.0207768084380081e-03 9.4145859396864455e+02
2.9103405612410245e+00 5.3689397280335671e-03 3.0968314238686953e-03 9.4151379325860364e+02
2.9837477777834707e+00 5.5467358796242837e-03 3.1747997661544501e-03 9.4156946385439210e+02
3.0590065368952892e+00 5.7305364063843251e-03 3.2547299496125536e-03 9.4162560972731490e+02
3.1361635398416650e+00 5.9205440827880054e-03 3.3366712968907956e-03 9.4168223488251158e+02
3.2152666658289246e+00 6.1169685312307430e-03 3.4206743692678739e-03 9.4173934335925321e+02
3.2963650017156247e+00 6.3200264532910248e-03 3.5067909977121088e-03 9.4179693923123591e+02
3.3795088724730373e+00 6.5299418688023461e-03 3.5950743147173626e-03 9.4185502660688201e+02
3.4647498724139378e+00 6.7469463629988820e-03 3.6855787869355863e-03 9.4191360962964234e+02
3.5521408972090729e+00 6.9712793420075346e-03 3.7783602486258609e-03 9.4197269247829979e+02
3.6417361767111789e+00 7.2031882969682470e-03 3.8734759359403061e-03 9.4203227936727808e+02
3.7335913086069121e+00 7.4429290770739462e-03 3.9709845220677366e-03 9.4209237454695176e+02
3.8277632929175844e+00 7.6907661718313564e-03 4.0709461532564767e-03 9.4215298230395820e+02
3.9243105673701004e+00 7.9469730028540603e-03 4.1734224857382261e-03 9.4221410696151634e+02
4.0232930436600594e+00 8.2118322255097676e-03 4.2784767235755127e-03 9.4227575287974230e+02
4.1247721446295120e+00 8.4856360407545330e-03 4.3861736574556916e-03 9.4233792445597442e+02
4.2288108423824493e+00 8.7686865174979468e-03 4.4965797044551744e-03 9.4240062612509416e+02
4.3354736973616754e+00 9.0612959258549973e-03 4.6097629487979958e-03 9.4246386235985869e+02
4.4448268984113142e+00 9.3637870816521973e-03 4.7257931836336073e-03 9.4252763767122599e+02
4.5569383038498019e+00 9.6764937025680692e-03 4.8447419538592022e-03 9.4259195660869352e+02
4.6718774835788670e+00 9.9997607763009019e-03 4.9666826000127028e-03 9.4265682376063126e+02
4.7897157622546143e+00 1.0333944941169933e-02 5.0916903032630348e-03 9.4272224375462281e+02
4.9105262635475153e+00 1.0679414879569879e-02 5.2198421315250605e-03 9.4278822125780948e+02
5.0343839555187575e+00 1.1036551724712849e-02 5.3512170867272019e-03 9.4285476097723472e+02
5.1613656971411173e+00 1.1405749481106378e-02 5.4858961532604647e-03 9.4292186766019256e+02
5.2915502859932300e+00 1.1787415459231516e-02 5.6239623476382955e-03 9.4298954609458292e+02
5.4250185071568424e+00 1.2181970724900440e-02 5.7655007693974639e-03 9.4305780110926412e+02
5.5618531833473925e+00 1.2589850563789385e-02 5.9105986532708397e-03 9.4312663757441317e+02
5.7021392263090371e+00 1.3011504961659395e-02 6.0593454226637884e-03 9.4319606040188785e+02
5.8459636895060010e+00 1.3447399100794642e-02 6.2118327444666225e-03 9.4326607454559087e+02
5.9934158221429641e+00 1.3898013873206046e-02 6.3681545852363871e-03 9.4333668500184149e+02
6.1445871245479866e+00 1.4363846411166311e-02 6.5284072687820816e-03 9.4340789680974467e+02
6.2995714049523670e+00 1.4845410635661789e-02 6.6926895351882574e-03 9.4347971505156806e+02
6.4584648377026390e+00 1.5343237823366121e-02 6.8611026013127843e-03 9.4355214485312092e+02
6.6213660229408529e+00 1.5857877192761244e-02 7.0337502227954974e-03 9.4362519138413654e+02
6.7883760477901616e+00 1.6389896510052352e-02 7.2107387576153138e-03 9.4369885985865881e+02
6.9595985490836849e+00 1.6939882715545272e-02 7.3921772312343734e-03 9.4377315553543099e+02
7.1351397776755823e+00 1.7508442571177348e-02 7.5781774033686780e-03 9.4384808371828819e+02
7.3151086643742254e+00 1.8096203329916086e-02 7.7688538364256579e-03 9.4392364975655767e+02
7.4996168875384113e+00 1.8703813427764247e-02 7.9643239656502565e-03 9.4399985904545429e+02
7.6887789423785371e+00 1.9331943199134640e-02 8.1647081710218648e-03 9.4407671702648906e+02
7.8827122120057540e+00 1.9981285616383959e-02 8.3701298509457865e-03 9.4415422918787453e+02
8.0815370402731865e+00 2.0652557054321515e-02 8.5807154977837908e-03 9.4423240106493733e+02
8.2853768064544209e+00 2.1346498080536250e-02 8.7965947752695062e-03 9.4431123824053373e+02
8.4943580018055957e+00 2.2063874272414026e-02 9.0179005978555053e-03 9.4439074634546876e+02
8.7086103080586170e+00 2.2805477061746460e-02 9.2447692120401163e-03 9.4447093105891963e+02
8.9282666778941930e+00 2.3572124607863166e-02 9.4773402797231551e-03 9.4455179810886250e+02
9.1534634174446374e+00 2.4364662700250665e-02 9.7157569636409993e-03 9.4463335327250491e+02
9.3843402708776225e+00 2.5183965691653685e-02 9.9601660149327090e-03 9.4471560237671861e+02
9.6210405071133920e+00 2.6030937462688419e-02 1.0210717862890089e-02 9.4479855129848136e+02
9.8637110087292488e+00 2.6906512419031879e-02 1.0467566706946037e-02 9.4488220596531698e+02
1.0112502363106390e+01 2.7811656522287172e-02 1.0730870610956596e-02 9.4496657235574719e+02
1.0367568955875869e+01 2.8747368355662762e-02 1.1000791599833986e-02 9.4505165649974003e+02
1.0629069066721378e+01 2.9714680225640337e-02 1.1277495758588654e-02 9.4513746447916503e+02
1.0897164967598604e+01 3.0714659300847762e-02 1.1561153333840462e-02 9.4522400242825563e+02
1.1172023023431818e+01 3.1748408789392557e-02 1.1851938837860017e-02 9.4531127653407293e+02
1.1453813795350468e+01 3.2817069155955780e-02 1.2150031155203337e-02 9.4539929303697238e+02
1.1742712146529549e+01 3.3921819379987887e-02 1.2455613652003733e-02 9.4548805823107966e+02
1.2038897350699727e+01 3.5063878256396015e-02 1.2768874287987370e-02 9.4557757846476704e+02
1.2342553203394242e+01 3.6244505740156176e-02 1.3090005731279631e-02 9.4566786014113472e+02
1.2653868136001954e+01 3.7465004336335220e-02 1.3419205476071920e-02 9.4575890971849890e+02
1.2973035332696949e+01 3.8726720537054740e-02 1.3756675963219507e-02 9.4585073371088038e+02
1.3300252850317644e+01 4.0031046306983523e-02 1.4102624703843457e-02 9.4594333868850208e+02
1.3635723741269391e+01 4.1379420618995987e-02 1.4457264406010749e-02 9.4603673127829074e+02
1.3979656179527243e+01 4.2773331041692390e-02 1.4820813104569459e-02 9.4613091816437714e+02
1.4332263589816673e+01 4.4214315380530451e-02 1.5193494294216521e-02 9.4622590608861333e+02
1.4693764780052799e+01 4.5703963374380749e-02 1.5575537065879002e-02 9.4632170185107907e+02
1.5064384077119922e+01 4.7243918449375803e-02 1.5967176246490220e-02 9.4641831231060758e+02
1.5444351466076007e+01 4.8835879531989479e-02 1.6368652542245534e-02 9.4651574438530804e+02
1.5833902732868104e+01 5.0481602923345172e-02 1.6780212685423498e-02 9.4661400505309268e+02
1.6233279610647681e+01 5.2182904236822564e-02 1.7202109584861083e-02 9.4671310135221518e+02
1.6642729929776216e+01 5.3941660401098317e-02 1.7634602480173171e-02 9.4681304038180690e+02
1.7062507771614630e+01 5.5759811730832984e-02 1.8077957099809434e-02 9.4691382930242230e+02
1.7492873626191447e+01 5.7639364067286022e-02 1.8532445823043073e-02 9.4701547533658970e+02
1.7934094553848084e+01 5.9582390991223026e-02 1.8998347845989465e-02 9.4711798576936565e+02
1.8386444350961046e+01 6.1591036110554151e-02 1.9475949351753789e-02 9.4722136794889400e+02
1.8850203719844362e+01 6.3667515425229804e-02 1.9965543684810440e-02 9.4732562928697268e+02
1.9325660442937195e+01 6.5814119772000329e-02 2.0467431529718333e-02 9.4743077725962496e+02
1.9813109561385232e+01 6.8033217351739117e-02 2.0981921094280077e-02 9.4753681940767615e+02
2.0312853558126147e+01 7.0327256342115119e-02 2.1509328297254320e-02 9.4764376333733253e+02
2.0825202545593289e+01 7.2698767598499442e-02 2.2049976960734383e-02 9.4775161672077206e+02
2.1350474458153499e+01 7.5150367446083235e-02 2.2604199007308135e-02 9.4786038729673601e+02
2.1888995249399095e+01 7.7684760566290048e-02 2.3172334662117849e-02 9.4797008287112862e+02
2.2441099094415780e+01 8.0304742980663882e-02 2.3754732659940690e-02 9.4808071131761903e+02
2.3007128597152683e+01 8.3013205135528165e-02 2.4351750457414251e-02 9.4819228057825615e+02
2.3587435003022545e+01 8.5813135090815590e-02 2.4963754450534215e-02 9.4830479866407927e+02
2.4182378416864616e+01 8.8707621816589810e-02 2.5591120197554398e-02 9.4841827365574477e+02
2.4792328026404867e+01 9.1699858600892678e-02 2.6234232647422532e-02 9.4853271370415223e+02
2.5417662331352890e+01 9.4793146572680106e-02 2.6893486373888983e-02 9.4864812703107680e+02
2.6058769378276885e+01 9.7990898343729635e-02 2.7569285815427651e-02 9.4876452192981390e+02
2.6716047001403293e+01 1.0129664177354115e-01 2.8262045521113773e-02 9.4888190676581974e+02
2.7389903069489655e+01 1.0471402386138044e-01 2.8972190402604295e-02 9.4900028997736945e+02
2.8080755738924779e+01 1.0824681476976374e-01 2.9700155992372922e-02 9.4911968007621078e+02
2.8789033713212348e+01 1.1189891198381732e-01 3.0446388708352683e-02 9.4924008564823532e+02
2.9515176508999946e+01 1.1567434461110601e-01 3.1211346125145725e-02 9.4936151535414444e+02
3.0259634728817609e+01 1.1957727782666899e-01 3.1995497251960749e-02 9.4948397793013135e+02
3.1022870340696134e+01 1.2361201746817214e-01 3.2799322817445457e-02 9.4960748218856429e+02
3.1805356964837667e+01 1.2778301478624113e-01 3.3623315561582871e-02 9.4973203701867783e+02
3.2607580167517462e+01 1.3209487135522135e-01 3.4467980534826713e-02 9.4985765138727129e+02
3.3430037762398172e+01 1.3655234414977677e-01 3.5333835404653235e-02 9.4998433433941477e+02
3.4273240119444701e+01 1.4116035079293435e-01 3.6221410769713504e-02 9.5011209499916015e+02
3.5137710481630236e+01 1.4592397498135759e-01 3.7131250481772175e-02 9.5024094257025945e+02
3.6023985289631050e+01 1.5084847209384075e-01 3.8063911975625794e-02 9.5037088633689109e+02
3.6932614514710515e+01 1.5593927498920512e-01 3.9019966607195970e-02 9.5050193566439236e+02
3.7864162000000000e+01 1.6120200000000001e-01 4.0000000000000001e-02 9.5063590799999997e+02
4.3038117999999997e+01 2.0065800000000000e-01 4.5440000000000001e-02 9.5155936999999994e+02
4.8217013000000001e+01 2.4375700000000000e-01 5.0880000000000002e-02 9.5245403299999998e+02
5.3400703000000000e+01 2.9046600000000000e-01 5.6320000000000002e-02 9.5332510500000001e+02
5.8589077000000003e+01 3.4090900000000002e-01 6.1760000000000002e-02 9.5417901400000005e+02
6.3782060999999999e+01 3.9538400000000001e-01 6.7199999999999996e-02 9.5502328199999999e+02
6.8979624000000001e+01 4.5437400000000000e-01 7.2639999999999996e-02 9.5586629000000005e+02
7.4181785000000005e+01 5.1854100000000003e-01 7.8079999999999997e-02 9.5671701599999994e+02
7.9388610000000000e+01 5.8872599999999997e-01 8.3519999999999997e-02 9.5758480599999996e+02
8.4600217000000001e+01 6.6593300000000000e-01 8.8959999999999997e-02 9.5847915999999998e+02
8.9816777000000002e+01 7.5132200000000005e-01 9.4399999999999998e-02 9.5940957600000002e+02
9.5038511000000000e+01 8.4619500000000003e-01 9.9839999999999998e-02 9.6038541999999995e+02
1.0026566699999999e+02 9.5001599999999997e-01 1.0528000000000000e-01 9.6139690800000005e+02
1.0549836100000000e+02 1.0618870000000000e+00 1.1072000000000000e-01 9.6243171900000004e+02
1.1073682500000000e+02 1.1859869999999999e+00 1.1616000000000000e-01 9.6352457100000004e+02
1.1598142300000001e+02 1.3248059999999999e+00 1.2160000000000000e-01 9.6469111299999997e+02
1.2123258600000000e+02 1.4805480000000000e+00 1.2703999999999999e-01 9.6594264299999998e+02
1.2649080300000000e+02 1.6553359999999999e+00 1.3247999999999999e-01 9.6728839700000003e+02
1.3175660900000000e+02 1.8512630000000001e+00 1.3791999999999999e-01 9.6873628799999994e+02
1.3703057699999999e+02 2.0704170000000000e+00 1.4335999999999999e-01 9.7029324399999996e+02
1.4231332000000000e+02 2.3148770000000001e+00 1.4879999999999999e-01 9.7196539299999995e+02
1.4760547700000001e+02 2.5867230000000001e+00 1.5423999999999999e-01 9.7375818600000002e+02
1.5290772000000001e+02 2.8880279999999998e+00 1.5967999999999999e-01 9.7567647399999998e+02
1.5822074200000000e+02 3.2208570000000001e+00 1.6511999999999999e-01 9.7772456299999999e+02
1.6354526100000001e+02 3.5872620000000000e+00 1.7055999999999999e-01 9.7990626699999996e+02
1.6888201300000000e+02 3.9892780000000001e+00 1.7599999999999999e-01 9.8222493999999995e+02
1.7423175200000000e+02 4.4289170000000002e+00 1.8143999999999999e-01 9.8468350799999996e+02
1.7959524500000001e+02 4.9081650000000003e+00 1.8687999999999999e-01 9.8728449400000000e+02
1.8497327300000001e+02 5.4289800000000001e+00 1.9231999999999999e-01 9.9003004499999997e+02
1.9036662899999999e+02 5.9932829999999999e+00 1.9775999999999999e-01 9.9292195100000004e+02
1.9577611200000001e+02 6.6029559999999998e+00 2.0319999999999999e-01 9.9596166600000004e+02
2.0120253000000000e+02 7.2598419999999999e+00 2.0863999999999999e-01 9.9915032399999996e+02
2.0664669599999999e+02 7.9657359999999997e+00 2.1407999999999999e-01 1.0024887540000000e+03
2.1210942700000001e+02 8.7223849999999992e+00 2.1951999999999999e-01 1.0059775010000000e+03
2.1759154100000001e+02 9.5314840000000007e+00 2.2495999999999999e-01 1.0096168350000000e+03
2.2309385700000001e+02 1.0394672999999999e+01 2.3039999999999999e-01 1.0134067640000000e+03
2.2861719600000001e+02 1.1313535000000000e+01 2.3583999999999999e-01 1.0173470500000000e+03
2.3416237400000000e+02 1.2289592000000001e+01 2.4127999999999999e-01 1.0214372180000000e+03
2.3973020399999999e+02 1.3324303000000000e+01 2.4671999999999999e-01 1.0256765680000001e+03
2.4532149600000000e+02 1.4419063000000000e+01 2.5216000000000000e-01 1.0300641830000000e+03
2.5093705499999999e+02 1.5575199000000000e+01 2.5760000000000000e-01 1.0345989450000000e+03
2.5657767600000000e+02 1.6793968000000000e+01 2.6304000000000000e-01 1.0392795369999999e+03
2.6224415099999999e+02 1.8076560000000001e+01 2.6848000000000000e-01 1.0441044589999999e+03
2.6793725999999998e+02 1.9424088000000001e+01 2.7392000000000000e-01 1.0490720340000000e+03
2.7365777400000002e+02 2.0837593999999999e+01 2.7936000000000000e-01 1.0541804179999999e+03
2.7940645400000000e+02 2.2318045999999999e+01 2.8480000000000000e-01 1.0594276100000000e+03
2.8518405000000001e+02 2.3866336000000000e+01 2.9024000000000000e-01 1.0648114639999999e+03
2.9099129900000003e+02 2.5483281999999999e+01 2.9568000000000000e-01 1.0703296929999999e+03
2.9682892600000002e+02 2.7169623000000001e+01 3.0112000000000000e-01 1.0759798850000000e+03
3.0269764300000003e+02 2.8926029000000000e+01 3.0656000000000000e-01 1.0817595100000001e+03
3.0859814699999998e+02 3.0753088999999999e+01 3.1200000000000000e-01 1.0876659290000000e+03
3.1453111999999999e+02 3.2651324000000002e+01 3.1744000000000000e-01 1.0936964089999999e+03
3.2049723000000000e+02 3.4621180000000003e+01 3.2288000000000000e-01 1.0998481290000000e+03
3.2649712899999997e+02 3.6663032000000001e+01 3.2832000000000000e-01 1.1061181939999999e+03
3.3253145200000000e+02 3.8777189000000000e+01 3.3376000000000000e-01 1.1125036439999999e+03
3.3860082000000000e+02 4.0963889999999999e+01 3.3920000000000000e-01 1.1190014619999999e+03
3.4470583599999998e+02 4.3223312000000000e+01 3.4464000000000000e-01 1.1256085900000000e+03
3.5084708599999999e+02 4.5555570000000003e+01 3.5008000000000000e-01 1.1323219349999999e+03
3.5702330799999999e+02 4.7649822999999998e+01 3.5552000000000000e-01 1.1382587430000001e+03
3.6323001900000003e+02 4.9590519999999998e+01 3.6096000000000000e-01 1.1436756590000000e+03
3.6946566400000000e+02 5.1495859000000003e+01 3.6640000000000000e-01 1.1489141870000001e+03
3.7572950700000001e+02 5.3391995999999999e+01 3.7184000000000000e-01 1.1540505260000000e+03
3.8202110099999999e+02 5.5291289999999996e+01 3.7728000000000000e-01 1.1591206660000000e+03
3.8834014600000000e+02 5.7200902999999997e+01 3.8272000000000000e-01 1.1641453610000001e+03
3.9468643400000002e+02 5.9125467999999998e+01 3.8816000000000001e-01 1.1691379199999999e+03
4.0105981600000001e+02 6.1068201999999999e+01 3.9360000000000001e-01 1.1741074690000000e+03
4.0746018400000003e+02 6.3026049000000000e+01 3.9904000000000001e-01 1.1790470240000000e+03
4.1388588299999998e+02 6.4768825000000007e+01 4.0448000000000001e-01 1.1833846120000001e+03
4.2033473400000003e+02 6.6483328000000000e+01 4.0992000000000001e-01 1.1875945819999999e+03
4.2680637899999999e+02 6.8206565999999995e+01 4.1536000000000001e-01 1.1917701830000001e+03
4.3330070100000000e+02 6.9947315000000003e+01 4.2080000000000001e-01 1.1959333260000001e+03
4.3981766099999999e+02 7.1709648000000001e+01 4.2624000000000001e-01 1.2000939490000001e+03
4.4635726199999999e+02 7.3495913000000002e+01 4.3168000000000001e-01 1.2042575979999999e+03
4.5291953100000001e+02 7.5307642999999999e+01 4.3712000000000001e-01 1.2084277239999999e+03
4.5950450799999999e+02 7.7145915000000002e+01 4.4256000000000001e-01 1.2126066180000000e+03
4.6611224600000003e+02 7.9011532000000003e+01 4.4800000000000001e-01 1.2167958679999999e+03
4.7274280599999997e+02 8.0905113000000000e+01 4.5344000000000001e-01 1.2209966010000001e+03
4.7939625100000001e+02 8.2827157000000000e+01 4.5888000000000001e-01 1.2252096329999999e+03
4.8607265100000001e+02 8.4778069000000002e+01 4.6432000000000001e-01 1.2294355550000000e+03
4.9277207600000003e+02 8.6758188000000004e+01 4.6976000000000001e-01 1.2336747920000000e+03
4.9949459999999999e+02 8.8767802000000003e+01 4.7520000000000001e-01 1.2379276460000001e+03
5.0624029800000000e+02 9.0807156000000006e+01 4.8064000000000001e-01 1.2421943229999999e+03
5.1300924599999996e+02 9.2876464999999996e+01 4.8608000000000001e-01 1.2464749520000000e+03
5.1980151799999999e+02 9.4975915000000001e+01 4.9152000000000001e-01 1.2507696050000000e+03
5.2661719300000004e+02 9.7105667999999994e+01 4.9696000000000001e-01 1.2550783019999999e+03
5.3345634600000005e+02 9.9265868999999995e+01 5.0239999999999996e-01 1.2594010260000000e+03
5.4031905300000005e+02 1.0145664400000000e+02 5.0783999999999996e-01 1.2637377280000001e+03
5.4720539099999996e+02 1.0367810700000000e+02 5.1327999999999996e-01 1.2680883289999999e+03
5.5411543400000005e+02 1.0593035800000000e+02 5.1871999999999996e-01 1.2724527310000001e+03
5.6104925800000001e+02 1.0821348399999999e+02 5.2415999999999996e-01 1.2768308150000000e+03
5.6800693600000000e+02 1.1052756500000000e+02 5.2959999999999996e-01 1.2812224470000001e+03
5.7498854200000005e+02 1.1287266800000000e+02 5.3503999999999996e-01 1.2856274800000001e+03
5.8199414899999999e+02 1.1524885600000000e+02 5.4047999999999996e-01 1.2900457550000001e+03
5.8902382699999998e+02 1.1765617899999999e+02 5.4591999999999996e-01 1.2944771049999999e+03
5.9607764799999995e+02 1.2009468500000000e+02 5.5135999999999996e-01 1.2989213530000000e+03
6.0315568099999996e+02 1.2256441200000000e+02 5.5679999999999996e-01 1.3033783180000000e+03
6.1025799500000005e+02 1.2506539400000000e+02 5.6223999999999996e-01 1.3078478100000000e+03
6.1738465799999994e+02 1.2759765800000000e+02 5.6767999999999996e-01 1.3123296379999999e+03
6.2453573600000004e+02 1.3016122600000000e+02 5.7311999999999996e-01 1.3168236039999999e+03
6.3171129399999995e+02 1.3275611599999999e+02 5.7855999999999996e-01 1.3213295109999999e+03
6.3891139799999996e+02 1.3538233900000000e+02 5.8399999999999996e-01 1.3258471560000000e+03
6.4613611000000003e+02 1.3803990600000000e+02 5.8943999999999996e-01 1.3303763340000000e+03
6.5338549300000000e+02 1.4072881799999999e+02 5.9487999999999996e-01 1.3349168430000000e+03
6.6065960700000005e+02 1.4344907799999999e+02 6.0031999999999996e-01 1.3394684749999999e+03
6.6795851300000004e+02 1.4620068100000000e+02 6.0575999999999997e-01 1.3440310250000000e+03
6.7528226900000004e+02 1.4898362100000000e+02 6.1119999999999997e-01 1.3486042860000000e+03
6.8263093400000002e+02 1.5179788700000000e+02 6.1663999999999997e-01 1.3531880520000000e+03
6.9000456299999996e+02 1.5464346699999999e+02 6.2207999999999997e-01 1.3577821170000000e+03
6.9740321300000005e+02 1.5752034499999999e+02 6.2751999999999997e-01 1.3623862770000001e+03
7.0482693700000004e+02 1.6042850100000001e+02 6.3295999999999997e-01 1.3670003260000001e+03
7.1227578900000003e+02 1.6336791400000001e+02 6.3839999999999997e-01 1.3716240630000000e+03
7.1974982100000000e+02 1.6633856000000000e+02 6.4383999999999997e-01 1.3762572840000000e+03
7.2724908400000004e+02 1.6934041300000001e+02 6.4927999999999997e-01 1.3808997899999999e+03
7.3477362800000003e+02 1.7237344400000001e+02 6.5471999999999997e-01 1.3855513820000001e+03
7.4232350199999996e+02 1.7543762300000000e+02 6.6015999999999997e-01 1.3902118630000000e+03
7.4989875300000006e+02 1.7853291600000000e+02 6.6559999999999997e-01 1.3948810380000000e+03
7.5749942899999996e+02 1.8165929000000000e+02 6.7103999999999997e-01 1.3995587129999999e+03
7.6512557600000002e+02 1.8481670700000001e+02 6.7647999999999997e-01 1.4042446960000000e+03
7.7277723700000001e+02 1.8800512900000001e+02 6.8191999999999997e-01 1.4089387979999999e+03
7.8045445700000005e+02 1.9122451699999999e+02 6.8735999999999997e-01 1.4136408329999999e+03
7.8815727800000002e+02 1.9447482800000000e+02 6.9279999999999997e-01 1.4183506150000001e+03
7.9588574200000005e+02 1.9775602100000000e+02 6.9823999999999997e-01 1.4230679600000001e+03
8.0363988900000004e+02 2.0106805000000000e+02 7.0367999999999997e-01 1.4277926900000000e+03
8.1141975900000000e+02 2.0441087099999999e+02 7.0911999999999997e-01 1.4325246239999999e+03
8.1922539200000006e+02 2.0778443600000000e+02 7.1455999999999997e-01 1.4372635880000000e+03
8.2705682400000001e+02 2.1118869699999999e+02 7.1999999999999997e-01 1.4420094070000000e+03
8.3491409199999998e+02 2.1462360600000000e+02 7.2543999999999997e-01 1.4467619099999999e+03
8.4279723300000001e+02 2.1808911100000000e+02 7.3087999999999997e-01 1.4515209290000000e+03
8.5070628099999999e+02 2.2158516200000000e+02 7.3631999999999997e-01 1.4562862970000001e+03
8.5864127099999996e+02 2.2511170600000000e+02 7.4175999999999997e-01 1.4610578490000000e+03
8.6660223499999995e+02 2.2866869100000000e+02 7.4719999999999998e-01 1.4658354250000000e+03
8.7458920599999999e+02 2.3225606199999999e+02 7.5263999999999998e-01 1.4706188649999999e+03
8.8260221600000000e+02 2.3587376399999999e+02 7.5807999999999998e-01 1.4754080120000001e+03
8.9064129400000002e+02 2.3952174299999999e+02 7.6351999999999998e-01 1.4802027109999999e+03
8.9870647199999996e+02 2.4319994199999999e+02 7.6895999999999998e-01 1.4850028100000000e+03
9.0679777700000000e+02 2.4690830500000001e+02 7.7439999999999998e-01 1.4898081600000000e+03
9.1491523800000004e+02 2.5064677300000000e+02 7.7983999999999998e-01 1.4946186130000001e+03
9.2305888300000004e+02 2.5441528900000000e+02 7.8527999999999998e-01 1.4994340239999999e+03
9.3122873700000002e+02 2.5821379400000001e+02 7.9071999999999998e-01 1.5042542510000001e+03
9.3942482700000005e+02 2.6204223000000002e+02 7.9615999999999998e-01 1.5090791529999999e+03
9.4764717800000005e+02 2.6590053699999999e+02 8.0159999999999998e-01 1.5139085909999999e+03
9.5589581399999997e+02 2.6978865500000001e+02 8.0703999999999998e-01 1.5187424309999999e+03
9.6417075899999998e+02 2.7370652300000000e+02 8.1247999999999998e-01 1.5235805379999999e+03
9.7247203500000001e+02 2.7765408200000002e+02 8.1791999999999998e-01 1.5284227810000000e+03
9.8079966400000001e+02 2.8163126999999997e+02 8.2335999999999998e-01 1.5332690310000000e+03
9.8915366900000004e+02 2.8563802600000002e+02 8.2879999999999998e-01 1.5381191620000000e+03
9.9753406900000004e+02 2.8967428899999999e+02 8.3423999999999998e-01 1.5429730480000001e+03
1.0059408860000000e+03 2.9373999600000002e+02 8.3967999999999998e-01 1.5478305670000000e+03
1.0143741380000000e+03 2.9783508699999999e+02 8.4511999999999998e-01 1.5526915990000000e+03
1.0228338430000000e+03 3.0195949800000000e+02 8.5055999999999998e-01 1.5575560250000001e+03
1.0313200220000001e+03 3.0611316900000003e+02 8.5599999999999998e-01 1.5624237290000001e+03
1.0398326900000000e+03 3.1029603600000002e+02 8.6143999999999998e-01 1.5672945980000000e+03
1.0483718640000000e+03 3.1450803800000000e+02 8.6687999999999998e-01 1.5721685199999999e+03
1.0569375620000001e+03 3.1874911200000003e+02 8.7231999999999998e-01 1.5770453829999999e+03
1.0655297980000000e+03 3.2301919500000002e+02 8.7775999999999998e-01 1.5819250820000000e+03
1.0741485880000000e+03 3.2731822699999998e+02 8.8319999999999999e-01 1.5868075110000000e+03
1.0827939460000000e+03 3.3164614399999999e+02 8.8863999999999999e-01 1.5916925639999999e+03
1.0914658870000001e+03 3.3600288499999999e+02 8.9407999999999999e-01 1.5965801429999999e+03
1.1001644240000001e+03 3.4038838900000002e+02 8.9951999999999999e-01 1.6014701450000000e+03
1.1088895689999999e+03 3.4480259300000000e+02 9.0495999999999999e-01 1.6063624760000000e+03
1.1176413359999999e+03 3.4924543599999998e+02 9.1039999999999999e-01 1.6112570380000000e+03
1.1264197349999999e+03 3.5371685900000000e+02 9.1583999999999999e-01 1.6161537400000000e+03
1.1352247789999999e+03 3.5821680099999998e+02 9.2127999999999999e-01 1.6210524909999999e+03
1.1440564790000001e+03 3.6274520200000001e+02 9.2671999999999999e-01 1.6259532010000000e+03
1.1529148439999999e+03 3.6730200300000001e+02 9.3215999999999999e-01 1.6308557850000000e+03
1.1617998840000000e+03 3.7188714800000002e+02 9.3759999999999999e-01 1.6357601589999999e+03
1.1707116100000001e+03 3.7650057800000002e+02 9.4303999999999999e-01 1.6406662429999999e+03
1.1796500300000000e+03 3.8114224000000002e+02 9.4847999999999999e-01 1.6455739570000001e+03
1.1886151530000000e+03 3.8581207799999999e+02 9.5391999999999999e-01 1.6504832269999999e+03
1.1976069880000000e+03 3.9051004300000000e+02 9.5935999999999999e-01 1.6553939820000001e+03
1.2066255410000001e+03 3.9523608400000001e+02 9.6479999999999999e-01 1.6603061540000001e+03
1.2156708209999999e+03 3.9999015800000001e+02 9.7023999999999999e-01 1.6652196810000000e+03
1.2247428350000000e+03 4.0477222399999999e+02 9.7567999999999999e-01 1.6701345060000001e+03
1.2338415890000001e+03 4.0958224999999999e+02 9.8111999999999999e-01 1.6750505820000001e+03
1.2429670910000000e+03 4.1442021299999999e+02 9.8655999999999999e-01 1.6799678719999999e+03
1.2521193470000001e+03 4.1928610900000001e+02 9.9199999999999999e-01 1.6848863590000001e+03
1.2612983630000001e+03 4.2417996499999998e+02 9.9743999999999999e-01 1.6898060550000000e+03
1.2705041470000001e+03 4.2910187600000000e+02 1.0028800000000000e+00 1.6947270450000001e+03
1.2797367059999999e+03 4.3405221799999998e+02 1.0083200000000001e+00 1.6996496860000000e+03
1.2889960500000000e+03 4.3903135099999997e+02 1.0137600000000000e+00 1.7045743179999999e+03
1.2982821859999999e+03 4.4403742999999997e+02 1.0192000000000001e+00 1.7094991050000001e+03
1.3075951130000001e+03 4.4907037200000002e+02 1.0246400000000000e+00 1.7144239630000000e+03
1.3169348330000000e+03 4.5413010900000000e+02 1.0300800000000001e+00 1.7193488250000000e+03
1.3263013440000000e+03 4.5921657199999999e+02 1.0355200000000000e+00 1.7242736250000000e+03
1.3356946459999999e+03 4.6432969600000001e+02 1.0409600000000001e+00 1.7291983000000000e+03
1.3451147390000001e+03 4.6946941199999998e+02 1.0464000000000000e+00 1.7341227859999999e+03
1.3545616199999999e+03 4.7463565399999999e+02 1.0518400000000001e+00 1.7390470210000001e+03
1.3640352900000000e+03 4.7982835499999999e+02 1.0572800000000000e+00 1.7439709459999999e+03
1.3735357449999999e+03 4.8504744899999997e+02 1.0627200000000001e+00 1.7488945000000001e+03
1.3830629839999999e+03 4.9029286999999999e+02 1.0681600000000000e+00 1.7538176260000000e+03
1.3926170040000000e+03 4.9556455199999999e+02 1.0736000000000001e+00 1.7587402660000000e+03
1.4021978019999999e+03 5.0086243000000002e+02 1.0790400000000000e+00 1.7636623649999999e+03
1.4118053749999999e+03 5.0618643700000001e+02 1.0844800000000001e+00 1.7685838670000001e+03
1.4214397210000000e+03 5.1153651100000002e+02 1.0899200000000000e+00 1.7735047179999999e+03
1.4311008340000001e+03 5.1691258400000004e+02 1.0953599999999999e+00 1.7784248660000001e+03
1.4407887109999999e+03 5.2231459400000006e+02 1.1008000000000000e+00 1.7833442600000001e+03
1.4505033490000001e+03 5.2774247500000001e+02 1.1062399999999999e+00 1.7882628470000000e+03
1.4602447410000000e+03 5.3319616399999995e+02 1.1116800000000000e+00 1.7931805800000000e+03
1.4700128850000001e+03 5.3867559800000004e+02 1.1171199999999999e+00 1.7980974080000001e+03
1.4798077730000000e+03 5.4418071199999997e+02 1.1225600000000000e+00 1.8030132830000000e+03
1.4896294020000000e+03 5.4971144300000003e+02 1.1279999999999999e+00 1.8079281599999999e+03
1.4994777660000000e+03 5.5526772900000003e+02 1.1334400000000000e+00 1.8128419910000000e+03
1.5093528580000000e+03 5.6084950700000002e+02 1.1388799999999999e+00 1.8177547330000000e+03
1.5192546740000000e+03 5.6645671500000003e+02 1.1443200000000000e+00 1.8226663390000001e+03
1.5291832050000000e+03 5.7208929000000001e+02 1.1497599999999999e+00 1.8275767679999999e+03
1.5391384470000000e+03 5.7774717099999998e+02 1.1552000000000000e+00 1.8324859759999999e+03
1.5491203920000000e+03 5.8343029600000000e+02 1.1606399999999999e+00 1.8373939230000001e+03
1.5591290329999999e+03 5.8913860299999999e+02 1.1660800000000000e+00 1.8423005650000000e+03
1.5691643630000001e+03 5.9487203199999999e+02 1.1715199999999999e+00 1.8472058649999999e+03
1.5792263740000001e+03 6.0063052200000004e+02 1.1769600000000000e+00 1.8521097820000000e+03
1.5893150599999999e+03 6.0641401199999996e+02 1.1823999999999999e+00 1.8570122779999999e+03
1.5994304110000000e+03 6.1222244100000000e+02 1.1878400000000000e+00 1.8619133150000000e+03
1.6095724210000001e+03 6.1805575099999999e+02 1.1932799999999999e+00 1.8668128549999999e+03
1.6197410800000000e+03 6.2391388099999995e+02 1.1987200000000000e+00 1.8717108639999999e+03
1.6299363810000000e+03 6.2979677100000004e+02 1.2041599999999999e+00 1.8766073040000001e+03
1.6401583149999999e+03 6.3570436299999994e+02 1.2096000000000000e+00 1.8815021400000001e+03
1.6504068720000000e+03 6.4163659700000005e+02 1.2150399999999999e+00 1.8863953389999999e+03
1.6606820450000000e+03 6.4759341400000005e+02 1.2204800000000000e+00 1.8912868670000000e+03
1.6709837620000001e+03 6.5352733599999999e+02 1.2259199999999999e+00 1.8961379600000000e+03
1.6813116889999999e+03 6.5941891699999996e+02 1.2313600000000000e+00 1.9009330890000001e+03
1.6916656310000001e+03 6.6530630900000006e+02 1.2367999999999999e+00 1.9057036830000000e+03
1.7020454769999999e+03 6.7119855500000006e+02 1.2422400000000000e+00 1.9104572550000000e+03
1.7124511460000001e+03 6.7710009800000000e+02 1.2476799999999999e+00 1.9151975219999999e+03
1.7228825710000001e+03 6.8301362800000004e+02 1.2531200000000000e+00 1.9199267540000001e+03
1.7333396980000000e+03 6.8894096100000002e+02 1.2585599999999999e+00 1.9246464900000001e+03
1.7438224780000000e+03 6.9488340400000004e+02 1.2640000000000000e+00 1.9293578500000001e+03
1.7543308669999999e+03 7.0084194300000001e+02 1.2694399999999999e+00 1.9340616820000000e+03
1.7648648270000001e+03 7.0681734300000005e+02 1.2748800000000000e+00 1.9387586560000000e+03
1.7754243210000000e+03 7.1281021999999996e+02 1.2803199999999999e+00 1.9434493090000001e+03
1.7860093159999999e+03 7.1882107199999996e+02 1.2857600000000000e+00 1.9481340840000000e+03
1.7966197820000000e+03 7.2485031400000003e+02 1.2911999999999999e+00 1.9528133530000000e+03
1.8072556900000000e+03 7.3089829299999997e+02 1.2966400000000000e+00 1.9574874290000000e+03
1.8179170110000000e+03 7.3696530299999995e+02 1.3020799999999999e+00 1.9621565830000000e+03
1.8286037210000000e+03 7.4305159500000002e+02 1.3075200000000000e+00 1.9668210489999999e+03
1.8393157930000000e+03 7.4915738599999997e+02 1.3129599999999999e+00 1.9714810310000000e+03
1.8500532029999999e+03 7.5528286500000002e+02 1.3184000000000000e+00 1.9761367090000001e+03
1.8608159300000000e+03 7.6142819499999996e+02 1.3238399999999999e+00 1.9807882420000001e+03
1.8716039510000001e+03 7.6759352000000001e+02 1.3292800000000000e+00 1.9854357729999999e+03
1.8824172440000000e+03 7.7377896499999997e+02 1.3347199999999999e+00 1.9900794300000000e+03
1.8932557879999999e+03 7.7998464400000000e+02 1.3401600000000000e+00 1.9947193259999999e+03
1.9041195640000001e+03 7.8621065299999998e+02 1.3455999999999999e+00 1.9993555660000000e+03
1.9150085520000000e+03 7.9245707900000002e+02 1.3510400000000000e+00 2.0039882439999999e+03
1.9259227320000000e+03 7.9872400100000004e+02 1.3564799999999999e+00 2.0086174460000000e+03
1.9368620860000001e+03 8.0501148599999999e+02 1.3619200000000000e+00 2.0132432490000001e+03
1.9478265960000001e+03 8.1131959600000005e+02 1.3673599999999999e+00 2.0178657250000001e+03
1.9588162440000001e+03 8.1764838399999996e+02 1.3728000000000000e+00 2.0224849400000001e+03
1.9698310110000000e+03 8.2399789799999996e+02 1.3782399999999999e+00 2.0271009560000000e+03
1.9808708819999999e+03 8.3036818100000005e+02 1.3836800000000000e+00 2.0317138270000000e+03
1.9919358380000001e+03 8.3675927000000001e+02 1.3891199999999999e+00 2.0363236050000000e+03
2.0030258640000000e+03 8.4317119800000000e+02 1.3945600000000000e+00 2.0409303390000000e+03
2.0141409420000000e+03 8.4960399500000005e+02 1.3999999999999999e+00 2.0455340719999999e+03
