# epsilon[MeV/fm^3] P[MeV/fm^3] nB[fm^-3] muB[MeV]
4.3514892049562272e-07 9.0000000794219998e-12 4.6796200000000002e-10 9.2990010724260003e+02
5.4394952759824855e-07 1.2854500250148002e-11 5.8496400000000005e-10 9.2990743275720001e+02
6.8239664606092796e-07 1.8414700022552000e-11 7.3384599999999997e-10 9.2991587774760001e+02
8.5763463874259032e-07 2.6380199998860002e-11 9.2229000000000003e-10 9.2992551188760001e+02
1.0799253715994732e-06 3.7791099667920001e-11 1.1613300000000000e-09 9.2993648532329996e+02
1.3625442882637764e-06 5.4137899979800000e-11 1.4652400000000000e-09 9.2994894782519998e+02
1.7226605254650248e-06 7.7555599791040007e-11 1.8524800000000000e-09 9.2996308925910000e+02
2.1826057027272589e-06 1.1110299984364001e-10 2.3470600000000000e-09 9.2997909967860005e+02
2.7713348204539073e-06 1.5916099965360000e-10 2.9801100000000000e-09 9.2999716876169998e+02
3.5266032513682487e-06 2.2800800111288001e-10 3.7922200000000000e-09 9.3001754656409992e+02
4.4975537964996660e-06 3.2663399940042002e-10 4.8362200000000001e-09 9.3004045271789994e+02
4.5807460305493105e-06 3.3555999792714001e-10 4.9256699999999996e-09 9.3004228160820003e+02
4.7281205653478515e-06 3.3656599963290001e-10 5.0841300000000003e-09 9.3004248152130003e+02
6.5759177435918250e-06 5.4515600232911993e-10 7.0708799999999999e-09 9.3007696075620004e+02
9.1998724984833464e-06 8.8567000200420000e-10 9.8920399999999997e-09 9.3011730648750006e+02
1.2918168885426129e-05 1.4388700552640002e-09 1.3889600000000001e-08 9.3016406831190000e+02
1.8201380444258739e-05 2.3376200076990001e-09 1.9569300000000001e-08 9.3021808578930006e+02
2.5725895950178280e-05 3.7977398937599994e-09 2.7657999999999999e-08 9.3028025838780002e+02
3.6463989818522291e-05 6.1698799253159997e-09 3.9200400000000002e-08 9.3035162548649998e+02
5.1813630126296458e-05 1.0023700173792000e-08 5.5698400000000002e-08 9.3043332628019994e+02
7.3785560512054020e-05 1.6284700005120000e-08 7.9311899999999997e-08 9.3052664006250006e+02
1.0527189036420272e-04 2.6456400399219999e-08 1.1314700000000000e-07 9.3063298613190000e+02
1.5043483705694415e-04 4.2981499428689995e-08 1.6167299999999999e-07 9.3075400323120004e+02
1.5143539825673478e-04 4.3369399516159995e-08 1.6274800000000000e-07 9.3075639185940008e+02
1.5666718390755263e-04 4.3499599327679997e-08 1.6836899999999999e-07 9.3075719132400002e+02
1.8247319946392853e-04 5.3487099479700000e-08 1.9609400000000001e-07 9.3081203831400001e+02
2.1304949570856091e-04 6.5965099669560007e-08 2.2894200000000001e-07 9.3087079295249998e+02
2.4880173202308656e-04 8.1354199584480006e-08 2.6734800000000002e-07 9.3093285559410003e+02
2.9061049213158235e-04 1.0033299847065000e-07 3.1225699999999999e-07 9.3099838615049998e+02
3.3950651358852186e-04 1.2374000051775000e-07 3.6477499999999998e-07 9.3106758453479995e+02
3.9669496520679297e-04 1.5260700009555001e-07 4.2619500000000001e-07 9.3114063056550003e+02
4.6358813252914599e-04 1.8820900209407997e-07 4.9803199999999997e-07 9.3121772415570001e+02
5.4183717856390442e-04 2.3211699768180001e-07 5.8205699999999998e-07 9.3129908512530005e+02
6.3337419989345891e-04 2.8626699988691999e-07 6.8034199999999997e-07 9.3138494352930002e+02
7.4046361643000222e-04 3.5305100162730003e-07 7.9531500000000002e-07 9.3147551899979999e+02
7.4543957324912111e-04 3.5623800038969997e-07 8.0065699999999999e-07 9.3147951660449996e+02
7.7046470619140960e-04 3.5730600246279002e-07 8.2752300000000002e-07 9.3148080575760002e+02
7.7218701201869997e-04 3.5837800248323999e-07 8.2937200000000002e-07 9.3148210505190002e+02
7.7564281539113634e-04 3.6053199741144001e-07 8.3308200000000005e-07 9.3148469349929996e+02
7.7911352986319152e-04 3.6269800105895999e-07 8.3680799999999998e-07 9.3148728185280004e+02
7.8260009510663572e-04 3.6487800290032998e-07 8.4055099999999997e-07 9.3148988034750005e+02
7.8610250285012515e-04 3.6706999922346001e-07 8.4431100000000000e-07 9.3149248879559991e+02
7.8962075319254110e-04 3.6927600351839998e-07 8.4808799999999996e-07 9.3149508719639994e+02
7.9315485471188711e-04 3.7149499796798001e-07 8.5188199999999998e-07 9.3149769564450003e+02
7.9670479058673201e-04 3.7372699824480005e-07 8.5569300000000004e-07 9.3150031404599997e+02
8.0027057791247260e-04 3.7597299948234002e-07 8.5952100000000004e-07 9.3150293244750003e+02
8.0385221698387247e-04 3.7823200230633998e-07 8.6336599999999998e-07 9.3150555094289996e+02
8.0745063029167934e-04 3.8050499711466001e-07 8.6722899999999999e-07 9.3150817929779998e+02
8.1106395596088781e-04 3.8279099715107999e-07 8.7110800000000002e-07 9.3151080774659999e+02
8.1469498722525535e-04 3.8509200436278001e-07 8.7500600000000005e-07 9.3151343619540000e+02
8.1834093096975699e-04 3.8740599815679997e-07 8.7891999999999998e-07 9.3151607459759998e+02
8.3652972322216491e-04 3.8856800310954005e-07 8.9844600000000005e-07 9.3151737379799999e+02
8.9649746606902973e-04 4.2637900225708002e-07 9.6282100000000007e-07 9.3155798930399999e+02
9.6293679962426715e-04 4.6927300060880000e-07 1.0341400000000000e-06 9.3160093353000002e+02
1.0343084479593990e-03 5.1648199988999994e-07 1.1107499999999999e-06 9.3164493704189999e+02
1.1110033276598183e-03 5.6844100521450010e-07 1.1930700000000001e-06 9.3169002988770001e+02
1.1934040547386528e-03 6.2562700512179996e-07 1.2815100000000000e-06 9.3173623206809998e+02
1.2819398888523502e-03 6.8856500094819997e-07 1.3765300000000001e-06 9.3178357353719991e+02
1.3770588621277026e-03 7.5783499966439992e-07 1.4786100000000000e-06 9.3183208434300002e+02
1.4792742600387720e-03 8.3407400117300003e-07 1.5882999999999999e-06 9.3188178448619999e+02
1.5890902438860661e-03 9.1798299673799988e-07 1.7061399999999999e-06 9.3193271378040004e+02
1.7070948934908867e-03 1.0103300084124001e-06 1.8327600000000000e-06 9.3198488236679998e+02
1.7418302566492478e-03 1.0379399925766002e-06 1.8700300000000001e-06 9.3199978345169995e+02
1.8026805910135908e-03 1.0410599913928000e-06 1.9353200000000000e-06 9.3200143242960007e+02
2.0389359400714486e-03 1.2275099896319999e-06 2.1888000000000001e-06 9.3209187794249999e+02
2.3114099463439177e-03 1.4516999917321999e-06 2.4811100000000001e-06 9.3218792017709995e+02
2.6204004641994278e-03 1.7168400063888003e-06 2.8125600000000001e-06 9.3228811983419996e+02
2.9707928967162671e-03 2.0304000155634000e-06 3.1883800000000001e-06 9.3239264696670000e+02
3.3681648965264784e-03 2.4012300084080001e-06 3.6145400000000001e-06 9.3250170129989999e+02
3.8188055776886142e-03 2.8397900147328003e-06 4.0977700000000004e-06 9.3261546284010001e+02
4.3298558716110781e-03 3.3584500068246004e-06 4.6457100000000001e-06 9.3273413140649996e+02
4.9094492242661523e-03 3.9718300068571995e-06 5.2670599999999997e-06 9.3285792691289998e+02
5.5667590537662745e-03 4.6972400276543001e-06 5.9716300000000001e-06 9.3298704917850000e+02
6.3122329168583428e-03 5.5551399798486997e-06 6.7705900000000002e-06 9.3312173811779996e+02
6.3691536418958340e-03 5.6221100036384002e-06 6.8315900000000001e-06 9.3313158221820004e+02
6.6107787783348925e-03 5.6389700285964000e-06 7.0905299999999997e-06 9.3313397075249998e+02
7.1832281514335565e-03 6.2999099885847007e-06 7.7039700000000007e-06 9.3322329697740008e+02
7.8228640480689938e-03 7.0594400109160007e-06 8.3893400000000006e-06 9.3331767013950002e+02
8.5195476220300548e-03 7.9105299722335996e-06 9.1357600000000004e-06 9.3341477175390003e+02
9.2783521214718639e-03 8.8642300383220009e-06 9.9486500000000000e-06 9.3351470163630006e+02
1.0104791977484120e-02 9.9329099737559988e-06 1.0833900000000000e-05 9.3361751969490001e+02
1.1005037422914624e-02 1.1130399980334000e-05 1.1798100000000000e-05 9.3372332602710003e+02
1.1985504705131824e-02 1.2472300012974001e-05 1.2848100000000000e-05 9.3383220044789994e+02
1.3053499763127112e-02 1.3976000053347000e-05 1.3991700000000000e-05 9.3394422305399996e+02
1.4216706487829026e-02 1.5661000693130000e-05 1.5237100000000000e-05 9.3405949366109996e+02
1.5483652631007537e-02 1.7549100191680000e-05 1.6593399999999999e-05 9.3417811227269999e+02
1.5623499832828706e-02 1.7760599953030001e-05 1.6743099999999999e-05 9.3419079468840005e+02
1.6269961736847121e-02 1.7813900213129999e-05 1.7435099999999998e-05 9.3419395273319992e+02
1.7094324515795702e-02 1.9027400207749999e-05 1.8317499999999999e-05 9.3426180186839997e+02
1.8000874089488257e-02 2.0384500450440000e-05 1.9287799999999999e-05 9.3433394852489994e+02
1.8955614232225096e-02 2.1838399047120000e-05 2.0309599999999999e-05 9.3440734433310001e+02
1.9960983560824267e-02 2.3396100553499999e-05 2.1385500000000000e-05 9.3448202938830002e+02
2.1019794814794490e-02 2.5064799654149998e-05 2.2518500000000001e-05 9.3455801364390004e+02
2.2134768910989058e-02 2.6852600343399999e-05 2.3711500000000002e-05 9.3463531710059999e+02
2.3309000859656603e-02 2.8767899159999994e-05 2.4967799999999998e-05 9.3471396971249999e+02
2.4545494036103295e-02 3.0819700065419999e-05 2.6290599999999999e-05 9.3479400162150000e+02
2.5847718880420045e-02 3.3017999946119998e-05 2.7683600000000000e-05 9.3487541254589996e+02
2.7219055484112444e-02 3.5372998881120002e-05 2.9150400000000001e-05 9.3495825272219997e+02
2.7775365070038964e-02 3.6339601209739997e-05 2.9745400000000002e-05 9.3499105302509997e+02
2.8289610775747390e-02 3.6448598719180002e-05 3.0295400000000001e-05 9.3499466085090000e+02
2.8802930737171755e-02 3.7332599735440002e-05 3.0844399999999999e-05 9.3502356336480000e+02
2.9391538203060320e-02 3.8352800962709990e-05 3.1473899999999997e-05 9.3505628375879996e+02
2.9992229144074897e-02 3.9400800335690003e-05 3.2116300000000003e-05 9.3508923392610006e+02
3.0605097595990186e-02 4.0477499896860003e-05 3.2771700000000003e-05 9.3512239395989991e+02
3.1230612131930052e-02 4.1583600119840003e-05 3.3440600000000000e-05 9.3515578386089999e+02
3.1868867160453597e-02 4.2719998743180005e-05 3.4123099999999999e-05 9.3518940362910007e+02
3.2520144922003676e-02 4.3887298648500002e-05 3.4819500000000001e-05 9.3522325326449993e+02
3.3184820445813230e-02 4.5086601561120004e-05 3.5530200000000001e-05 9.3525732271979996e+02
3.3862987887692660e-02 4.6318701748649993e-05 3.6255299999999998e-05 9.3529163208960006e+02
3.4555116462740516e-02 4.7584401826990007e-05 3.6995300000000001e-05 9.3532617123270006e+02
3.4710848908415574e-02 4.7870299693839997e-05 3.7161800000000001e-05 9.3533387666670001e+02
3.5705765632703390e-02 4.8013899962450004e-05 3.8225500000000002e-05 9.3533768431169995e+02
3.6190650245182691e-02 4.8884701265269996e-05 3.8743900000000000e-05 9.3536029073669999e+02
3.6764595537185744e-02 4.9920498059249994e-05 3.9357499999999997e-05 9.3538680481020003e+02
3.7347724170046170e-02 5.0978398185919999e-05 3.9980900000000002e-05 9.3541345870079999e+02
3.7940129948432849e-02 5.2058599241440000e-05 4.0614200000000002e-05 9.3544024264290010e+02
3.8541907483377907e-02 5.3161699756499999e-05 4.1257500000000003e-05 9.3546717635549999e+02
3.9153244015328124e-02 5.4288198430999997e-05 4.1910999999999999e-05 9.3549425007299999e+02
3.9774234210732992e-02 5.5438601263319996e-05 4.2574799999999998e-05 9.3552146370150001e+02
4.0405159191034282e-02 5.6613297948239995e-05 4.3249199999999999e-05 9.3554882728830000e+02
4.1046019389420471e-02 5.7812899551080002e-05 4.3934199999999997e-05 9.3557633069220003e+02
4.1697190276124625e-02 5.9037997871239995e-05 4.4630199999999998e-05 9.3560397410099995e+02
4.2358578444415006e-02 6.0288999023690009e-05 4.5337100000000003e-05 9.3563177732760005e+02
4.2549448380963861e-02 6.0651299975859995e-05 4.5541099999999997e-05 9.3563974248900001e+02
4.3740238175900857e-02 6.0833198906699995e-05 4.6813800000000002e-05 9.3564365013750000e+02
4.5854886274473032e-02 6.4782902450840000e-05 4.9073799999999998e-05 9.3572599057799994e+02
4.8180087401599556e-02 6.9195997901699998e-05 5.1558599999999998e-05 9.3581365787159996e+02
5.0623240020302433e-02 7.3909702371599995e-05 5.4169200000000003e-05 9.3590278418340006e+02
5.3190452397117956e-02 7.8944498346630003e-05 5.6912100000000000e-05 9.3599338970190001e+02
5.5887837732656438e-02 8.4322299027779992e-05 5.9793799999999997e-05 9.3608550419339997e+02
5.8722166587791814e-02 9.0066499795649990e-05 6.2821499999999995e-05 9.3617915789369999e+02
6.1700398546921942e-02 9.6201898222459989e-05 6.6002599999999997e-05 9.3627437052180005e+02
6.4829683480590566e-02 1.0275499726340999e-04 6.9344700000000000e-05 9.3637116226620003e+02
6.8117831355171340e-02 1.0975499711746999e-04 7.2856100000000002e-05 9.3646956308100005e+02
7.1572933822013338e-02 1.1723199746169999e-04 7.6545399999999994e-05 9.3656960282640000e+02
7.2872355791586060e-02 1.2007500056640000e-04 7.7932800000000000e-05 9.3660639068670002e+02
7.6294350046888545e-02 1.2043499631464001e-04 8.1586400000000002e-05 9.3661091798129996e+02
7.8557740452832786e-02 1.2521799885310001e-04 8.4002899999999995e-05 9.3666865324139997e+02
8.1070439170188191e-02 1.3058099681828001e-04 8.6685400000000002e-05 9.3673145543940007e+02
8.3663493660002267e-02 1.3617299667415003e-04 8.9453500000000007e-05 9.3679492723830003e+02
8.6339540033127660e-02 1.4200499619000000e-04 9.2310000000000002e-05 9.3685905859080003e+02
8.9101308842231525e-02 1.4808700429182000e-04 9.5257800000000001e-05 9.3692387963880003e+02
9.1951438062670962e-02 1.5442999846642999e-04 9.8299699999999997e-05 9.3698938014720000e+02
9.3544637803481184e-02 1.5800363917307320e-04 1.0000000000000000e-04 9.3702641442654260e+02
9.5905202457929467e-02 1.6009413132780015e-04 1.0251878756524469e-04 9.3705065062459585e+02
9.8325335096376310e-02 1.6225525473381511e-04 1.0510106879644998e-04 9.3707506002485832e+02
1.0080653889506859e-01 1.6448939580220658e-04 1.0774844375378133e-04 9.3709964407098278e+02
1.0335035496235481e-01 1.6679902157349809e-04 1.1046255280291475e-04 9.3712440421888232e+02
1.0595836329588794e-01 1.6918668244186681e-04 1.1324507762977556e-04 9.3714934193683359e+02
1.0863218376398273e-01 1.7165501497140535e-04 1.1609774228080591e-04 9.3717445870557935e+02
1.1137347711173726e-01 1.7420674480753600e-04 1.1902231422940194e-04 9.3719975601843316e+02
1.1418394599254346e-01 1.7684468968679290e-04 1.2202060546917905e-04 9.3722523538138330e+02
1.1706533602562774e-01 1.7957176254829518e-04 1.2509447363473903e-04 9.3725089831319974e+02
1.2001943688027794e-01 1.8239097475034743e-04 1.2824582315063018e-04 9.3727674634554080e+02
1.2304808338743055e-01 1.8530543939571889e-04 1.3147660640920941e-04 9.3730278102306011e+02
1.2615315667930838e-01 1.8831837476927359e-04 1.3478882497813170e-04 9.3732900390351665e+02
1.2933658535781642e-01 1.9143310789174721e-04 1.3818453083821219e-04 9.3735541655788404e+02
1.3260034669242213e-01 1.9465307819359562e-04 1.4166582765242394e-04 9.3738202057046021e+02
1.3594646784826320e-01 1.9798184131297048e-04 1.4523487206681289e-04 9.3740881753898054e+02
1.3937702714524680e-01 2.0142307302201747e-04 1.4889387504413336e-04 9.3743580907472938e+02
1.4289415534892141e-01 2.0498057328583152e-04 1.5264510323102494e-04 9.3746299680265486e+02
1.4650003699392311e-01 2.0865827045855163e-04 1.5649088035957361e-04 9.3749038236148238e+02
1.5019691174081912e-01 2.1246022562122888e-04 1.6043358868412204e-04 9.3751796740383099e+02
1.5398707576719017e-01 2.1639063706625739e-04 1.6447567045421282e-04 9.3754575359632895e+02
1.5787288319381693e-01 2.2045384493332048e-04 1.6861962942457377e-04 9.3757374261973393e+02
1.6185674754685520e-01 2.2465433600197073e-04 1.7286803240307527e-04 9.3760193616904837e+02
1.6594114325690890e-01 2.2899674864613714e-04 1.7722351083761302e-04 9.3763033595364209e+02
1.7012860719593143e-01 2.3348587795602881e-04 1.8168876244289482e-04 9.3765894369737168e+02
1.7442174025291016e-01 2.3812668103309251e-04 1.8626655286813282e-04 9.3768776113870263e+02
1.7882320894931314e-01 2.4292428246387075e-04 1.9095971740666948e-04 9.3771679003083250e+02
1.8333574709530034e-01 2.4788397997880341e-04 1.9577116274858920e-04 9.3774603214181559e+02
1.8796215748772940e-01 2.5301125030222419e-04 2.0070386877739686e-04 9.3777548925468591e+02
1.9270531365100940e-01 2.5831175520000870e-04 2.0576089041186765e-04 9.3780516316758644e+02
1.9756816162188490e-01 2.6379134773155550e-04 2.1094535949420514e-04 9.3783505569389445e+02
2.0255372177925812e-01 2.6945607871300096e-04 2.1626048672566866e-04 9.3786516866235002e+02
2.0766509072018605e-01 2.7531220339880680e-04 2.2170956365086207e-04 9.3789550391718660e+02
2.1290544318321761e-01 2.8136618838909720e-04 2.2729596469190673e-04 9.3792606331826175e+02
2.1827803402026558e-01 2.8762471877037432e-04 2.3302314923375015e-04 9.3795684874118831e+02
2.2378620021823786e-01 2.9409470549749501e-04 2.3889466376189505e-04 9.3798786207746730e+02
2.2943336297168429e-01 3.0078329302506352e-04 2.4491414405386421e-04 9.3801910523462345e+02
2.3522302980774534e-01 3.0769786719666388e-04 2.5108531742575030e-04 9.3805058013633948e+02
2.4115879676472357e-01 3.1484606340064522e-04 2.5741200503523432e-04 9.3808228872259292e+02
2.4724435062563013e-01 3.2223577500146630e-04 2.6389812424248852e-04 9.3811423294979409e+02
2.5348347120809461e-01 3.2987516205590888e-04 2.7054769103041881e-04 9.3814641479092575e+02
2.5988003371205909e-01 3.3777266032378428e-04 2.7736482248573436e-04 9.3817883623568241e+02
2.6643801112671617e-01 3.4593699058308494e-04 2.8435373934237274e-04 9.3821149929061153e+02
2.7316147669818502e-01 3.5437716825986542e-04 2.9151876858884420e-04 9.3824440597925798e+02
2.8005460645945751e-01 3.6310251338348651e-04 2.9886434614109992e-04 9.3827755834230607e+02
2.8712168182418801e-01 3.7212266087821794e-04 3.0639501958256907e-04 9.3831095843772607e+02
2.9436709224593532e-01 3.8144757120256071e-04 3.1411545097304955e-04 9.3834460834092079e+02
3.0179533794451036e-01 3.9108754134804065e-04 3.2203041972818093e-04 9.3837851014487251e+02
3.0941103270112180e-01 4.0105321620961565e-04 3.3014482557127024e-04 9.3841266596029232e+02
3.1721890672405623e-01 4.1135560034025474e-04 3.3846369155928542e-04 9.3844707791577184e+02
3.2522380958667302e-01 4.2200607010266781e-04 3.4699216718487972e-04 9.3848174815793300e+02
3.3343071323953788e-01 4.3301638623160414e-04 3.5573553155635149e-04 9.3851667885158292e+02
3.4184471509856740e-01 4.4439870682059309e-04 3.6469919665749754e-04 9.3855187217986759e+02
3.5047104121110051e-01 4.5616560074746503e-04 3.7388871068936170e-04 9.3858733034442741e+02
3.5931504950186566e-01 4.6833006155348007e-04 3.8330976149593562e-04 9.3862305556555486e+02
3.6838223310085833e-01 4.8090552179138956e-04 3.9296818007591517e-04 9.3865905008235336e+02
3.7767822375519655e-01 4.9390586785827374e-04 4.0286994418267376e-04 9.3869531615289668e+02
3.8720879532707286e-01 5.0734545532953458e-04 4.1302118201466253e-04 9.3873185605439051e+02
3.9697986737997654e-01 5.2123912481097834e-04 4.2342817599850754e-04 9.3876867208333488e+02
4.0699750885541192e-01 5.3560221832648844e-04 4.3409736666712682e-04 9.3880576655568996e+02
4.1726794184239846e-01 5.5045059625938948e-04 4.4503535663525354e-04 9.3884314180703984e+02
4.2779754544209186e-01 5.6580065486620584e-04 4.5624891467480364e-04 9.3888080019276038e+02
4.3859285972992751e-01 5.8166934438215619e-04 4.6774497989259418e-04 9.3891874408818876e+02
4.4966058981774804e-01 5.9807418773837702e-04 4.7953066601298021e-04 9.3895697588879239e+02
4.6100761001843599e-01 6.1503329991154283e-04 4.9161326576803639e-04 9.3899549801034118e+02
4.7264096811564049e-01 6.3256540792725011e-04 5.0400025539798477e-04 9.3903431288908064e+02
4.8456788974124848e-01 6.5068987153925394e-04 5.1669929926462905e-04 9.3907342298190667e+02
4.9679578286331916e-01 6.6942670460739010e-04 5.2971825458062967e-04 9.3911283076654138e+02
5.0933224238727148e-01 6.8879659719779467e-04 5.4306517625752498e-04 9.3915253874171083e+02
5.2218505487317890e-01 7.0882093842981702e-04 5.5674832187547097e-04 9.3919254942732539e+02
5.3536220337210527e-01 7.2952184009486348e-04 5.7077615677775619e-04 9.3923286536465969e+02
5.4887187238448265e-01 7.5092216107324557e-04 5.8515735929321475e-04 9.3927348911653530e+02
5.6272245294361145e-01 7.7304553257599772e-04 5.9990082608974316e-04 9.3931442326750584e+02
5.7692254782744357e-01 7.9591638423954212e-04 6.1501567766221205e-04 9.3935567042404114e+02
5.9148097690187862e-01 8.1955997110200326e-04 6.3051126395812971e-04 9.3939723321471627e+02
6.0640678259890113e-01 8.4400240149097854e-04 6.4639717014452417e-04 9.3943911429039895e+02
6.2170923553295276e-01 8.6927066585354245e-04 6.6268322251956675e-04 9.3948131632444290e+02
6.3739784025903290e-01 8.9539266656032924e-04 6.7937949457257563e-04 9.3952384201287771e+02
6.5348234117610349e-01 9.2239724871660594e-04 6.9649631319611098e-04 9.3956669407460413e+02
6.6997272857946388e-01 9.5031423201435311e-04 7.1404426505397426e-04 9.3960987525159021e+02
6.8687924486585317e-01 9.7917444366052843e-04 7.3203420310901366e-04 9.3965338830906876e+02
7.0421239089513987e-01 1.0090097524178782e-03 7.5047725331474574e-04 9.3969723603573641e+02
7.2198293251254209e-01 1.0398531037958756e-03 7.6938482147488824e-04 9.3974142124395485e+02
7.4020190723543733e-01 1.0717385564306596e-03 7.8876860027501646e-04 9.3978594676995431e+02
7.5888063110890946e-01 1.1047013196941332e-03 8.0864057649064993e-04 9.3983081547403776e+02
7.7803070573429245e-01 1.1387777925737582e-03 8.2901303837618903e-04 9.3987603024078760e+02
7.9766402547507920e-01 1.1740056038659803e-03 8.4989858323923151e-04 9.3992159397927401e+02
8.1779278484466567e-01 1.2104236537276609e-03 8.7131012520490800e-04 9.3996750962326587e+02
8.3842948608052525e-01 1.2480721566314075e-03 8.9326090317499876e-04 9.4001378013144199e+02
8.5958694690951232e-01 1.2869926857722294e-03 9.1576448898670368e-04 9.4006040848760620e+02
8.8127830850912059e-01 1.3272282189745544e-03 9.3883479577606737e-04 9.4010739770090061e+02
9.0351704366964292e-01 1.3688231861503073e-03 9.6248608655117945e-04 9.4015475080602801e+02
9.2631696516229722e-01 1.4118235183604435e-03 9.8673298298040599e-04 9.4020247086346762e+02
9.4969223431852179e-01 1.4562766985341247e-03 1.0115904744010301e-03 9.4025056095969830e+02
9.7365736982576379e-01 1.5022318139015342e-03 1.0370739270538184e-03 9.4029902420742269e+02
9.9822725674522850e-01 1.5497396101982397e-03 1.0631990935491716e-03 9.4034786374579267e+02
1.0234171557571841e+00 1.5988525477009438e-03 1.0899821225706476e-03 9.4039708274063742e+02
1.0492427126395742e+00 1.6496248591565236e-03 1.1174395688218109e-03 9.4044668438469091e+02
1.0757199679858152e+00 1.7021126096683002e-03 1.1455884032224742e-03 9.4049667189782758e+02
1.1028653671678197e+00 1.7563737586056847e-03 1.1744460233605969e-03 9.4054704852729287e+02
1.1306957705504350e+00 1.8124682236055616e-03 1.2040302642062192e-03 9.4059781754794108e+02
1.1592284639636343e+00 1.8704579467360705e-03 1.2343594090939909e-03 9.4064898226247328e+02
1.1884811694389779e+00 1.9304069628958748e-03 1.2654522009810257e-03 9.4070054600167612e+02
1.2184720562169968e+00 1.9923814705244112e-03 1.2973278539869452e-03 9.4075251212466662e+02
1.2492197520323491e+00 2.0564499047012312e-03 1.3300060652231928e-03 9.4080488401913385e+02
1.2807433546837512e+00 2.1226830127151386e-03 1.3635070269188373e-03 9.4085766510158885e+02
1.3130624438958691e+00 2.1911539321865705e-03 1.3978514388502871e-03 9.4091085881761012e+02
1.3461970934805478e+00 2.2619382718295014e-03 1.4330605210825149e-03 9.4096446864209838e+02
1.3801678838049176e+00 2.3351141949420335e-03 1.4691560270295799e-03 9.4101849807952658e+02
1.4149959145741309e+00 2.4107625057178750e-03 1.5061602568424252e-03 9.4107295066419886e+02
1.4507028179366677e+00 2.4889667384740215e-03 1.5440960711321497e-03 9.4112782996050510e+02
1.4873107719203478e+00 2.5698132498931593e-03 1.5829869050371160e-03 9.4118313956318423e+02
1.5248425142073940e+00 2.6533913143826538e-03 1.6228567826425105e-03 9.4123888309758490e+02
1.5633213562571098e+00 2.7397932226554287e-03 1.6637303317611539e-03 9.4129506421993267e+02
1.6027711977849299e+00 2.8291143836415792e-03 1.7056327990845937e-03 9.4135168661759485e+02
1.6432165416068505e+00 2.9214534298432674e-03 1.7485900657137315e-03 9.4140875400935124e+02
1.6846825088584505e+00 3.0169123262492347e-03 1.7926286630784670e-03 9.4146627014566809e+02
1.7271948545979567e+00 3.1155964829291884e-03 1.8377757892560818e-03 9.4152423880896970e+02
1.7707799838030551e+00 3.2176148714324207e-03 1.8840593256983292e-03 9.4158266381391832e+02
1.8154649677713657e+00 3.3230801451191623e-03 1.9315078543774278e-03 9.4164154900769211e+02
1.8612775609347834e+00 3.4321087635575602e-03 1.9801506753614347e-03 9.4170089827026800e+02
1.9082462180981223e+00 3.5448211211236537e-03 2.0300178248297200e-03 9.4176071551470693e+02
1.9564001121127654e+00 3.6613416799463313e-03 2.0811400935395294e-03 9.4182100468743965e+02
2.0057691519963123e+00 3.7817991073441008e-03 2.1335490457549127e-03 9.4188176976855846e+02
2.0563840015094610e+00 3.9063264179054124e-03 2.1872770386495498e-03 9.4194301477210843e+02
2.1082760982016722e+00 4.0350611203694318e-03 2.2423572421953145e-03 9.4200474374638213e+02
2.1614776729374490e+00 4.1681453694694748e-03 2.2988236595487049e-03 9.4206696077421987e+02
2.2160217699153453e+00 4.3057261229067396e-03 2.3567111479475627e-03 9.4212966997330750e+02
2.2719422671921583e+00 4.4479553036277149e-03 2.4160554401308322e-03 9.4219287549648141e+02
2.3292738977250345e+00 4.5949899675844334e-03 2.4768931662944018e-03 9.4225658153203392e+02
2.3880522709445633e+00 4.7469924771628095e-03 2.5392618765964093e-03 9.4232079230402189e+02
2.4483138948722685e+00 4.9041306804706109e-03 2.6032000642257341e-03 9.4238551207257910e+02
2.5100961987962136e+00 5.0665780966829789e-03 2.6687471890477141e-03 9.4245074513422867e+02
2.5734375565188343e+00 5.2345141076502403e-03 2.7359437018415048e-03 9.4251649582220421e+02
2.6383773101914070e+00 5.4081241559795238e-03 2.8048310691438350e-03 9.4258276850676521e+02
2.7049557947499774e+00 5.5875999498089454e-03 2.8754517987142777e-03 9.4264956759552422e+02
2.7732143629679231e+00 5.7731396745004972e-03 2.9478494656375613e-03 9.4271689753377007e+02
2.8431954111406998e+00 5.9649482114853426e-03 3.0220687390787823e-03 9.4278476280479822e+02
2.9149424054187456e+00 6.1632373645032707e-03 3.0981554097078323e-03 9.4285316793024265e+02
2.9884999088048763e+00 6.3682260934860395e-03 3.1761564178097060e-03 9.4292211747041063e+02
3.0639136088329515e+00 6.5801407563429205e-03 3.2561198820977941e-03 9.4299161602462016e+02
3.1412303459450075e+00 6.7992153589154416e-03 3.3380951292476986e-03 9.4306166823154308e+02
3.2204981425844652e+00 7.0256918133772975e-03 3.4221327241695269e-03 9.4313227876954670e+02
3.3017662330235122e+00 7.2598202053648425e-03 3.5082845010370733e-03 9.4320345235704406e+02
3.3850850939431498e+00 7.5018590701330370e-03 3.5966035950927523e-03 9.4327519375284169e+02
3.4705064757849269e+00 7.7520756780418802e-03 3.6871444752476150e-03 9.4334750775649547e+02
3.5580834348938222e+00 8.0107463296885534e-03 3.7799629774962679e-03 9.4342039920866694e+02
3.6478703664722314e+00 8.2781566610111174e-03 3.8751163391669875e-03 9.4349387299148407e+02
3.7399230383655544e+00 8.5546019587007839e-03 3.9726632340278635e-03 9.4356793402890389e+02
3.8342986257003315e+00 8.8403874862709383e-03 4.0726638082702604e-03 9.4364258728708035e+02
3.9310557463964675e+00 9.1358288211430411e-03 4.1751797173914737e-03 9.4371783777473490e+02
4.0302544975755961e+00 9.4412522031216244e-03 4.2802741639989816e-03 9.4379369054352901e+02
4.1319564928881940e+00 9.7569948946431753e-03 4.3880119365592198e-03 9.4387015068844300e+02
4.2362249007826227e+00 1.0083405553196687e-02 4.4984594491144130e-03 9.4394722334815469e+02
4.3431244837398930e+00 1.0420844616327194e-02 4.6116847819915752e-03 9.4402491370542532e+02
4.4527216384984927e+00 1.0769684699647359e-02 4.7277577235283587e-03 9.4410322698748712e+02
4.5650844372942716e+00 1.1130311008296619e-02 4.8467498128410783e-03 9.4418216846643315e+02
4.6802826701410067e+00 1.1503121762302289e-02 4.9687343836608364e-03 9.4426174345961351e+02
4.7983878881778921e+00 1.1888528636312280e-02 5.0937866092643442e-03 9.4434195733003332e+02
4.9194734481109048e+00 1.2286957214185048e-02 5.2219835485266871e-03 9.4442281548675498e+02
5.0436145577756131e+00 1.2698847458938711e-02 5.3534041931239049e-03 9.4450432338530561e+02
5.1708883228497537e+00 1.3124654198578273e-02 5.4881295159140584e-03 9.4458648652808347e+02
5.3013737947445891e+00 1.3564847628337488e-02 5.6262425205260407e-03 9.4466931046477396e+02
5.4351520197047662e+00 1.4019913829889857e-02 5.7678282921861815e-03 9.4475280079276695e+02
5.5723060891472231e+00 1.4490355308102238e-02 5.9129740498134794e-03 9.4483696315757675e+02
5.7129211912703539e+00 1.4976691545923636e-02 6.0617691994149262e-03 9.4492180325326910e+02
5.8570846639655194e+00 1.5479459578021970e-02 6.2143053888133242e-03 9.4500732682288708e+02
6.0048860490637663e+00 1.5999214583802285e-02 6.3706765637406536e-03 9.4509353965888681e+02
6.1564171479514238e+00 1.6536530500461132e-02 6.5309790253309753e-03 9.4518044760357395e+02
6.3117720785891747e+00 1.7092000656754300e-02 6.6953114890476624e-03 9.4526805654954580e+02
6.4710473339699446e+00 1.7666238428177432e-02 6.8637751450805751e-03 9.4535637244013333e+02
6.6343418420519749e+00 1.8259877914283268e-02 7.0364737202497033e-03 9.4544540126985328e+02
6.8017570272042835e+00 1.8873574638883322e-02 7.2135135414527103e-03 9.4553514908486306e+02
6.9733968732026614e+00 1.9508006273907124e-02 7.3950036006947568e-03 9.4562562198341436e+02
7.1493679878153875e+00 2.0163873387718592e-02 7.5810556217398720e-03 9.4571682611631866e+02
7.3297796690186994e+00 2.0841900218715511e-02 7.7717841284241293e-03 9.4580876768741223e+02
7.5147439728832142e+00 2.1542835475066646e-02 7.9673065146719374e-03 9.4590145295402840e+02
7.7043757831734299e+00 2.2267453161469504e-02 8.1677431162577065e-03 9.4599488822747037e+02
7.8987928827035283e+00 2.3016553433841545e-02 8.3732172843561849e-03 9.4608907987349289e+02
8.0981160264938570e+00 2.3790963482888988e-02 8.5838554609259463e-03 9.4618403431278534e+02
8.3024690167734452e+00 2.4591538447528451e-02 8.7997872559714054e-03 9.4627975802146284e+02
8.5119787798752053e+00 2.5419162359170414e-02 9.0211455267301139e-03 9.4637625753155532e+02
8.7267754450715493e+00 2.6274749117907011e-02 9.2480664588329674e-03 9.4647353943150847e+02
8.9469924253993760e+00 2.7159243501682202e-02 9.4806896494863298e-03 9.4657161036668720e+02
9.1727665005246983e+00 2.8073622209558773e-02 9.7191581927262988e-03 9.4667047703987942e+02
9.4042379016982718e+00 2.9018894940233964e-02 9.9636187667963196e-03 9.4677014621181206e+02
9.6415503988550579e+00 2.9996105506994761e-02 1.0214221723700959e-02 9.4687062470166575e+02
9.8848513899116757e+00 3.1006332990344405e-02 1.0471121180989768e-02 9.4697191938759863e+02
1.0134291992317113e+01 3.2050692929572001e-02 1.0734475115826403e-02 9.4707403720726961e+02
1.0390027136913847e+01 3.3130338554582243e-02 1.1004445461399807e-02 9.4717698515837469e+02
1.0652215664167358e+01 3.4246462059344236e-02 1.1281198205735329e-02 9.4728077029918109e+02
1.0921020422824057e+01 3.5400295918366548e-02 1.1564903492965392e-02 9.4738539974906905e+02
1.1196608371058833e+01 3.6593114247652006e-02 1.1855735727120587e-02 9.4749088068908077e+02
1.1479150680174888e+01 3.7826234211634398e-02 1.2153873678503501e-02 9.4759722036247138e+02
1.1768822840920576e+01 3.9101017477651885e-02 1.2459500592709533e-02 9.4770442607526627e+02
1.2065804772488944e+01 4.0418871719561919e-02 1.2772804302359900e-02 9.4781250519682374e+02
1.2370280934267937e+01 4.1781252172159097e-02 1.3093977341614191e-02 9.4792146516040702e+02
1.2682440440410598e+01 4.3189663238111985e-02 1.3423217063531409e-02 9.4803131346375051e+02
1.3002477177296267e+01 4.4645660149192787e-02 1.3760725760349467e-02 9.4814205766964687e+02
1.3330589923956069e+01 4.6150850683635780e-02 1.4106710786756122e-02 9.4825370540652625e+02
1.3666982475537091e+01 4.7706896941518903e-02 1.4461384686224647e-02 9.4836626436904692e+02
1.4011863769882277e+01 4.9315517180130747e-02 1.4824965320490496e-02 9.4847974231869455e+02
1.4365448017304507e+01 5.0978487711348830e-02 1.5197676002246569e-02 9.4859414708438146e+02
1.4727954833635355e+01 5.2697644863123845e-02 1.5579745631136500e-02 9.4870948656305313e+02
1.5099609376631481e+01 5.4474887007237224e-02 1.5971408833127799e-02 9.4882576872030279e+02
1.5480642485822976e+01 5.6312176655569479e-02 1.6372906103348045e-02 9.4894300159099078e+02
1.5871290825890879e+01 5.8211542627195551e-02 1.6784483952470113e-02 9.4906119327986767e+02
1.6271797033662775e+01 6.0175082288699680e-02 1.7206395056733916e-02 9.4918035196220694e+02
1.6682409868817611e+01 6.2204963870182733e-02 1.7638898411694366e-02 9.4930048588444322e+02
1.7103384368393741e+01 6.4303428859521491e-02 1.8082259489788179e-02 9.4942160336481095e+02
1.7534982005195662e+01 6.6472794477521274e-02 1.8536750401812997e-02 9.4954371279400004e+02
1.7977470850198280e+01 6.8715456236697101e-02 1.9002650062416283e-02 9.4966682263580617e+02
1.8431125739049360e+01 7.1033890586508261e-02 1.9480244359692506e-02 9.4979094142779661e+02
1.8896228442773459e+01 7.3430657647966177e-02 1.9969826328990015e-02 9.4991607778197567e+02
1.9373067842783755e+01 7.5908404040637631e-02 2.0471696331031897e-02 9.5004224038546238e+02
1.9861940110309931e+01 7.8469865805161909e-02 2.0986162234456679e-02 9.5016943800117053e+02
2.0363148890354211e+01 8.1117871424512850e-02 2.1513539602888657e-02 9.5029767946849802e+02
2.0877005490289111e+01 8.3855344947337859e-02 2.2054151886648849e-02 9.5042697370401913e+02
2.1403829073214609e+01 8.6685309216826253e-02 2.2608330619221503e-02 9.5055732970218924e+02
2.1943946856194614e+01 8.9610889208671024e-02 2.3176415618593425e-02 9.5068875653605062e+02
2.2497694313495639e+01 9.2635315481808755e-02 2.3758755193585765e-02 9.5082126335794885e+02
2.3065415384954473e+01 9.5761927745751207e-02 2.4355706355302063e-02 9.5095485940025719e+02
2.3647462689603564e+01 9.8994178548444098e-02 2.4967635033817985e-02 9.5108955397610055e+02
2.4244197744687437e+01 1.0233563708872853e-01 2.5594916300242212e-02 9.5122535648009784e+02
2.4855991190205863e+01 1.0578999315761353e-01 2.6237934594280910e-02 9.5136227638910282e+02
2.5483223019123081e+01 1.0936106121271079e-01 2.6897083957440827e-02 9.5150032326295513e+02
2.6126282813386641e+01 1.1305278459033394e-01 2.7572768272010661e-02 9.5163950674523801e+02
2.6785569985901684e+01 1.1686923985990944e-01 2.8265401505961921e-02 9.5177983656404660e+02
2.7461494028611654e+01 1.2081464132551108e-01 2.8975407963916025e-02 9.5192132253275838e+02
2.8154474766839193e+01 1.2489334567948716e-01 2.9703222544326242e-02 9.5206397455081731e+02
2.8864942620045007e+01 1.2910985681331813e-01 3.0449291003027495e-02 9.5220780260451784e+02
2.9593338869167280e+01 1.3346883079102020e-01 3.1214070223310950e-02 9.5235281676780653e+02
3.0340115930706858e+01 1.3797508099058262e-01 3.1998028492683385e-02 9.5249902720308251e+02
3.1105737637729199e+01 1.4263358341911983e-01 3.2801645786476097e-02 9.5264644416201259e+02
3.1890679527957285e+01 1.4744948220760612e-01 3.3625414058471803e-02 9.5279507798634836e+02
3.2695429139134141e+01 1.5242809529125856e-01 3.4469837538721154e-02 9.5294493910875758e+02
3.3520486311839207e+01 1.5757492028184519e-01 3.5335433038726966e-02 9.5309603805365953e+02
3.4366363499945678e+01 1.6289564053839756e-01 3.6222730264175607e-02 9.5324838543806891e+02
3.5233586088912418e+01 1.6839613144303553e-01 3.7132272135402003e-02 9.5340199197245215e+02
3.6122692722107949e+01 1.7408246688883330e-01 3.8064615115777981e-02 9.5355686846158551e+02
3.7034235635368645e+01 1.7996092598688743e-01 3.9020329548217589e-02 9.5371302580542772e+02
3.7968781000000000e+01 1.8603800000000001e-01 4.0000000000000001e-02 9.5387229700000000e+02
4.3159126000000001e+01 2.0528099999999999e-01 4.5440000000000001e-02 9.5432413199999996e+02
4.8351450999999997e+01 2.1901799999999999e-01 5.0880000000000002e-02 9.5461006799999996e+02
5.3544972999999999e+01 2.2775300000000001e-01 5.6320000000000002e-02 9.5477320099999997e+02
5.8739134000000000e+01 2.3253900000000000e-01 6.1760000000000002e-02 9.5485399800000005e+02
6.3933588999999998e+01 2.3487700000000000e-01 6.7199999999999996e-02 9.5488965499999995e+02
6.9128185000000002e+01 2.3662900000000001e-01 7.2639999999999996e-02 9.5491386000000000e+02
7.4322942999999995e+01 2.3994599999999999e-01 7.8079999999999997e-02 9.5495679800000005e+02
7.9518039999999999e+01 2.4719400000000000e-01 8.3519999999999997e-02 9.5504526899999996e+02
8.4713787999999994e+01 2.6090200000000002e-01 8.8959999999999997e-02 9.5520284800000002e+02
8.9910612999999998e+01 2.8305100000000000e-01 9.4399999999999998e-02 9.5544309299999998e+02
9.5108957000000004e+01 3.1493900000000002e-01 9.9839999999999998e-02 9.5576992600000005e+02
1.0030938200000000e+02 3.6070900000000000e-01 1.0528000000000000e-01 9.5621459300000004e+02
1.0551257600000000e+02 4.2344199999999999e-01 1.1072000000000000e-01 9.5679379400000005e+02
1.1071930500000001e+02 5.0590100000000005e-01 1.1616000000000000e-01 9.5751898500000004e+02
1.1593038700000000e+02 6.1065300000000000e-01 1.2160000000000000e-01 9.5839842599999997e+02
1.2114667799999999e+02 7.4010799999999999e-01 1.2703999999999999e-01 9.5943798800000002e+02
1.2636905899999999e+02 8.9652100000000001e-01 1.3247999999999999e-01 9.6064164800000003e+02
1.3159843200000000e+02 1.0820090000000000e+00 1.3791999999999999e-01 9.6201184899999998e+02
1.3683570499999999e+02 1.2985530000000001e+00 1.4335999999999999e-01 9.6354980699999999e+02
1.4208179200000001e+02 1.5480140000000000e+00 1.4879999999999999e-01 9.6525576599999999e+02
1.4733760699999999e+02 1.8321440000000000e+00 1.5423999999999999e-01 9.6712922000000003e+02
1.5260405800000001e+02 2.1525970000000001e+00 1.5967999999999999e-01 9.6916911300000004e+02
1.5788204700000000e+02 2.5109509999999999e+00 1.6511999999999999e-01 9.7137399600000003e+02
1.6317246599999999e+02 2.9087120000000000e+00 1.7055999999999999e-01 9.7374216600000000e+02
1.6847619900000001e+02 3.3473389999999998e+00 1.7599999999999999e-01 9.7627177400000005e+02
1.7379411899999999e+02 3.8282460000000000e+00 1.8143999999999999e-01 9.7896091200000001e+02
1.7912708900000001e+02 4.3528169999999999e+00 1.8687999999999999e-01 9.8180767300000002e+02
1.8447596200000001e+02 4.9224139999999998e+00 1.9231999999999999e-01 9.8481019600000002e+02
1.8984157999999999e+02 5.5383839999999998e+00 1.9775999999999999e-01 9.8796669399999996e+02
1.9522477699999999e+02 6.2020600000000004e+00 2.0319999999999999e-01 9.9127546600000005e+02
2.0062637599999999e+02 6.9147660000000002e+00 2.0863999999999999e-01 9.9473490100000004e+02
2.0604719399999999e+02 7.6778199999999996e+00 2.1407999999999999e-01 9.9834347100000002e+02
2.1148803799999999e+02 8.4925280000000001e+00 2.1951999999999999e-01 1.0020997210000000e+03
2.1694970699999999e+02 9.3601849999999995e+00 2.2495999999999999e-01 1.0060022510000000e+03
2.2243299500000001e+02 1.0282071000000000e+01 2.3039999999999999e-01 1.0100496940000000e+03
2.2793868599999999e+02 1.1259448000000001e+01 2.3583999999999999e-01 1.0142406989999999e+03
2.3346755800000000e+02 1.2293551000000001e+01 2.4127999999999999e-01 1.0185739020000000e+03
2.3902038099999999e+02 1.3385588000000000e+01 2.4671999999999999e-01 1.0230479100000000e+03
2.4459791799999999e+02 1.4536728999999999e+01 2.5216000000000000e-01 1.0276612740000000e+03
2.5020092299999999e+02 1.5748101000000000e+01 2.5760000000000000e-01 1.0324124720000000e+03
2.5583014100000000e+02 1.7020782000000001e+01 2.6304000000000000e-01 1.0372998869999999e+03
2.6148631000000000e+02 1.8355796999999999e+01 2.6848000000000000e-01 1.0423217950000001e+03
2.6717015700000002e+02 1.9754106000000000e+01 2.7392000000000000e-01 1.0474763499999999e+03
2.7288239900000002e+02 2.1216605000000001e+01 2.7936000000000000e-01 1.0527615710000000e+03
2.7862374100000000e+02 2.2744116999999999e+01 2.8480000000000000e-01 1.0581753360000000e+03
2.8439487600000001e+02 2.4337385999999999e+01 2.9024000000000000e-01 1.0637153740000001e+03
2.9019648599999999e+02 2.5997077999999998e+01 2.9568000000000000e-01 1.0693792679999999e+03
2.9602923800000002e+02 2.7723773000000001e+01 3.0112000000000000e-01 1.0751644490000001e+03
3.0189378499999998e+02 2.9517965000000000e+01 3.0656000000000000e-01 1.0810682010000000e+03
3.0779076400000002e+02 3.1380061000000001e+01 3.1200000000000000e-01 1.0870876690000000e+03
3.1372079700000000e+02 3.3310378000000000e+01 3.1744000000000000e-01 1.0932198630000000e+03
3.1968448999999998e+02 3.5309144000000003e+01 3.2288000000000000e-01 1.0994616650000000e+03
3.2568243000000001e+02 3.7376500999999998e+01 3.2832000000000000e-01 1.1058098490000000e+03
3.3171518800000001e+02 3.9512501999999998e+01 3.3376000000000000e-01 1.1122610820000000e+03
3.3778331500000002e+02 4.1717117999999999e+01 3.3920000000000000e-01 1.1188119460000000e+03
3.4388734299999999e+02 4.3990237999999998e+01 3.4464000000000000e-01 1.1254589450000001e+03
3.5002778699999999e+02 4.6331673000000002e+01 3.5008000000000000e-01 1.1321985270000000e+03
3.5620512600000001e+02 4.8721361999999999e+01 3.5552000000000000e-01 1.1389713630000001e+03
3.6241667000000001e+02 5.0771642999999997e+01 3.6096000000000000e-01 1.1446945220000000e+03
3.6865807300000000e+02 5.2708739000000001e+01 3.6640000000000000e-01 1.1500203130000000e+03
3.7492791999999997e+02 5.4608929000000003e+01 3.7184000000000000e-01 1.1551675160000000e+03
3.8122545000000002e+02 5.6496070000000003e+01 3.7728000000000000e-01 1.1602050700000000e+03
3.8755016899999998e+02 5.8382106999999998e+01 3.8272000000000000e-01 1.1651675749999999e+03
3.9390173099999998e+02 6.0274171000000003e+01 3.8816000000000001e-01 1.1700756640000000e+03
4.0027978600000000e+02 6.2124541000000001e+01 3.9360000000000001e-01 1.1748094610000001e+03
4.0668188300000003e+02 6.3780853000000000e+01 3.9904000000000001e-01 1.1789881260000000e+03
4.1310643499999998e+02 6.5425939000000000e+01 4.0448000000000001e-01 1.1830821510000001e+03
4.1955317000000002e+02 6.7081339999999997e+01 4.0992000000000001e-01 1.1871467900000000e+03
4.2602197899999999e+02 6.8753889999999998e+01 4.1536000000000001e-01 1.1911993940000000e+03
4.3251282300000003e+02 7.0446984999999998e+01 4.2080000000000001e-01 1.1952484039999999e+03
4.3902569699999998e+02 7.2162651999999994e+01 4.2624000000000001e-01 1.1992987009999999e+03
4.4556061699999998e+02 7.3902236000000002e+01 4.3168000000000001e-01 1.2033533870000001e+03
4.5211761100000001e+02 7.5666687999999994e+01 4.3712000000000001e-01 1.2074145450000001e+03
4.5869672100000003e+02 7.7456716000000000e+01 4.4256000000000001e-01 1.2114836240000000e+03
4.6529799200000002e+02 7.9272863999999998e+01 4.4800000000000001e-01 1.2155616530000000e+03
4.7192147499999999e+02 8.1115557999999993e+01 4.5344000000000001e-01 1.2196493610000000e+03
4.7856722300000001e+02 8.2985140000000001e+01 4.5888000000000001e-01 1.2237472670000000e+03
4.8523529400000001e+02 8.4881885999999994e+01 4.6432000000000001e-01 1.2278557260000000e+03
4.9192574500000001e+02 8.6806017999999995e+01 4.6976000000000001e-01 1.2319749730000001e+03
4.9863863600000002e+02 8.8757720000000006e+01 4.7520000000000001e-01 1.2361051460000001e+03
5.0537402700000001e+02 9.0737139999999997e+01 4.8064000000000001e-01 1.2402463080000000e+03
5.1213197700000001e+02 9.2744398000000004e+01 4.8608000000000001e-01 1.2443984570000000e+03
5.1891254500000002e+02 9.4779589000000001e+01 4.9152000000000001e-01 1.2485615450000000e+03
5.2571579199999996e+02 9.6842787000000001e+01 4.9696000000000001e-01 1.2527354820000000e+03
5.3254177600000003e+02 9.8934049000000002e+01 5.0239999999999996e-01 1.2569201419999999e+03
5.3939055399999995e+02 1.0105341400000000e+02 5.0783999999999996e-01 1.2611153750000001e+03
5.4626218400000005e+02 1.0320090800000000e+02 5.1327999999999996e-01 1.2653210039999999e+03
5.5315672300000006e+02 1.0537654200000000e+02 5.1871999999999996e-01 1.2695368350000001e+03
5.6007422399999996e+02 1.0758031900000000e+02 5.2415999999999996e-01 1.2737626570000000e+03
5.6701474199999996e+02 1.0981222800000000e+02 5.2959999999999996e-01 1.2779982450000000e+03
5.7397832900000003e+02 1.1207225000000000e+02 5.3503999999999996e-01 1.2822433639999999e+03
5.8096503600000005e+02 1.1436035800000001e+02 5.4047999999999996e-01 1.2864977690000001e+03
5.8797491400000001e+02 1.1667651600000001e+02 5.4591999999999996e-01 1.2907612090000000e+03
5.9500801000000001e+02 1.1902068100000000e+02 5.5135999999999996e-01 1.2950334250000001e+03
6.0206437200000005e+02 1.2139280200000000e+02 5.5679999999999996e-01 1.2993141570000000e+03
6.0914404600000000e+02 1.2379282499999999e+02 5.6223999999999996e-01 1.3036031370000001e+03
6.1624707400000000e+02 1.2622068600000000e+02 5.6767999999999996e-01 1.3079000980000001e+03
6.2337350100000003e+02 1.2867632000000000e+02 5.7311999999999996e-01 1.3122047700000001e+03
6.3052336800000000e+02 1.3115965399999999e+02 5.7855999999999996e-01 1.3165168830000000e+03
6.3769671300000005e+02 1.3367061200000001e+02 5.8399999999999996e-01 1.3208361660000000e+03
6.4489357600000005e+02 1.3620911300000000e+02 5.8943999999999996e-01 1.3251623480000001e+03
6.5211399300000005e+02 1.3877507399999999e+02 5.9487999999999996e-01 1.3294951610000001e+03
6.5935799899999995e+02 1.4136840500000000e+02 6.0031999999999996e-01 1.3338343359999999e+03
6.6662562900000000e+02 1.4398901499999999e+02 6.0575999999999997e-01 1.3381796070000000e+03
6.7391691400000002e+02 1.4663681099999999e+02 6.1119999999999997e-01 1.3425307100000000e+03
6.8123188700000003e+02 1.4931169499999999e+02 6.1663999999999997e-01 1.3468873840000001e+03
6.8857057599999996e+02 1.5201356799999999e+02 6.2207999999999997e-01 1.3512493700000000e+03
6.9593300899999997e+02 1.5474232699999999e+02 6.2751999999999997e-01 1.3556164120000001e+03
7.0331921399999999e+02 1.5749786900000001e+02 6.3295999999999997e-01 1.3599882570000000e+03
7.1072921599999995e+02 1.6028008700000001e+02 6.3839999999999997e-01 1.3643646570000001e+03
7.1816303900000003e+02 1.6308887300000001e+02 6.4383999999999997e-01 1.3687453660000001e+03
7.2562070600000004e+02 1.6592411799999999e+02 6.4927999999999997e-01 1.3731301410000001e+03
7.3310223699999995e+02 1.6878570999999999e+02 6.5471999999999997e-01 1.3775187440000000e+03
7.4060765500000002e+02 1.7167353800000001e+02 6.6015999999999997e-01 1.3819109410000001e+03
7.4813697600000000e+02 1.7458748700000001e+02 6.6559999999999997e-01 1.3863065010000000e+03
7.5569021999999995e+02 1.7752744200000001e+02 6.7103999999999997e-01 1.3907051980000001e+03
7.6326740199999995e+02 1.8049328800000001e+02 6.7647999999999997e-01 1.3951068090000001e+03
7.7086853699999995e+02 1.8348490799999999e+02 6.8191999999999997e-01 1.3995111159999999e+03
7.7849364100000003e+02 1.8650218500000000e+02 6.8735999999999997e-01 1.4039179039999999e+03
7.8614272500000004e+02 1.8954499999999999e+02 6.9279999999999997e-01 1.4083269640000001e+03
7.9381580099999996e+02 1.9261323600000000e+02 6.9823999999999997e-01 1.4127380889999999e+03
8.0151288099999999e+02 1.9570677200000000e+02 7.0367999999999997e-01 1.4171510760000001e+03
8.0923397299999999e+02 1.9882549000000000e+02 7.0911999999999997e-01 1.4215657289999999e+03
8.1697908700000005e+02 2.0196926999999999e+02 7.1455999999999997e-01 1.4259818540000001e+03
8.2474822900000004e+02 2.0513799100000000e+02 7.1999999999999997e-01 1.4303992599999999e+03
8.3254140600000005e+02 2.0833153300000001e+02 7.2543999999999997e-01 1.4348177619999999e+03
8.4035862399999996e+02 2.1154977600000001e+02 7.3087999999999997e-01 1.4392371780000001e+03
8.4819988699999999e+02 2.1479259900000000e+02 7.3631999999999997e-01 1.4436573300000000e+03
8.5606519900000001e+02 2.1805988300000001e+02 7.4175999999999997e-01 1.4480780460000001e+03
8.6395456200000001e+02 2.2135150600000000e+02 7.4719999999999998e-01 1.4524991540000001e+03
8.7186797700000000e+02 2.2466734800000000e+02 7.5263999999999998e-01 1.4569204890000001e+03
8.7980544699999996e+02 2.2800729000000001e+02 7.5807999999999998e-01 1.4613418879999999e+03
8.8776697000000001e+02 2.3137121099999999e+02 7.6351999999999998e-01 1.4657631919999999e+03
8.9575254500000005e+02 2.3475899100000001e+02 7.6895999999999998e-01 1.4701842480000000e+03
9.0376217099999997e+02 2.3817051200000000e+02 7.7439999999999998e-01 1.4746049029999999e+03
9.1179584599999998e+02 2.4160565399999999e+02 7.7983999999999998e-01 1.4790250100000001e+03
9.1985356500000000e+02 2.4506429800000001e+02 7.8527999999999998e-01 1.4834444249999999e+03
9.2793532500000003e+02 2.4854632599999999e+02 7.9071999999999998e-01 1.4878630069999999e+03
9.3604112099999998e+02 2.5205162000000001e+02 7.9615999999999998e-01 1.4922806189999999e+03
9.4417094699999996e+02 2.5558006200000000e+02 8.0159999999999998e-01 1.4966971269999999e+03
9.5232479599999999e+02 2.5913153599999998e+02 8.0703999999999998e-01 1.5011124000000000e+03
9.6050266199999999e+02 2.6270592399999998e+02 8.1247999999999998e-01 1.5055263100000000e+03
9.6870453799999996e+02 2.6630311100000000e+02 8.1791999999999998e-01 1.5099387340000001e+03
9.7693041300000004e+02 2.6992298099999999e+02 8.2335999999999998e-01 1.5143495510000000e+03
9.8518028000000004e+02 2.7356541900000002e+02 8.2879999999999998e-01 1.5187586420000000e+03
9.9345412899999997e+02 2.7723031099999997e+02 8.3423999999999998e-01 1.5231658920000000e+03
1.0017519480000000e+03 2.8091754200000003e+02 8.3967999999999998e-01 1.5275711890000000e+03
1.0100737290000000e+03 2.8462700000000001e+02 8.4511999999999998e-01 1.5319744229999999e+03
1.0184194580000000e+03 2.8835857099999998e+02 8.5055999999999998e-01 1.5363754899999999e+03
1.0267891239999999e+03 2.9211214400000000e+02 8.5599999999999998e-01 1.5407742830000000e+03
1.0351827140000000e+03 2.9588760700000000e+02 8.6143999999999998e-01 1.5451707039999999e+03
1.0436002149999999e+03 2.9968484999999998e+02 8.6687999999999998e-01 1.5495646529999999e+03
1.0520416130000001e+03 3.0350376199999999e+02 8.7231999999999998e-01 1.5539560340000000e+03
1.0605068940000001e+03 3.0734423399999997e+02 8.7775999999999998e-01 1.5583447560000000e+03
1.0689960440000000e+03 3.1120615800000002e+02 8.8319999999999999e-01 1.5627307249999999e+03
1.0775090459999999e+03 3.1508942400000001e+02 8.8863999999999999e-01 1.5671138559999999e+03
1.0860458860000001e+03 3.1899392599999999e+02 8.9407999999999999e-01 1.5714940610000001e+03
1.0946065470000001e+03 3.2291955700000000e+02 8.9951999999999999e-01 1.5758712579999999e+03
1.1031910130000001e+03 3.2686621100000002e+02 9.0495999999999999e-01 1.5802453640000001e+03
1.1117992660000000e+03 3.3083378299999998e+02 9.1039999999999999e-01 1.5846163019999999e+03
1.1204312890000001e+03 3.3482216799999998e+02 9.1583999999999999e-01 1.5889839939999999e+03
1.1290870649999999e+03 3.3883126199999998e+02 9.2127999999999999e-01 1.5933483659999999e+03
1.1377665750000001e+03 3.4286096199999997e+02 9.2671999999999999e-01 1.5977093450000000e+03
1.1464697990000000e+03 3.4691116599999998e+02 9.3215999999999999e-01 1.6020668599999999e+03
1.1551967199999999e+03 3.5098177199999998e+02 9.3759999999999999e-01 1.6064208440000000e+03
1.1639473180000000e+03 3.5507267899999999e+02 9.4303999999999999e-01 1.6107712289999999e+03
1.1727215730000000e+03 3.5918378700000000e+02 9.4847999999999999e-01 1.6151179509999999e+03
1.1815194660000000e+03 3.6331499700000001e+02 9.5391999999999999e-01 1.6194609479999999e+03
1.1903409740000000e+03 3.6746620899999999e+02 9.5935999999999999e-01 1.6238001580000000e+03
1.1991860780000000e+03 3.7163732499999998e+02 9.6479999999999999e-01 1.6281355229999999e+03
1.2080547580000000e+03 3.7582824900000003e+02 9.7023999999999999e-01 1.6324669850000000e+03
1.2169469899999999e+03 3.8003888400000000e+02 9.7567999999999999e-01 1.6367944880000000e+03
1.2258627540000000e+03 3.8426913300000001e+02 9.8111999999999999e-01 1.6411179790000001e+03
1.2348020270000000e+03 3.8851890300000002e+02 9.8655999999999999e-01 1.6454374049999999e+03
1.2437647880000000e+03 3.9278809699999999e+02 9.9199999999999999e-01 1.6497527160000000e+03
1.2527510139999999e+03 3.9707662399999998e+02 9.9743999999999999e-01 1.6540638620000000e+03
1.2617606820000001e+03 4.0138439000000000e+02 1.0028800000000000e+00 1.6583707959999999e+03
1.2707937690000001e+03 4.0571130299999999e+02 1.0083200000000001e+00 1.6626734730000001e+03
1.2798502520000000e+03 4.1005727200000001e+02 1.0137600000000000e+00 1.6669718470000000e+03
1.2889301060000000e+03 4.1442220500000002e+02 1.0192000000000001e+00 1.6712658750000001e+03
1.2980333089999999e+03 4.1880601400000000e+02 1.0246400000000000e+00 1.6755555150000000e+03
1.3071598369999999e+03 4.2320860900000002e+02 1.0300800000000001e+00 1.6798407290000000e+03
1.3163096650000000e+03 4.2762990100000002e+02 1.0355200000000000e+00 1.6841214749999999e+03
1.3254827680000001e+03 4.3206980299999998e+02 1.0409600000000001e+00 1.6883977170000001e+03
1.3346791229999999e+03 4.3652822800000001e+02 1.0464000000000000e+00 1.6926694190000001e+03
1.3438987040000000e+03 4.4100509000000000e+02 1.0518400000000001e+00 1.6969365450000000e+03
1.3531414870000001e+03 4.4550030400000003e+02 1.0572800000000000e+00 1.7011990610000000e+03
1.3624074459999999e+03 4.5001378499999998e+02 1.0627200000000001e+00 1.7054569360000000e+03
1.3716965560000001e+03 4.5454544800000002e+02 1.0681600000000000e+00 1.7097101379999999e+03
1.3810087910000000e+03 4.5909521200000000e+02 1.0736000000000001e+00 1.7139586360000001e+03
1.3903441260000000e+03 4.6366299299999997e+02 1.0790400000000000e+00 1.7182024030000000e+03
1.3997025340000000e+03 4.6824871100000001e+02 1.0844800000000001e+00 1.7224414090000000e+03
1.4090839910000000e+03 4.7285228400000000e+02 1.0899200000000000e+00 1.7266756290000001e+03
1.4184884689999999e+03 4.7747363400000000e+02 1.0953599999999999e+00 1.7309050370000000e+03
1.4279159430000000e+03 4.8211268000000001e+02 1.1008000000000000e+00 1.7351296100000000e+03
1.4373663859999999e+03 4.8676934499999999e+02 1.1062399999999999e+00 1.7393493229999999e+03
1.4468397720000000e+03 4.9144355300000001e+02 1.1116800000000000e+00 1.7435641559999999e+03
1.4563360740000001e+03 4.9613522599999999e+02 1.1171199999999999e+00 1.7477740870000000e+03
1.4658552649999999e+03 5.0084429000000000e+02 1.1225600000000000e+00 1.7519790980000000e+03
1.4753973189999999e+03 5.0557067200000000e+02 1.1279999999999999e+00 1.7561791700000001e+03
1.4849622079999999e+03 5.1031429900000001e+02 1.1334400000000000e+00 1.7603742880000000e+03
1.4945499060000000e+03 5.1507510100000002e+02 1.1388799999999999e+00 1.7645644359999999e+03
1.5041603849999999e+03 5.1985300900000004e+02 1.1443200000000000e+00 1.7687496020000001e+03
1.5137936190000000e+03 5.2464795700000002e+02 1.1497599999999999e+00 1.7729297759999999e+03
1.5234495800000000e+03 5.2945988199999999e+02 1.1552000000000000e+00 1.7771049499999999e+03
1.5331282409999999e+03 5.3428872899999999e+02 1.1606399999999999e+00 1.7812751220000000e+03
1.5428295750000000e+03 5.3913444700000002e+02 1.1660800000000000e+00 1.7854402980000000e+03
1.5525535540000001e+03 5.4399700900000005e+02 1.1715199999999999e+00 1.7896004989999999e+03
1.5623001520000000e+03 5.4887644899999998e+02 1.1769600000000000e+00 1.7937557999999999e+03
1.5720693420000000e+03 5.5377289499999995e+02 1.1823999999999999e+00 1.7979063570000001e+03
1.5818610990000000e+03 5.5868572700000004e+02 1.1878400000000000e+00 1.8020516889999999e+03
1.5916753920000001e+03 5.6361483399999997e+02 1.1932799999999999e+00 1.8061917490000001e+03
1.6015121930000000e+03 5.6856014700000003e+02 1.1987200000000000e+00 1.8103265289999999e+03
1.6113714729999999e+03 5.7352159700000004e+02 1.2041599999999999e+00 1.8144560200000001e+03
1.6212532050000000e+03 5.7849911799999995e+02 1.2096000000000000e+00 1.8185802130000000e+03
1.6311573579999999e+03 5.8349264300000004e+02 1.2150399999999999e+00 1.8226991009999999e+03
1.6410839040000001e+03 5.8850210500000003e+02 1.2204800000000000e+00 1.8268126780000000e+03
1.6510328130000000e+03 5.9352743799999996e+02 1.2259199999999999e+00 1.8309209350000001e+03
1.6610040580000000e+03 5.9856857800000000e+02 1.2313600000000000e+00 1.8350238680000000e+03
1.6709976090000000e+03 6.0362545999999998e+02 1.2367999999999999e+00 1.8391214709999999e+03
1.6810134370000001e+03 6.0869801900000004e+02 1.2422400000000000e+00 1.8432137399999999e+03
1.6910515130000001e+03 6.1378619200000003e+02 1.2476799999999999e+00 1.8473006680000001e+03
1.7011118070000000e+03 6.1888991699999997e+02 1.2531200000000000e+00 1.8513822540000001e+03
1.7111942919999999e+03 6.2400912900000003e+02 1.2585599999999999e+00 1.8554584920000000e+03
1.7212989370000000e+03 6.2914376900000002e+02 1.2640000000000000e+00 1.8595293810000001e+03
1.7314257140000000e+03 6.3429377299999999e+02 1.2694399999999999e+00 1.8635949169999999e+03
1.7415745930000000e+03 6.3945908099999997e+02 1.2748800000000000e+00 1.8676550980000000e+03
1.7517455460000001e+03 6.4463963200000001e+02 1.2803199999999999e+00 1.8717099229999999e+03
1.7619385430000000e+03 6.4983536700000002e+02 1.2857600000000000e+00 1.8757593899999999e+03
1.7721535550000001e+03 6.5504622600000005e+02 1.2911999999999999e+00 1.8798034990000001e+03
1.7823905520000001e+03 6.6027214900000001e+02 1.2966400000000000e+00 1.8838422479999999e+03
1.7926495070000001e+03 6.6551307899999995e+02 1.3020799999999999e+00 1.8878756370000001e+03
1.8029303890000001e+03 6.7076895700000000e+02 1.3075200000000000e+00 1.8919036670000000e+03
1.8132331690000001e+03 6.7603972599999997e+02 1.3129599999999999e+00 1.8959263380000000e+03
1.8235578190000001e+03 6.8132532800000001e+02 1.3184000000000000e+00 1.8999436510000000e+03
1.8339043090000000e+03 6.8662570600000004e+02 1.3238399999999999e+00 1.9039556070000001e+03
1.8442726090000001e+03 6.9194080499999995e+02 1.3292800000000000e+00 1.9079622079999999e+03
1.8546626920000001e+03 6.9727056900000002e+02 1.3347199999999999e+00 1.9119634560000000e+03
1.8650745270000000e+03 7.0261494200000004e+02 1.3401600000000000e+00 1.9159593520000001e+03
1.8755080860000000e+03 7.0797386900000004e+02 1.3455999999999999e+00 1.9199498990000000e+03
1.8859633389999999e+03 7.1334729500000003e+02 1.3510400000000000e+00 1.9239350999999999e+03
1.8964402580000001e+03 7.1873516700000005e+02 1.3564799999999999e+00 1.9279149570000000e+03
1.9069388130000000e+03 7.2413743099999999e+02 1.3619200000000000e+00 1.9318894749999999e+03
1.9174589750000000e+03 7.2955403400000000e+02 1.3673599999999999e+00 1.9358586560000001e+03
1.9280007160000000e+03 7.3498492199999998e+02 1.3728000000000000e+00 1.9398225040000000e+03
1.9385640060000001e+03 7.4043004299999996e+02 1.3782399999999999e+00 1.9437810239999999e+03
1.9491488159999999e+03 7.4588934500000005e+02 1.3836800000000000e+00 1.9477342189999999e+03
1.9597551169999999e+03 7.5136277700000005e+02 1.3891199999999999e+00 1.9516820940000000e+03
1.9703828810000000e+03 7.5685014799999999e+02 1.3945600000000000e+00 1.9556245540000000e+03
1.9810320760000000e+03 7.6235065499999996e+02 1.3999999999999999e+00 1.9595610670000001e+03
