# epsilon[MeV/fm^3] P[MeV/fm^3] nB[fm^-3] muB[MeV]
4.3514892049562272e-07 9.0000000794219998e-12 4.6796200000000002e-10 9.2990010724260003e+02
5.4394952759824855e-07 1.2854500250148002e-11 5.8496400000000005e-10 9.2990743275720001e+02
6.8239664606092796e-07 1.8414700022552000e-11 7.3384599999999997e-10 9.2991587774760001e+02
8.5763463874259032e-07 2.6380199998860002e-11 9.2229000000000003e-10 9.2992551188760001e+02
1.0799253715994732e-06 3.7791099667920001e-11 1.1613300000000000e-09 9.2993648532329996e+02
1.3625442882637764e-06 5.4137899979800000e-11 1.4652400000000000e-09 9.2994894782519998e+02
1.7226605254650248e-06 7.7555599791040007e-11 1.8524800000000000e-09 9.2996308925910000e+02
2.1826057027272589e-06 1.1110299984364001e-10 2.3470600000000000e-09 9.2997909967860005e+02
2.7713348204539073e-06 1.5916099965360000e-10 2.9801100000000000e-09 9.2999716876169998e+02
3.5266032513682487e-06 2.2800800111288001e-10 3.7922200000000000e-09 9.3001754656409992e+02
4.4975537964996660e-06 3.2663399940042002e-10 4.8362200000000001e-09 9.3004045271789994e+02
4.5807460305493105e-06 3.3555999792714001e-10 4.9256699999999996e-09 9.3004228160820003e+02
4.7281205653478515e-06 3.3656599963290001e-10 5.0841300000000003e-09 9.3004248152130003e+02
6.5759177435918250e-06 5.4515600232911993e-10 7.0708799999999999e-09 9.3007696075620004e+02
9.1998724984833464e-06 8.8567000200420000e-10 9.8920399999999997e-09 9.3011730648750006e+02
1.2918168885426129e-05 1.4388700552640002e-09 1.3889600000000001e-08 9.3016406831190000e+02
1.8201380444258739e-05 2.3376200076990001e-09 1.9569300000000001e-08 9.3021808578930006e+02
2.5725895950178280e-05 3.7977398937599994e-09 2.7657999999999999e-08 9.3028025838780002e+02
3.6463989818522291e-05 6.1698799253159997e-09 3.9200400000000002e-08 9.3035162548649998e+02
5.1813630126296458e-05 1.0023700173792000e-08 5.5698400000000002e-08 9.3043332628019994e+02
7.3785560512054020e-05 1.6284700005120000e-08 7.9311899999999997e-08 9.3052664006250006e+02
1.0527189036420272e-04 2.6456400399219999e-08 1.1314700000000000e-07 9.3063298613190000e+02
1.5043483705694415e-04 4.2981499428689995e-08 1.6167299999999999e-07 9.3075400323120004e+02
1.5143539825673478e-04 4.3369399516159995e-08 1.6274800000000000e-07 9.3075639185940008e+02
1.5666718390755263e-04 4.3499599327679997e-08 1.6836899999999999e-07 9.3075719132400002e+02
1.8247319946392853e-04 5.3487099479700000e-08 1.9609400000000001e-07 9.3081203831400001e+02
2.1304949570856091e-04 6.5965099669560007e-08 2.2894200000000001e-07 9.3087079295249998e+02
2.4880173202308656e-04 8.1354199584480006e-08 2.6734800000000002e-07 9.3093285559410003e+02
2.9061049213158235e-04 1.0033299847065000e-07 3.1225699999999999e-07 9.3099838615049998e+02
3.3950651358852186e-04 1.2374000051775000e-07 3.6477499999999998e-07 9.3106758453479995e+02
3.9669496520679297e-04 1.5260700009555001e-07 4.2619500000000001e-07 9.3114063056550003e+02
4.6358813252914599e-04 1.8820900209407997e-07 4.9803199999999997e-07 9.3121772415570001e+02
5.4183717856390442e-04 2.3211699768180001e-07 5.8205699999999998e-07 9.3129908512530005e+02
6.3337419989345891e-04 2.8626699988691999e-07 6.8034199999999997e-07 9.3138494352930002e+02
7.4046361643000222e-04 3.5305100162730003e-07 7.9531500000000002e-07 9.3147551899979999e+02
7.4543957324912111e-04 3.5623800038969997e-07 8.0065699999999999e-07 9.3147951660449996e+02
7.7046470619140960e-04 3.5730600246279002e-07 8.2752300000000002e-07 9.3148080575760002e+02
7.7218701201869997e-04 3.5837800248323999e-07 8.2937200000000002e-07 9.3148210505190002e+02
7.7564281539113634e-04 3.6053199741144001e-07 8.3308200000000005e-07 9.3148469349929996e+02
7.7911352986319152e-04 3.6269800105895999e-07 8.3680799999999998e-07 9.3148728185280004e+02
7.8260009510663572e-04 3.6487800290032998e-07 8.4055099999999997e-07 9.3148988034750005e+02
7.8610250285012515e-04 3.6706999922346001e-07 8.4431100000000000e-07 9.3149248879559991e+02
7.8962075319254110e-04 3.6927600351839998e-07 8.4808799999999996e-07 9.3149508719639994e+02
7.9315485471188711e-04 3.7149499796798001e-07 8.5188199999999998e-07 9.3149769564450003e+02
7.9670479058673201e-04 3.7372699824480005e-07 8.5569300000000004e-07 9.3150031404599997e+02
8.0027057791247260e-04 3.7597299948234002e-07 8.5952100000000004e-07 9.3150293244750003e+02
8.0385221698387247e-04 3.7823200230633998e-07 8.6336599999999998e-07 9.3150555094289996e+02
8.0745063029167934e-04 3.8050499711466001e-07 8.6722899999999999e-07 9.3150817929779998e+02
8.1106395596088781e-04 3.8279099715107999e-07 8.7110800000000002e-07 9.3151080774659999e+02
8.1469498722525535e-04 3.8509200436278001e-07 8.7500600000000005e-07 9.3151343619540000e+02
8.1834093096975699e-04 3.8740599815679997e-07 8.7891999999999998e-07 9.3151607459759998e+02
8.3652972322216491e-04 3.8856800310954005e-07 8.9844600000000005e-07 9.3151737379799999e+02
8.9649746606902973e-04 4.2637900225708002e-07 9.6282100000000007e-07 9.3155798930399999e+02
9.6293679962426715e-04 4.6927300060880000e-07 1.0341400000000000e-06 9.3160093353000002e+02
1.0343084479593990e-03 5.1648199988999994e-07 1.1107499999999999e-06 9.3164493704189999e+02
1.1110033276598183e-03 5.6844100521450010e-07 1.1930700000000001e-06 9.3169002988770001e+02
1.1934040547386528e-03 6.2562700512179996e-07 1.2815100000000000e-06 9.3173623206809998e+02
1.2819398888523502e-03 6.8856500094819997e-07 1.3765300000000001e-06 9.3178357353719991e+02
1.3770588621277026e-03 7.5783499966439992e-07 1.4786100000000000e-06 9.3183208434300002e+02
1.4792742600387720e-03 8.3407400117300003e-07 1.5882999999999999e-06 9.3188178448619999e+02
1.5890902438860661e-03 9.1798299673799988e-07 1.7061399999999999e-06 9.3193271378040004e+02
1.7070948934908867e-03 1.0103300084124001e-06 1.8327600000000000e-06 9.3198488236679998e+02
1.7418302566492478e-03 1.0379399925766002e-06 1.8700300000000001e-06 9.3199978345169995e+02
1.8026805910135908e-03 1.0410599913928000e-06 1.9353200000000000e-06 9.3200143242960007e+02
2.0389359400714486e-03 1.2275099896319999e-06 2.1888000000000001e-06 9.3209187794249999e+02
2.3114099463439177e-03 1.4516999917321999e-06 2.4811100000000001e-06 9.3218792017709995e+02
2.6204004641994278e-03 1.7168400063888003e-06 2.8125600000000001e-06 9.3228811983419996e+02
2.9707928967162671e-03 2.0304000155634000e-06 3.1883800000000001e-06 9.3239264696670000e+02
3.3681648965264784e-03 2.4012300084080001e-06 3.6145400000000001e-06 9.3250170129989999e+02
3.8188055776886142e-03 2.8397900147328003e-06 4.0977700000000004e-06 9.3261546284010001e+02
4.3298558716110781e-03 3.3584500068246004e-06 4.6457100000000001e-06 9.3273413140649996e+02
4.9094492242661523e-03 3.9718300068571995e-06 5.2670599999999997e-06 9.3285792691289998e+02
5.5667590537662745e-03 4.6972400276543001e-06 5.9716300000000001e-06 9.3298704917850000e+02
6.3122329168583428e-03 5.5551399798486997e-06 6.7705900000000002e-06 9.3312173811779996e+02
6.3691536418958340e-03 5.6221100036384002e-06 6.8315900000000001e-06 9.3313158221820004e+02
6.6107787783348925e-03 5.6389700285964000e-06 7.0905299999999997e-06 9.3313397075249998e+02
7.1832281514335565e-03 6.2999099885847007e-06 7.7039700000000007e-06 9.3322329697740008e+02
7.8228640480689938e-03 7.0594400109160007e-06 8.3893400000000006e-06 9.3331767013950002e+02
8.5195476220300548e-03 7.9105299722335996e-06 9.1357600000000004e-06 9.3341477175390003e+02
9.2783521214718639e-03 8.8642300383220009e-06 9.9486500000000000e-06 9.3351470163630006e+02
1.0104791977484120e-02 9.9329099737559988e-06 1.0833900000000000e-05 9.3361751969490001e+02
1.1005037422914624e-02 1.1130399980334000e-05 1.1798100000000000e-05 9.3372332602710003e+02
1.1985504705131824e-02 1.2472300012974001e-05 1.2848100000000000e-05 9.3383220044789994e+02
1.3053499763127112e-02 1.3976000053347000e-05 1.3991700000000000e-05 9.3394422305399996e+02
1.4216706487829026e-02 1.5661000693130000e-05 1.5237100000000000e-05 9.3405949366109996e+02
1.5483652631007537e-02 1.7549100191680000e-05 1.6593399999999999e-05 9.3417811227269999e+02
1.5623499832828706e-02 1.7760599953030001e-05 1.6743099999999999e-05 9.3419079468840005e+02
1.6269961736847121e-02 1.7813900213129999e-05 1.7435099999999998e-05 9.3419395273319992e+02
1.7094324515795702e-02 1.9027400207749999e-05 1.8317499999999999e-05 9.3426180186839997e+02
1.8000874089488257e-02 2.0384500450440000e-05 1.9287799999999999e-05 9.3433394852489994e+02
1.8955614232225096e-02 2.1838399047120000e-05 2.0309599999999999e-05 9.3440734433310001e+02
1.9960983560824267e-02 2.3396100553499999e-05 2.1385500000000000e-05 9.3448202938830002e+02
2.1019794814794490e-02 2.5064799654149998e-05 2.2518500000000001e-05 9.3455801364390004e+02
2.2134768910989058e-02 2.6852600343399999e-05 2.3711500000000002e-05 9.3463531710059999e+02
2.3309000859656603e-02 2.8767899159999994e-05 2.4967799999999998e-05 9.3471396971249999e+02
2.4545494036103295e-02 3.0819700065419999e-05 2.6290599999999999e-05 9.3479400162150000e+02
2.5847718880420045e-02 3.3017999946119998e-05 2.7683600000000000e-05 9.3487541254589996e+02
2.7219055484112444e-02 3.5372998881120002e-05 2.9150400000000001e-05 9.3495825272219997e+02
2.7775365070038964e-02 3.6339601209739997e-05 2.9745400000000002e-05 9.3499105302509997e+02
2.8289610775747390e-02 3.6448598719180002e-05 3.0295400000000001e-05 9.3499466085090000e+02
2.8802930737171755e-02 3.7332599735440002e-05 3.0844399999999999e-05 9.3502356336480000e+02
2.9391538203060320e-02 3.8352800962709990e-05 3.1473899999999997e-05 9.3505628375879996e+02
2.9992229144074897e-02 3.9400800335690003e-05 3.2116300000000003e-05 9.3508923392610006e+02
3.0605097595990186e-02 4.0477499896860003e-05 3.2771700000000003e-05 9.3512239395989991e+02
3.1230612131930052e-02 4.1583600119840003e-05 3.3440600000000000e-05 9.3515578386089999e+02
3.1868867160453597e-02 4.2719998743180005e-05 3.4123099999999999e-05 9.3518940362910007e+02
3.2520144922003676e-02 4.3887298648500002e-05 3.4819500000000001e-05 9.3522325326449993e+02
3.3184820445813230e-02 4.5086601561120004e-05 3.5530200000000001e-05 9.3525732271979996e+02
3.3862987887692660e-02 4.6318701748649993e-05 3.6255299999999998e-05 9.3529163208960006e+02
3.4555116462740516e-02 4.7584401826990007e-05 3.6995300000000001e-05 9.3532617123270006e+02
3.4710848908415574e-02 4.7870299693839997e-05 3.7161800000000001e-05 9.3533387666670001e+02
3.5705765632703390e-02 4.8013899962450004e-05 3.8225500000000002e-05 9.3533768431169995e+02
3.6190650245182691e-02 4.8884701265269996e-05 3.8743900000000000e-05 9.3536029073669999e+02
3.6764595537185744e-02 4.9920498059249994e-05 3.9357499999999997e-05 9.3538680481020003e+02
3.7347724170046170e-02 5.0978398185919999e-05 3.9980900000000002e-05 9.3541345870079999e+02
3.7940129948432849e-02 5.2058599241440000e-05 4.0614200000000002e-05 9.3544024264290010e+02
3.8541907483377907e-02 5.3161699756499999e-05 4.1257500000000003e-05 9.3546717635549999e+02
3.9153244015328124e-02 5.4288198430999997e-05 4.1910999999999999e-05 9.3549425007299999e+02
3.9774234210732992e-02 5.5438601263319996e-05 4.2574799999999998e-05 9.3552146370150001e+02
4.0405159191034282e-02 5.6613297948239995e-05 4.3249199999999999e-05 9.3554882728830000e+02
4.1046019389420471e-02 5.7812899551080002e-05 4.3934199999999997e-05 9.3557633069220003e+02
4.1697190276124625e-02 5.9037997871239995e-05 4.4630199999999998e-05 9.3560397410099995e+02
4.2358578444415006e-02 6.0288999023690009e-05 4.5337100000000003e-05 9.3563177732760005e+02
4.2549448380963861e-02 6.0651299975859995e-05 4.5541099999999997e-05 9.3563974248900001e+02
4.3740238175900857e-02 6.0833198906699995e-05 4.6813800000000002e-05 9.3564365013750000e+02
4.5854886274473032e-02 6.4782902450840000e-05 4.9073799999999998e-05 9.3572599057799994e+02
4.8180087401599556e-02 6.9195997901699998e-05 5.1558599999999998e-05 9.3581365787159996e+02
5.0623240020302433e-02 7.3909702371599995e-05 5.4169200000000003e-05 9.3590278418340006e+02
5.3190452397117956e-02 7.8944498346630003e-05 5.6912100000000000e-05 9.3599338970190001e+02
5.5887837732656438e-02 8.4322299027779992e-05 5.9793799999999997e-05 9.3608550419339997e+02
5.8722166587791814e-02 9.0066499795649990e-05 6.2821499999999995e-05 9.3617915789369999e+02
6.1700398546921942e-02 9.6201898222459989e-05 6.6002599999999997e-05 9.3627437052180005e+02
6.4829683480590566e-02 1.0275499726340999e-04 6.9344700000000000e-05 9.3637116226620003e+02
6.8117831355171340e-02 1.0975499711746999e-04 7.2856100000000002e-05 9.3646956308100005e+02
7.1572933822013338e-02 1.1723199746169999e-04 7.6545399999999994e-05 9.3656960282640000e+02
7.2872355791586060e-02 1.2007500056640000e-04 7.7932800000000000e-05 9.3660639068670002e+02
7.6294350046888545e-02 1.2043499631464001e-04 8.1586400000000002e-05 9.3661091798129996e+02
7.8557740452832786e-02 1.2521799885310001e-04 8.4002899999999995e-05 9.3666865324139997e+02
8.1070439170188191e-02 1.3058099681828001e-04 8.6685400000000002e-05 9.3673145543940007e+02
8.3663493660002267e-02 1.3617299667415003e-04 8.9453500000000007e-05 9.3679492723830003e+02
8.6339540033127660e-02 1.4200499619000000e-04 9.2310000000000002e-05 9.3685905859080003e+02
8.9101308842231525e-02 1.4808700429182000e-04 9.5257800000000001e-05 9.3692387963880003e+02
9.1951438062670962e-02 1.5442999846642999e-04 9.8299699999999997e-05 9.3698938014720000e+02
9.3544637803481184e-02 1.5800363917307320e-04 1.0000000000000000e-04 9.3702641442654260e+02
9.5905620919158233e-02 1.6040449349836902e-04 1.0251954044483907e-04 9.3705087826008355e+02
9.8326193140137297e-02 1.6288647969024976e-04 1.0510260414087242e-04 9.3707554084786943e+02
1.0080785844221860e-01 1.6545233943100182e-04 1.0775079208886907e-04 9.3710040385012076e+02
1.0335215876020841e-01 1.6810490705234835e-04 1.1046574562126856e-04 9.3712546894111085e+02
1.0596067494597040e-01 1.7084711266634412e-04 1.1324914741755787e-04 9.3715073780928424e+02
1.0863502775065749e-01 1.7368198540207203e-04 1.1610272254518939e-04 9.3717621215737768e+02
1.1137687883173428e-01 1.7661265675171723e-04 1.1902823952668217e-04 9.3720189370253956e+02
1.1418793178541566e-01 1.7964236402971451e-04 1.2202751143356329e-04 9.3722778417645350e+02
1.1706993320516368e-01 1.8277445394879091e-04 1.2510239700782533e-04 9.3725388532545981e+02
1.2002467376689946e-01 1.8601238631685280e-04 1.2825480181158930e-04 9.3728019891068038e+02
1.2305398934160520e-01 1.8935973785880170e-04 1.3148667940568321e-04 9.3730672670814363e+02
1.2615976213600710e-01 1.9282020616750029e-04 1.3480003255786162e-04 9.3733347050891086e+02
1.2934392186204818e-01 1.9639761378825331e-04 1.3819691448141148e-04 9.3736043211920321e+02
1.3260844693587748e-01 2.0009591244131468e-04 1.4167943010490695e-04 9.3738761336053039e+02
1.3595536570710084e-01 2.0391918738708585e-04 1.4524973737389612e-04 9.3741501606981967e+02
1.3938675771905662e-01 2.0787166193882636e-04 1.4891004858532113e-04 9.3744264209954770e+02
1.4290475500089986e-01 2.1195770212786264e-04 1.5266263175549438e-04 9.3747049331787059e+02
1.4651154339229744e-01 2.1618182152644734e-04 1.5650981202247328e-04 9.3749857160875774e+02
1.5020936390155729e-01 2.2054868623359752e-04 1.6045397308369724e-04 9.3752687887212653e+02
1.5400051409803564e-01 2.2506312002941854e-04 1.6449755866977306e-04 9.3755541702397613e+02
1.5788734953968736e-01 2.2973010970360759e-04 1.6864307405531565e-04 9.3758418799652509e+02
1.6187228523664646e-01 2.3455481056402339e-04 1.7289308760777563e-04 9.3761319373834783e+02
1.6595779715174583e-01 2.3954255213140562e-04 1.7725023237520618e-04 9.3764243621451510e+02
1.7014642373890915e-01 2.4469884402653649e-04 1.8171720771394882e-04 9.3767191740673138e+02
1.7444076752037008e-01 2.5002938205634590e-04 1.8629678095723827e-04 9.3770163931347884e+02
1.7884349670369917e-01 2.5554005450568432e-04 1.9099178912575522e-04 9.3773160395015827e+02
1.8335734683964316e-01 2.6123694864171258e-04 1.9580514068117985e-04 9.3776181334923297e+02
1.8798512252180657e-01 2.6712635743809460e-04 2.0073981732382509e-04 9.3779226956037326e+02
1.9272969912923180e-01 2.7321478652641944e-04 2.0579887583545658e-04 9.3782297465060412e+02
1.9759402461296041e-01 2.7950896138253275e-04 2.1098544996843400e-04 9.3785393070445025e+02
2.0258112132768530e-01 2.8601583475571494e-04 2.1630275238233469e-04 9.3788513982408779e+02
2.0769408790963281e-01 2.9274259434891315e-04 2.2175407662925476e-04 9.3791660412949182e+02
2.1293610120184031e-01 2.9969667075851065e-04 2.2734279918900548e-04 9.3794832575858914e+02
2.1831041822802619e-01 3.0688574568240408e-04 2.3307238155546010e-04 9.3798030686741026e+02
2.2382037821627884e-01 3.1431776040545550e-04 2.3894637237533345e-04 9.3801254963024439e+02
2.2946940467382118e-01 3.2200092457169266e-04 2.4496840964071038e-04 9.3804505623979321e+02
2.3526100751414122e-01 3.2994372525294783e-04 2.5114222293667247e-04 9.3807782890732915e+02
2.4119878523780872e-01 3.3815493632395198e-04 2.5747163574540402e-04 9.3811086986285318e+02
2.4728642716833404e-01 3.4664362815424021e-04 2.6396056780819655e-04 9.3814418135525284e+02
2.5352771574445815e-01 3.5541917762757654e-04 2.7061303754680226e-04 9.3817776565246572e+02
2.5992652887029782e-01 3.6449127849996256e-04 2.7743316454562772e-04 9.3821162504163897e+02
2.6648684232480641e-01 3.7386995210767415e-04 2.8442517209629223e-04 9.3824576182929525e+02
2.7321273223204745e-01 3.8356555843715382e-04 2.9159338980611657e-04 9.3828017834149671e+02
2.8010837759381557e-01 3.9358880756898776e-04 2.9894225627214534e-04 9.3831487692401231e+02
2.8717806288617848e-01 4.0395077150860660e-04 3.0647632182234695e-04 9.3834985994248461e+02
2.9442618072155347e-01 4.1466289641678151e-04 3.1420025132567603e-04 9.3838512978260064e+02
3.0185723457797226e-01 4.2573701525342377e-04 3.2211882707272528e-04 9.3842068885026333e+02
3.0947584159723029e-01 4.3718536084865563e-04 3.3023695172873865e-04 9.3845653957176148e+02
3.1728673545365849e-01 4.4902057941558979e-04 3.3855965136079792e-04 9.3849268439394712e+02
3.2529476929529993e-01 4.6125574451974592e-04 3.4709207854104445e-04 9.3852912578440851e+02
3.3350491875932059e-01 4.7390437152053475e-04 3.5583951552784404e-04 9.3856586623164867e+02
3.4192228506352468e-01 4.8698043250076147e-04 3.6480737752684603e-04 9.3860290824526351e+02
3.5055209817589794e-01 5.0049837170063982e-04 3.7400121603394204e-04 9.3864025435612280e+02
3.5939972006414744e-01 5.1447312147336857e-04 3.8342672226217853e-04 9.3867790711655095e+02
3.6847064802725649e-01 5.2892011877989141e-04 3.9308973065472531e-04 9.3871586910051144e+02
3.7777051811112516e-01 5.4385532224106390e-04 4.0299622248605950e-04 9.3875414290379092e+02
3.8730510861041872e-01 5.5929522976606264e-04 4.1315232955357596e-04 9.3879273114418697e+02
3.9708034365879930e-01 5.7525689677650961e-04 4.2356433796188946e-04 9.3883163646169658e+02
4.0710229690977207e-01 5.9175795504644389e-04 4.3423869200215505e-04 9.3887086151870415e+02
4.1737719531043210e-01 6.0881663217894773e-04 4.4518199812878286e-04 9.3891040900017583e+02
4.2791142297045831e-01 6.2645177174094967e-04 4.5640102903599512e-04 9.3895028161385164e+02
4.3871152512875633e-01 6.4468285407843660e-04 4.6790272783672125e-04 9.3899048209043985e+02
4.4978421222021636e-01 6.6353001783507550e-04 4.7969421234639911e-04 9.3903101318381539e+02
4.6113636404511238e-01 6.8301408219801035e-04 4.9178277947430971e-04 9.3907187767121763e+02
4.7277503404373300e-01 7.0315656989541073e-04 5.0417590972514064e-04 9.3911307835345087e+02
4.8470745367890045e-01 7.2397973097117348e-04 5.1688127181353919e-04 9.3915461805508619e+02
4.9694103692910041e-01 7.4550656736304224e-04 5.2990672739448646e-04 9.3919649962466542e+02
5.0948338489501432e-01 7.6776085831129154e-04 5.4326033591239312e-04 9.3923872593490682e+02
5.2234229052231629e-01 7.9076718662604551e-04 5.5695035957189153e-04 9.3928129988291346e+02
5.3552574344366988e-01 8.1455096584224639e-04 5.7098526843337317e-04 9.3932422439038169e+02
5.4904193494293119e-01 8.3913846829226620e-04 5.8537374563639403e-04 9.3936750240381150e+02
5.6289926304464588e-01 8.6455685412717767e-04 6.0012469275415098e-04 9.3941113689472263e+02
5.7710633773199904e-01 8.9083420131873465e-04 6.1524723528231465e-04 9.3945513085986613e+02
5.9167198629646167e-01 9.1799953667520869e-04 6.3075072826557698e-04 9.3949948732144389e+02
6.0660525882245842e-01 9.4608286790534200e-04 6.4664476206536907e-04 9.3954420932732558e+02
6.2191543381046210e-01 9.7511521676583275e-04 6.6293916827227847e-04 9.3958929995127096e+02
6.3761202394201111e-01 1.0051286533289717e-03 6.7964402576679199e-04 9.3963476229315154e+02
6.5370478199023063e-01 1.0361563314082839e-03 6.9676966693207616e-04 9.3968059947917573e+02
6.7020370687952913e-01 1.0682325251813011e-03 7.1432668402260065e-04 9.3972681466211611e+02
6.8711904989823769e-01 1.1013926670499308e-03 7.3232593569250821e-04 9.3977341102153753e+02
7.0446132106804937e-01 1.1356733867802322e-03 7.5077855368772697e-04 9.3982039176402759e+02
7.2224129567421869e-01 1.1711125519648425e-03 7.6969594970592342e-04 9.3986776012343148e+02
7.4047002096057679e-01 1.2077493098527445e-03 7.8908982242850137e-04 9.3991551936108294e+02
7.5915882299352322e-01 1.2456241305925865e-03 8.0897216472894254e-04 9.3996367276604622e+02
7.7831931369925833e-01 1.2847788519373174e-03 8.2935527106191276e-04 9.4001222365535182e+02
7.9796339807862937e-01 1.3252567254595224e-03 8.5025174503764746e-04 9.4006117537423927e+02
8.1810328160407286e-01 1.3671024643285110e-03 8.7167450718625926e-04 9.4011053129639947e+02
8.3875147780324943e-01 1.4103622927019309e-03 8.9363680291671245e-04 9.4016029482422186e+02
8.5992081603408210e-01 1.4550839967864687e-03 9.1615221067533996e-04 9.4021046938904067e+02
8.8162444945603036e-01 1.5013169776240405e-03 9.3923465030888991e-04 9.4026105845138613e+02
9.0387586320255198e-01 1.5491123056617822e-03 9.6289839163722125e-04 9.4031206550123625e+02
9.2668888275982919e-01 1.5985227771661171e-03 9.8715806324088640e-04 9.4036349405827070e+02
9.5007768255696856e-01 1.6496029725432217e-03 1.0120286614689806e-03 9.4041534767213000e+02
9.7405679477300933e-01 1.7024093166303120e-03 1.0375255596727659e-03 9.4046762992267179e+02
9.9864111836621039e-01 1.7570001410243399e-03 1.0636645176707055e-03 9.4052034442023478e+02
1.0238459283312311e+00 1.8134357485169652e-03 1.0904616914507114e-03 9.4057349480589949e+02
1.0496868851899557e+00 1.8717784797069742e-03 1.1179336431155185e-03 9.4062708475175816e+02
1.0761800447218521e+00 1.9320927818637166e-03 1.1460973510772714e-03 9.4068111796118103e+02
1.1033418679399254e+00 1.9944452801176527e-03 1.1749702205075588e-03 9.4073559816908755e+02
1.1311892313184468e+00 2.0589048510566239e-03 1.2045700940492663e-03 9.4079052914222041e+02
1.1597394372788268e+00 2.1255426988091631e-03 1.2349152627968033e-03 9.4084591467942096e+02
1.1890102249401393e+00 2.1944324336988798e-03 1.2660244775514048e-03 9.4090175861190744e+02
1.2190197811409818e+00 2.2656501535568059e-03 1.2979169603583823e-03 9.4095806480355702e+02
1.2497867517395151e+00 2.3392745277815222e-03 1.3306124163333724e-03 9.4101483715118752e+02
1.2813302531987087e+00 2.4153868842399246e-03 1.3641310457847972e-03 9.4107207958484526e+02
1.3136698844639840e+00 2.4940712991046157e-03 1.3984935566399418e-03 9.4112979606809165e+02
1.3468257391406424e+00 2.5754146897271693e-03 1.4337211771822320e-03 9.4118799059829678e+02
1.3808184179786374e+00 2.6595069106498488e-03 1.4698356691074822e-03 9.4124666720693119e+02
1.4156690416724533e+00 2.7464408528618421e-03 1.5068593409070848e-03 9.4130582995986276e+02
1.4513992639840412e+00 2.8363125464096572e-03 1.5448150615863031e-03 9.4136548295765579e+02
1.4880312851969648e+00 2.9292212664750183e-03 1.5837262747260305e-03 9.4142563033587476e+02
1.5255878659101192e+00 3.0252696430374472e-03 1.6236170128966082e-03 9.4148627626538587e+02
1.5640923411795877e+00 3.1245637742426556e-03 1.6645119124324699e-03 9.4154742495266657e+02
1.6035686350174301e+00 3.2272133436019976e-03 1.7064362285766361e-03 9.4160908064011539e+02
1.6440412752564042e+00 3.3333317411524234e-03 1.7494158510042873e-03 9.4167124760636420e+02
1.6855354087898609e+00 3.4430361887107818e-03 1.7934773197348728e-03 9.4173393016659440e+02
1.7280768171962821e+00 3.5564478693608406e-03 1.8386478414424584e-03 9.4179713267285581e+02
1.7716919327581662e+00 3.6736920613160366e-03 1.8849553061742470e-03 9.4186085951438781e+02
1.8164078548852125e+00 3.7948982763058446e-03 1.9324283044874528e-03 9.4192511511794453e+02
1.8622523669520232e+00 3.9202004026386347e-03 1.9810961450149869e-03 9.4198990394812176e+02
1.9092539535607609e+00 4.0497368530990228e-03 2.0309888724706223e-03 9.4205523050768727e+02
1.9574418182395081e+00 4.1836507178431162e-03 2.0821372861046265e-03 9.4212109933791396e+02
2.0068459015873152e+00 4.3220899224605319e-03 2.1345729586210787e-03 9.4218751501891904e+02
2.0574968998772136e+00 4.4652073913777901e-03 2.1883282555684130e-03 9.4225448216999871e+02
2.1094262841287521e+00 4.6131612167835869e-03 2.2434363552149492e-03 9.4232200544997602e+02
2.1626663196619056e+00 4.7661148332625381e-03 2.2999312689215459e-03 9.4239008955754252e+02
2.2172500861445110e+00 4.9242371983303215e-03 2.3578478620237386e-03 9.4245873923161059e+02
2.2732114981456788e+00 5.0877029790696087e-03 2.4172218752360900e-03 9.4252795925166242e+02
2.3305853262079550e+00 5.2566927450729837e-03 2.4780899465917435e-03 9.4259775443810781e+02
2.3894072184513271e+00 5.4313931679059535e-03 2.5404896339305469e-03 9.4266812965264171e+02
2.4497137227224939e+00 5.6119972273104097e-03 2.6044594379493941e-03 9.4273908979860744e+02
2.5115423093031661e+00 5.7987044243762937e-03 2.6700388258288229e-03 9.4281063982135890e+02
2.5749313941914993e+00 5.9917210019169538e-03 2.7372682554501894e-03 9.4288278470863304e+02
2.6399203629711359e+00 6.1912601722916441e-03 2.8061892002181734e-03 9.4295552949091939e+02
2.7065495952826741e+00 6.3975423529267876e-03 2.8768441745036719e-03 9.4302887924183540e+02
2.7748604899127782e+00 6.6107954097961996e-03 2.9492767597225256e-03 9.4310283907850726e+02
2.8448954905165174e+00 6.8312549091292312e-03 3.0235316310659511e-03 9.4317741416194997e+02
2.9166981119889082e+00 7.0591643776248365e-03 3.0996545848988610e-03 9.4325260969745523e+02
2.9903129675020561e+00 7.2947755714590553e-03 3.1776925668427478e-03 9.4332843093497900e+02
3.0657857962246839e+00 7.5383487543830207e-03 3.2576937005601341e-03 9.4340488316953611e+02
3.1431634917412898e+00 7.7901529852187493e-03 3.3397073172581008e-03 9.4348197174159588e+02
3.2224941311885624e+00 8.0504664150702031e-03 3.4237839859287441e-03 9.4355970203748325e+02
3.3038270051271836e+00 8.3195765945780036e-03 3.5099755443449418e-03 9.4363807948978160e+02
3.3872126481675675e+00 8.5977807915571906e-03 3.5983351308302024e-03 9.4371710957774201e+02
3.4727028703685634e+00 8.8853863193688581e-03 3.6889172168218741e-03 9.4379679782769347e+02
3.5603507894286364e+00 9.1827108763884533e-03 3.7817776402474398e-03 9.4387714981345971e+02
3.6502108636895212e+00 9.4900828969456726e-03 3.8769736397341334e-03 9.4395817115677733e+02
3.7423389259728634e+00 9.8078419141236599e-03 3.9745638896726138e-03 9.4403986752771834e+02
3.8367922182708645e+00 1.0136338934818249e-02 4.0746085361559135e-03 9.4412224464511883e+02
3.9336294273124865e+00 1.0475936827471518e-02 4.1771692338154537e-03 9.4420530827700907e+02
4.0329107210273198e+00 1.0827010722908049e-02 4.2823091835764238e-03 9.4428906424104810e+02
4.1346977859297622e+00 1.1189948428716548e-02 4.3900931713553746e-03 9.4437351840496342e+02
4.2390538654467438e+00 1.1565150857634678e-02 4.5005876077234526e-03 9.4445867668699452e+02
4.3460437992128114e+00 1.1953032470410251e-02 4.6138605685592986e-03 9.4454454505633851e+02
4.4557340633569789e+00 1.2354021733627965e-02 4.7299818367161524e-03 9.4463112953360326e+02
4.5681928118063881e+00 1.2768561593007478e-02 4.8490229447284280e-03 9.4471843619126332e+02
4.6834899186324375e+00 1.3197109962695585e-02 4.9710572185835558e-03 9.4480647115411773e+02
4.8016970214656824e+00 1.3640140231093010e-02 5.0961598225855408e-03 9.4489524059975622e+02
4.9228875660064970e+00 1.4098141783774542e-02 5.2244078053373952e-03 9.4498475075902661e+02
5.0471368516591424e+00 1.4571620544080207e-02 5.3558801468701969e-03 9.4507500791650864e+02
5.1745220783175876e+00 1.5061099531974525e-02 5.4906578069472594e-03 9.4516601841099055e+02
5.3051223943321864e+00 1.5567119441791333e-02 5.6288237745726081e-03 9.4525778863595235e+02
5.4390189456869686e+00 1.6090239239502233e-02 5.7704631187336410e-03 9.4535032504005051e+02
5.5762949264181332e+00 1.6631036780168505e-02 5.9156630404086120e-03 9.4544363412760947e+02
5.7170356303050509e+00 1.7190109446258477e-02 6.0645129258703303e-03 9.4553772245911728e+02
5.8613285038659111e+00 1.7768074807535589e-02 6.2171044013182341e-03 9.4563259665172768e+02
6.0092632006909277e+00 1.8365571303245901e-02 6.3735313888718496e-03 9.4572826337976142e+02
6.1609316371468612e+00 1.8983258947358771e-02 6.5338901639593067e-03 9.4582472937521959e+02
6.3164280494874818e+00 1.9621820057639645e-02 6.6982794141356309e-03 9.4592200142829472e+02
6.4758490524054473e+00 2.0281960009360344e-02 6.8668002993661796e-03 9.4602008638789380e+02
6.6392936990619695e+00 2.0964408014479425e-02 7.0395565138116093e-03 9.4611899116215955e+02
6.8068635426315902e+00 2.1669917927153299e-02 7.2166543491515855e-03 9.4621872271900190e+02
6.9786626994002816e+00 2.2399269076467977e-02 7.3982027594853761e-03 9.4631928808663088e+02
7.1547979134560897e+00 2.3153267127311139e-02 7.5843134278484204e-03 9.4642069435409667e+02
7.3353786230125113e+00 2.3932744970335706e-02 7.7751008343849206e-03 9.4652294867183332e+02
7.5205170284058163e+00 2.4738563641997776e-02 7.9706823262174868e-03 9.4662605825220987e+02
7.7103281618085573e+00 2.5571613275685388e-02 8.1711781890558936e-03 9.4673003037008266e+02
7.9049299587025930e+00 2.6432814084988664e-02 8.3767117205879888e-03 9.4683487236335895e+02
8.1044433311560145e+00 2.7323117380197520e-02 8.5874093056969528e-03 9.4694059163356008e+02
8.3089922429495306e+00 2.8243506619149830e-02 8.8034004935500978e-03 9.4704719564639174e+02
8.5187037865989641e+00 2.9194998493590758e-02 9.0248180766055244e-03 9.4715469193232184e+02
8.7337082623217412e+00 3.0178644052243398e-02 9.2517981715841743e-03 9.4726308808716215e+02
8.9541392589963920e+00 3.1195529861831158e-02 9.4844803024558399e-03 9.4737239177265496e+02
9.1801337371654501e+00 3.2246779207334611e-02 9.7230074854890939e-03 9.4748261071706622e+02
9.4118321141332224e+00 3.3333553332808394e-02 9.9675263164160453e-03 9.4759375271578551e+02
9.6493783512113680e+00 3.4457052724128967e-02 1.0218187059764383e-02 9.4770582563192897e+02
9.8929200431665016e+00 3.5618518435090292e-02 1.0475143740410272e-02 9.4781883739694899e+02
1.0142608509925301e+01 3.6819233458311763e-02 1.0738554237406911e-02 9.4793279601125221e+02
1.0398598890594295e+01 3.8060524142473726e-02 1.1008580380145277e-02 9.4804770954481955e+02
1.0661050239852466e+01 3.9343761657444805e-02 1.1285388046904357e-02 9.4816358613783666e+02
1.0930125626776890e+01 4.0670363508920886e-02 1.1569147265850356e-02 9.4828043400132447e+02
1.1205992236162469e+01 4.2041795104247402e-02 1.1860032318544910e-02 9.4839826141778337e+02
1.1488821472399071e+01 4.3459571371156157e-02 1.2158221846024849e-02 9.4851707674183672e+02
1.1778789065970244e+01 4.4925258431203124e-02 1.2463898957516487e-02 9.4863688840088275e+02
1.2076075182640007e+01 4.6440475329757168e-02 1.2777251341849942e-02 9.4875770489575552e+02
1.2380864535395393e+01 4.8006895824450203e-02 1.3098471381639947e-02 9.4887953480139072e+02
1.2693346499214218e+01 4.9626250234063550e-02 1.3427756270301469e-02 9.4900238676749427e+02
1.3013715228729660e+01 5.1300327349894627e-02 1.3765308131970253e-02 9.4912626951922334e+02
1.3342169778864395e+01 5.3030976411713192e-02 1.4111334144399737e-02 9.4925119185787025e+02
1.3678914228509628e+01 5.4820109150491951e-02 1.4466046664908166e-02 9.4937716266155189e+02
1.4024157807325462e+01 5.6669701900165945e-02 1.4829663359450632e-02 9.4950419088591195e+02
1.4378115025741824e+01 5.8581797780755562e-02 1.5202407334893754e-02 9.4963228556482261e+02
1.4741005808240258e+01 6.0558508955262443e-02 1.5584507274571344e-02 9.4976145581109756e+02
1.5113055629999876e+01 6.2602018962833739e-02 1.5976197577202568e-02 9.4989171081720974e+02
1.5494495656991875e+01 6.4714585130769414e-02 1.6377718499254873e-02 9.5002305985601913e+02
1.5885562889610185e+01 6.6898541068039816e-02 1.6789316300837250e-02 9.5015551228150412e+02
1.6286500309926957e+01 6.9156299243064934e-02 1.7211243395210182e-02 9.5028907752950226e+02
1.6697557032664903e+01 7.1490353648605828e-02 1.7643758502001991e-02 9.5042376511845646e+02
1.7118988459979789e+01 7.3903282556708999e-02 1.8087126804222291e-02 9.5055958465017011e+02
1.7551056440149775e+01 7.6397751366749977e-02 1.8541620109166622e-02 9.5069654581057068e+02
1.7994029430269634e+01 7.8976515549718879e-02 1.9007517013307579e-02 9.5083465837047765e+02
1.8448182663051536e+01 8.1642423692003724e-02 1.9485103071271066e-02 9.5097393218637922e+02
1.8913798317835425e+01 8.4398420642030278e-02 1.9974670968997656e-02 9.5111437720121808e+02
1.9391165695915852e+01 8.7247550763237855e-02 2.0476520701192637e-02 9.5125600344518421e+02
1.9880581400293618e+01 9.0192961296980942e-02 2.0990959753169728e-02 9.5139882103651428e+02
2.0382349519964379e+01 9.3237905839074126e-02 2.1518303287196883e-02 9.5154284018230044e+02
2.0896781818858521e+01 9.6385747933819835e-02 2.2058874333454822e-02 9.5168807117930703e+02
2.1424197929549525e+01 9.9639964789487251e-02 2.2613003985721480e-02 9.5183452441479255e+02
2.1964925551851657e+01 1.0300415111935028e-01 2.3181031601898917e-02 9.5198221036734503e+02
2.2519300656429738e+01 1.0648202311252299e-01 2.3763305009501186e-02 9.5213113960772228e+02
2.3087667693548223e+01 1.1007742253898357e-01 2.4360180716225782e-02 9.5228132279969896e+02
2.3670379807088519e+01 1.1379432099331668e-01 2.4972024125732541e-02 9.5243277070092688e+02
2.4267799053968321e+01 1.1763682428186653e-01 2.5599209758759019e-02 9.5258549416379833e+02
2.4880296629098481e+01 1.2160917695814227e-01 2.6242121479702181e-02 9.5273950413632360e+02
2.5508253096017985e+01 1.2571576701149034e-01 2.6901152728801711e-02 9.5289481166301368e+02
2.6152058623349582e+01 1.2996113071420848e-01 2.7576706760061506e-02 9.5305142788577018e+02
2.6812113227223712e+01 1.3434995763245997e-01 2.8269196885050744e-02 9.5320936404478971e+02
2.7488827019820587e+01 1.3888709580651909e-01 2.8979046722728215e-02 9.5336863147947304e+02
2.8182620464185700e+01 1.4357755710607459e-01 2.9706690455438334e-02 9.5352924162934357e+02
2.8893924635476196e+01 1.4842652276650184e-01 3.0452573091229229e-02 9.5369120603497720e+02
2.9623181488801325e+01 1.5343934911222457e-01 3.1217150732648795e-02 9.5385453633894110e+02
3.0370844133822459e+01 1.5862157347348252e-01 3.2000890852176653e-02 9.5401924428673749e+02
3.1137377116284298e+01 1.6397892030304762e-01 3.2804272574455222e-02 9.5418534172776629e+02
3.1923256706651138e+01 1.6951730749963784e-01 3.3627786965485899e-02 9.5435284061628579e+02
3.2728971196028567e+01 1.7524285294502140e-01 3.4471937328961401e-02 9.5452175301239299e+02
3.3555021199553508e+01 1.8116188126202565e-01 3.5337239509908365e-02 9.5469209108300890e+02
3.4401919967441842e+01 1.8728093080092068e-01 3.6224222205819639e-02 9.5486386710287468e+02
3.5270193703886648e+01 1.9360676086189346e-01 3.7133427285459542e-02 9.5503709345555671e+02
3.6160381894004736e+01 2.0014635916158782e-01 3.8065410115528782e-02 9.5521178263446700e+02
3.7073037639035618e+01 2.0690694955196454e-01 3.9020739895383030e-02 9.5538794724388549e+02
3.8008727999999998e+01 2.1389600000000000e-01 4.0000000000000001e-02 9.5556741299999999e+02
4.3208734999999997e+01 2.3984400000000000e-01 4.5440000000000001e-02 9.5617653900000005e+02
4.8411554000000002e+01 2.6063199999999997e-01 5.0880000000000002e-02 9.5660923800000000e+02
5.3616335999999997e+01 2.7650900000000000e-01 5.6320000000000002e-02 9.5690600500000005e+02
5.8822445000000002e+01 2.8825299999999998e-01 6.1760000000000002e-02 9.5710507099999995e+02
6.4029448000000002e+01 2.9708499999999999e-01 6.7199999999999996e-02 9.5724187199999994e+02
6.9237097000000006e+01 3.0459500000000000e-01 7.2639999999999996e-02 9.5734886300000005e+02
7.4445307999999997e+01 3.1267899999999998e-01 7.8079999999999997e-02 9.5745551799999998e+02
7.9654156000000000e+01 3.2347700000000001e-01 8.3519999999999997e-02 9.5758838300000002e+02
8.4863757000000007e+01 3.3591799999999999e-01 8.8959999999999997e-02 9.5773192600000004e+02
9.0074258000000000e+01 3.5414600000000002e-01 9.4399999999999998e-02 9.5792977800000006e+02
9.5286061000000004e+01 3.8210400000000000e-01 9.9839999999999998e-02 9.5821656099999996e+02
1.0049971200000000e+02 4.2298400000000003e-01 1.0528000000000000e-01 9.5861398999999994e+02
1.0571586000000001e+02 4.7978900000000002e-01 1.1072000000000000e-01 9.5913875299999995e+02
1.1093523500000001e+02 5.5542300000000000e-01 1.1616000000000000e-01 9.5980423699999994e+02
1.1615863299999999e+02 6.5270499999999998e-01 1.2160000000000000e-01 9.6062129500000003e+02
1.2138690300000000e+02 7.7437199999999995e-01 1.2703999999999999e-01 9.6159867899999995e+02
1.2662093800000000e+02 9.2306900000000003e-01 1.3247999999999999e-01 9.6274333500000000e+02
1.3186166200000000e+02 1.1013400000000000e+00 1.3791999999999999e-01 9.6406062299999996e+02
1.3711002700000000e+02 1.3116180000000000e+00 1.4335999999999999e-01 9.6555449799999997e+02
1.4236699999999999e+02 1.5562199999999999e+00 1.4879999999999999e-01 9.6722766999999999e+02
1.4763356300000001e+02 1.8373400000000000e+00 1.5423999999999999e-01 9.6908174699999995e+02
1.5291070099999999e+02 2.1570469999999999e+00 1.5967999999999999e-01 9.7111737700000003e+02
1.5819940199999999e+02 2.5172859999999999e+00 1.6511999999999999e-01 9.7333437000000004e+02
1.6350065000000001e+02 2.9198770000000001e+00 1.7055999999999999e-01 9.7573182199999997e+02
1.6881542400000001e+02 3.3665219999999998e+00 1.7599999999999999e-01 9.7830822999999998e+02
1.7414469199999999e+02 3.8588119999999999e+00 1.8143999999999999e-01 9.8106159400000001e+02
1.7948941099999999e+02 4.3982279999999996e+00 1.8687999999999999e-01 9.8398951000000000e+02
1.8485052200000001e+02 4.9861540000000000e+00 1.9231999999999999e-01 9.8708925699999998e+02
1.9022895399999999e+02 5.6238799999999998e+00 1.9775999999999999e-01 9.9035787000000005e+02
1.9562561500000001e+02 6.3126129999999998e+00 2.0319999999999999e-01 9.9379220399999997e+02
2.0104139900000001e+02 7.0534819999999998e+00 2.0863999999999999e-01 9.9738898400000005e+02
2.0647718100000000e+02 7.8475440000000001e+00 2.1407999999999999e-01 1.0011448570000000e+03
2.1193381600000001e+02 8.6957930000000001e+00 2.1951999999999999e-01 1.0050564210000000e+03
2.1741214400000001e+02 9.5991640000000000e+00 2.2495999999999999e-01 1.0091202570000000e+03
2.2291298300000000e+02 1.0558534999999999e+01 2.3039999999999999e-01 1.0133329520000000e+03
2.2843713299999999e+02 1.1574735000000000e+01 2.3583999999999999e-01 1.0176911150000000e+03
2.3398537700000000e+02 1.2648547000000001e+01 2.4127999999999999e-01 1.0221913900000000e+03
2.3955848000000000e+02 1.3780708000000001e+01 2.4671999999999999e-01 1.0268304639999999e+03
2.4515718799999999e+02 1.4971914999999999e+01 2.5216000000000000e-01 1.0316050760000001e+03
2.5078222900000000e+02 1.6222823000000002e+01 2.5760000000000000e-01 1.0365120150000000e+03
2.5643431399999997e+02 1.7534053000000000e+01 2.6304000000000000e-01 1.0415481290000000e+03
2.6211413900000002e+02 1.8906185000000001e+01 2.6848000000000000e-01 1.0467103199999999e+03
2.6782238100000001e+02 2.0339766999999998e+01 2.7392000000000000e-01 1.0519955470000000e+03
2.7355970100000002e+02 2.1835310000000000e+01 2.7936000000000000e-01 1.0574008229999999e+03
2.7932674400000002e+02 2.3393294000000001e+01 2.8480000000000000e-01 1.0629232150000000e+03
2.8512414100000001e+02 2.5014164999999998e+01 2.9024000000000000e-01 1.0685598419999999e+03
2.9095250399999998e+02 2.6698335000000000e+01 2.9568000000000000e-01 1.0743078750000000e+03
2.9681243200000000e+02 2.8446187999999999e+01 3.0112000000000000e-01 1.0801645320000000e+03
3.0270450899999997e+02 3.0258075000000002e+01 3.0656000000000000e-01 1.0861270810000001e+03
3.0862930399999999e+02 3.2134315999999998e+01 3.1200000000000000e-01 1.0921928339999999e+03
3.1458737100000002e+02 3.4075203000000002e+01 3.1744000000000000e-01 1.0983591500000000e+03
3.2057925000000000e+02 3.6080998000000001e+01 3.2288000000000000e-01 1.1046234320000001e+03
3.2660546699999998e+02 3.8151935999999999e+01 3.2832000000000000e-01 1.1109831240000001e+03
3.3266653500000001e+02 4.0288223000000002e+01 3.3376000000000000e-01 1.1174357160000000e+03
3.3876295199999998e+02 4.2490037999999998e+01 3.3920000000000000e-01 1.1239787380000000e+03
3.4489520399999998e+02 4.4757536000000002e+01 3.4464000000000000e-01 1.1306097620000000e+03
3.5106376299999999e+02 4.7090845000000002e+01 3.5008000000000000e-01 1.1373264030000000e+03
3.5726908900000001e+02 4.9490068999999998e+01 3.5552000000000000e-01 1.1441263160000001e+03
3.6351018599999998e+02 5.1687257000000002e+01 3.6096000000000000e-01 1.1502606460000000e+03
3.6978269699999998e+02 5.3713788000000001e+01 3.6640000000000000e-01 1.1558327939999999e+03
3.7608495499999998e+02 5.5700857999999997e+01 3.7184000000000000e-01 1.1612157700000000e+03
3.8241617200000002e+02 5.7675592999999999e+01 3.7728000000000000e-01 1.1664875790000001e+03
3.8877585299999998e+02 5.9650668000000003e+01 3.8272000000000000e-01 1.1716847820000000e+03
3.9516365500000001e+02 6.1633414999999999e+01 3.8816000000000001e-01 1.1768285180000000e+03
4.0157932499999998e+02 6.3628587000000003e+01 3.9360000000000001e-01 1.1819324429999999e+03
4.0802267599999999e+02 6.5639499000000001e+01 3.9904000000000001e-01 1.1870060200000000e+03
4.1449356000000000e+02 6.7668586000000005e+01 4.0448000000000001e-01 1.1920561270000001e+03
4.2099050000000000e+02 6.9484083999999996e+01 4.0992000000000001e-01 1.1965147090000000e+03
4.2751106900000002e+02 7.1253505000000004e+01 4.1536000000000001e-01 1.2008024579999999e+03
4.3405482899999998e+02 7.3028006000000005e+01 4.2080000000000001e-01 1.2050465270000000e+03
4.4062161600000002e+02 7.4817203000000006e+01 4.2624000000000001e-01 1.2092707680000001e+03
4.4721135500000003e+02 7.6625450000000001e+01 4.3168000000000001e-01 1.2134858380000001e+03
4.5382401399999998e+02 7.8455234000000004e+01 4.3712000000000001e-01 1.2176976990000001e+03
4.6045958600000000e+02 8.0308169000000007e+01 4.4256000000000001e-01 1.2219100989999999e+03
4.6711808000000002e+02 8.2185390999999996e+01 4.4800000000000001e-01 1.2261255799999999e+03
4.7379951999999997e+02 8.4087750999999997e+01 4.5344000000000001e-01 1.2303459499999999e+03
4.8050393500000001e+02 8.6015906999999999e+01 4.5888000000000001e-01 1.2345725430000000e+03
4.8723136199999999e+02 8.7970394999999996e+01 4.6432000000000001e-01 1.2388063669999999e+03
4.9398184300000003e+02 8.9951654000000005e+01 4.6976000000000001e-01 1.2430481980000000e+03
5.0075542300000001e+02 9.1960059000000001e+01 4.7520000000000001e-01 1.2472986450000001e+03
5.0755214999999998e+02 9.3995931999999996e+01 4.8064000000000001e-01 1.2515581830000001e+03
5.1437207500000000e+02 9.6059554000000006e+01 4.8608000000000001e-01 1.2558271900000000e+03
5.2121524999999997e+02 9.8151173999999997e+01 4.9152000000000001e-01 1.2601059660000001e+03
5.2808172800000000e+02 1.0027101399999999e+02 4.9696000000000001e-01 1.2643947450000001e+03
5.3497156600000005e+02 1.0241927600000000e+02 5.0239999999999996e-01 1.2686937129999999e+03
5.4188481800000000e+02 1.0459614200000000e+02 5.0783999999999996e-01 1.2730030119999999e+03
5.4882154200000002e+02 1.0680177999999999e+02 5.1327999999999996e-01 1.2773227480000000e+03
5.5578179399999999e+02 1.0903634400000000e+02 5.1871999999999996e-01 1.2816530009999999e+03
5.6276563099999998e+02 1.1129997500000000e+02 5.2415999999999996e-01 1.2859938230000000e+03
5.6977311199999997e+02 1.1359280500000000e+02 5.2959999999999996e-01 1.2903452470000000e+03
5.7680429300000003e+02 1.1591495700000000e+02 5.3503999999999996e-01 1.2947072860000001e+03
5.8385923300000002e+02 1.1826654700000000e+02 5.4047999999999996e-01 1.2990799380000001e+03
5.9093799000000001e+02 1.2064767999999999e+02 5.4591999999999996e-01 1.3034631890000001e+03
5.9804062099999999e+02 1.2305845700000000e+02 5.5135999999999996e-01 1.3078570110000001e+03
6.0516718300000002e+02 1.2549897300000001e+02 5.5679999999999996e-01 1.3122613679999999e+03
6.1231773299999998e+02 1.2796931700000000e+02 5.6223999999999996e-01 1.3166762120000001e+03
6.1949233000000004e+02 1.3046957200000000e+02 5.6767999999999996e-01 1.3211014909999999e+03
6.2669102799999996e+02 1.3299981700000001e+02 5.7311999999999996e-01 1.3255371419999999e+03
6.3391388500000005e+02 1.3556012600000000e+02 5.7855999999999996e-01 1.3299830999999999e+03
6.4116095600000006e+02 1.3815056899999999e+02 5.8399999999999996e-01 1.3344392909999999e+03
6.4843229699999995e+02 1.4077121299999999e+02 5.8943999999999996e-01 1.3389056399999999e+03
6.5572796200000005e+02 1.4342211900000001e+02 5.9487999999999996e-01 1.3433820639999999e+03
6.6304800699999998e+02 1.4610334700000001e+02 6.0031999999999996e-01 1.3478684780000001e+03
6.7039248599999996e+02 1.4881495300000000e+02 6.0575999999999997e-01 1.3523647960000001e+03
6.7776145099999997e+02 1.5155698899999999e+02 6.1119999999999997e-01 1.3568709260000001e+03
6.8515495699999997e+02 1.5432950399999999e+02 6.1663999999999997e-01 1.3613867740000001e+03
6.9257305599999995e+02 1.5713254499999999e+02 6.2207999999999997e-01 1.3659122460000001e+03
7.0001579900000002e+02 1.5996615600000001e+02 6.2751999999999997e-01 1.3704472440000000e+03
7.0748324000000002e+02 1.6283037800000000e+02 6.3295999999999997e-01 1.3749916700000001e+03
7.1497542699999997e+02 1.6572525099999999e+02 6.3839999999999997e-01 1.3795454230000000e+03
7.2249241300000006e+02 1.6865081100000000e+02 6.4383999999999997e-01 1.3841084020000001e+03
7.3003424700000005e+02 1.7160709199999999e+02 6.4927999999999997e-01 1.3886805050000000e+03
7.3760097800000005e+02 1.7459412599999999e+02 6.5471999999999997e-01 1.3932616280000000e+03
7.4519265499999995e+02 1.7761194300000000e+02 6.6015999999999997e-01 1.3978516689999999e+03
7.5280932600000006e+02 1.8066057200000000e+02 6.6559999999999997e-01 1.4024505230000000e+03
7.6045104000000003e+02 1.8374003900000000e+02 6.7103999999999997e-01 1.4070580860000000e+03
7.6811784200000000e+02 1.8685036700000001e+02 6.7647999999999997e-01 1.4116742529999999e+03
7.7580978000000005e+02 1.8999157900000000e+02 6.8191999999999997e-01 1.4162989200000000e+03
7.8352689999999996e+02 1.9316369700000001e+02 6.8735999999999997e-01 1.4209319810000000e+03
7.9126924599999995e+02 1.9636673900000000e+02 6.9279999999999997e-01 1.4255733330000000e+03
7.9903686400000004e+02 1.9960072199999999e+02 6.9823999999999997e-01 1.4302228709999999e+03
8.0682979899999998e+02 2.0286566400000001e+02 7.0367999999999997e-01 1.4348804909999999e+03
8.1464809300000002e+02 2.0616157899999999e+02 7.0911999999999997e-01 1.4395460889999999e+03
8.2249178900000004e+02 2.0948847900000001e+02 7.1455999999999997e-01 1.4442195620000000e+03
8.3036093200000005e+02 2.1284637699999999e+02 7.1999999999999997e-01 1.4489008070000000e+03
8.3825556099999994e+02 2.1623528400000001e+02 7.2543999999999997e-01 1.4535897219999999e+03
8.4617571999999996e+02 2.1965520900000001e+02 7.3087999999999997e-01 1.4582862050000001e+03
8.5412144799999999e+02 2.2310615999999999e+02 7.3631999999999997e-01 1.4629901550000000e+03
8.6209278600000005e+02 2.2658814300000000e+02 7.4175999999999997e-01 1.4677014710000001e+03
8.7008977400000003e+02 2.3010116600000001e+02 7.4719999999999998e-01 1.4724200539999999e+03
8.7811245099999996e+02 2.3364523299999999e+02 7.5263999999999998e-01 1.4771458050000001e+03
8.8616085599999997e+02 2.3722034700000000e+02 7.5807999999999998e-01 1.4818786259999999e+03
8.9423502699999995e+02 2.4082651200000001e+02 7.6351999999999998e-01 1.4866184200000000e+03
9.0233500200000003e+02 2.4446373000000000e+02 7.6895999999999998e-01 1.4913650900000000e+03
9.1046081800000002e+02 2.4813200200000000e+02 7.7439999999999998e-01 1.4961185399999999e+03
9.1861251100000004e+02 2.5183132800000001e+02 7.7983999999999998e-01 1.5008786760000000e+03
9.2679011700000001e+02 2.5556170700000001e+02 7.8527999999999998e-01 1.5056454050000000e+03
9.3499367299999994e+02 2.5932313900000003e+02 7.9071999999999998e-01 1.5104186340000001e+03
9.4322321399999998e+02 2.6311562099999998e+02 7.9615999999999998e-01 1.5151982710000000e+03
9.5147877300000005e+02 2.6693914999999998e+02 8.0159999999999998e-01 1.5199842249999999e+03
9.5976038500000004e+02 2.7079372400000000e+02 8.0703999999999998e-01 1.5247764070000001e+03
9.6806808500000000e+02 2.7467933799999997e+02 8.1247999999999998e-01 1.5295747289999999e+03
9.7640190299999995e+02 2.7859598699999998e+02 8.1791999999999998e-01 1.5343791020000001e+03
9.8476187500000003e+02 2.8254366800000003e+02 8.2335999999999998e-01 1.5391894410000000e+03
9.9314803099999995e+02 2.8652237400000001e+02 8.2879999999999998e-01 1.5440056609999999e+03
1.0015604039999999e+03 2.9053209900000002e+02 8.3423999999999998e-01 1.5488276760000001e+03
1.0099990250000000e+03 2.9457283799999999e+02 8.3967999999999998e-01 1.5536554060000001e+03
1.0184639240000000e+03 2.9864458400000001e+02 8.4511999999999998e-01 1.5584887670000001e+03
1.0269551320000000e+03 3.0274732899999998e+02 8.5055999999999998e-01 1.5633276810000000e+03
1.0354726800000001e+03 3.0688106800000003e+02 8.5599999999999998e-01 1.5681720670000000e+03
1.0440165959999999e+03 3.1104579200000001e+02 8.6143999999999998e-01 1.5730218480000001e+03
1.0525869100000000e+03 3.1524149499999999e+02 8.6687999999999998e-01 1.5778769480000001e+03
1.0611836499999999e+03 3.1946816999999999e+02 8.7231999999999998e-01 1.5827372929999999e+03
1.0698068460000000e+03 3.2372580900000003e+02 8.7775999999999998e-01 1.5876028090000000e+03
1.0784565239999999e+03 3.2801440700000001e+02 8.8319999999999999e-01 1.5924734240000000e+03
1.0871327120000001e+03 3.3233395600000000e+02 8.8863999999999999e-01 1.5973490700000000e+03
1.0958354380000001e+03 3.3668445200000002e+02 8.9407999999999999e-01 1.6022296779999999e+03
1.1045647280000001e+03 3.4106589000000002e+02 8.9951999999999999e-01 1.6071151840000000e+03
1.1133206090000001e+03 3.4547826500000002e+02 9.0495999999999999e-01 1.6120055230000000e+03
1.1221031069999999e+03 3.4992157700000001e+02 9.1039999999999999e-01 1.6169006360000001e+03
1.1309122480000001e+03 3.5439582400000000e+02 9.1583999999999999e-01 1.6218004659999999e+03
1.1397480570000000e+03 3.5890101099999998e+02 9.2127999999999999e-01 1.6267049600000000e+03
1.1486105590000000e+03 3.6343714299999999e+02 9.2671999999999999e-01 1.6316140710000000e+03
1.1574997800000001e+03 3.6800423200000000e+02 9.3215999999999999e-01 1.6365277570000001e+03
1.1664157450000000e+03 3.7260229900000002e+02 9.3759999999999999e-01 1.6414459859999999e+03
1.1753584770000000e+03 3.7723137500000001e+02 9.4303999999999999e-01 1.6463687390000000e+03
1.1843280010000001e+03 3.8189151299999997e+02 9.4847999999999999e-01 1.6512960210000001e+03
1.1933243430000000e+03 3.8658280400000001e+02 9.5391999999999999e-01 1.6562278750000000e+03
1.2023475269999999e+03 3.9130543899999998e+02 9.5935999999999999e-01 1.6611644490000001e+03
1.2113975809999999e+03 3.9606015600000001e+02 9.6479999999999999e-01 1.6661064550000001e+03
1.2204745339999999e+03 4.0084619500000002e+02 9.7023999999999999e-01 1.6710530500000000e+03
1.2295784060000001e+03 4.0566253799999998e+02 9.7567999999999999e-01 1.6760031340000000e+03
1.2387092160000000e+03 4.1050916000000001e+02 9.8111999999999999e-01 1.6809566440000001e+03
1.2478669829999999e+03 4.1538603699999999e+02 9.8655999999999999e-01 1.6859135160000001e+03
1.2570517239999999e+03 4.2029314299999999e+02 9.9199999999999999e-01 1.6908736870000000e+03
1.2662634590000000e+03 4.2523045300000001e+02 9.9743999999999999e-01 1.6958370970000001e+03
1.2755022030000000e+03 4.3019794200000001e+02 1.0028800000000000e+00 1.7008036840000000e+03
1.2847679750000000e+03 4.3519558400000000e+02 1.0083200000000001e+00 1.7057733900000001e+03
1.2940607900000000e+03 4.4022335299999997e+02 1.0137600000000000e+00 1.7107461539999999e+03
1.3033806660000000e+03 4.4528122500000001e+02 1.0192000000000001e+00 1.7157219210000001e+03
1.3127276190000000e+03 4.5036917399999999e+02 1.0246400000000000e+00 1.7207006309999999e+03
1.3221016640000000e+03 4.5548717299999998e+02 1.0300800000000001e+00 1.7256822299999999e+03
1.3315028170000001e+03 4.6063519800000000e+02 1.0355200000000000e+00 1.7306666620000001e+03
1.3409310940000000e+03 4.6581322299999999e+02 1.0409600000000001e+00 1.7356538730000000e+03
1.3503865089999999e+03 4.7102122300000002e+02 1.0464000000000000e+00 1.7406438089999999e+03
1.3598690759999999e+03 4.7625917099999998e+02 1.0518400000000001e+00 1.7456364180000000e+03
1.3693788119999999e+03 4.8152704100000000e+02 1.0572800000000000e+00 1.7506316469999999e+03
1.3789157279999999e+03 4.8682481000000001e+02 1.0627200000000001e+00 1.7556294459999999e+03
1.3884798400000000e+03 4.9215244899999999e+02 1.0681600000000000e+00 1.7606297640000000e+03
1.3980711610000001e+03 4.9750993499999998e+02 1.0736000000000001e+00 1.7656325520000000e+03
1.4076897039999999e+03 5.0289724200000001e+02 1.0790400000000000e+00 1.7706377610000000e+03
1.4173354820000000e+03 5.0831434400000001e+02 1.0844800000000001e+00 1.7756453429999999e+03
1.4270085079999999e+03 5.1376121400000000e+02 1.0899200000000000e+00 1.7806552509999999e+03
1.4367087950000000e+03 5.1923782900000003e+02 1.0953599999999999e+00 1.7856674379999999e+03
1.4464363539999999e+03 5.2474416299999996e+02 1.1008000000000000e+00 1.7906818590000000e+03
1.4561911980000000e+03 5.3028018899999995e+02 1.1062399999999999e+00 1.7956984689999999e+03
1.4659733389999999e+03 5.3584588399999996e+02 1.1116800000000000e+00 1.8007172220000000e+03
1.4757827880000000e+03 5.4144122100000004e+02 1.1171199999999999e+00 1.8057380770000000e+03
1.4856195570000000e+03 5.4706617500000004e+02 1.1225600000000000e+00 1.8107609890000001e+03
1.4954836560000001e+03 5.5272072200000002e+02 1.1279999999999999e+00 1.8157859160000000e+03
1.5053750960000000e+03 5.5840483500000005e+02 1.1334400000000000e+00 1.8208128170000000e+03
1.5152938879999999e+03 5.6411849099999995e+02 1.1388799999999999e+00 1.8258416520000001e+03
1.5252400430000000e+03 5.6986166300000002e+02 1.1443200000000000e+00 1.8308723789999999e+03
1.5352135699999999e+03 5.7563432799999998e+02 1.1497599999999999e+00 1.8359049580000001e+03
1.5452144800000001e+03 5.8143646000000001e+02 1.1552000000000000e+00 1.8409393520000001e+03
1.5552427820000000e+03 5.8726803500000005e+02 1.1606399999999999e+00 1.8459755220000000e+03
1.5652984859999999e+03 5.9312902799999995e+02 1.1660800000000000e+00 1.8510134290000001e+03
1.5753816010000000e+03 5.9901941499999998e+02 1.1715199999999999e+00 1.8560530369999999e+03
1.5854921370000000e+03 6.0493916999999999e+02 1.1769600000000000e+00 1.8610943090000001e+03
1.5956301020000001e+03 6.1088827100000003e+02 1.1823999999999999e+00 1.8661372090000000e+03
1.6057955050000000e+03 6.1686669099999995e+02 1.1878400000000000e+00 1.8711817010000000e+03
1.6159883540000001e+03 6.2287147100000004e+02 1.1932799999999999e+00 1.8762252900000001e+03
1.6262084400000001e+03 6.2880359399999998e+02 1.1987200000000000e+00 1.8811852110000000e+03
1.6364553739999999e+03 6.3471065299999998e+02 1.2041599999999999e+00 1.8861017979999999e+03
1.6467289870000000e+03 6.4061633800000004e+02 1.2096000000000000e+00 1.8909950830000000e+03
1.6570291740000000e+03 6.4652891000000000e+02 1.2150399999999999e+00 1.8958720900000001e+03
1.6673558579999999e+03 6.5245283199999994e+02 1.2204800000000000e+00 1.9007366300000001e+03
1.6777089770000000e+03 6.5839092900000003e+02 1.2259199999999999e+00 1.9055911240000000e+03
1.6880884810000000e+03 6.6434516099999996e+02 1.2313600000000000e+00 1.9104372559999999e+03
1.6984943290000001e+03 6.7031696799999997e+02 1.2367999999999999e+00 1.9152762670000000e+03
1.7089264840000001e+03 6.7630745200000001e+02 1.2422400000000000e+00 1.9201091080000001e+03
1.7193849160000000e+03 6.8231748300000004e+02 1.2476799999999999e+00 1.9249365339999999e+03
1.7298695949999999e+03 6.8834776599999998e+02 1.2531200000000000e+00 1.9297591530000000e+03
1.7403804990000001e+03 6.9439888399999995e+02 1.2585599999999999e+00 1.9345774730000001e+03
1.7509176030000001e+03 7.0047132299999998e+02 1.2640000000000000e+00 1.9393919149999999e+03
1.7614808889999999e+03 7.0656549800000005e+02 1.2694399999999999e+00 1.9442028399999999e+03
1.7720703380000000e+03 7.1268176400000004e+02 1.2748800000000000e+00 1.9490105590000001e+03
1.7826859330000000e+03 7.1882042999999999e+02 1.2803199999999999e+00 1.9538153390000000e+03
1.7933276579999999e+03 7.2498176599999999e+02 1.2857600000000000e+00 1.9586174160000000e+03
1.8039955010000001e+03 7.3116601000000003e+02 1.2911999999999999e+00 1.9634169979999999e+03
1.8146894470000000e+03 7.3737337200000002e+02 1.2966400000000000e+00 1.9682142690000001e+03
1.8254094849999999e+03 7.4360404100000005e+02 1.3020799999999999e+00 1.9730093919999999e+03
1.8361556029999999e+03 7.4985818500000005e+02 1.3075200000000000e+00 1.9778025150000001e+03
1.8469277900000000e+03 7.5613595699999996e+02 1.3129599999999999e+00 1.9825937699999999e+03
1.8577260380000000e+03 7.6243749400000002e+02 1.3184000000000000e+00 1.9873832780000000e+03
1.8685503360000000e+03 7.6876292000000001e+02 1.3238399999999999e+00 1.9921711470000000e+03
1.8794006770000001e+03 7.7511234999999999e+02 1.3292800000000000e+00 1.9969574769999999e+03
1.8902770510000000e+03 7.8148588800000005e+02 1.3347199999999999e+00 2.0017423580000000e+03
1.9011794520000001e+03 7.8788362900000004e+02 1.3401600000000000e+00 2.0065258730000000e+03
1.9121078709999999e+03 7.9430565999999999e+02 1.3455999999999999e+00 2.0113080990000001e+03
1.9230623029999999e+03 8.0075206300000002e+02 1.3510400000000000e+00 2.0160891059999999e+03
1.9340427410000000e+03 8.0722291199999995e+02 1.3564799999999999e+00 2.0208689589999999e+03
1.9450491780000000e+03 8.1371827699999994e+02 1.3619200000000000e+00 2.0256477179999999e+03
1.9560816090000001e+03 8.2023821999999996e+02 1.3673599999999999e+00 2.0304254390000001e+03
1.9671400289999999e+03 8.2678280299999994e+02 1.3728000000000000e+00 2.0352021729999999e+03
1.9782244310000001e+03 8.3335208000000000e+02 1.3782399999999999e+00 2.0399779690000000e+03
1.9893348120000001e+03 8.3994610299999999e+02 1.3836800000000000e+00 2.0447528709999999e+03
2.0004711660000000e+03 8.4656492000000003e+02 1.3891199999999999e+00 2.0495269210000001e+03
2.0116334890000001e+03 8.5320857699999999e+02 1.3945600000000000e+00 2.0543001589999999e+03
2.0228217760000000e+03 8.5987711600000000e+02 1.3999999999999999e+00 2.0590726209999998e+03
