# epsilon[MeV/fm^3] P[MeV/fm^3] nB[fm^-3] muB[MeV]
4.3514892049562272e-07 9.0000000794219998e-12 4.6796200000000002e-10 9.2990010724260003e+02
5.4394952759824855e-07 1.2854500250148002e-11 5.8496400000000005e-10 9.2990743275720001e+02
6.8239664606092796e-07 1.8414700022552000e-11 7.3384599999999997e-10 9.2991587774760001e+02
8.5763463874259032e-07 2.6380199998860002e-11 9.2229000000000003e-10 9.2992551188760001e+02
1.0799253715994732e-06 3.7791099667920001e-11 1.1613300000000000e-09 9.2993648532329996e+02
1.3625442882637764e-06 5.4137899979800000e-11 1.4652400000000000e-09 9.2994894782519998e+02
1.7226605254650248e-06 7.7555599791040007e-11 1.8524800000000000e-09 9.2996308925910000e+02
2.1826057027272589e-06 1.1110299984364001e-10 2.3470600000000000e-09 9.2997909967860005e+02
2.7713348204539073e-06 1.5916099965360000e-10 2.9801100000000000e-09 9.2999716876169998e+02
3.5266032513682487e-06 2.2800800111288001e-10 3.7922200000000000e-09 9.3001754656409992e+02
4.4975537964996660e-06 3.2663399940042002e-10 4.8362200000000001e-09 9.3004045271789994e+02
4.5807460305493105e-06 3.3555999792714001e-10 4.9256699999999996e-09 9.3004228160820003e+02
4.7281205653478515e-06 3.3656599963290001e-10 5.0841300000000003e-09 9.3004248152130003e+02
6.5759177435918250e-06 5.4515600232911993e-10 7.0708799999999999e-09 9.3007696075620004e+02
9.1998724984833464e-06 8.8567000200420000e-10 9.8920399999999997e-09 9.3011730648750006e+02
1.2918168885426129e-05 1.4388700552640002e-09 1.3889600000000001e-08 9.3016406831190000e+02
1.8201380444258739e-05 2.3376200076990001e-09 1.9569300000000001e-08 9.3021808578930006e+02
2.5725895950178280e-05 3.7977398937599994e-09 2.7657999999999999e-08 9.3028025838780002e+02
3.6463989818522291e-05 6.1698799253159997e-09 3.9200400000000002e-08 9.3035162548649998e+02
5.1813630126296458e-05 1.0023700173792000e-08 5.5698400000000002e-08 9.3043332628019994e+02
7.3785560512054020e-05 1.6284700005120000e-08 7.9311899999999997e-08 9.3052664006250006e+02
1.0527189036420272e-04 2.6456400399219999e-08 1.1314700000000000e-07 9.3063298613190000e+02
1.5043483705694415e-04 4.2981499428689995e-08 1.6167299999999999e-07 9.3075400323120004e+02
1.5143539825673478e-04 4.3369399516159995e-08 1.6274800000000000e-07 9.3075639185940008e+02
1.5666718390755263e-04 4.3499599327679997e-08 1.6836899999999999e-07 9.3075719132400002e+02
1.8247319946392853e-04 5.3487099479700000e-08 1.9609400000000001e-07 9.3081203831400001e+02
2.1304949570856091e-04 6.5965099669560007e-08 2.2894200000000001e-07 9.3087079295249998e+02
2.4880173202308656e-04 8.1354199584480006e-08 2.6734800000000002e-07 9.3093285559410003e+02
2.9061049213158235e-04 1.0033299847065000e-07 3.1225699999999999e-07 9.3099838615049998e+02
3.3950651358852186e-04 1.2374000051775000e-07 3.6477499999999998e-07 9.3106758453479995e+02
3.9669496520679297e-04 1.5260700009555001e-07 4.2619500000000001e-07 9.3114063056550003e+02
4.6358813252914599e-04 1.8820900209407997e-07 4.9803199999999997e-07 9.3121772415570001e+02
5.4183717856390442e-04 2.3211699768180001e-07 5.8205699999999998e-07 9.3129908512530005e+02
6.3337419989345891e-04 2.8626699988691999e-07 6.8034199999999997e-07 9.3138494352930002e+02
7.4046361643000222e-04 3.5305100162730003e-07 7.9531500000000002e-07 9.3147551899979999e+02
7.4543957324912111e-04 3.5623800038969997e-07 8.0065699999999999e-07 9.3147951660449996e+02
7.7046470619140960e-04 3.5730600246279002e-07 8.2752300000000002e-07 9.3148080575760002e+02
7.7218701201869997e-04 3.5837800248323999e-07 8.2937200000000002e-07 9.3148210505190002e+02
7.7564281539113634e-04 3.6053199741144001e-07 8.3308200000000005e-07 9.3148469349929996e+02
7.7911352986319152e-04 3.6269800105895999e-07 8.3680799999999998e-07 9.3148728185280004e+02
7.8260009510663572e-04 3.6487800290032998e-07 8.4055099999999997e-07 9.3148988034750005e+02
7.8610250285012515e-04 3.6706999922346001e-07 8.4431100000000000e-07 9.3149248879559991e+02
7.8962075319254110e-04 3.6927600351839998e-07 8.4808799999999996e-07 9.3149508719639994e+02
7.9315485471188711e-04 3.7149499796798001e-07 8.5188199999999998e-07 9.3149769564450003e+02
7.9670479058673201e-04 3.7372699824480005e-07 8.5569300000000004e-07 9.3150031404599997e+02
8.0027057791247260e-04 3.7597299948234002e-07 8.5952100000000004e-07 9.3150293244750003e+02
8.0385221698387247e-04 3.7823200230633998e-07 8.6336599999999998e-07 9.3150555094289996e+02
8.0745063029167934e-04 3.8050499711466001e-07 8.6722899999999999e-07 9.3150817929779998e+02
8.1106395596088781e-04 3.8279099715107999e-07 8.7110800000000002e-07 9.3151080774659999e+02
8.1469498722525535e-04 3.8509200436278001e-07 8.7500600000000005e-07 9.3151343619540000e+02
8.1834093096975699e-04 3.8740599815679997e-07 8.7891999999999998e-07 9.3151607459759998e+02
8.3652972322216491e-04 3.8856800310954005e-07 8.9844600000000005e-07 9.3151737379799999e+02
8.9649746606902973e-04 4.2637900225708002e-07 9.6282100000000007e-07 9.3155798930399999e+02
9.6293679962426715e-04 4.6927300060880000e-07 1.0341400000000000e-06 9.3160093353000002e+02
1.0343084479593990e-03 5.1648199988999994e-07 1.1107499999999999e-06 9.3164493704189999e+02
1.1110033276598183e-03 5.6844100521450010e-07 1.1930700000000001e-06 9.3169002988770001e+02
1.1934040547386528e-03 6.2562700512179996e-07 1.2815100000000000e-06 9.3173623206809998e+02
1.2819398888523502e-03 6.8856500094819997e-07 1.3765300000000001e-06 9.3178357353719991e+02
1.3770588621277026e-03 7.5783499966439992e-07 1.4786100000000000e-06 9.3183208434300002e+02
1.4792742600387720e-03 8.3407400117300003e-07 1.5882999999999999e-06 9.3188178448619999e+02
1.5890902438860661e-03 9.1798299673799988e-07 1.7061399999999999e-06 9.3193271378040004e+02
1.7070948934908867e-03 1.0103300084124001e-06 1.8327600000000000e-06 9.3198488236679998e+02
1.7418302566492478e-03 1.0379399925766002e-06 1.8700300000000001e-06 9.3199978345169995e+02
1.8026805910135908e-03 1.0410599913928000e-06 1.9353200000000000e-06 9.3200143242960007e+02
2.0389359400714486e-03 1.2275099896319999e-06 2.1888000000000001e-06 9.3209187794249999e+02
2.3114099463439177e-03 1.4516999917321999e-06 2.4811100000000001e-06 9.3218792017709995e+02
2.6204004641994278e-03 1.7168400063888003e-06 2.8125600000000001e-06 9.3228811983419996e+02
2.9707928967162671e-03 2.0304000155634000e-06 3.1883800000000001e-06 9.3239264696670000e+02
3.3681648965264784e-03 2.4012300084080001e-06 3.6145400000000001e-06 9.3250170129989999e+02
3.8188055776886142e-03 2.8397900147328003e-06 4.0977700000000004e-06 9.3261546284010001e+02
4.3298558716110781e-03 3.3584500068246004e-06 4.6457100000000001e-06 9.3273413140649996e+02
4.9094492242661523e-03 3.9718300068571995e-06 5.2670599999999997e-06 9.3285792691289998e+02
5.5667590537662745e-03 4.6972400276543001e-06 5.9716300000000001e-06 9.3298704917850000e+02
6.3122329168583428e-03 5.5551399798486997e-06 6.7705900000000002e-06 9.3312173811779996e+02
6.3691536418958340e-03 5.6221100036384002e-06 6.8315900000000001e-06 9.3313158221820004e+02
6.6107787783348925e-03 5.6389700285964000e-06 7.0905299999999997e-06 9.3313397075249998e+02
7.1832281514335565e-03 6.2999099885847007e-06 7.7039700000000007e-06 9.3322329697740008e+02
7.8228640480689938e-03 7.0594400109160007e-06 8.3893400000000006e-06 9.3331767013950002e+02
8.5195476220300548e-03 7.9105299722335996e-06 9.1357600000000004e-06 9.3341477175390003e+02
9.2783521214718639e-03 8.8642300383220009e-06 9.9486500000000000e-06 9.3351470163630006e+02
1.0104791977484120e-02 9.9329099737559988e-06 1.0833900000000000e-05 9.3361751969490001e+02
1.1005037422914624e-02 1.1130399980334000e-05 1.1798100000000000e-05 9.3372332602710003e+02
1.1985504705131824e-02 1.2472300012974001e-05 1.2848100000000000e-05 9.3383220044789994e+02
1.3053499763127112e-02 1.3976000053347000e-05 1.3991700000000000e-05 9.3394422305399996e+02
1.4216706487829026e-02 1.5661000693130000e-05 1.5237100000000000e-05 9.3405949366109996e+02
1.5483652631007537e-02 1.7549100191680000e-05 1.6593399999999999e-05 9.3417811227269999e+02
1.5623499832828706e-02 1.7760599953030001e-05 1.6743099999999999e-05 9.3419079468840005e+02
1.6269961736847121e-02 1.7813900213129999e-05 1.7435099999999998e-05 9.3419395273319992e+02
1.7094324515795702e-02 1.9027400207749999e-05 1.8317499999999999e-05 9.3426180186839997e+02
1.8000874089488257e-02 2.0384500450440000e-05 1.9287799999999999e-05 9.3433394852489994e+02
1.8955614232225096e-02 2.1838399047120000e-05 2.0309599999999999e-05 9.3440734433310001e+02
1.9960983560824267e-02 2.3396100553499999e-05 2.1385500000000000e-05 9.3448202938830002e+02
2.1019794814794490e-02 2.5064799654149998e-05 2.2518500000000001e-05 9.3455801364390004e+02
2.2134768910989058e-02 2.6852600343399999e-05 2.3711500000000002e-05 9.3463531710059999e+02
2.3309000859656603e-02 2.8767899159999994e-05 2.4967799999999998e-05 9.3471396971249999e+02
2.4545494036103295e-02 3.0819700065419999e-05 2.6290599999999999e-05 9.3479400162150000e+02
2.5847718880420045e-02 3.3017999946119998e-05 2.7683600000000000e-05 9.3487541254589996e+02
2.7219055484112444e-02 3.5372998881120002e-05 2.9150400000000001e-05 9.3495825272219997e+02
2.7775365070038964e-02 3.6339601209739997e-05 2.9745400000000002e-05 9.3499105302509997e+02
2.8289610775747390e-02 3.6448598719180002e-05 3.0295400000000001e-05 9.3499466085090000e+02
2.8802930737171755e-02 3.7332599735440002e-05 3.0844399999999999e-05 9.3502356336480000e+02
2.9391538203060320e-02 3.8352800962709990e-05 3.1473899999999997e-05 9.3505628375879996e+02
2.9992229144074897e-02 3.9400800335690003e-05 3.2116300000000003e-05 9.3508923392610006e+02
3.0605097595990186e-02 4.0477499896860003e-05 3.2771700000000003e-05 9.3512239395989991e+02
3.1230612131930052e-02 4.1583600119840003e-05 3.3440600000000000e-05 9.3515578386089999e+02
3.1868867160453597e-02 4.2719998743180005e-05 3.4123099999999999e-05 9.3518940362910007e+02
3.2520144922003676e-02 4.3887298648500002e-05 3.4819500000000001e-05 9.3522325326449993e+02
3.3184820445813230e-02 4.5086601561120004e-05 3.5530200000000001e-05 9.3525732271979996e+02
3.3862987887692660e-02 4.6318701748649993e-05 3.6255299999999998e-05 9.3529163208960006e+02
3.4555116462740516e-02 4.7584401826990007e-05 3.6995300000000001e-05 9.3532617123270006e+02
3.4710848908415574e-02 4.7870299693839997e-05 3.7161800000000001e-05 9.3533387666670001e+02
3.5705765632703390e-02 4.8013899962450004e-05 3.8225500000000002e-05 9.3533768431169995e+02
3.6190650245182691e-02 4.8884701265269996e-05 3.8743900000000000e-05 9.3536029073669999e+02
3.6764595537185744e-02 4.9920498059249994e-05 3.9357499999999997e-05 9.3538680481020003e+02
3.7347724170046170e-02 5.0978398185919999e-05 3.9980900000000002e-05 9.3541345870079999e+02
3.7940129948432849e-02 5.2058599241440000e-05 4.0614200000000002e-05 9.3544024264290010e+02
3.8541907483377907e-02 5.3161699756499999e-05 4.1257500000000003e-05 9.3546717635549999e+02
3.9153244015328124e-02 5.4288198430999997e-05 4.1910999999999999e-05 9.3549425007299999e+02
3.9774234210732992e-02 5.5438601263319996e-05 4.2574799999999998e-05 9.3552146370150001e+02
4.0405159191034282e-02 5.6613297948239995e-05 4.3249199999999999e-05 9.3554882728830000e+02
4.1046019389420471e-02 5.7812899551080002e-05 4.3934199999999997e-05 9.3557633069220003e+02
4.1697190276124625e-02 5.9037997871239995e-05 4.4630199999999998e-05 9.3560397410099995e+02
4.2358578444415006e-02 6.0288999023690009e-05 4.5337100000000003e-05 9.3563177732760005e+02
4.2549448380963861e-02 6.0651299975859995e-05 4.5541099999999997e-05 9.3563974248900001e+02
4.3740238175900857e-02 6.0833198906699995e-05 4.6813800000000002e-05 9.3564365013750000e+02
4.5854886274473032e-02 6.4782902450840000e-05 4.9073799999999998e-05 9.3572599057799994e+02
4.8180087401599556e-02 6.9195997901699998e-05 5.1558599999999998e-05 9.3581365787159996e+02
5.0623240020302433e-02 7.3909702371599995e-05 5.4169200000000003e-05 9.3590278418340006e+02
5.3190452397117956e-02 7.8944498346630003e-05 5.6912100000000000e-05 9.3599338970190001e+02
5.5887837732656438e-02 8.4322299027779992e-05 5.9793799999999997e-05 9.3608550419339997e+02
5.8722166587791814e-02 9.0066499795649990e-05 6.2821499999999995e-05 9.3617915789369999e+02
6.1700398546921942e-02 9.6201898222459989e-05 6.6002599999999997e-05 9.3627437052180005e+02
6.4829683480590566e-02 1.0275499726340999e-04 6.9344700000000000e-05 9.3637116226620003e+02
6.8117831355171340e-02 1.0975499711746999e-04 7.2856100000000002e-05 9.3646956308100005e+02
7.1572933822013338e-02 1.1723199746169999e-04 7.6545399999999994e-05 9.3656960282640000e+02
7.2872355791586060e-02 1.2007500056640000e-04 7.7932800000000000e-05 9.3660639068670002e+02
7.6294350046888545e-02 1.2043499631464001e-04 8.1586400000000002e-05 9.3661091798129996e+02
7.8557740452832786e-02 1.2521799885310001e-04 8.4002899999999995e-05 9.3666865324139997e+02
8.1070439170188191e-02 1.3058099681828001e-04 8.6685400000000002e-05 9.3673145543940007e+02
8.3663493660002267e-02 1.3617299667415003e-04 8.9453500000000007e-05 9.3679492723830003e+02
8.6339540033127660e-02 1.4200499619000000e-04 9.2310000000000002e-05 9.3685905859080003e+02
8.9101308842231525e-02 1.4808700429182000e-04 9.5257800000000001e-05 9.3692387963880003e+02
9.1951438062670962e-02 1.5442999846642999e-04 9.8299699999999997e-05 9.3698938014720000e+02
9.3544637803481184e-02 1.5800363917307320e-04 1.0000000000000000e-04 9.3702641442654260e+02
9.5904056575067412e-02 1.5965160002590943e-04 1.0251771370359643e-04 9.3704497208001339e+02
9.8322985512820593e-02 1.6135521322853635e-04 1.0509887885712420e-04 9.3706366611134683e+02
1.0080292560500098e-01 1.6311635818484383e-04 1.0774509417870275e-04 9.3708249765624237e+02
1.0334541569837108e-01 1.6493697776700294e-04 1.1045799865463704e-04 9.3710146785999814e+02
1.0595203345307731e-01 1.6681908045881709e-04 1.1323927255324583e-04 9.3712057787759420e+02
1.0862439632161598e-01 1.6876474257145524e-04 1.1609063846420008e-04 9.3713982887377233e+02
1.1136416255249128e-01 1.7077611053401123e-04 1.1901386236401366e-04 9.3715922202311629e+02
1.1417303221918797e-01 1.7285540326141669e-04 1.2201075470834253e-04 9.3717875851013764e+02
1.1705274827509686e-01 1.7500491460231872e-04 1.2508317155176746e-04 9.3719843952935582e+02
1.2000509763504855e-01 1.7722701586962410e-04 1.2823301569575094e-04 9.3721826628538440e+02
1.2303191228412541e-01 1.7952415845650060e-04 1.3146223786547625e-04 9.3723823999301385e+02
1.2613507041444116e-01 1.8189887654072222e-04 1.3477283791629569e-04 9.3725836187729783e+02
1.2931649759059197e-01 1.8435378988034074e-04 1.3816686607053059e-04 9.3727863317364029e+02
1.3257816794450369e-01 1.8689160670376910e-04 1.4164642418538841e-04 9.3729905512788002e+02
1.3592210540041558e-01 1.8951512669746336e-04 1.4521366705277718e-04 9.3731962899638052e+02
1.3935038493076107e-01 1.9222724409450042e-04 1.4887080373181984e-04 9.3734035604611677e+02
1.4286513384372515e-01 1.9503095086745846e-04 1.5262009891489083e-04 9.3736123755476422e+02
1.4646853310327645e-01 1.9792934002912162e-04 1.5646387432801618e-04 9.3738227481079139e+02
1.5016281868249440e-01 2.0092560904465197e-04 1.6040451016650307e-04 9.3740346911354607e+02
1.5395028295102983e-01 2.0402306335899113e-04 1.6444444656668161e-04 9.3742482177335080e+02
1.5783327609756109e-01 2.0722512004338388e-04 1.6858618511466863e-04 9.3744633411159282e+02
1.6181420758812778e-01 2.1053531156504701e-04 1.7283229039308297e-04 9.3746800746081715e+02
1.6589554766124703e-01 2.1395728968414104e-04 1.7718539156666590e-04 9.3748984316482199e+02
1.7007982886074041e-01 2.1749482948234426e-04 1.8164818400778513e-04 9.3751184257875161e+02
1.7436964760722196e-01 2.2115183352747377e-04 1.8622343096282395e-04 9.3753400706919228e+02
1.7876766580922349e-01 2.2493233617874747e-04 1.9091396526048349e-04 9.3755633801426870e+02
1.8327661251495578e-01 2.2884050803743665e-04 1.9572269106305068e-04 9.3757883680374198e+02
1.8789928560573158e-01 2.3288066054781890e-04 2.0065258566171281e-04 9.3760150483910525e+02
1.9263855353210013e-01 2.3705725075350720e-04 2.0570670131702328e-04 9.3762434353368440e+02
1.9749735709377195e-01 2.4137488621440252e-04 2.1088816714565564e-04 9.3764735431273732e+02
2.0247871126443681e-01 2.4583833008969355e-04 2.1620019105460689e-04 9.3767053861355396e+02
2.0758570706260873e-01 2.5045250639251242e-04 2.2164606172404345e-04 9.3769389788555782e+02
2.1282151346965744e-01 2.5522250542204145e-04 2.2722915064001106e-04 9.3771743359040840e+02
2.1818937939621738e-01 2.6015358937906481e-04 2.3295291417826177e-04 9.3774114720210389e+02
2.2369263569819453e-01 2.6525119817116008e-04 2.3882089574048238e-04 9.3776504020708580e+02
2.2933469724362152e-01 2.7052095541393341e-04 2.4483672794424065e-04 9.3778911410434284e+02
2.3511906503164345e-01 2.7596867463491875e-04 2.5100413486799794e-04 9.3781337040551807e+02
2.4104932836495035e-01 2.8160036568698624e-04 2.5732693435257317e-04 9.3783781063501453e+02
2.4712916707700264e-01 2.8742224137833292e-04 2.6380904036047434e-04 9.3786243633010315e+02
2.5336235381543309e-01 2.9344072432637200e-04 2.7045446539455216e-04 9.3788724904103174e+02
2.5975275638304185e-01 2.9966245404308109e-04 2.7726732297746654e-04 9.3791225033113381e+02
2.6630434013783622e-01 3.0609429425962494e-04 2.8425183019349073e-04 9.3793744177694009e+02
2.7302117045360558e-01 3.1274334049833421e-04 2.9141231029422191e-04 9.3796282496828883e+02
2.7990741524255813e-01 3.1961692790039356e-04 2.9875319536980173e-04 9.3798840150843841e+02
2.8696734754158393e-01 3.2672263931787354e-04 3.0627902908729107e-04 9.3801417301418155e+02
2.9420534816375016e-01 3.3406831367903427e-04 3.1399446949788767e-04 9.3804014111595893e+02
3.0162590841667336e-01 3.4166205463612923e-04 3.2190429191471395e-04 9.3806630745797418e+02
3.0923363288945505e-01 3.4951223950524849e-04 3.3001339186294692e-04 9.3809267369831093e+02
3.1703324230991103e-01 3.5762752850806480e-04 3.3832678810410814e-04 9.3811924150905020e+02
3.2502957647386677e-01 3.6601687432567744e-04 3.4684962573637454e-04 9.3814601257638844e+02
3.3322759724833617e-01 3.7468953197509320e-04 3.5558717937281931e-04 9.3817298860075687e+02
3.4163239165044818e-01 3.8365506901924073e-04 3.6454485639954011e-04 9.3820017129694133e+02
3.5024917500403091e-01 3.9292337612178112e-04 3.7372820031567880e-04 9.3822756239420562e+02
3.5908329417581236e-01 4.0250467795835919e-04 3.8314289415739011e-04 9.3825516363641248e+02
3.6814023089324649e-01 4.1240954449633292e-04 3.9279476400786746e-04 9.3828297678214699e+02
3.7742560514602141e-01 4.2264890265542287e-04 4.0268978259558243e-04 9.3831100360484265e+02
3.8694517867336337e-01 4.3323404836214866e-04 4.1283407298295789e-04 9.3833924589290575e+02
3.9670485853929727e-01 4.4417665901134708e-04 4.2323391234773991e-04 9.3836770544984290e+02
4.0671070079808502e-01 4.5548880634852228e-04 4.3389573585939821e-04 9.3839638409438942e+02
4.1696891425211446e-01 4.6718296978723827e-04 4.4482614065294036e-04 9.3842528366063641e+02
4.2748586430457103e-01 4.7927205017624520e-04 4.5603188990258134e-04 9.3845440599816436e+02
4.3826807690928360e-01 4.9176938403152780e-04 4.6751991699778061e-04 9.3848375297217115e+02
4.4932224262019366e-01 5.0468875824897564e-04 4.7929732982420880e-04 9.3851332646360675e+02
4.6065522074296372e-01 5.1804442531390785e-04 4.9137141515228462e-04 9.3854312836930478e+02
4.7227404359129688e-01 5.3185111902422804e-04 5.0374964313597401e-04 9.3857316060211986e+02
4.8418592085061268e-01 5.4612407074455934e-04 5.1643967192462536e-04 9.3860342509106101e+02
4.9639824405178479e-01 5.6087902620928715e-04 5.2944935239067163e-04 9.3863392378143169e+02
5.0891859115771609e-01 5.7613226289304732e-04 5.4278673297611141e-04 9.3866465863496421e+02
5.2175473126559979e-01 5.9190060796782541e-04 5.5646006466074415e-04 9.3869563162996371e+02
5.3491462942778134e-01 6.0820145686647266e-04 5.7047780605521943e-04 9.3872684476144514e+02
5.4840645159421475e-01 6.2505279247312138e-04 5.8484862862202803e-04 9.3875830004127829e+02
5.6223856967957897e-01 6.4247320496166771e-04 5.9958142202764608e-04 9.3878999949832803e+02
5.7641956675819939e-01 6.6048191230421024e-04 6.1468529962912155e-04 9.3882194517860182e+02
5.9095824238999783e-01 6.7909878147206593e-04 6.3016960409847771e-04 9.3885413914539379e+02
6.0586361808077482e-01 6.9834435035275402e-04 6.4604391318838776e-04 9.3888658347943112e+02
6.2114494288021427e-01 7.1823985040712609e-04 6.6231804564266560e-04 9.3891928027902395e+02
6.3681169912108226e-01 7.3880723009163700e-04 6.7900206725520472e-04 9.3895223166021515e+02
6.5287360830318253e-01 7.6006917907159570e-04 6.9610629708108970e-04 9.3898543975692849e+02
6.6934063712572001e-01 7.8204915325210962e-04 7.1364131380369472e-04 9.3901890672112415e+02
6.8622300367181310e-01 8.0477140065433200e-04 7.3161796226168033e-04 9.3905263472295110e+02
7.0353118374899659e-01 8.2826098816556450e-04 7.5004736013990336e-04 9.3908662595090107e+02
7.2127591738964425e-01 8.5254382919271881e-04 7.6894090482834319e-04 9.3912088261196550e+02
7.3946821551535102e-01 8.7764671224965156e-04 7.8831028045326301e-04 9.3915540693179378e+02
7.5811936676940350e-01 9.0359733050990267e-04 8.0816746508492092e-04 9.3919020115485171e+02
7.7724094452158332e-01 9.3042431235744287e-04 8.2852473812625941e-04 9.3922526754458204e+02
7.9684481404964924e-01 9.5815725296913637e-04 8.4939468788711224e-04 9.3926060838356614e+02
8.1694313990195033e-01 9.8682674696375138e-04 8.7079021934857281e-04 9.3929622597368757e+02
8.3754839344574583e-01 1.0164644221535481e-03 8.9272456212230141e-04 9.3933212263629605e+02
8.5867336060590738e-01 1.0471029744356652e-03 9.1521127860964661e-04 9.3936830071237421e+02
8.8033114979881399e-01 1.0787762038618122e-03 9.3826427236559954e-04 9.3940476256270563e+02
9.0253520006635479e-01 1.1115190519260421e-03 9.6189779667270824e-04 9.3944151056804253e+02
9.2529928941509365e-01 1.1453676401117548e-03 9.8612646333021722e-04 9.3947854712927767e+02
9.4863754336576633e-01 1.1803593097404464e-03 1.0109652516638282e-03 9.3951587466761475e+02
9.7256444371841622e-01 1.2165326631661678e-03 1.0364295177616031e-03 9.3955349562474441e+02
9.9709483753860739e-01 1.2539276063611407e-03 1.0625350039416884e-03 9.3959141246301715e+02
1.0222439463702924e+00 1.2925853929395034e-03 1.0892978484576591e-03 9.3962962766562066e+02
1.0480273756810494e+00 1.3325486696677627e-03 1.1167345954474421e-03 9.3966814373675788e+02
1.0744611245455518e+00 1.3738615235121495e-03 1.1448622051319194e-03 9.3970696320182765e+02
1.1015615955732783e+00 1.4165695302747897e-03 1.1736980642694716e-03 9.3974608860760475e+02
1.1293456050866204e+00 1.4607198048723288e-03 1.2032599968728637e-03 9.3978552252242264e+02
1.1578303935557099e+00 1.5063610533124978e-03 1.2335662751950542e-03 9.3982526753635966e+02
1.1870336362964358e+00 1.5535436264259462e-03 1.2646356309906634e-03 9.3986532626142412e+02
1.2169734544382922e+00 1.6023195754126243e-03 1.2964872670600020e-03 9.3990570133174219e+02
1.2476684261688575e+00 1.6527427092639841e-03 1.3291408690827367e-03 9.3994639540374681e+02
1.2791375982618911e+00 1.7048686541243612e-03 1.3626166177484512e-03 9.3998741115636983e+02
1.3114004978961926e+00 1.7587549146570115e-03 1.3969352011915371e-03 9.4002875129123413e+02
1.3444771447725632e+00 1.8144609374825056e-03 1.4321178277380312e-03 9.4007041853284920e+02
1.3783880635363854e+00 1.8720481767594700e-03 1.4681862389722216e-03 9.4011241562880491e+02
1.4131542965135266e+00 1.9315801619800086e-03 1.5051627231310099e-03 9.4015474534997304e+02
1.4487974167674771e+00 1.9931225680546137e-03 1.5430701288342641e-03 9.4019741049070365e+02
1.4853395414858177e+00 2.0567432877638733e-03 1.5819318791595455e-03 9.4024041386902888e+02
1.5228033457043253e+00 2.1225125066568957e-03 1.6217719860698501e-03 9.4028375832686459e+02
1.5612120763772381e+00 2.1905027804791054e-03 1.6626150652031978e-03 9.4032744673021762e+02
1.6005895668023971e+00 2.2607891152147800e-03 1.7044863510331195e-03 9.4037148196938972e+02
1.6409602514102335e+00 2.3334490498326875e-03 1.7474117124093365e-03 9.4041586695918841e+02
1.6823491809257642e+00 2.4085627418260597e-03 1.7914176684881401e-03 9.4046060463913750e+02
1.7247820379130103e+00 2.4862130556412973e-03 1.8365314050622305e-03 9.4050569797368837e+02
1.7682851527114862e+00 2.5664856540929494e-03 1.8827807913000085e-03 9.4055114995243537e+02
1.8128855197746363e+00 2.6494690928658094e-03 1.9301943969045620e-03 9.4059696359033148e+02
1.8586108144203752e+00 2.7352549182083942e-03 1.9788015097028612e-03 9.4064314192790630e+02
1.9054894100041115e+00 2.8239377679255754e-03 2.0286321536759117e-03 9.4068968803148709e+02
1.9535503955249205e+00 2.9156154757817737e-03 2.0797171074409151e-03 9.4073660499341997e+02
2.0028235936757786e+00 3.0103891794298881e-03 2.1320879231967252e-03 9.4078389593229383e+02
2.0533395793490756e+00 3.1083634319850405e-03 2.1857769461442046e-03 9.4083156399316715e+02
2.1051296986088763e+00 3.2096463173662063e-03 2.2408173343933576e-03 9.4087961234779550e+02
2.1582260881417081e+00 3.3143495695329909e-03 2.2972430793694117e-03 9.4092804419486129e+02
2.2126616951979483e+00 3.4225886957490793e-03 2.3550890267303344e-03 9.4097686276020613e+02
2.2684702980361706e+00 3.5344831040083373e-03 2.4143908978085534e-03 9.4102607129706610e+02
2.3256865268831555e+00 3.6501562347641568e-03 2.4751853115900246e-03 9.4107567308630564e+02
2.3843458854225617e+00 3.7697356971073625e-03 2.5375098072440566e-03 9.4112567143665865e+02
2.4444847728255858e+00 3.8933534095428870e-03 2.6014028672176671e-03 9.4117606968496716e+02
2.5061405063373008e+00 4.0211457455205605e-03 2.6669039409086067e-03 9.4122687119642421e+02
2.5693513444326594e+00 4.1532536838805121e-03 2.7340534689314746e-03 9.4127807936481929e+02
2.6341565105565601e+00 4.2898229643791932e-03 2.8028929079918002e-03 9.4132969761278446e+02
2.7005962174626879e+00 4.4310042484675813e-03 2.8734647563832499e-03 9.4138172939204514e+02
2.7687116921662409e+00 4.5769532854989222e-03 2.9458125801235624e-03 9.4143417818366913e+02
2.8385452015260277e+00 4.7278310845494031e-03 3.0199810397451513e-03 9.4148704749832268e+02
2.9101400784717937e+00 4.8838040920412473e-03 3.0960159177567457e-03 9.4154034087652542e+02
2.9835407488930779e+00 5.0450443753642530e-03 3.1739641467928505e-03 9.4159406188890796e+02
3.0587927592062614e+00 5.2117298126982854e-03 3.2538738384681859e-03 9.4164821413647360e+02
3.1359428046169313e+00 5.3840442892461862e-03 3.3357943129547481e-03 9.4170280125086106e+02
3.2150387580950750e+00 5.5621779000935108e-03 3.4197761292995162e-03 9.4175782689460868e+02
3.2961297000811096e+00 5.7463271599189581e-03 3.5058711165013284e-03 9.4181329476142412e+02
3.3792659489411681e+00 5.9366952197868143e-03 3.5941324053658935e-03 9.4186920857645225e+02
3.4644990921905294e+00 6.1334920912605425e-03 3.6846144611583438e-03 9.4192557209654876e+02
3.5518820185045969e+00 6.3369348780848251e-03 3.7773731170732895e-03 9.4198238911055512e+02
3.6414689505372464e+00 6.5472480156915629e-03 3.8724656085427451e-03 9.4203966343957529e+02
3.7333154785669502e+00 6.7646635187941333e-03 3.9699506084028904e-03 9.4209739893725714e+02
3.8274785949915286e+00 6.9894212373430012e-03 4.0698882629410880e-03 9.4215559949007275e+02
3.9240167296929407e+00 7.2217691211250434e-03 4.1723402288451356e-03 9.4221426901760481e+02
4.0229897862940680e+00 7.4619634932985568e-03 4.2773697110772861e-03 9.4227341147283448e+02
4.1244591793299623e+00 7.7102693331655824e-03 4.3850415016960988e-03 9.4233303084243062e+02
4.2284878723566628e+00 7.9669605684936536e-03 4.4954220196498241e-03 9.4239313114704191e+02
4.3351404170211918e+00 8.2323203777093252e-03 4.6085793515655031e-03 9.4245371644159434e+02
4.4444829931169965e+00 8.5066415022969216e-03 4.7245832935586922e-03 9.4251479081558819e+02
4.5565834496496924e+00 8.7902265697471556e-03 4.8435053940892635e-03 9.4257635839339832e+02
4.6715113469385576e+00 9.0833884274117913e-03 4.9654189978893442e-03 9.4263842333457751e+02
4.7893379997799528e+00 9.3864504876327946e-03 5.0903992909901944e-03 9.4270098983416460e+02
4.9101365216994131e+00 9.6997470845266009e-03 5.2185233468754226e-03 9.4276406212299105e+02
5.0339818703198924e+00 1.0023623842817185e-02 5.3498701737886220e-03 9.4282764446799490e+02
5.1609508938742863e+00 1.0358438059124717e-02 5.4845207632242318e-03 9.4289174117253413e+02
5.2911223788911270e+00 1.0704559096130550e-02 5.6225581396311302e-03 9.4295635657670334e+02
5.4245770990830211e+00 1.1062368790053336e-02 5.7640674113592040e-03 9.4302149505765692e+02
5.5613978654681642e+00 1.1432261871885738e-02 5.9091358228798904e-03 9.4308716102992923e+02
5.7016695777560571e+00 1.1814646402856555e-02 6.0578528083124455e-03 9.4315335894576424e+02
5.8454792770292645e+00 1.2209944224598521e-02 6.2103100462885088e-03 9.4322009329544119e+02
5.9929161997539557e+00 1.2618591424518507e-02 6.3666015161883025e-03 9.4328736860760853e+02
6.1440718331527133e+00 1.3041038816883474e-02 6.5268235557826666e-03 9.4335518944961950e+02
6.2990399719739729e+00 1.3477752440152884e-02 6.6910749203159788e-03 9.4342356042786980e+02
6.4579167766933372e+00 1.3929214071106302e-02 6.8594568430658436e-03 9.4349248618814011e+02
6.6208008331828347e+00 1.4395921756333191e-02 7.0320730974163725e-03 9.4356197141593714e+02
6.7877932138852151e+00 1.4878390361671469e-02 7.2090300604827238e-03 9.4363202083684655e+02
6.9589975405311870e+00 1.5377152140200792e-02 7.3904367783256325e-03 9.4370263921687899e+02
7.1345200484385316e+00 1.5892757319417181e-02 7.5764050327954266e-03 9.4377383136282754e+02
7.3144696524330177e+00 1.6425774708236900e-02 7.7670494100462451e-03 9.4384560212262204e+02
7.4989580144319561e+00 1.6976792324498956e-02 7.9624873707618959e-03 9.4391795638569261e+02
7.6880996127324108e+00 1.7546418043658765e-02 8.1628393221361457e-03 9.4399089908333110e+02
7.8820118130470096e+00 1.8135280269388428e-02 8.3682286916510248e-03 9.4406443518905837e+02
8.0808149413314538e+00 1.8744028626823495e-02 8.5787820026979010e-03 9.4413856971899793e+02
8.2846323584488921e+00 1.9373334679220908e-02 8.7946289520872949e-03 9.4421330773224508e+02
8.4935905367175302e+00 2.0023892668818863e-02 9.0159024894943263e-03 9.4428865433124838e+02
8.7078191383889401e+00 2.0696420282715792e-02 9.2427388988880737e-03 9.4436461466218850e+02
8.9274510961057896e+00 2.1391659444613426e-02 9.4752778819941607e-03 9.4444119391536367e+02
9.1526226953889083e+00 2.2110377133297391e-02 9.7136626438411987e-03 9.4451839732557585e+02
9.3834736592048422e+00 2.2853366228758120e-02 9.9580399804428572e-03 9.4459623017252432e+02
9.6201472346664687e+00 2.3621446386885857e-02 1.0208560368668835e-02 9.4467469778119869e+02
9.8627902819203292e+00 2.4415464943704227e-02 1.0465378058358994e-02 9.4475380552228046e+02
1.0111553365275974e+01 2.5236297850140373e-02 1.0728651166736649e-02 9.4483355881254158e+02
1.0366590846633777e+01 2.6084850638362581e-02 1.0998541775178020e-02 9.4491396311525364e+02
1.0628060981269238e+01 2.6962059420751621e-02 1.1275216028396538e-02 9.4499502394059709e+02
1.0896126016033170e+01 2.7868891922607629e-02 1.1558844236101998e-02 9.4507674684607480e+02
1.1170952290028758e+01 2.8806348549732158e-02 1.1849600977196140e-02 9.4515913743692863e+02
1.1452710337827913e+01 2.9775463492062747e-02 1.2147665206567614e-02 9.4524220136656299e+02
1.1741574995290996e+01 3.0777305864577834e-02 1.2453220364551055e-02 9.4532594433696704e+02
1.2037725508055553e+01 3.1812980886730388e-02 1.2766454489116312e-02 9.4541037209914748e+02
1.2341345642761462e+01 3.2883631101711816e-02 1.3087560330855938e-02 9.4549549045355866e+02
1.2652623801081313e+01 3.3990437636890476e-02 1.3416735470840074e-02 9.4558130525054219e+02
1.2971753136627031e+01 3.5134621506816115e-02 1.3754182441410374e-02 9.4566782239076531e+02
1.3298931674805104e+01 3.6317444960227242e-02 1.4100108849985622e-02 9.4575504782567191e+02
1.3634362435694852e+01 3.7540212872547447e-02 1.4454727505954165e-02 9.4584298755792497e+02
1.3978253560025992e+01 3.8804274185406960e-02 1.4818256550729464e-02 9.4593164764186622e+02
1.4330818438333639e+01 4.0111023394777540e-02 1.5190919591047628e-02 9.4602103418397053e+02
1.4692275843370915e+01 4.1461902089362186e-02 1.5572945835587161e-02 9.4611115334331066e+02
1.5062850065861308e+01 4.2858400540937022e-02 1.5964570234993560e-02 9.4620201133202249e+02
1.5442771053675100e+01 4.4302059348399897e-02 1.6366033625393264e-02 9.4629361441577498e+02
1.5832274554515992e+01 4.5794471137338671e-02 1.6777582875483248e-02 9.4638596891424925e+02
1.6231602262206810e+01 4.7337282316995279e-02 1.7199471037285554e-02 9.4647908120161412e+02
1.6641001966664767e+01 4.8932194896562857e-02 1.7631957500657065e-02 9.4657295770701410e+02
1.7060727707659520e+01 5.0580968362820132e-02 1.8075308151648147e-02 9.4666760491505602e+02
1.7491039932449333e+01 5.2285421621174340e-02 1.8529795534805358e-02 9.4676302936630259e+02
1.7932205657393208e+01 5.4047435002253882e-02 1.8995699019516074e-02 9.4685923765777113e+02
1.8384498633639286e+01 5.5868952336264668e-02 1.9473304970495337e-02 9.4695623644343755e+02
1.8848199516992278e+01 5.7751983097398291e-02 1.9962906922517537e-02 9.4705403243474279e+02
1.9323596042065326e+01 5.9698604620657562e-02 2.0464805759498186e-02 9.4715263240110403e+02
1.9810983200824534e+01 6.1710964393545897e-02 2.0979309898033642e-02 9.4725204317043404e+02
2.0310663425636577e+01 6.3791282425146964e-02 2.1506735475509031e-02 9.4735227162966214e+02
2.0822946776933417e+01 6.5941853695210148e-02 2.2047406542887907e-02 9.4745332472526138e+02
2.1348151135610287e+01 6.8165050685942266e-02 2.2601655262299361e-02 9.4755520946378056e+02
2.1886602400276406e+01 7.0463325999298901e-02 2.3169822109541539e-02 9.4765793291238049e+02
2.2438634689480850e+01 7.2839215062663110e-02 2.3752256081623201e-02 9.4776150219937790e+02
2.3004590549039019e+01 7.5295338925895683e-02 2.4349314909468241e-02 9.4786592451479157e+02
2.3584821164588394e+01 7.7834407152843343e-02 2.4961365275910922e-02 9.4797120711089428e+02
2.4179686579505429e+01 8.0459220810494156e-02 2.5588783039112661e-02 9.4807735730277182e+02
2.4789555918318918e+01 8.3172675559078493e-02 2.6231953461534913e-02 9.4818438246888445e+02
2.5414807615758182e+01 8.5977764846523114e-02 2.6891271444605007e-02 9.4829229005163813e+02
2.6055829651578613e+01 8.8877583210784303e-02 2.7567141769216662e-02 9.4840108755795450e+02
2.6713019791309950e+01 9.1875329693701699e-02 2.8259979342208717e-02 9.4851078255985237e+02
2.7386785833076861e+01 9.4974311370139647e-02 2.8970209448970389e-02 9.4862138269503305e+02
2.8077545860644879e+01 9.8177946996309023e-02 2.9698268012324502e-02 9.4873289566746882e+02
2.8785728502848801e+01 1.0148977078129458e-01 3.0444601857843780e-02 9.4884532924800146e+02
2.9511773199564473e+01 1.0491343628594840e-01 3.1209668985759473e-02 9.4895869127494086e+02
3.0256130474389010e+01 1.0845272045345059e-01 3.1993938849624974e-02 9.4907298965467601e+02
3.1019262214198637e+01 1.1211152777598354e-01 3.2797892641901624e-02 9.4918823236228570e+02
3.1801641955757823e+01 1.1589389460211770e-01 3.3622023586637829e-02 9.4930442744215748e+02
3.2603755179557027e+01 1.1980399358965758e-01 3.4466837239416001e-02 9.4942158300861672e+02
3.3426099611062057e+01 1.2384613830886408e-01 3.5332851794748078e-02 9.4953970724655255e+02
3.4269185529561554e+01 1.2802478800112915e-01 3.6220598401102422e-02 9.4965880841205967e+02
3.5133536084804277e+01 1.3234455249835242e-01 3.7130621483751285e-02 9.4977889483307774e+02
3.6019687621622822e+01 1.3681019730844787e-01 3.8063479075631394e-02 9.4989997491004465e+02
3.6928190012745077e+01 1.4142664887259013e-01 3.9019743156415890e-02 9.5002205711655051e+02
3.7859606999999997e+01 1.4619900000000000e-01 4.0000000000000001e-02 9.5014697300000000e+02
4.3030239999999999e+01 1.7496500000000001e-01 4.5440000000000001e-02 9.5082059800000002e+02
4.8204332000000001e+01 2.0397299999999999e-01 5.0880000000000002e-02 9.5142289800000003e+02
5.3381532999999997e+01 2.3324300000000001e-01 5.6320000000000002e-02 9.5196870600000000e+02
5.8561580999999997e+01 2.6312799999999997e-01 6.1760000000000002e-02 9.5247439799999995e+02
6.3744301999999998e+01 2.9429400000000000e-01 6.7199999999999996e-02 9.5295708100000002e+02
6.8929619000000002e+01 3.2769399999999999e-01 7.2639999999999996e-02 9.5343394699999999e+02
7.4117545000000007e+01 3.6453099999999999e-01 7.8079999999999997e-02 9.5392179499999997e+02
7.9308183999999997e+01 4.0622200000000003e-01 8.3519999999999997e-02 9.5443669599999998e+02
8.4501723999999996e+01 4.5436599999999999e-01 8.8959999999999997e-02 9.5499377400000003e+02
8.9698434000000006e+01 5.1070899999999997e-01 9.4399999999999998e-02 9.5560707200000002e+02
9.4898653999999993e+01 5.7711299999999999e-01 9.9839999999999998e-02 9.5628947700000003e+02
1.0010279400000000e+02 6.5553099999999997e-01 1.0528000000000000e-01 9.5705268799999999e+02
1.0531131999999999e+02 7.4778000000000000e-01 1.1072000000000000e-01 9.5790544599999998e+02
1.1052468500000001e+02 8.5343300000000000e-01 1.1616000000000000e-01 9.5883538999999996e+02
1.1574336099999999e+02 9.7589000000000004e-01 1.2160000000000000e-01 9.5986398399999996e+02
1.2096792400000000e+02 1.1178340000000000e+00 1.2703999999999999e-01 9.6100420999999994e+02
1.2619900300000000e+02 1.2815510000000001e+00 1.3247999999999999e-01 9.6226434600000005e+02
1.3143726899999999e+02 1.4691790000000000e+00 1.3791999999999999e-01 9.6365054099999998e+02
1.3668342000000001e+02 1.6827510000000001e+00 1.4335999999999999e-01 9.6516751799999997e+02
1.4193817999999999e+02 1.9242220000000001e+00 1.4879999999999999e-01 9.6681891399999995e+02
1.4720228599999999e+02 2.1954729999999998e+00 1.5423999999999999e-01 9.6860749899999996e+02
1.5247649100000001e+02 2.4983209999999998e+00 1.5967999999999999e-01 9.7053533500000003e+02
1.5776155800000001e+02 2.8345189999999998e+00 1.6511999999999999e-01 9.7260389999999995e+02
1.6305825300000001e+02 3.2057669999999998e+00 1.7055999999999999e-01 9.7481419000000005e+02
1.6836735100000001e+02 3.6137109999999999e+00 1.7599999999999999e-01 9.7716681200000005e+02
1.7368962700000000e+02 4.0599499999999997e+00 1.8143999999999999e-01 9.7966205000000002e+02
1.7902585600000000e+02 4.5460409999999998e+00 1.8687999999999999e-01 9.8229993400000001e+02
1.8437681499999999e+02 5.0735020000000004e+00 1.9231999999999999e-01 9.8508028500000000e+02
1.8974327800000000e+02 5.6438160000000002e+00 1.9775999999999999e-01 9.8800276099999996e+02
1.9512601699999999e+02 6.2584340000000003e+00 2.0319999999999999e-01 9.9106688599999995e+02
2.0052580100000000e+02 6.9187750000000001e+00 2.0863999999999999e-01 9.9427207699999997e+02
2.0594339700000000e+02 7.6262330000000000e+00 2.1407999999999999e-01 9.9761765800000001e+02
2.1137956500000001e+02 8.3821709999999996e+00 2.1951999999999999e-01 1.0011028780000000e+03
2.1683506399999999e+02 9.1879249999999999e+00 2.2495999999999999e-01 1.0047269110000000e+03
2.2231064799999999e+02 1.0044800000000000e+01 2.3039999999999999e-01 1.0084888600000000e+03
2.2780706300000000e+02 1.0954071000000001e+01 2.3583999999999999e-01 1.0123877570000000e+03
2.3332505200000000e+02 1.1916979000000000e+01 2.4127999999999999e-01 1.0164225580000000e+03
2.3886535300000000e+02 1.2934726000000000e+01 2.4671999999999999e-01 1.0205921360000000e+03
2.4442869500000000e+02 1.4008475000000001e+01 2.5216000000000000e-01 1.0248952750000001e+03
2.5001580200000001e+02 1.5139343999999999e+01 2.5760000000000000e-01 1.0293306610000000e+03
2.5562738899999999e+02 1.6328403000000002e+01 2.6304000000000000e-01 1.0338968729999999e+03
2.6126416599999999e+02 1.7576664999999998e+01 2.6848000000000000e-01 1.0385923809999999e+03
2.6692683000000000e+02 1.8885090999999999e+01 2.7392000000000000e-01 1.0434155290000001e+03
2.7261607299999997e+02 2.0254574000000002e+01 2.7936000000000000e-01 1.0483645400000000e+03
2.7833257400000002e+02 2.1685946999999999e+01 2.8480000000000000e-01 1.0534375030000001e+03
2.8407700199999999e+02 2.3179967999999999e+01 2.9024000000000000e-01 1.0586323749999999e+03
2.8985001499999998e+02 2.4737327000000001e+01 2.9568000000000000e-01 1.0639469770000001e+03
2.9565225900000002e+02 2.6358633999999999e+01 3.0112000000000000e-01 1.0693789959999999e+03
3.0148436600000002e+02 2.8044425000000000e+01 3.0656000000000000e-01 1.0749259870000001e+03
3.0734695499999998e+02 2.9795152999999999e+01 3.1200000000000000e-01 1.0805853760000000e+03
3.1324063000000001e+02 3.1611191999999999e+01 3.1744000000000000e-01 1.0863544670000001e+03
3.1916598099999999e+02 3.3492834999999999e+01 3.2288000000000000e-01 1.0922304460000000e+03
3.2512358300000000e+02 3.5440292999999997e+01 3.2832000000000000e-01 1.0982103959999999e+03
3.3111399200000000e+02 3.7453699999999998e+01 3.3376000000000000e-01 1.1042912970000000e+03
3.3713774999999998e+02 3.9533107000000001e+01 3.3920000000000000e-01 1.1104700450000000e+03
3.4319538100000000e+02 4.1678491000000001e+01 3.4464000000000000e-01 1.1167434579999999e+03
3.4928739100000001e+02 4.3889755999999998e+01 3.5008000000000000e-01 1.1231082910000000e+03
3.5541426999999999e+02 4.6166730999999999e+01 3.5552000000000000e-01 1.1295612470000001e+03
3.6157648599999999e+02 4.8509180000000001e+01 3.6096000000000000e-01 1.1360989890000001e+03
3.6777334999999999e+02 5.0671014000000000e+01 3.6640000000000000e-01 1.1420442100000000e+03
3.7400016399999998e+02 5.2609971000000002e+01 3.7184000000000000e-01 1.1472966329999999e+03
3.8025490200000002e+02 5.4496775999999997e+01 3.7728000000000000e-01 1.1523333660000001e+03
3.8653667899999999e+02 5.6363943999999996e+01 3.8272000000000000e-01 1.1572462550000000e+03
3.9284494699999999e+02 5.8226098999999998e+01 3.8816000000000001e-01 1.1620767690000000e+03
3.9917932500000001e+02 6.0091538000000000e+01 3.9360000000000001e-01 1.1668484370000001e+03
4.0553927199999998e+02 6.1870311000000001e+01 3.9904000000000001e-01 1.1713368940000000e+03
4.1192200600000001e+02 6.3481974000000001e+01 4.0448000000000001e-01 1.1753478040000000e+03
4.1832633800000002e+02 6.5087226000000001e+01 4.0992000000000001e-01 1.1792893059999999e+03
4.2475203099999999e+02 6.6702956000000000e+01 4.1536000000000001e-01 1.1832042210000000e+03
4.3119898799999999e+02 6.8335239000000001e+01 4.2080000000000001e-01 1.1871077789999999e+03
4.3766716800000000e+02 6.9987216000000004e+01 4.2624000000000001e-01 1.1910076930000000e+03
4.4415656600000000e+02 7.1660802000000004e+01 4.3168000000000001e-01 1.1949085250000001e+03
4.5066719499999999e+02 7.3357284000000007e+01 4.3712000000000001e-01 1.1988132120000000e+03
4.5719908099999998e+02 7.5077579000000000e+01 4.4256000000000001e-01 1.2027237490000000e+03
4.6375226099999998e+02 7.6822376000000006e+01 4.4800000000000001e-01 1.2066415360000001e+03
4.7032677799999999e+02 7.8592203999999995e+01 4.5344000000000001e-01 1.2105675750000000e+03
4.7692267700000002e+02 8.0387479999999996e+01 4.5888000000000001e-01 1.2145025820000001e+03
4.8354000900000000e+02 8.2208539000000002e+01 4.6432000000000001e-01 1.2184470750000000e+03
4.9017882700000001e+02 8.4055653000000007e+01 4.6976000000000001e-01 1.2224014110000001e+03
4.9683918499999999e+02 8.5929044000000005e+01 4.7520000000000001e-01 1.2263658350000001e+03
5.0352113900000001e+02 8.7828891999999996e+01 4.8064000000000001e-01 1.2303404940000000e+03
5.1022474399999999e+02 8.9755345000000005e+01 4.8608000000000001e-01 1.2343254669999999e+03
5.1695005700000002e+02 9.1708523999999997e+01 4.9152000000000001e-01 1.2383207680000000e+03
5.2369713400000001e+02 9.3688525999999996e+01 4.9696000000000001e-01 1.2423263669999999e+03
5.3046603000000005e+02 9.5695425000000000e+01 5.0239999999999996e-01 1.2463421910000000e+03
5.3725680100000000e+02 9.7729281999999998e+01 5.0783999999999996e-01 1.2503681349999999e+03
5.4406950200000006e+02 9.9790138999999996e+01 5.1327999999999996e-01 1.2544040689999999e+03
5.5090418699999998e+02 1.0187802300000000e+02 5.1871999999999996e-01 1.2584498360000000e+03
5.5776090899999997e+02 1.0399295200000000e+02 5.2415999999999996e-01 1.2625052639999999e+03
5.6463971900000001e+02 1.0613493099999999e+02 5.2959999999999996e-01 1.2665701620000000e+03
5.7154066899999998e+02 1.0830395500000000e+02 5.3503999999999996e-01 1.2706443270000000e+03
5.7846380899999997e+02 1.1050000799999999e+02 5.4047999999999996e-01 1.2747275440000001e+03
5.8540918699999997e+02 1.1272306900000000e+02 5.4591999999999996e-01 1.2788195909999999e+03
5.9237685099999999e+02 1.1497310600000000e+02 5.5135999999999996e-01 1.2829202370000000e+03
5.9936684600000001e+02 1.1725008300000000e+02 5.5679999999999996e-01 1.2870292449999999e+03
6.0637921900000003e+02 1.1955395400000000e+02 5.6223999999999996e-01 1.2911463719999999e+03
6.1341401099999996e+02 1.2188466900000000e+02 5.6767999999999996e-01 1.2952713739999999e+03
6.2047126600000001e+02 1.2424217299999999e+02 5.7311999999999996e-01 1.2994040030000001e+03
6.2755102399999998e+02 1.2662640399999999e+02 5.7855999999999996e-01 1.3035440070000000e+03
6.3465332500000000e+02 1.2903729700000000e+02 5.8399999999999996e-01 1.3076911370000000e+03
6.4177820699999995e+02 1.3147478000000001e+02 5.8943999999999996e-01 1.3118451390000000e+03
6.4892570599999999e+02 1.3393878100000001e+02 5.9487999999999996e-01 1.3160057620000000e+03
6.5609585700000002e+02 1.3642921999999999e+02 6.0031999999999996e-01 1.3201727550000001e+03
6.6328869599999996e+02 1.3894601599999999e+02 6.0575999999999997e-01 1.3243458670000000e+03
6.7050425299999995e+02 1.4148908299999999e+02 6.1119999999999997e-01 1.3285248489999999e+03
6.7774256200000002e+02 1.4405833500000000e+02 6.1663999999999997e-01 1.3327094529999999e+03
6.8500365099999999e+02 1.4665367900000001e+02 6.2207999999999997e-01 1.3368994350000000e+03
6.9228754900000001e+02 1.4927502300000000e+02 6.2751999999999997e-01 1.3410945500000000e+03
6.9959428300000002e+02 1.5192227099999999e+02 6.3295999999999997e-01 1.3452945589999999e+03
7.0692388000000005e+02 1.5459532500000000e+02 6.3839999999999997e-01 1.3494992239999999e+03
7.1427636299999995e+02 1.5729408500000000e+02 6.4383999999999997e-01 1.3537083100000000e+03
7.2165175699999998e+02 1.6001844900000000e+02 6.4927999999999997e-01 1.3579215839999999e+03
7.2905008399999997e+02 1.6276831400000000e+02 6.5471999999999997e-01 1.3621388190000000e+03
7.3647136399999999e+02 1.6554357400000001e+02 6.6015999999999997e-01 1.3663597890000001e+03
7.4391561799999999e+02 1.6834412300000000e+02 6.6559999999999997e-01 1.3705842720000001e+03
7.5138286300000004e+02 1.7116985399999999e+02 6.7103999999999997e-01 1.3748120489999999e+03
7.5887311699999998e+02 1.7402065800000000e+02 6.7647999999999997e-01 1.3790429070000000e+03
7.6638639599999999e+02 1.7689642499999999e+02 6.8191999999999997e-01 1.3832766329999999e+03
7.7392271600000004e+02 1.7979704300000000e+02 6.8735999999999997e-01 1.3875130210000000e+03
7.8148208999999997e+02 1.8272240199999999e+02 6.9279999999999997e-01 1.3917518660000001e+03
7.8906453099999999e+02 1.8567238800000001e+02 6.9823999999999997e-01 1.3959929689999999e+03
7.9667004999999995e+02 1.8864689000000001e+02 7.0367999999999997e-01 1.4002361330000001e+03
8.0429865900000004e+02 1.9164579300000000e+02 7.0911999999999997e-01 1.4044811660000000e+03
8.1195036700000003e+02 1.9466898300000000e+02 7.1455999999999997e-01 1.4087278790000000e+03
8.1962518299999999e+02 1.9771634700000001e+02 7.1999999999999997e-01 1.4129760870000000e+03
8.2732311400000003e+02 2.0078776800000000e+02 7.2543999999999997e-01 1.4172256090000001e+03
8.3504416700000002e+02 2.0388313400000001e+02 7.3087999999999997e-01 1.4214762679999999e+03
8.4278834800000004e+02 2.0700232700000001e+02 7.3631999999999997e-01 1.4257278890000000e+03
8.5055566099999999e+02 2.1014523299999999e+02 7.4175999999999997e-01 1.4299803019999999e+03
8.5834610999999995e+02 2.1331173699999999e+02 7.4719999999999998e-01 1.4342333410000001e+03
8.6615969800000005e+02 2.1650172300000000e+02 7.5263999999999998e-01 1.4384868429999999e+03
8.7399642800000004e+02 2.1971507600000001e+02 7.5807999999999998e-01 1.4427406480000000e+03
8.8185630000000003e+02 2.2295168100000001e+02 7.6351999999999998e-01 1.4469946020000000e+03
8.8973931600000003e+02 2.2621142200000000e+02 7.6895999999999998e-01 1.4512485509999999e+03
8.9764547300000004e+02 2.2949418499999999e+02 7.7439999999999998e-01 1.4555023460000000e+03
9.0557477200000005e+02 2.3279985500000001e+02 7.7983999999999998e-01 1.4597558429999999e+03
9.1352720999999997e+02 2.3612831800000001e+02 7.8527999999999998e-01 1.4640088989999999e+03
9.2150278400000002e+02 2.3947945999999999e+02 7.9071999999999998e-01 1.4682613759999999e+03
9.2950149099999999e+02 2.4285316599999999e+02 7.9615999999999998e-01 1.4725131369999999e+03
9.3752332699999999e+02 2.4624932300000000e+02 8.0159999999999998e-01 1.4767640500000000e+03
9.4556828599999994e+02 2.4966781800000001e+02 8.0703999999999998e-01 1.4810139870000000e+03
9.5363636299999996e+02 2.5310853900000001e+02 8.1247999999999998e-01 1.4852628210000000e+03
9.6172755199999995e+02 2.5657137200000000e+02 8.1791999999999998e-01 1.4895104289999999e+03
9.6984184600000003e+02 2.6005620699999997e+02 8.2335999999999998e-01 1.4937566910000000e+03
9.7797923600000001e+02 2.6356293199999999e+02 8.2879999999999998e-01 1.4980014900000001e+03
9.8613971500000002e+02 2.6709143599999999e+02 8.3423999999999998e-01 1.5022447119999999e+03
9.9432327299999997e+02 2.7064160800000002e+02 8.3967999999999998e-01 1.5064862459999999e+03
1.0025299020000000e+03 2.7421333900000002e+02 8.4511999999999998e-01 1.5107259819999999e+03
1.0107595920000000e+03 2.7780651999999998e+02 8.5055999999999998e-01 1.5149638160000000e+03
1.0190123300000000e+03 2.8142104100000000e+02 8.5599999999999998e-01 1.5191996429999999e+03
1.0272881070000001e+03 2.8505679500000002e+02 8.6143999999999998e-01 1.5234333640000000e+03
1.0355869110000001e+03 2.8871367500000002e+02 8.6687999999999998e-01 1.5276648800000000e+03
1.0439087290000000e+03 2.9239157299999999e+02 8.7231999999999998e-01 1.5318940960000000e+03
1.0522535479999999e+03 2.9609038199999998e+02 8.7775999999999998e-01 1.5361209200000001e+03
1.0606213560000001e+03 2.9980999800000001e+02 8.8319999999999999e-01 1.5403452600000001e+03
1.0690121380000000e+03 3.0355031500000001e+02 8.8863999999999999e-01 1.5445670279999999e+03
1.0774258809999999e+03 3.0731122900000003e+02 8.9407999999999999e-01 1.5487861390000000e+03
1.0858625689999999e+03 3.1109263499999997e+02 8.9951999999999999e-01 1.5530025100000000e+03
1.0943221880000001e+03 3.1489443199999999e+02 9.0495999999999999e-01 1.5572160580000000e+03
1.1028047210000000e+03 3.1871651600000001e+02 9.1039999999999999e-01 1.5614267060000000e+03
1.1113101540000000e+03 3.2255878500000000e+02 9.1583999999999999e-01 1.5656343750000001e+03
1.1198384679999999e+03 3.2642113899999998e+02 9.2127999999999999e-01 1.5698389920000000e+03
1.1283896490000000e+03 3.3030347699999999e+02 9.2671999999999999e-01 1.5740404830000000e+03
1.1369636780000001e+03 3.3420569899999998e+02 9.3215999999999999e-01 1.5782387770000000e+03
1.1455605380000000e+03 3.3812770599999999e+02 9.3759999999999999e-01 1.5824338069999999e+03
1.1541802100000000e+03 3.4206939999999997e+02 9.4303999999999999e-01 1.5866255040000001e+03
1.1628226770000001e+03 3.4603068300000001e+02 9.4847999999999999e-01 1.5908138050000000e+03
1.1714879209999999e+03 3.5001145900000000e+02 9.5391999999999999e-01 1.5949986449999999e+03
1.1801759210000000e+03 3.5401163000000003e+02 9.5935999999999999e-01 1.5991799650000000e+03
1.1888866579999999e+03 3.5803110099999998e+02 9.6479999999999999e-01 1.6033577029999999e+03
1.1976201140000001e+03 3.6206977799999999e+02 9.7023999999999999e-01 1.6075318020000000e+03
1.2063762680000000e+03 3.6612756500000000e+02 9.7567999999999999e-01 1.6117022059999999e+03
1.2151550990000001e+03 3.7020437099999998e+02 9.8111999999999999e-01 1.6158688609999999e+03
1.2239565869999999e+03 3.7430010099999998e+02 9.8655999999999999e-01 1.6200317140000000e+03
1.2327807120000000e+03 3.7841466300000002e+02 9.9199999999999999e-01 1.6241907120000001e+03
1.2416274519999999e+03 3.8254796800000003e+02 9.9743999999999999e-01 1.6283458080000000e+03
1.2504967859999999e+03 3.8669992200000002e+02 1.0028800000000000e+00 1.6324969520000000e+03
1.2593886930000001e+03 3.9087043699999998e+02 1.0083200000000001e+00 1.6366440980000000e+03
1.2683031490000001e+03 3.9505942399999998e+02 1.0137600000000000e+00 1.6407871990000001e+03
1.2772401339999999e+03 3.9926679300000001e+02 1.0192000000000001e+00 1.6449262140000001e+03
1.2861996250000000e+03 4.0349245700000000e+02 1.0246400000000000e+00 1.6490610979999999e+03
1.2951815979999999e+03 4.0773632800000001e+02 1.0300800000000001e+00 1.6531918109999999e+03
1.3041860330000000e+03 4.1199831999999998e+02 1.0355200000000000e+00 1.6573183130000000e+03
1.3132129050000001e+03 4.1627834799999999e+02 1.0409600000000001e+00 1.6614405650000001e+03
1.3222621910000000e+03 4.2057632500000000e+02 1.0464000000000000e+00 1.6655585300000000e+03
1.3313338670000001e+03 4.2489216800000003e+02 1.0518400000000001e+00 1.6696721729999999e+03
1.3404279110000000e+03 4.2922579300000001e+02 1.0572800000000000e+00 1.6737814570000000e+03
1.3495442989999999e+03 4.3357711699999999e+02 1.0627200000000001e+00 1.6778863510000001e+03
1.3586830050000001e+03 4.3794605700000000e+02 1.0681600000000000e+00 1.6819868200000001e+03
1.3678440069999999e+03 4.4233253200000001e+02 1.0736000000000001e+00 1.6860828340000000e+03
1.3770272800000000e+03 4.4673646100000002e+02 1.0790400000000000e+00 1.6901743630000001e+03
1.3862327990000001e+03 4.5115776299999999e+02 1.0844800000000001e+00 1.6942613770000000e+03
1.3954605400000000e+03 4.5559635900000001e+02 1.0899200000000000e+00 1.6983438480000000e+03
1.4047104780000000e+03 4.6005216999999999e+02 1.0953599999999999e+00 1.7024217500000000e+03
1.4139825880000001e+03 4.6452511700000002e+02 1.1008000000000000e+00 1.7064950560000000e+03
1.4232768450000001e+03 4.6901512300000002e+02 1.1062399999999999e+00 1.7105637409999999e+03
1.4325932230000001e+03 4.7352211199999999e+02 1.1116800000000000e+00 1.7146277820000000e+03
1.4419316980000001e+03 4.7804600699999997e+02 1.1171199999999999e+00 1.7186871550000001e+03
1.4512922440000000e+03 4.8258673199999998e+02 1.1225600000000000e+00 1.7227418390000000e+03
1.4606748359999999e+03 4.8714421299999998e+02 1.1279999999999999e+00 1.7267918119999999e+03
1.4700794470000001e+03 4.9171837599999998e+02 1.1334400000000000e+00 1.7308370540000001e+03
1.4795060520000000e+03 4.9630914799999999e+02 1.1388799999999999e+00 1.7348775450000001e+03
1.4889546250000001e+03 5.0091645599999998e+02 1.1443200000000000e+00 1.7389132689999999e+03
1.4984251389999999e+03 5.0554022700000002e+02 1.1497599999999999e+00 1.7429442070000000e+03
1.5079175700000001e+03 5.1018039199999998e+02 1.1552000000000000e+00 1.7469703420000001e+03
1.5174318910000000e+03 5.1483687999999995e+02 1.1606399999999999e+00 1.7509916599999999e+03
1.5269680750000000e+03 5.1950962200000004e+02 1.1660800000000000e+00 1.7550081459999999e+03
1.5365260960000001e+03 5.2419854899999996e+02 1.1715199999999999e+00 1.7590197860000001e+03
1.5461059279999999e+03 5.2890359400000000e+02 1.1769600000000000e+00 1.7630265680000000e+03
1.5557075440000001e+03 5.3362469099999998e+02 1.1823999999999999e+00 1.7670284799999999e+03
1.5653309180000001e+03 5.3836177399999997e+02 1.1878400000000000e+00 1.7710255119999999e+03
1.5749760229999999e+03 5.4311478000000000e+02 1.1932799999999999e+00 1.7750176560000000e+03
1.5846428330000001e+03 5.4788364700000000e+02 1.1987200000000000e+00 1.7790049030000000e+03
1.5943313200000000e+03 5.5266831600000000e+02 1.2041599999999999e+00 1.7829872499999999e+03
1.6040414590000000e+03 5.5746872900000005e+02 1.2096000000000000e+00 1.7869646920000000e+03
1.6137732229999999e+03 5.6228483600000004e+02 1.2150399999999999e+00 1.7909372320000000e+03
1.6235265840000000e+03 5.6711659099999997e+02 1.2204800000000000e+00 1.7949048760000001e+03
1.6333015170000001e+03 5.7196396700000003e+02 1.2259199999999999e+00 1.7988676470000000e+03
1.6430979940000000e+03 5.7682699300000002e+02 1.2313600000000000e+00 1.8028256080000001e+03
1.6529159910000001e+03 5.8170577100000003e+02 1.2367999999999999e+00 1.8067788880000001e+03
1.6627554800000000e+03 5.8659976400000005e+02 1.2422400000000000e+00 1.8107270930000000e+03
1.6726164340000000e+03 5.9150887799999998e+02 1.2476799999999999e+00 1.8146701920000000e+03
1.6824988260000000e+03 5.9643305199999998e+02 1.2531200000000000e+00 1.8186081810000001e+03
1.6924026269999999e+03 6.0137222399999996e+02 1.2585599999999999e+00 1.8225410540000000e+03
1.7023278089999999e+03 6.0632633399999997e+02 1.2640000000000000e+00 1.8264688090000000e+03
1.7122743450000000e+03 6.1129532200000006e+02 1.2694399999999999e+00 1.8303914420000001e+03
1.7222422059999999e+03 6.1627912900000001e+02 1.2748800000000000e+00 1.8343089490000000e+03
1.7322313660000000e+03 6.2127769499999999e+02 1.2803199999999999e+00 1.8382213290000000e+03
1.7422417949999999e+03 6.2629096300000003e+02 1.2857600000000000e+00 1.8421285789999999e+03
1.7522734660000001e+03 6.3131887400000005e+02 1.2911999999999999e+00 1.8460306969999999e+03
1.7623263520000000e+03 6.3636136999999997e+02 1.2966400000000000e+00 1.8499276829999999e+03
1.7724004230000000e+03 6.4141839500000003e+02 1.3020799999999999e+00 1.8538195360000000e+03
1.7824956529999999e+03 6.4648989300000005e+02 1.3075200000000000e+00 1.8577062539999999e+03
1.7926120129999999e+03 6.5157580599999994e+02 1.3129599999999999e+00 1.8615878379999999e+03
1.8027494760000000e+03 6.5667607999999996e+02 1.3184000000000000e+00 1.8654642879999999e+03
1.8129080120000001e+03 6.6179022299999997e+02 1.3238399999999999e+00 1.8693352749999999e+03
1.8230875910000000e+03 6.6691787799999997e+02 1.3292800000000000e+00 1.8732005720000000e+03
1.8332881829999999e+03 6.7205931899999996e+02 1.3347199999999999e+00 1.8770604340000000e+03
1.8435097579999999e+03 6.7721457999999996e+02 1.3401600000000000e+00 1.8809149299999999e+03
1.8537522870000000e+03 6.8238364999999999e+02 1.3455999999999999e+00 1.8847640939999999e+03
1.8640157420000000e+03 6.8756650400000001e+02 1.3510400000000000e+00 1.8886079520000001e+03
1.8743000939999999e+03 6.9276310599999999e+02 1.3564799999999999e+00 1.8924465190000001e+03
1.8846053139999999e+03 6.9797341700000004e+02 1.3619200000000000e+00 1.8962798089999999e+03
1.8949313720000000e+03 7.0319739400000003e+02 1.3673599999999999e+00 1.9001078330000000e+03
1.9052782410000000e+03 7.0843499399999996e+02 1.3728000000000000e+00 1.9039306010000000e+03
1.9156458929999999e+03 7.1368616999999995e+02 1.3782399999999999e+00 1.9077481210000001e+03
1.9260342969999999e+03 7.1895087599999999e+02 1.3836800000000000e+00 1.9115604000000001e+03
1.9364434269999999e+03 7.2422906599999999e+02 1.3891199999999999e+00 1.9153674460000000e+03
1.9468732530000000e+03 7.2952068999999995e+02 1.3945600000000000e+00 1.9191692650000000e+03
1.9573237480000000e+03 7.3482570299999998e+02 1.3999999999999999e+00 1.9229658649999999e+03
