# epsilon[MeV/fm^3] P[MeV/fm^3] nB[fm^-3] muB[MeV]
4.3514892049562272e-07 9.0000000794219998e-12 4.6796200000000002e-10 9.2990010724260003e+02
5.4394952759824855e-07 1.2854500250148002e-11 5.8496400000000005e-10 9.2990743275720001e+02
6.8239664606092796e-07 1.8414700022552000e-11 7.3384599999999997e-10 9.2991587774760001e+02
8.5763463874259032e-07 2.6380199998860002e-11 9.2229000000000003e-10 9.2992551188760001e+02
1.0799253715994732e-06 3.7791099667920001e-11 1.1613300000000000e-09 9.2993648532329996e+02
1.3625442882637764e-06 5.4137899979800000e-11 1.4652400000000000e-09 9.2994894782519998e+02
1.7226605254650248e-06 7.7555599791040007e-11 1.8524800000000000e-09 9.2996308925910000e+02
2.1826057027272589e-06 1.1110299984364001e-10 2.3470600000000000e-09 9.2997909967860005e+02
2.7713348204539073e-06 1.5916099965360000e-10 2.9801100000000000e-09 9.2999716876169998e+02
3.5266032513682487e-06 2.2800800111288001e-10 3.7922200000000000e-09 9.3001754656409992e+02
4.4975537964996660e-06 3.2663399940042002e-10 4.8362200000000001e-09 9.3004045271789994e+02
4.5807460305493105e-06 3.3555999792714001e-10 4.9256699999999996e-09 9.3004228160820003e+02
4.7281205653478515e-06 3.3656599963290001e-10 5.0841300000000003e-09 9.3004248152130003e+02
6.5759177435918250e-06 5.4515600232911993e-10 7.0708799999999999e-09 9.3007696075620004e+02
9.1998724984833464e-06 8.8567000200420000e-10 9.8920399999999997e-09 9.3011730648750006e+02
1.2918168885426129e-05 1.4388700552640002e-09 1.3889600000000001e-08 9.3016406831190000e+02
1.8201380444258739e-05 2.3376200076990001e-09 1.9569300000000001e-08 9.3021808578930006e+02
2.5725895950178280e-05 3.7977398937599994e-09 2.7657999999999999e-08 9.3028025838780002e+02
3.6463989818522291e-05 6.1698799253159997e-09 3.9200400000000002e-08 9.3035162548649998e+02
5.1813630126296458e-05 1.0023700173792000e-08 5.5698400000000002e-08 9.3043332628019994e+02
7.3785560512054020e-05 1.6284700005120000e-08 7.9311899999999997e-08 9.3052664006250006e+02
1.0527189036420272e-04 2.6456400399219999e-08 1.1314700000000000e-07 9.3063298613190000e+02
1.5043483705694415e-04 4.2981499428689995e-08 1.6167299999999999e-07 9.3075400323120004e+02
1.5143539825673478e-04 4.3369399516159995e-08 1.6274800000000000e-07 9.3075639185940008e+02
1.5666718390755263e-04 4.3499599327679997e-08 1.6836899999999999e-07 9.3075719132400002e+02
1.8247319946392853e-04 5.3487099479700000e-08 1.9609400000000001e-07 9.3081203831400001e+02
2.1304949570856091e-04 6.5965099669560007e-08 2.2894200000000001e-07 9.3087079295249998e+02
2.4880173202308656e-04 8.1354199584480006e-08 2.6734800000000002e-07 9.3093285559410003e+02
2.9061049213158235e-04 1.0033299847065000e-07 3.1225699999999999e-07 9.3099838615049998e+02
3.3950651358852186e-04 1.2374000051775000e-07 3.6477499999999998e-07 9.3106758453479995e+02
3.9669496520679297e-04 1.5260700009555001e-07 4.2619500000000001e-07 9.3114063056550003e+02
4.6358813252914599e-04 1.8820900209407997e-07 4.9803199999999997e-07 9.3121772415570001e+02
5.4183717856390442e-04 2.3211699768180001e-07 5.8205699999999998e-07 9.3129908512530005e+02
6.3337419989345891e-04 2.8626699988691999e-07 6.8034199999999997e-07 9.3138494352930002e+02
7.4046361643000222e-04 3.5305100162730003e-07 7.9531500000000002e-07 9.3147551899979999e+02
7.4543957324912111e-04 3.5623800038969997e-07 8.0065699999999999e-07 9.3147951660449996e+02
7.7046470619140960e-04 3.5730600246279002e-07 8.2752300000000002e-07 9.3148080575760002e+02
7.7218701201869997e-04 3.5837800248323999e-07 8.2937200000000002e-07 9.3148210505190002e+02
7.7564281539113634e-04 3.6053199741144001e-07 8.3308200000000005e-07 9.3148469349929996e+02
7.7911352986319152e-04 3.6269800105895999e-07 8.3680799999999998e-07 9.3148728185280004e+02
7.8260009510663572e-04 3.6487800290032998e-07 8.4055099999999997e-07 9.3148988034750005e+02
7.8610250285012515e-04 3.6706999922346001e-07 8.4431100000000000e-07 9.3149248879559991e+02
7.8962075319254110e-04 3.6927600351839998e-07 8.4808799999999996e-07 9.3149508719639994e+02
7.9315485471188711e-04 3.7149499796798001e-07 8.5188199999999998e-07 9.3149769564450003e+02
7.9670479058673201e-04 3.7372699824480005e-07 8.5569300000000004e-07 9.3150031404599997e+02
8.0027057791247260e-04 3.7597299948234002e-07 8.5952100000000004e-07 9.3150293244750003e+02
8.0385221698387247e-04 3.7823200230633998e-07 8.6336599999999998e-07 9.3150555094289996e+02
8.0745063029167934e-04 3.8050499711466001e-07 8.6722899999999999e-07 9.3150817929779998e+02
8.1106395596088781e-04 3.8279099715107999e-07 8.7110800000000002e-07 9.3151080774659999e+02
8.1469498722525535e-04 3.8509200436278001e-07 8.7500600000000005e-07 9.3151343619540000e+02
8.1834093096975699e-04 3.8740599815679997e-07 8.7891999999999998e-07 9.3151607459759998e+02
8.3652972322216491e-04 3.8856800310954005e-07 8.9844600000000005e-07 9.3151737379799999e+02
8.9649746606902973e-04 4.2637900225708002e-07 9.6282100000000007e-07 9.3155798930399999e+02
9.6293679962426715e-04 4.6927300060880000e-07 1.0341400000000000e-06 9.3160093353000002e+02
1.0343084479593990e-03 5.1648199988999994e-07 1.1107499999999999e-06 9.3164493704189999e+02
1.1110033276598183e-03 5.6844100521450010e-07 1.1930700000000001e-06 9.3169002988770001e+02
1.1934040547386528e-03 6.2562700512179996e-07 1.2815100000000000e-06 9.3173623206809998e+02
1.2819398888523502e-03 6.8856500094819997e-07 1.3765300000000001e-06 9.3178357353719991e+02
1.3770588621277026e-03 7.5783499966439992e-07 1.4786100000000000e-06 9.3183208434300002e+02
1.4792742600387720e-03 8.3407400117300003e-07 1.5882999999999999e-06 9.3188178448619999e+02
1.5890902438860661e-03 9.1798299673799988e-07 1.7061399999999999e-06 9.3193271378040004e+02
1.7070948934908867e-03 1.0103300084124001e-06 1.8327600000000000e-06 9.3198488236679998e+02
1.7418302566492478e-03 1.0379399925766002e-06 1.8700300000000001e-06 9.3199978345169995e+02
1.8026805910135908e-03 1.0410599913928000e-06 1.9353200000000000e-06 9.3200143242960007e+02
2.0389359400714486e-03 1.2275099896319999e-06 2.1888000000000001e-06 9.3209187794249999e+02
2.3114099463439177e-03 1.4516999917321999e-06 2.4811100000000001e-06 9.3218792017709995e+02
2.6204004641994278e-03 1.7168400063888003e-06 2.8125600000000001e-06 9.3228811983419996e+02
2.9707928967162671e-03 2.0304000155634000e-06 3.1883800000000001e-06 9.3239264696670000e+02
3.3681648965264784e-03 2.4012300084080001e-06 3.6145400000000001e-06 9.3250170129989999e+02
3.8188055776886142e-03 2.8397900147328003e-06 4.0977700000000004e-06 9.3261546284010001e+02
4.3298558716110781e-03 3.3584500068246004e-06 4.6457100000000001e-06 9.3273413140649996e+02
4.9094492242661523e-03 3.9718300068571995e-06 5.2670599999999997e-06 9.3285792691289998e+02
5.5667590537662745e-03 4.6972400276543001e-06 5.9716300000000001e-06 9.3298704917850000e+02
6.3122329168583428e-03 5.5551399798486997e-06 6.7705900000000002e-06 9.3312173811779996e+02
6.3691536418958340e-03 5.6221100036384002e-06 6.8315900000000001e-06 9.3313158221820004e+02
6.6107787783348925e-03 5.6389700285964000e-06 7.0905299999999997e-06 9.3313397075249998e+02
7.1832281514335565e-03 6.2999099885847007e-06 7.7039700000000007e-06 9.3322329697740008e+02
7.8228640480689938e-03 7.0594400109160007e-06 8.3893400000000006e-06 9.3331767013950002e+02
8.5195476220300548e-03 7.9105299722335996e-06 9.1357600000000004e-06 9.3341477175390003e+02
9.2783521214718639e-03 8.8642300383220009e-06 9.9486500000000000e-06 9.3351470163630006e+02
1.0104791977484120e-02 9.9329099737559988e-06 1.0833900000000000e-05 9.3361751969490001e+02
1.1005037422914624e-02 1.1130399980334000e-05 1.1798100000000000e-05 9.3372332602710003e+02
1.1985504705131824e-02 1.2472300012974001e-05 1.2848100000000000e-05 9.3383220044789994e+02
1.3053499763127112e-02 1.3976000053347000e-05 1.3991700000000000e-05 9.3394422305399996e+02
1.4216706487829026e-02 1.5661000693130000e-05 1.5237100000000000e-05 9.3405949366109996e+02
1.5483652631007537e-02 1.7549100191680000e-05 1.6593399999999999e-05 9.3417811227269999e+02
1.5623499832828706e-02 1.7760599953030001e-05 1.6743099999999999e-05 9.3419079468840005e+02
1.6269961736847121e-02 1.7813900213129999e-05 1.7435099999999998e-05 9.3419395273319992e+02
1.7094324515795702e-02 1.9027400207749999e-05 1.8317499999999999e-05 9.3426180186839997e+02
1.8000874089488257e-02 2.0384500450440000e-05 1.9287799999999999e-05 9.3433394852489994e+02
1.8955614232225096e-02 2.1838399047120000e-05 2.0309599999999999e-05 9.3440734433310001e+02
1.9960983560824267e-02 2.3396100553499999e-05 2.1385500000000000e-05 9.3448202938830002e+02
2.1019794814794490e-02 2.5064799654149998e-05 2.2518500000000001e-05 9.3455801364390004e+02
2.2134768910989058e-02 2.6852600343399999e-05 2.3711500000000002e-05 9.3463531710059999e+02
2.3309000859656603e-02 2.8767899159999994e-05 2.4967799999999998e-05 9.3471396971249999e+02
2.4545494036103295e-02 3.0819700065419999e-05 2.6290599999999999e-05 9.3479400162150000e+02
2.5847718880420045e-02 3.3017999946119998e-05 2.7683600000000000e-05 9.3487541254589996e+02
2.7219055484112444e-02 3.5372998881120002e-05 2.9150400000000001e-05 9.3495825272219997e+02
2.7775365070038964e-02 3.6339601209739997e-05 2.9745400000000002e-05 9.3499105302509997e+02
2.8289610775747390e-02 3.6448598719180002e-05 3.0295400000000001e-05 9.3499466085090000e+02
2.8802930737171755e-02 3.7332599735440002e-05 3.0844399999999999e-05 9.3502356336480000e+02
2.9391538203060320e-02 3.8352800962709990e-05 3.1473899999999997e-05 9.3505628375879996e+02
2.9992229144074897e-02 3.9400800335690003e-05 3.2116300000000003e-05 9.3508923392610006e+02
3.0605097595990186e-02 4.0477499896860003e-05 3.2771700000000003e-05 9.3512239395989991e+02
3.1230612131930052e-02 4.1583600119840003e-05 3.3440600000000000e-05 9.3515578386089999e+02
3.1868867160453597e-02 4.2719998743180005e-05 3.4123099999999999e-05 9.3518940362910007e+02
3.2520144922003676e-02 4.3887298648500002e-05 3.4819500000000001e-05 9.3522325326449993e+02
3.3184820445813230e-02 4.5086601561120004e-05 3.5530200000000001e-05 9.3525732271979996e+02
3.3862987887692660e-02 4.6318701748649993e-05 3.6255299999999998e-05 9.3529163208960006e+02
3.4555116462740516e-02 4.7584401826990007e-05 3.6995300000000001e-05 9.3532617123270006e+02
3.4710848908415574e-02 4.7870299693839997e-05 3.7161800000000001e-05 9.3533387666670001e+02
3.5705765632703390e-02 4.8013899962450004e-05 3.8225500000000002e-05 9.3533768431169995e+02
3.6190650245182691e-02 4.8884701265269996e-05 3.8743900000000000e-05 9.3536029073669999e+02
3.6764595537185744e-02 4.9920498059249994e-05 3.9357499999999997e-05 9.3538680481020003e+02
3.7347724170046170e-02 5.0978398185919999e-05 3.9980900000000002e-05 9.3541345870079999e+02
3.7940129948432849e-02 5.2058599241440000e-05 4.0614200000000002e-05 9.3544024264290010e+02
3.8541907483377907e-02 5.3161699756499999e-05 4.1257500000000003e-05 9.3546717635549999e+02
3.9153244015328124e-02 5.4288198430999997e-05 4.1910999999999999e-05 9.3549425007299999e+02
3.9774234210732992e-02 5.5438601263319996e-05 4.2574799999999998e-05 9.3552146370150001e+02
4.0405159191034282e-02 5.6613297948239995e-05 4.3249199999999999e-05 9.3554882728830000e+02
4.1046019389420471e-02 5.7812899551080002e-05 4.3934199999999997e-05 9.3557633069220003e+02
4.1697190276124625e-02 5.9037997871239995e-05 4.4630199999999998e-05 9.3560397410099995e+02
4.2358578444415006e-02 6.0288999023690009e-05 4.5337100000000003e-05 9.3563177732760005e+02
4.2549448380963861e-02 6.0651299975859995e-05 4.5541099999999997e-05 9.3563974248900001e+02
4.3740238175900857e-02 6.0833198906699995e-05 4.6813800000000002e-05 9.3564365013750000e+02
4.5854886274473032e-02 6.4782902450840000e-05 4.9073799999999998e-05 9.3572599057799994e+02
4.8180087401599556e-02 6.9195997901699998e-05 5.1558599999999998e-05 9.3581365787159996e+02
5.0623240020302433e-02 7.3909702371599995e-05 5.4169200000000003e-05 9.3590278418340006e+02
5.3190452397117956e-02 7.8944498346630003e-05 5.6912100000000000e-05 9.3599338970190001e+02
5.5887837732656438e-02 8.4322299027779992e-05 5.9793799999999997e-05 9.3608550419339997e+02
5.8722166587791814e-02 9.0066499795649990e-05 6.2821499999999995e-05 9.3617915789369999e+02
6.1700398546921942e-02 9.6201898222459989e-05 6.6002599999999997e-05 9.3627437052180005e+02
6.4829683480590566e-02 1.0275499726340999e-04 6.9344700000000000e-05 9.3637116226620003e+02
6.8117831355171340e-02 1.0975499711746999e-04 7.2856100000000002e-05 9.3646956308100005e+02
7.1572933822013338e-02 1.1723199746169999e-04 7.6545399999999994e-05 9.3656960282640000e+02
7.2872355791586060e-02 1.2007500056640000e-04 7.7932800000000000e-05 9.3660639068670002e+02
7.6294350046888545e-02 1.2043499631464001e-04 8.1586400000000002e-05 9.3661091798129996e+02
7.8557740452832786e-02 1.2521799885310001e-04 8.4002899999999995e-05 9.3666865324139997e+02
8.1070439170188191e-02 1.3058099681828001e-04 8.6685400000000002e-05 9.3673145543940007e+02
8.3663493660002267e-02 1.3617299667415003e-04 8.9453500000000007e-05 9.3679492723830003e+02
8.6339540033127660e-02 1.4200499619000000e-04 9.2310000000000002e-05 9.3685905859080003e+02
8.9101308842231525e-02 1.4808700429182000e-04 9.5257800000000001e-05 9.3692387963880003e+02
9.1951438062670962e-02 1.5442999846642999e-04 9.8299699999999997e-05 9.3698938014720000e+02
9.3544637803481184e-02 1.5800363917307320e-04 1.0000000000000000e-04 9.3702641442654260e+02
9.5904157142123581e-02 1.5964011625990053e-04 1.0251768589393848e-04 9.3704609522466217e+02
9.8323191720122854e-02 1.6133186025010961e-04 1.0509882215113099e-04 9.3706591153565228e+02
1.0080324271768032e-01 1.6308073761078028e-04 1.0774500745517564e-04 9.3708586448699600e+02
1.0334584917995454e-01 1.6488867784308954e-04 1.1045788075689673e-04 9.3710595521573657e+02
1.0595258897214653e-01 1.6675767561109134e-04 1.1323912228814953e-04 9.3712618486855763e+02
1.0862507975867566e-01 1.6868979294238940e-04 1.1609045460113558e-04 9.3714655460186168e+02
1.1136498000705346e-01 1.7068716150313068e-04 1.1901364363386815e-04 9.3716706558185297e+02
1.1417399001707872e-01 1.7275198494982958e-04 1.2201049980244721e-04 9.3718771898461682e+02
1.1705385297599259e-01 1.7488654136061806e-04 1.2508287912081680e-04 9.3720851599620346e+02
1.2000635604024820e-01 1.7709318574860315e-04 1.2823268434869603e-04 9.3722945781271028e+02
1.2303333144456616e-01 1.7937435266010557e-04 1.3146186616839206e-04 9.3725054564036623e+02
1.2613665763896453e-01 1.8173255886064568e-04 1.3477242439122135e-04 9.3727178069561501e+02
1.2931826045446851e-01 1.8417040611164030e-04 1.3816640919428301e-04 9.3729316420520126e+02
1.3258011429822306e-01 1.8669058404087332e-04 1.4164592238834743e-04 9.3731469740625619e+02
1.3592424337875103e-01 1.8929587310990840e-04 1.4521311871764297e-04 9.3733638154638390e+02
1.3935272296211590e-01 1.9198914768171581e-04 1.4887020719234138e-04 9.3735821788374903e+02
1.4286768065976976e-01 1.9477337919189948e-04 1.5261945245456505e-04 9.3738020768716558e+02
1.4647129774888493e-01 1.9765163942702182e-04 1.5646317617875770e-04 9.3740235223618413e+02
1.5016581052598910e-01 2.0062710391364428e-04 1.6040375850728301e-04 9.3742465282118349e+02
1.5395351169474381e-01 2.0370305542182155e-04 1.6444363952213613e-04 9.3744711074346048e+02
1.5783675178872744e-01 2.0688288758691594e-04 1.6858532075367602e-04 9.3746972731531969e+02
1.6181794063010582e-01 2.1017010865372678e-04 1.7283136672730851e-04 9.3749250386016899e+02
1.6589954882509539e-01 2.1356834534706626e-04 1.7718440654907488e-04 9.3751544171260912e+02
1.7008410929714735e-01 2.1708134687305203e-04 1.8164713553112271e-04 9.3753854221852919e+02
1.7437421885880364e-01 2.2071298905553064e-04 1.8622231685806156e-04 9.3756180673520043e+02
1.7877253982320096e-01 2.2446727861219598e-04 1.9091278329523120e-04 9.3758523663137180e+02
1.8328180165622249e-01 2.2834835757512035e-04 1.9572143893993561e-04 9.3760883328736679e+02
1.8790480267032209e-01 2.3236050786057502e-04 2.0065126101672168e-04 9.3763259809517899e+02
1.9264441176107333e-01 2.3650815599318215e-04 2.0570530171781066e-04 9.3765653245857118e+02
1.9750357018751949e-01 2.4079587798961013e-04 2.1088669008981488e-04 9.3768063779317424e+02
2.0248529339743104e-01 2.4522840440720114e-04 2.1619863396790581e-04 9.3770491552658518e+02
2.0759267289860150e-01 2.4981062556309920e-04 2.2164442195862186e-04 9.3772936709846954e+02
2.1282887817734475e-01 2.5454759692963895e-04 2.2722742547254168e-04 9.3775399396066098e+02
2.1819715866538281e-01 2.5944454471194656e-04 2.3295110080807276e-04 9.3777879757726510e+02
2.2370084575634541e-01 2.6450687161390618e-04 2.3881899128764153e-04 9.3780377942476116e+02
2.2934335487313326e-01 2.6974016279885499e-04 2.4483472944760045e-04 9.3782894099210682e+02
2.3512818758742640e-01 2.7515019205158074e-04 2.5100203928320154e-04 9.3785428378084293e+02
2.4105893379265489e-01 2.8074292814842287e-04 2.5732473855002026e-04 9.3787980930519950e+02
2.4713927393177845e-01 2.8652454144250278e-04 2.6380674112324676e-04 9.3790551909220221e+02
2.5337298128125924e-01 2.9250141067135063e-04 2.7045205941629954e-04 9.3793141468177976e+02
2.5976392429264328e-01 2.9868012999443748e-04 2.7726480686024902e-04 9.3795749762687410e+02
2.6631606899320592e-01 3.0506751626837924e-04 2.8424920044558248e-04 9.3798376949354702e+02
2.7303348144714890e-01 3.1167061656783677e-04 2.9140956332787113e-04 9.3801023186109467e+02
2.7992033027887775e-01 3.1849671596041192e-04 2.9875032749894894e-04 9.3803688632215506e+02
2.8698088925992504e-01 3.2555334554411564e-04 3.0627603652524541e-04 9.3806373448282284e+02
2.9421953996112410e-01 3.3284829075627681e-04 3.1399134835495898e-04 9.3809077796276290e+02
3.0164077447168108e-01 3.4038959996305853e-04 3.2190103819580311e-04 9.3811801839532347e+02
3.0924919818682972e-01 3.4818559333905837e-04 3.3001000146509160e-04 9.3814545742765290e+02
3.1704953266580210e-01 3.5624487204678973e-04 3.3832325681398633e-04 9.3817309672081421e+02
3.2504661856188605e-01 3.6457632772617094e-04 3.4684594922776267e-04 9.3820093794990544e+02
3.3324541862638896e-01 3.7318915230449238e-04 3.5558335320400736e-04 9.3822898280417485e+02
3.4165102078837295e-01 3.8209284813768563e-04 3.6454087601070186e-04 9.3825723298714388e+02
3.5026864131206992e-01 3.9129723849408031e-04 3.7372406102619866e-04 9.3828569021672422e+02
3.5910362803393914e-01 4.0081247839221902e-04 3.8313859116314539e-04 9.3831435622534229e+02
3.6816146368137376e-01 4.1064906580468474e-04 3.9279029237846547e-04 9.3834323276006000e+02
3.7744776927511631e-01 4.2081785324030174e-04 4.0268513727155416e-04 9.3837232158270012e+02
3.8696830761749601e-01 4.3133005971749159e-04 4.1282924877290725e-04 9.3840162446996999e+02
3.9672898686865060e-01 4.4219728314198899e-04 4.2322890392544913e-04 9.3843114321358701e+02
4.0673586421295249e-01 4.5343151310257780e-04 4.3389053776088886e-04 9.3846087962040667e+02
4.1699514961791634e-01 4.6504514409896370e-04 4.4482074727349012e-04 9.3849083551255160e+02
4.2751320968791795e-01 4.7705098921637539e-04 4.5602629549369950e-04 9.3852101272753794e+02
4.3829657161511743e-01 4.8946229426198367e-04 4.6751411566413743e-04 9.3855141311840885e+02
4.4935192723003919e-01 5.0229275237873418e-04 4.7929131552052585e-04 9.3858203855386307e+02
4.6068613715432033e-01 5.1555651915271520e-04 4.9136518168017916e-04 9.3861289091839024e+02
4.7230623505820712e-01 5.2926822823073265e-04 5.0374318414076543e-04 9.3864397211240328e+02
4.8421943202543888e-01 5.4344300746531602e-04 5.1643298089209784e-04 9.3867528405237408e+02
4.9643312102823001e-01 5.5809649560497438e-04 5.2944242264379884e-04 9.3870682867096843e+02
5.0895488151512691e-01 5.7324485954811280e-04 5.4277955767174013e-04 9.3873860791718550e+02
5.2179248411458556e-01 5.8890481217964549e-04 5.5645263678624085e-04 9.3877062375649416e+02
5.3495389545719063e-01 6.0509363080998532e-04 5.7047011842507888e-04 9.3880287817097428e+02
5.4844728311950686e-01 6.2182917623675269e-04 5.8484067387444549e-04 9.3883537315945750e+02
5.6228102069263142e-01 6.3912991245023299e-04 5.9957319262105414e-04 9.3886811073766899e+02
5.7646369297859412e-01 6.5701492700432729e-04 6.1467678783869541e-04 9.3890109293837122e+02
5.9100410131782655e-01 6.7550395207546419e-04 6.3016080201260525e-04 9.3893432181150888e+02
6.0591126905100978e-01 6.9461738623271283e-04 6.4603481270511021e-04 9.3896779942435467e+02
6.2119444711868954e-01 7.1437631694311571e-04 6.6230863846609056e-04 9.3900152786165677e+02
6.3686311980213095e-01 7.3480254383706371e-04 6.7899234489189088e-04 9.3903550922578711e+02
6.5292701060897884e-01 7.5591860275939075e-04 6.9609625083640644e-04 9.3906974563689175e+02
6.6939608830737507e-01 7.7774779063271736e-04 7.1363093477815954e-04 9.3910423923304143e+02
6.8628057311227575e-01 8.0031419116047590e-04 7.3160724134727529e-04 9.3913899217038568e+02
7.0359094302781067e-01 8.2364270139797678e-04 7.5003628801637490e-04 9.3917400662330328e+02
7.2133794034961751e-01 8.4775905922082726e-04 7.6892947195948463e-04 9.3920928478456187e+02
7.3953257833118713e-01 8.7268987172101097e-04 7.8829847708318491e-04 9.3924482886547196e+02
7.5818614801835937e-01 8.9846264456195843e-04 8.0815528123431488e-04 9.3928064109604441e+02
7.7731022525620530e-01 9.2510581232498924e-04 8.2851216358865336e-04 9.3931672372515106e+02
7.9691667787265053e-01 9.5264876988061548e-04 8.4938171222512314e-04 9.3935307902068541e+02
8.1701767304329209e-01 9.8112190481930970e-04 8.7077683189016198e-04 9.3938970926972502e+02
8.3762568484198130e-01 1.0105566309775195e-03 8.9271075195703387e-04 9.3942661677869239e+02
8.5875350198186096e-01 1.0409854230959247e-03 9.1519703458496084e-04 9.3946380387352451e+02
8.8041423575165589e-01 1.0724418526481621e-03 9.3824958308309119e-04 9.3950127289983550e+02
9.0262132815214380e-01 1.1049606248795558e-03 9.6188265048443059e-04 9.3953902622308647e+02
9.2538856023785943e-01 1.1385776170967181e-03 9.8611084833500869e-04 9.3957706622875492e+02
9.4873006066920118e-01 1.1733299182502576e-03 1.0109491557036658e-03 9.3961539532250379e+02
9.7266031448025481e-01 1.2092558698542724e-03 1.0364129284179933e-03 9.3965401593035710e+02
9.9719417206776839e-01 1.2463951082877689e-03 1.0625179085320966e-03 9.3969293049886994e+02
1.0223468584068653e+00 1.2847886085246838e-03 1.0892802340319878e-03 9.3973214149530793e+02
1.0481339824992044e+00 1.3244787293407443e-03 1.1167164487845620e-03 9.3977165140782085e+02
1.0745715470594588e+00 1.3655092600470557e-03 1.1448435127362638e-03 9.3981146274562343e+02
1.1016759584461193e+00 1.4079254688019649e-03 1.1736788123676940e-03 9.3985157803917446e+02
1.1294640368427868e+00 1.4517741525545051e-03 1.2032401714105749e-03 9.3989199984035884e+02
1.1579530266962754e+00 1.4971036886745339e-03 1.2335458618336467e-03 9.3993273072267084e+02
1.1871606074179966e+00 1.5439640883265070e-03 1.2646146151042263e-03 9.3997377328139862e+02
1.2171049043552709e+00 1.5924070516457891e-03 1.2964656337323360e-03 9.4001513013381179e+02
1.2478045000393747e+00 1.6424860247783737e-03 1.3291186031044863e-03 9.4005680391934891e+02
1.2792784457172994e+00 1.6942562588469373e-03 1.3625937036143565e-03 9.4009879729980707e+02
1.3115462731743854e+00 1.7477748709082935e-03 1.3969116230978197e-03 9.4014111295953433e+02
1.3446280068551604e+00 1.8031009069694906e-03 1.4320935695799257e-03 9.4018375360562288e+02
1.3785441762899076e+00 1.8602954071320812e-03 1.4681612843416615e-03 9.4022672196810254e+02
1.4133158288346761e+00 1.9194214729364384e-03 1.5051370553144853e-03 9.4027002080013995e+02
1.4489645427326392e+00 1.9805443369804161e-03 1.5430437308108602e-03 9.4031365287823485e+02
1.4855124405048998e+00 2.0437314348891538e-03 1.5819047335991750e-03 9.4035762100242118e+02
1.5229822026790683e+00 2.1090524797154537e-03 1.6217440753317021e-03 9.4040192799646911e+02
1.5613970818641123e+00 2.1765795388527819e-03 1.6625863713344057e-03 9.4044657670808886e+02
1.6007809171802299e+00 2.2463871135457746e-03 1.7044568557676766e-03 9.4049157000913488e+02
1.6411581490526908e+00 2.3185522210859609e-03 1.7473813971672660e-03 9.4053691079581574e+02
1.6825538343788278e+00 2.3931544797833855e-03 1.7913865143749418e-03 9.4058260198890127e+02
1.7249936620775994e+00 2.4702761968078959e-03 1.8364993928686253e-03 9.4062864653393433e+02
1.7685039690313582e+00 2.5500024589969789e-03 1.8827479015019917e-03 9.4067504740144398e+02
1.8131117564297292e+00 2.6324212267303565e-03 1.9301606096637954e-03 9.4072180758715956e+02
1.8588447065257379e+00 2.7176234309749009e-03 1.9787668048674165e-03 9.4076893011222876e+02
1.9057311998145854e+00 2.8057030736069453e-03 2.0285965107813969e-03 9.4081641802343495e+02
1.9538003326457281e+00 2.8967573311226478e-03 2.0796805057119909e-03 9.4086427439341890e+02
2.0030819352792033e+00 2.9908866618508782e-03 2.1320503415490594e-03 9.4091250232089976e+02
2.0536065903973890e+00 3.0881949167868607e-03 2.1857383631868673e-03 9.4096110493090191e+02
2.1054056520836997e+00 3.1887894541688887e-03 2.2407777284317015e-03 9.4101008537497978e+02
2.1585112652799880e+00 3.2927812579245062e-03 2.2972024284084506e-03 9.4105944683144673e+02
2.2129563857347283e+00 3.4002850601168376e-03 2.3550473084786526e-03 9.4110919250560585e+02
2.2687748004543686e+00 3.5114194675261680e-03 2.4143480896827918e-03 9.4115932562998330e+02
2.3260011486705290e+00 3.6263070925064145e-03 2.4751413907199552e-03 9.4120984946456178e+02
2.3846709433360687e+00 3.7450746882608642e-03 2.5374647504782864e-03 9.4126076729701845e+02
2.4448205931633598e+00 3.8678532886864368e-03 2.6013566511300145e-03 9.4131208244296295e+02
2.5064874252184346e+00 3.9947783529407322e-03 2.6668565418051593e-03 9.4136379824617927e+02
2.5697097080850511e+00 4.1259899148914101e-03 2.7340048628584110e-03 9.4141591807886880e+02
2.6345266756130190e+00 4.2616327376127205e-03 2.8028430707439729e-03 9.4146844534189518e+02
2.7009785512655515e+00 4.4018564730996983e-03 2.8734136635135969e-03 9.4152138346503318e+02
2.7691065730807405e+00 4.5468158273761937e-03 2.9457602069533789e-03 9.4157473590721702e+02
2.8389530192626360e+00 4.6966707311789030e-03 3.0199273613752613e-03 9.4162850615679372e+02
2.9105612344178406e+00 4.8515865164057469e-03 3.0959609090796514e-03 9.4168269773177553e+02
2.9839756564538646e+00 5.0117340985232177e-03 3.1739077825058623e-03 9.4173731418010004e+02
3.0592418441559563e+00 5.1772901651339640e-03 3.2538160930876258e-03 9.4179235907988516e+02
3.1364065054595178e+00 5.3484373709126783e-03 3.3357351608312514e-03 9.4184783603969265e+02
3.2155175264356477e+00 5.5253645391253152e-03 3.4197155446345079e-03 9.4190374869879156e+02
3.2966240010077916e+00 5.7082668699539891e-03 3.5058090733647209e-03 9.4196010072742286e+02
3.3797762614179661e+00 5.8973461558574245e-03 3.5940688777150644e-03 9.4201689582706922e+02
3.4650259094614309e+00 6.0928110042044971e-03 3.6845494228584736e-03 9.4207413773072460e+02
3.5524258485092135e+00 6.2948770674265495e-03 3.7773065419190966e-03 9.4213183020316853e+02
3.6420303163383556e+00 6.5037672809423802e-03 3.8723974702817247e-03 9.4218997704124104e+02
3.7338949187902388e+00 6.7197121091183845e-03 3.9698808807600893e-03 9.4224858207412103e+02
3.8280766642779125e+00 6.9429497995352708e-03 4.0698169196455277e-03 9.4230764916360658e+02
3.9246339991637957e+00 7.1737266458418141e-03 4.1722672436579336e-03 9.4236718220439798e+02
4.0236268440297343e+00 7.4122972594856673e-03 4.2772950578215656e-03 9.4242718512438466e+02
4.1251166308619140e+00 7.6589248506210563e-03 4.3849651542887860e-03 9.4248766188493141e+02
4.2291663411737108e+00 7.9138815185032466e-03 4.4953439521353928e-03 9.4254861648117094e+02
4.3358405450901163e+00 8.1774485516901470e-03 4.6084995381517821e-03 9.4261005294229778e+02
4.4452054414180298e+00 8.4499167383823518e-03 4.7245017086548387e-03 9.4267197533186163e+02
4.5573288987272402e+00 8.7315866872438724e-03 4.8434220123459515e-03 9.4273438774806959e+02
4.6722804974676286e+00 9.0227691590576437e-03 4.9653337942413486e-03 9.4279729432408510e+02
4.7901315731487033e+00 9.3237854095816353e-03 5.0903122407014159e-03 9.4286069922833417e+02
4.9109552606082660e+00 9.6349675439838349e-03 5.2184344255864898e-03 9.4292460666481099e+02
5.0348265393977121e+00 9.9566588832472446e-03 5.3497793575671996e-03 9.4298902087338854e+02
5.1618222803120757e+00 1.0289214342948961e-02 5.4844280286181317e-03 9.4305394613013107e+02
5.2920212930937387e+00 1.0633000824831406e-02 5.6224634637243752e-03 9.4311938674760893e+02
5.4255043753393952e+00 1.0988397621597637e-02 5.7639707718311704e-03 9.4318534707521758e+02
5.5623543626405993e+00 1.1355796835377316e-02 5.9090371980676463e-03 9.4325183149949919e+02
5.7026561799890647e+00 1.1735603810325143e-02 6.0577521772764761e-03 9.4331884444446541e+02
5.8464968944785483e+00 1.2128237579828862e-02 6.2102073888819203e-03 9.4338639037192581e+02
5.9939657693360813e+00 1.2534131328820381e-02 6.3664968131297061e-03 9.4345447378181700e+02
6.1451543193160454e+00 1.2953732871699977e-02 6.5267167887328838e-03 9.4352309921253664e+02
6.3001563674914722e+00 1.3387505146400885e-02 6.6909660719587302e-03 9.4359227124127835e+02
6.4590681034778381e+00 1.3835926725139443e-02 6.8593458971926173e-03 9.4366199448437180e+02
6.6219881431254448e+00 1.4299492342414155e-02 7.0319600390156296e-03 9.4373227359762427e+02
6.7890175897174512e+00 1.4778713440836299e-02 7.2089148758336602e-03 9.4380311327666720e+02
6.9602600967115347e+00 1.5274118735394268e-02 7.3903194550966455e-03 9.4387451825730420e+02
7.1358219320641219e+00 1.5786254796774188e-02 7.5762855601475727e-03 9.4394649331586118e+02
7.3158120441770702e+00 1.6315686654380285e-02 7.7669277787417740e-03 9.4401904326954354e+02
7.5003421295078008e+00 1.6862998419720551e-02 7.9623635732782340e-03 9.4409217297679447e+02
7.6895267018847466e+00 1.7428793930845125e-02 8.1627133527854591e-03 9.4416588733765309e+02
7.8834831635712010e+00 1.8013697418548694e-02 8.3681005467055852e-03 9.4424019129412454e+02
8.0823318781216358e+00 1.8618354195071761e-02 8.5786516805216127e-03 9.4431508983054323e+02
8.2861962450756987e+00 1.9243431366060600e-02 8.7944964532735148e-03 9.4439058797394625e+02
8.4952027765362814e+00 1.9889618566571551e-02 9.0157678170103405e-03 9.4446669079444939e+02
8.7094811756791124e+00 2.0557628721931450e-02 9.2426020582264505e-03 9.4454340340562476e+02
8.9291644172426601e+00 2.1248198834293800e-02 9.4751388813313145e-03 9.4462073096488120e+02
9.1543888300482585e+00 2.1962090795758386e-02 9.7135214942033997e-03 9.4469867867385256e+02
9.3852941816016902e+00 2.2700092228951547e-02 9.9578966958801182e-03 9.4477725177878301e+02
9.6220237648286666e+00 2.3463017355994216e-02 1.0208414966436829e-02 9.4485645557092255e+02
9.8647244869981794e+00 2.4251707896817045e-02 1.0465230559109551e-02 9.4493629538692301e+02
1.0113546960888666e+01 2.5067033997812772e-02 1.0728501594716975e-02 9.4501677660923554e+02
1.0368645598253812e+01 2.5909895191851360e-02 1.0998390158439147e-02 9.4509790466651543e+02
1.0630178705645877e+01 2.6781221390716599e-02 1.1275062399011354e-02 9.4517968503403063e+02
1.0898308582655909e+01 2.7681973911058776e-02 1.1558688630393187e-02 9.4526212323407003e+02
1.1173201622632087e+01 2.8613146534996293e-02 1.1849443435974520e-02 9.4534522483636169e+02
1.1455028415938356e+01 2.9575766606535214e-02 1.2147505775381269e-02 9.4542899545848775e+02
1.1743963855817714e+01 3.0570896165017316e-02 1.2453059093945654e-02 9.4551344076630915e+02
1.2040187246925745e+01 3.1599633116846840e-02 1.2766291434907241e-02 9.4559856647439165e+02
1.2343882416601616e+01 3.2663112446788212e-02 1.3087395554412398e-02 9.4568437834643635e+02
1.2655237828945904e+01 3.3762507470172252e-02 1.3416569039382049e-02 9.4577088219571488e+02
1.2974446701775660e+01 3.4899031127391039e-02 1.3754014428318631e-02 9.4585808388550515e+02
1.3301707126529635e+01 3.6073937322110734e-02 1.4099939335125513e-02 9.4594598932953625e+02
1.3637222191197901e+01 3.7288522304678405e-02 1.4454556576013631e-02 9.4603460449243494e+02
1.3981200106352077e+01 3.8544126102248583e-02 1.4818084299571883e-02 9.4612393539017569e+02
1.4333854334354655e+01 3.9842133997208672e-02 1.5190746120080135e-02 9.4621398809053619e+02
1.4695403721827240e+01 4.1183978055532713e-02 1.5572771254144968e-02 9.4630476871355631e+02
1.5066072635460232e+01 4.2571138706751124e-02 1.5964394660741024e-02 9.4639628343200081e+02
1.5446091101248092e+01 4.4005146377278904e-02 1.6365857184742219e-02 9.4648853847183057e+02
1.5835694947236471e+01 4.5487583178903980e-02 1.6777405704029545e-02 9.4658154011266959e+02
1.6235125949870127e+01 4.7020084654299667e-02 1.7199293280264268e-02 9.4667529468828570e+02
1.6644631984032021e+01 4.8604341581485584e-02 1.7631779313417213e-02 9.4676980858707168e+02
1.7064467176867058e+01 5.0242101839229163e-02 1.8075129700147737e-02 9.4686508825252849e+02
1.7494892065485832e+01 5.1935172335445326e-02 1.8529616996127544e-02 9.4696114018375783e+02
1.7936173758645992e+01 5.3685421000721080e-02 1.8995520582407183e-02 9.4705797093595481e+02
1.8388586102512072e+01 5.5494778849166350e-02 1.9473126835925794e-02 9.4715558712090967e+02
1.8852409850596029e+01 5.7365242108862319e-02 1.9962729304266357e-02 9.4725399540751005e+02
1.9327932837984612e+01 5.9298874424260316e-02 2.0464628884762217e-02 9.4735320252225222e+02
1.9815450159961028e+01 6.1297809132958632e-02 2.0979134008062221e-02 9.4745321524975293e+02
2.0315264355132260e+01 6.3364251619371162e-02 2.1506560826265418e-02 9.4755404043326769e+02
2.0827685593175520e+01 6.5500481747883921e-02 2.2047233405738300e-02 9.4765568497521645e+02
2.1353031867320066e+01 6.7708856378182775e-02 2.2601483924730527e-02 9.4775815583770986e+02
2.1891629191684444e+01 6.9991811965530198e-02 2.3169652875908400e-02 9.4786146004308387e+02
2.2443811803590894e+01 7.2351867248856533e-02 2.3752089273927295e-02 9.4796560467443919e+02
2.3009922370983041e+01 7.4791626029634128e-02 2.4349150868168475e-02 9.4807059687618130e+02
2.3590312205075438e+01 7.7313780044599614e-02 2.4961204360767739e-02 9.4817644385457390e+02
2.4185341478366553e+01 7.9921111935491923e-02 2.5588625630066902e-02 9.4828315287828934e+02
2.4795379448151209e+01 8.2616498319085782e-02 2.6231799959622781e-02 9.4839073127896972e+02
2.5420804685670412e+01 8.5402912960904409e-02 2.6891122272910566e-02 9.4849918645179127e+02
2.6062005311041339e+01 8.8283430056115331e-02 2.7566997373863155e-02 9.4860852585603277e+02
2.6719379234113131e+01 9.1261227621228444e-02 2.8259840193390433e-02 9.4871875701565284e+02
2.7393334401397578e+01 9.4339591000336814e-02 2.8970076042026317e-02 9.4882988751987011e+02
2.8084289049228726e+01 9.7521916489771557e-02 2.9698140868855753e-02 9.4894192502375051e+02
2.8792671963307562e+01 1.0081171508516645e-01 3.0444481526876201e-02 9.4905487724879595e+02
2.9518922744793628e+01 1.0421261635506894e-01 3.1209556044953086e-02 9.4916875198354739e+02
3.0263492083108396e+01 1.0772837244537058e-01 3.1993833906532550e-02 9.4928355708418326e+02
3.1026842035619371e+01 1.1136286221897297e-01 3.2797796335277588e-02 9.4939930047513053e+02
3.1809446314379255e+01 1.1512009553526034e-01 3.3621936587799738e-02 9.4951599014968281e+02
3.2611790580097207e+01 1.1900421767409550e-01 3.4466760253660897e-02 9.4963363417061487e+02
3.3434372743525394e+01 1.2301951390922426e-01 3.5332785562825167e-02 9.4975224067081490e+02
3.4277703274447518e+01 1.2717041423613196e-01 3.6220543700744789e-02 9.4987181785391579e+02
3.5142305518460837e+01 1.3146149825956735e-01 3.7130579131268389e-02 9.4999237399493381e+02
3.6028716021748963e+01 1.3589750024612940e-01 3.8063449927565267e-02 9.5011391744091361e+02
3.6937484864046041e+01 1.4048331434748718e-01 3.9019728111262648e-02 9.5023645661158127e+02
3.7869176000000003e+01 1.4522399999999999e-01 4.0000000000000001e-02 9.5036181599999998e+02
4.3041052999999998e+01 1.7518300000000001e-01 4.5440000000000001e-02 9.5106334000000004e+02
4.8216613000000002e+01 2.0675099999999999e-01 5.0880000000000002e-02 9.5171886500000005e+02
5.3395639000000003e+01 2.4013399999999999e-01 5.6320000000000002e-02 9.5234152500000005e+02
5.8577992000000002e+01 2.7578799999999998e-01 6.1760000000000002e-02 9.5294512099999997e+02
6.3763604000000001e+01 3.1442599999999998e-01 6.7199999999999996e-02 9.5354390699999999e+02
6.8952489999999997e+01 3.5700500000000002e-01 7.2639999999999996e-02 9.5415231000000006e+02
7.4144739999999999e+01 4.0470800000000001e-01 7.8079999999999997e-02 9.5478466200000003e+02
7.9340523000000005e+01 4.5892800000000000e-01 8.3519999999999997e-02 9.5545496200000002e+02
8.4540081999999998e+01 5.2124099999999995e-01 8.8959999999999997e-02 9.5617670199999998e+02
8.9743731999999994e+01 5.9338400000000002e-01 9.4399999999999998e-02 9.5696272799999997e+02
9.4951856000000006e+01 6.7723199999999995e-01 9.9839999999999998e-02 9.5782515000000001e+02
1.0016490200000000e+02 7.7477499999999999e-01 1.0528000000000000e-01 9.5877527499999997e+02
1.0538334399999999e+02 8.8603399999999999e-01 1.1072000000000000e-01 9.5980464800000004e+02
1.1060758100000000e+02 1.0120169999999999e+00 1.1616000000000000e-01 9.6091424700000005e+02
1.1583813300000000e+02 1.1568140000000000e+00 1.2160000000000000e-01 9.6213123099999996e+02
1.2107562500000000e+02 1.3232150000000000e+00 1.2703999999999999e-01 9.6346866499999999e+02
1.2632073800000001e+02 1.5137680000000000e+00 1.3247999999999999e-01 9.6493609900000001e+02
1.3157419999999999e+02 1.7309120000000000e+00 1.3791999999999999e-01 9.6654110700000001e+02
1.3683677800000001e+02 1.9770080000000001e+00 1.4335999999999999e-01 9.6828984400000002e+02
1.4210926799999999e+02 2.2543510000000002e+00 1.4879999999999999e-01 9.7018732299999999e+02
1.4739249000000001e+02 2.5651720000000000e+00 1.5423999999999999e-01 9.7223759199999995e+02
1.5268728400000001e+02 2.9116379999999999e+00 1.5967999999999999e-01 9.7444385299999999e+02
1.5799450700000000e+02 3.2958409999999998e+00 1.6511999999999999e-01 9.7680856200000005e+02
1.6331502499999999e+02 3.7198060000000002e+00 1.7055999999999999e-01 9.7933349699999997e+02
1.6864971299999999e+02 4.1854779999999998e+00 1.7599999999999999e-01 9.8201983600000005e+02
1.7399945299999999e+02 4.6947270000000003e+00 1.8143999999999999e-01 9.8486820899999998e+02
1.7936512500000001e+02 5.2493390000000000e+00 1.8687999999999999e-01 9.8787875399999996e+02
1.8474761200000000e+02 5.8510220000000004e+00 1.9231999999999999e-01 9.9105116999999996e+02
1.9014779300000001e+02 6.5014019999999997e+00 1.9775999999999999e-01 9.9438476000000003e+02
1.9556654100000000e+02 7.2020200000000001e+00 2.0319999999999999e-01 9.9787847399999998e+02
2.0100472500000001e+02 7.9543379999999999e+00 2.0863999999999999e-01 1.0015309500000000e+03
2.0646320399999999e+02 8.7597369999999994e+00 2.1407999999999999e-01 1.0053405500000000e+03
2.1194282799999999e+02 9.6195190000000004e+00 2.1951999999999999e-01 1.0093053930000000e+03
2.1744443600000000e+02 1.0534905999999999e+01 2.2495999999999999e-01 1.0134233850000001e+03
2.2296885499999999e+02 1.1507047000000000e+01 2.3039999999999999e-01 1.0176922479999999e+03
2.2851689900000000e+02 1.2537015000000000e+01 2.3583999999999999e-01 1.0221095470000000e+03
2.3408937000000000e+02 1.3625811000000001e+01 2.4127999999999999e-01 1.0266727109999999e+03
2.3968705299999999e+02 1.4774367000000000e+01 2.4671999999999999e-01 1.0313790530000001e+03
2.4531072000000000e+02 1.5983546000000000e+01 2.5216000000000000e-01 1.0362257920000000e+03
2.5096112800000000e+02 1.7254145999999999e+01 2.5760000000000000e-01 1.0412100670000000e+03
2.5663901600000003e+02 1.8586901999999998e+01 2.6304000000000000e-01 1.0463289510000000e+03
2.6234510899999998e+02 1.9982488000000000e+01 2.6848000000000000e-01 1.0515794690000000e+03
2.6808011499999998e+02 2.1441517999999999e+01 2.7392000000000000e-01 1.0569586059999999e+03
2.7384472499999998e+02 2.2964548000000001e+01 2.7936000000000000e-01 1.0624633180000001e+03
2.7963961499999999e+02 2.4552083000000000e+01 2.8480000000000000e-01 1.0680905439999999e+03
2.8546544299999999e+02 2.6204570000000000e+01 2.9024000000000000e-01 1.0738372110000000e+03
2.9132285000000002e+02 2.7922408999999998e+01 2.9568000000000000e-01 1.0797002460000001e+03
2.9721246100000002e+02 2.9705950000000001e+01 3.0112000000000000e-01 1.0856765780000001e+03
3.0313488500000000e+02 3.1555496000000002e+01 3.0656000000000000e-01 1.0917631480000000e+03
3.0909071200000000e+02 3.3471305000000001e+01 3.1200000000000000e-01 1.0979569120000001e+03
3.1508051799999998e+02 3.5453589999999998e+01 3.1744000000000000e-01 1.1042548469999999e+03
3.2110486100000003e+02 3.7502527999999998e+01 3.2288000000000000e-01 1.1106539570000000e+03
3.2716428400000001e+02 3.9618250000000003e+01 3.2832000000000000e-01 1.1171512720000001e+03
3.3325931300000002e+02 4.1800854999999999e+01 3.3376000000000000e-01 1.1237438589999999e+03
3.3939045900000002e+02 4.4050403000000003e+01 3.3920000000000000e-01 1.1304288180000001e+03
3.4555821600000002e+02 4.6366922000000002e+01 3.4464000000000000e-01 1.1372032899999999e+03
3.5176306299999999e+02 4.8750407000000003e+01 3.5008000000000000e-01 1.1440644569999999e+03
3.5800546600000001e+02 5.1200822000000002e+01 3.5552000000000000e-01 1.1510095440000000e+03
3.6428426300000001e+02 5.3429130999999998e+01 3.6096000000000000e-01 1.1572308000000000e+03
3.7059498400000001e+02 5.5491142000000004e+01 3.6640000000000000e-01 1.1629005780000000e+03
3.7693598200000002e+02 5.7514296000000002e+01 3.7184000000000000e-01 1.1683813829999999e+03
3.8330647299999998e+02 5.9525570999999999e+01 3.7728000000000000e-01 1.1737508180000000e+03
3.8970595800000001e+02 6.1537619999999997e+01 3.8272000000000000e-01 1.1790453900000000e+03
3.9613409200000001e+02 6.3557752999999998e+01 3.8816000000000001e-01 1.1842861920000000e+03
4.0259030700000000e+02 6.5482814000000005e+01 3.9360000000000001e-01 1.1892119259999999e+03
4.0907150500000000e+02 6.7226369000000005e+01 3.9904000000000001e-01 1.1936111060000001e+03
4.1557638600000001e+02 6.8962615999999997e+01 4.0448000000000001e-01 1.1979324389999999e+03
4.2210467899999998e+02 7.0709534000000005e+01 4.0992000000000001e-01 1.2022222230000000e+03
4.2865626400000002e+02 7.2473573999999999e+01 4.1536000000000001e-01 1.2064969320000000e+03
4.3523108100000002e+02 7.4258059000000003e+01 4.2080000000000001e-01 1.2107649200000001e+03
4.4182911100000001e+02 7.6065016000000000e+01 4.2624000000000001e-01 1.2150311409999999e+03
4.4845035100000001e+02 7.7895805999999993e+01 4.3168000000000001e-01 1.2192988150000001e+03
4.5509481699999998e+02 7.9751405000000005e+01 4.3712000000000001e-01 1.2235701570000001e+03
4.6176253300000002e+02 8.1632552000000004e+01 4.4256000000000001e-01 1.2278467530000000e+03
4.6845353100000000e+02 8.3539823999999996e+01 4.4800000000000001e-01 1.2321297720000000e+03
4.7516784899999999e+02 8.5473685000000003e+01 4.5344000000000001e-01 1.2364200900000001e+03
4.8190552700000001e+02 8.7434517999999997e+01 4.5888000000000001e-01 1.2407183720000000e+03
4.8866661199999999e+02 8.9422646000000000e+01 4.6432000000000001e-01 1.2450251270000001e+03
4.9545114899999999e+02 9.1438339999999997e+01 4.6976000000000001e-01 1.2493407450000000e+03
5.0225918799999999e+02 9.3481838999999994e+01 4.7520000000000001e-01 1.2536655200000000e+03
5.0909078000000000e+02 9.5553347000000002e+01 4.8064000000000001e-01 1.2579996759999999e+03
5.1594597499999998e+02 9.7653047000000001e+01 4.8608000000000001e-01 1.2623433769999999e+03
5.2282482700000003e+02 9.9781098000000000e+01 4.9152000000000001e-01 1.2666967400000001e+03
5.2972738900000002e+02 1.0193764500000000e+02 4.9696000000000001e-01 1.2710598410000000e+03
5.3665371200000004e+02 1.0412281500000000e+02 5.0239999999999996e-01 1.2754327240000000e+03
5.4360384999999997e+02 1.0633672300000001e+02 5.0783999999999996e-01 1.2798154090000000e+03
5.5057785799999999e+02 1.0857947400000000e+02 5.1327999999999996e-01 1.2842078890000000e+03
5.5757578699999999e+02 1.1085116200000000e+02 5.1871999999999996e-01 1.2886101400000000e+03
5.6459769200000005e+02 1.1315187200000000e+02 5.2415999999999996e-01 1.2930221220000001e+03
5.7164362400000005e+02 1.1548168099999999e+02 5.2959999999999996e-01 1.2974437809999999e+03
5.7871363699999995e+02 1.1784065900000000e+02 5.3503999999999996e-01 1.3018750500000001e+03
5.8580778199999997e+02 1.2022886900000000e+02 5.4047999999999996e-01 1.3063158510000001e+03
5.9292611199999999e+02 1.2264636900000001e+02 5.4591999999999996e-01 1.3107661020000000e+03
6.0006867599999998e+02 1.2509321000000000e+02 5.5135999999999996e-01 1.3152257070000001e+03
6.0723552600000005e+02 1.2756944000000000e+02 5.5679999999999996e-01 1.3196945679999999e+03
6.1442671299999995e+02 1.3007509999999999e+02 5.6223999999999996e-01 1.3241725799999999e+03
6.2164228400000002e+02 1.3261022800000001e+02 5.6767999999999996e-01 1.3286596320000001e+03
6.2888229000000001e+02 1.3517485600000001e+02 5.7311999999999996e-01 1.3331556120000000e+03
6.3614677900000004e+02 1.3776901500000000e+02 5.7855999999999996e-01 1.3376604010000001e+03
6.4343579799999998e+02 1.4039273100000000e+02 5.8399999999999996e-01 1.3421738789999999e+03
6.5074939300000005e+02 1.4304602499999999e+02 5.8943999999999996e-01 1.3466959230000000e+03
6.5808761300000003e+02 1.4572891700000000e+02 5.9487999999999996e-01 1.3512264080000000e+03
6.6545050100000003e+02 1.4844142199999999e+02 6.0031999999999996e-01 1.3557652060000000e+03
6.7283810200000005e+02 1.5118355399999999e+02 6.0575999999999997e-01 1.3603121900000001e+03
6.8025046199999997e+02 1.5395532200000000e+02 6.1119999999999997e-01 1.3648672290000000e+03
6.8768762400000003e+02 1.5675673399999999e+02 6.1663999999999997e-01 1.3694301920000000e+03
6.9514962900000000e+02 1.5958779600000000e+02 6.2207999999999997e-01 1.3740009490000000e+03
7.0263652100000002e+02 1.6244850900000000e+02 6.2751999999999997e-01 1.3785793679999999e+03
7.1014833999999996e+02 1.6533887300000001e+02 6.3295999999999997e-01 1.3831653170000000e+03
7.1768512799999996e+02 1.6825888699999999e+02 6.3839999999999997e-01 1.3877586630000001e+03
7.2524692300000004e+02 1.7120854600000001e+02 6.4383999999999997e-01 1.3923592739999999e+03
7.3283376599999997e+02 1.7418784400000001e+02 6.4927999999999997e-01 1.3969670180000001e+03
7.4044569400000000e+02 1.7719677200000001e+02 6.5471999999999997e-01 1.4015817629999999e+03
7.4808274600000004e+02 1.8023532100000000e+02 6.6015999999999997e-01 1.4062033790000000e+03
7.5574495899999999e+02 1.8330347699999999e+02 6.6559999999999997e-01 1.4108317330000000e+03
7.6343236800000000e+02 1.8640122800000000e+02 6.7103999999999997e-01 1.4154666960000000e+03
7.7114500899999996e+02 1.8952855800000000e+02 6.7647999999999997e-01 1.4201081369999999e+03
7.7888291700000002e+02 1.9268544900000001e+02 6.8191999999999997e-01 1.4247559280000000e+03
7.8664612699999998e+02 1.9587188300000000e+02 6.8735999999999997e-01 1.4294099409999999e+03
7.9443467199999998e+02 1.9908784000000000e+02 6.9279999999999997e-01 1.4340700480000000e+03
8.0224858500000005e+02 2.0233329900000001e+02 6.9823999999999997e-01 1.4387361229999999e+03
8.1008789700000000e+02 2.0560823500000001e+02 7.0367999999999997e-01 1.4434080409999999e+03
8.1795264099999997e+02 2.0891262499999999e+02 7.0911999999999997e-01 1.4480856759999999e+03
8.2584284700000001e+02 2.1224644400000000e+02 7.1455999999999997e-01 1.4527689049999999e+03
8.3375854500000003e+02 2.1560966300000001e+02 7.1999999999999997e-01 1.4574576070000001e+03
8.4169976399999996e+02 2.1900225599999999e+02 7.2543999999999997e-01 1.4621516600000000e+03
8.4966653399999996e+02 2.2242419300000000e+02 7.3087999999999997e-01 1.4668509429999999e+03
8.5765888299999995e+02 2.2587544399999999e+02 7.3631999999999997e-01 1.4715553379999999e+03
8.6567683699999998e+02 2.2935597700000000e+02 7.4175999999999997e-01 1.4762647280000001e+03
8.7372042399999998e+02 2.3286575900000000e+02 7.4719999999999998e-01 1.4809789949999999e+03
8.8178967100000000e+02 2.3640475900000001e+02 7.5263999999999998e-01 1.4856980249999999e+03
8.8988460199999997e+02 2.3997293999999999e+02 7.5807999999999998e-01 1.4904217030000000e+03
8.9800524199999995e+02 2.4357026900000000e+02 7.6351999999999998e-01 1.4951499170000000e+03
9.0615161699999999e+02 2.4719670800000000e+02 7.6895999999999998e-01 1.4998825549999999e+03
9.1432374900000002e+02 2.5085222200000001e+02 7.7439999999999998e-01 1.5046195070000001e+03
9.2252166299999999e+02 2.5453677200000001e+02 7.7983999999999998e-01 1.5093606640000000e+03
9.3074537999999995e+02 2.5825032099999999e+02 7.8527999999999998e-01 1.5141059200000000e+03
9.3899492199999997e+02 2.6199282799999997e+02 7.9071999999999998e-01 1.5188551660000001e+03
9.4727031099999999e+02 2.6576425399999999e+02 7.9615999999999998e-01 1.5236083000000001e+03
9.5557156899999995e+02 2.6956455999999997e+02 8.0159999999999998e-01 1.5283652159999999e+03
9.6389871400000004e+02 2.7339370300000002e+02 8.0703999999999998e-01 1.5331258140000000e+03
9.7225176699999997e+02 2.7725164200000000e+02 8.1247999999999998e-01 1.5378899910000000e+03
9.8063074700000004e+02 2.8113833499999998e+02 8.1791999999999998e-01 1.5426576490000000e+03
9.8903567299999997e+02 2.8505374000000000e+02 8.2335999999999998e-01 1.5474286890000001e+03
9.9746656299999995e+02 2.8899781200000001e+02 8.2879999999999998e-01 1.5522030159999999e+03
1.0059234350000000e+03 2.9297050999999999e+02 8.3423999999999998e-01 1.5569805320000000e+03
1.0144063050000000e+03 2.9697178800000000e+02 8.3967999999999998e-01 1.5617611449999999e+03
1.0229151900000001e+03 3.0100160299999999e+02 8.4511999999999998e-01 1.5665447620000000e+03
1.0314501060000000e+03 3.0505990900000000e+02 8.5055999999999998e-01 1.5713312920000001e+03
1.0400110689999999e+03 3.0914666299999999e+02 8.5599999999999998e-01 1.5761206450000000e+03
1.0485980939999999e+03 3.1326181900000000e+02 8.6143999999999998e-01 1.5809127320000000e+03
1.0572111960000000e+03 3.1740533199999999e+02 8.6687999999999998e-01 1.5857074680000001e+03
1.0658503890000000e+03 3.2157715600000000e+02 8.7231999999999998e-01 1.5905047669999999e+03
1.0745156860000000e+03 3.2577724699999999e+02 8.7775999999999998e-01 1.5953045450000000e+03
1.0832071010000000e+03 3.3000555900000001e+02 8.8319999999999999e-01 1.6001067200000000e+03
1.0919246459999999e+03 3.3426204600000000e+02 8.8863999999999999e-01 1.6049112120000000e+03
1.1006683350000001e+03 3.3854666500000002e+02 8.9407999999999999e-01 1.6097179430000001e+03
1.1094381780000001e+03 3.4285937100000001e+02 8.9951999999999999e-01 1.6145268349999999e+03
1.1182341879999999e+03 3.4720011899999997e+02 9.0495999999999999e-01 1.6193378140000000e+03
1.1270563749999999e+03 3.5156886700000001e+02 9.1039999999999999e-01 1.6241508070000000e+03
1.1359047510000000e+03 3.5596557200000001e+02 9.1583999999999999e-01 1.6289657440000001e+03
1.1447793260000001e+03 3.6039019300000001e+02 9.2127999999999999e-01 1.6337825570000000e+03
1.1536801089999999e+03 3.6484269100000000e+02 9.2671999999999999e-01 1.6386011820000001e+03
1.1626071110000000e+03 3.6932303000000002e+02 9.3215999999999999e-01 1.6434215580000000e+03
1.1715603410000001e+03 3.7383117499999997e+02 9.3759999999999999e-01 1.6482436290000001e+03
1.1805398080000000e+03 3.7836709800000000e+02 9.4303999999999999e-01 1.6530673429999999e+03
1.1895455199999999e+03 3.8293077499999998e+02 9.4847999999999999e-01 1.6578926580000000e+03
1.1985774870000000e+03 3.8752219500000001e+02 9.5391999999999999e-01 1.6627195440000000e+03
1.2076357170000001e+03 3.9214136300000001e+02 9.5935999999999999e-01 1.6675479869999999e+03
1.2167202179999999e+03 3.9678831800000000e+02 9.6479999999999999e-01 1.6723780110000000e+03
1.2258309990000000e+03 4.0146318600000001e+02 9.7023999999999999e-01 1.6772097269999999e+03
1.2349680710000000e+03 4.0616656399999999e+02 9.7567999999999999e-01 1.6820437300000001e+03
1.2441314450000000e+03 4.1089768600000002e+02 9.8111999999999999e-01 1.6868792149999999e+03
1.2533211260000000e+03 4.1565570600000001e+02 9.8655999999999999e-01 1.6917153020000001e+03
1.2625371180000000e+03 4.2044056599999999e+02 9.9199999999999999e-01 1.6965519270000000e+03
1.2717794230000000e+03 4.2525220899999999e+02 9.9743999999999999e-01 1.7013890269999999e+03
1.2810480419999999e+03 4.3009057600000000e+02 1.0028800000000000e+00 1.7062265370000000e+03
1.2903429799999999e+03 4.3495560999999998e+02 1.0083200000000001e+00 1.7110643970000001e+03
1.2996642360000001e+03 4.3984725300000002e+02 1.0137600000000000e+00 1.7159025449999999e+03
1.3090118130000001e+03 4.4476544699999999e+02 1.0192000000000001e+00 1.7207409210000001e+03
1.3183857109999999e+03 4.4971013499999998e+02 1.0246400000000000e+00 1.7255794670000000e+03
1.3277859320000000e+03 4.5468125800000001e+02 1.0300800000000001e+00 1.7304181240000000e+03
1.3372124759999999e+03 4.5967875900000001e+02 1.0355200000000000e+00 1.7352568360000000e+03
1.3466653429999999e+03 4.6470258100000001e+02 1.0409600000000001e+00 1.7400955460000000e+03
1.3561445320000000e+03 4.6975266599999998e+02 1.0464000000000000e+00 1.7449341990000000e+03
1.3656500440000000e+03 4.7482895600000001e+02 1.0518400000000001e+00 1.7497727400000001e+03
1.3751818770000000e+03 4.7993139300000001e+02 1.0572800000000000e+00 1.7546111180000000e+03
1.3847400310000000e+03 4.8505992099999997e+02 1.0627200000000001e+00 1.7594492780000000e+03
1.3943245039999999e+03 4.9021448199999998e+02 1.0681600000000000e+00 1.7642871689999999e+03
1.4039352950000000e+03 4.9539501899999999e+02 1.0736000000000001e+00 1.7691247420000000e+03
1.4135724020000000e+03 5.0060147400000000e+02 1.0790400000000000e+00 1.7739619439999999e+03
1.4232358220000001e+03 5.0583379000000002e+02 1.0844800000000001e+00 1.7787987290000001e+03
1.4329255530000000e+03 5.1109191099999998e+02 1.0899200000000000e+00 1.7836350470000000e+03
1.4426415930000001e+03 5.1637577999999996e+02 1.0953599999999999e+00 1.7884708499999999e+03
1.4523839379999999e+03 5.2168533800000000e+02 1.1008000000000000e+00 1.7933060929999999e+03
1.4621525859999999e+03 5.2702053100000001e+02 1.1062399999999999e+00 1.7981407290000000e+03
1.4719475330000000e+03 5.3238130100000001e+02 1.1116800000000000e+00 1.8029747130000001e+03
1.4817687750000000e+03 5.3776759100000004e+02 1.1171199999999999e+00 1.8078080010000001e+03
1.4916163090000000e+03 5.4317934600000001e+02 1.1225600000000000e+00 1.8126405490000000e+03
1.5014901290000000e+03 5.4861650799999995e+02 1.1279999999999999e+00 1.8174723140000001e+03
1.5113902330000001e+03 5.5407902200000001e+02 1.1334400000000000e+00 1.8223032539999999e+03
1.5213166150000000e+03 5.5956683199999998e+02 1.1388799999999999e+00 1.8271333279999999e+03
1.5312692709999999e+03 5.6507988200000000e+02 1.1443200000000000e+00 1.8319624950000000e+03
1.5412481940000000e+03 5.7061811499999999e+02 1.1497599999999999e+00 1.8367907150000001e+03
1.5512533810000000e+03 5.7618147699999997e+02 1.1552000000000000e+00 1.8416179480000001e+03
1.5612848260000001e+03 5.8176991099999998e+02 1.1606399999999999e+00 1.8464441560000000e+03
1.5713425230000000e+03 5.8738336200000003e+02 1.1660800000000000e+00 1.8512692999999999e+03
1.5814264659999999e+03 5.9302177500000005e+02 1.1715199999999999e+00 1.8560933439999999e+03
1.5915366480000000e+03 5.9868509500000005e+02 1.1769600000000000e+00 1.8609162500000000e+03
1.6016730650000000e+03 6.0437326700000006e+02 1.1823999999999999e+00 1.8657379830000000e+03
1.6118357090000000e+03 6.1008623499999999e+02 1.1878400000000000e+00 1.8705585060000001e+03
1.6220245729999999e+03 6.1582394499999998e+02 1.1932799999999999e+00 1.8753777849999999e+03
1.6322396510000001e+03 6.2158634300000006e+02 1.1987200000000000e+00 1.8801957849999999e+03
1.6424809350000000e+03 6.2737337400000001e+02 1.2041599999999999e+00 1.8850124730000000e+03
1.6527483810000001e+03 6.3314964999999995e+02 1.2096000000000000e+00 1.8897985730000000e+03
1.6630416780000000e+03 6.3888072199999999e+02 1.2150399999999999e+00 1.8945258890000000e+03
1.6733606190000000e+03 6.4460711900000001e+02 1.2204800000000000e+00 1.8992282430000000e+03
1.6837050930000000e+03 6.5033846700000004e+02 1.2259199999999999e+00 1.9039137310000001e+03
1.6940750190000001e+03 6.5607931599999995e+02 1.2313600000000000e+00 1.9085862050000001e+03
1.7044703350000000e+03 6.6183237599999995e+02 1.2367999999999999e+00 1.9132479770000000e+03
1.7148909850000000e+03 6.6759945800000003e+02 1.2422400000000000e+00 1.9179006010000001e+03
1.7253369240000000e+03 6.7338185599999997e+02 1.2476799999999999e+00 1.9225451980000000e+03
1.7358081099999999e+03 6.7918054500000005e+02 1.2531200000000000e+00 1.9271826160000001e+03
1.7463045059999999e+03 6.8499627999999996e+02 1.2585599999999999e+00 1.9318135190000000e+03
1.7568260780000001e+03 6.9082966199999998e+02 1.2640000000000000e+00 1.9364384410000000e+03
1.7673727940000001e+03 6.9668118100000004e+02 1.2694399999999999e+00 1.9410578190000001e+03
1.7779446260000000e+03 7.0255124200000000e+02 1.2748800000000000e+00 1.9456720190000001e+03
1.7885415459999999e+03 7.0844018300000005e+02 1.2803199999999999e+00 1.9502813500000000e+03
1.7991635289999999e+03 7.1434829300000001e+02 1.2857600000000000e+00 1.9548860780000000e+03
1.8098105490000000e+03 7.2027581699999996e+02 1.2911999999999999e+00 1.9594864310000000e+03
1.8204825840000001e+03 7.2622296400000005e+02 1.2966400000000000e+00 1.9640826099999999e+03
1.8311796119999999e+03 7.3218992000000003e+02 1.3020799999999999e+00 1.9686747909999999e+03
1.8419016110000000e+03 7.3817684199999997e+02 1.3075200000000000e+00 1.9732631280000001e+03
1.8526485610000000e+03 7.4418387199999995e+02 1.3129599999999999e+00 1.9778477620000001e+03
1.8634204410000000e+03 7.5021113100000002e+02 1.3184000000000000e+00 1.9824288150000000e+03
1.8742172330000001e+03 7.5625872700000002e+02 1.3238399999999999e+00 1.9870063990000001e+03
1.8850389180000000e+03 7.6232675700000004e+02 1.3292800000000000e+00 1.9915806140000000e+03
1.8958854790000000e+03 7.6841530399999999e+02 1.3347199999999999e+00 1.9961515520000000e+03
1.9067568960000001e+03 7.7452444500000001e+02 1.3401600000000000e+00 2.0007192950000001e+03
1.9176531540000001e+03 7.8065424399999995e+02 1.3455999999999999e+00 2.0052839180000001e+03
1.9285742350000000e+03 7.8680476199999998e+02 1.3510400000000000e+00 2.0098454919999999e+03
1.9395201239999999e+03 7.9297605099999998e+02 1.3564799999999999e+00 2.0144040780000000e+03
1.9504908029999999e+03 7.9916815799999995e+02 1.3619200000000000e+00 2.0189597349999999e+03
1.9614862570000000e+03 8.0538112300000000e+02 1.3673599999999999e+00 2.0235125160000000e+03
1.9725064709999999e+03 8.1161498300000005e+02 1.3728000000000000e+00 2.0280624710000000e+03
1.9835514300000000e+03 8.1786977000000002e+02 1.3782399999999999e+00 2.0326096460000001e+03
1.9946211169999999e+03 8.2414551200000005e+02 1.3836800000000000e+00 2.0371540829999999e+03
2.0057155200000000e+03 8.3044223399999998e+02 1.3891199999999999e+00 2.0416958210000000e+03
2.0168346220000001e+03 8.3675995699999999e+02 1.3945600000000000e+00 2.0462348970000000e+03
2.0279784099999999e+03 8.4309870000000001e+02 1.3999999999999999e+00 2.0507713440000002e+03
