# epsilon[MeV/fm^3] P[MeV/fm^3] nB[fm^-3] muB[MeV]
4.3514892049562272e-07 9.0000000794219998e-12 4.6796200000000002e-10 9.2990010724260003e+02
5.4394952759824855e-07 1.2854500250148002e-11 5.8496400000000005e-10 9.2990743275720001e+02
6.8239664606092796e-07 1.8414700022552000e-11 7.3384599999999997e-10 9.2991587774760001e+02
8.5763463874259032e-07 2.6380199998860002e-11 9.2229000000000003e-10 9.2992551188760001e+02
1.0799253715994732e-06 3.7791099667920001e-11 1.1613300000000000e-09 9.2993648532329996e+02
1.3625442882637764e-06 5.4137899979800000e-11 1.4652400000000000e-09 9.2994894782519998e+02
1.7226605254650248e-06 7.7555599791040007e-11 1.8524800000000000e-09 9.2996308925910000e+02
2.1826057027272589e-06 1.1110299984364001e-10 2.3470600000000000e-09 9.2997909967860005e+02
2.7713348204539073e-06 1.5916099965360000e-10 2.9801100000000000e-09 9.2999716876169998e+02
3.5266032513682487e-06 2.2800800111288001e-10 3.7922200000000000e-09 9.3001754656409992e+02
4.4975537964996660e-06 3.2663399940042002e-10 4.8362200000000001e-09 9.3004045271789994e+02
4.5807460305493105e-06 3.3555999792714001e-10 4.9256699999999996e-09 9.3004228160820003e+02
4.7281205653478515e-06 3.3656599963290001e-10 5.0841300000000003e-09 9.3004248152130003e+02
6.5759177435918250e-06 5.4515600232911993e-10 7.0708799999999999e-09 9.3007696075620004e+02
9.1998724984833464e-06 8.8567000200420000e-10 9.8920399999999997e-09 9.3011730648750006e+02
1.2918168885426129e-05 1.4388700552640002e-09 1.3889600000000001e-08 9.3016406831190000e+02
1.8201380444258739e-05 2.3376200076990001e-09 1.9569300000000001e-08 9.3021808578930006e+02
2.5725895950178280e-05 3.7977398937599994e-09 2.7657999999999999e-08 9.3028025838780002e+02
3.6463989818522291e-05 6.1698799253159997e-09 3.9200400000000002e-08 9.3035162548649998e+02
5.1813630126296458e-05 1.0023700173792000e-08 5.5698400000000002e-08 9.3043332628019994e+02
7.3785560512054020e-05 1.6284700005120000e-08 7.9311899999999997e-08 9.3052664006250006e+02
1.0527189036420272e-04 2.6456400399219999e-08 1.1314700000000000e-07 9.3063298613190000e+02
1.5043483705694415e-04 4.2981499428689995e-08 1.6167299999999999e-07 9.3075400323120004e+02
1.5143539825673478e-04 4.3369399516159995e-08 1.6274800000000000e-07 9.3075639185940008e+02
1.5666718390755263e-04 4.3499599327679997e-08 1.6836899999999999e-07 9.3075719132400002e+02
1.8247319946392853e-04 5.3487099479700000e-08 1.9609400000000001e-07 9.3081203831400001e+02
2.1304949570856091e-04 6.5965099669560007e-08 2.2894200000000001e-07 9.3087079295249998e+02
2.4880173202308656e-04 8.1354199584480006e-08 2.6734800000000002e-07 9.3093285559410003e+02
2.9061049213158235e-04 1.0033299847065000e-07 3.1225699999999999e-07 9.3099838615049998e+02
3.3950651358852186e-04 1.2374000051775000e-07 3.6477499999999998e-07 9.3106758453479995e+02
3.9669496520679297e-04 1.5260700009555001e-07 4.2619500000000001e-07 9.3114063056550003e+02
4.6358813252914599e-04 1.8820900209407997e-07 4.9803199999999997e-07 9.3121772415570001e+02
5.4183717856390442e-04 2.3211699768180001e-07 5.8205699999999998e-07 9.3129908512530005e+02
6.3337419989345891e-04 2.8626699988691999e-07 6.8034199999999997e-07 9.3138494352930002e+02
7.4046361643000222e-04 3.5305100162730003e-07 7.9531500000000002e-07 9.3147551899979999e+02
7.4543957324912111e-04 3.5623800038969997e-07 8.0065699999999999e-07 9.3147951660449996e+02
7.7046470619140960e-04 3.5730600246279002e-07 8.2752300000000002e-07 9.3148080575760002e+02
7.7218701201869997e-04 3.5837800248323999e-07 8.2937200000000002e-07 9.3148210505190002e+02
7.7564281539113634e-04 3.6053199741144001e-07 8.3308200000000005e-07 9.3148469349929996e+02
7.7911352986319152e-04 3.6269800105895999e-07 8.3680799999999998e-07 9.3148728185280004e+02
7.8260009510663572e-04 3.6487800290032998e-07 8.4055099999999997e-07 9.3148988034750005e+02
7.8610250285012515e-04 3.6706999922346001e-07 8.4431100000000000e-07 9.3149248879559991e+02
7.8962075319254110e-04 3.6927600351839998e-07 8.4808799999999996e-07 9.3149508719639994e+02
7.9315485471188711e-04 3.7149499796798001e-07 8.5188199999999998e-07 9.3149769564450003e+02
7.9670479058673201e-04 3.7372699824480005e-07 8.5569300000000004e-07 9.3150031404599997e+02
8.0027057791247260e-04 3.7597299948234002e-07 8.5952100000000004e-07 9.3150293244750003e+02
8.0385221698387247e-04 3.7823200230633998e-07 8.6336599999999998e-07 9.3150555094289996e+02
8.0745063029167934e-04 3.8050499711466001e-07 8.6722899999999999e-07 9.3150817929779998e+02
8.1106395596088781e-04 3.8279099715107999e-07 8.7110800000000002e-07 9.3151080774659999e+02
8.1469498722525535e-04 3.8509200436278001e-07 8.7500600000000005e-07 9.3151343619540000e+02
8.1834093096975699e-04 3.8740599815679997e-07 8.7891999999999998e-07 9.3151607459759998e+02
8.3652972322216491e-04 3.8856800310954005e-07 8.9844600000000005e-07 9.3151737379799999e+02
8.9649746606902973e-04 4.2637900225708002e-07 9.6282100000000007e-07 9.3155798930399999e+02
9.6293679962426715e-04 4.6927300060880000e-07 1.0341400000000000e-06 9.3160093353000002e+02
1.0343084479593990e-03 5.1648199988999994e-07 1.1107499999999999e-06 9.3164493704189999e+02
1.1110033276598183e-03 5.6844100521450010e-07 1.1930700000000001e-06 9.3169002988770001e+02
1.1934040547386528e-03 6.2562700512179996e-07 1.2815100000000000e-06 9.3173623206809998e+02
1.2819398888523502e-03 6.8856500094819997e-07 1.3765300000000001e-06 9.3178357353719991e+02
1.3770588621277026e-03 7.5783499966439992e-07 1.4786100000000000e-06 9.3183208434300002e+02
1.4792742600387720e-03 8.3407400117300003e-07 1.5882999999999999e-06 9.3188178448619999e+02
1.5890902438860661e-03 9.1798299673799988e-07 1.7061399999999999e-06 9.3193271378040004e+02
1.7070948934908867e-03 1.0103300084124001e-06 1.8327600000000000e-06 9.3198488236679998e+02
1.7418302566492478e-03 1.0379399925766002e-06 1.8700300000000001e-06 9.3199978345169995e+02
1.8026805910135908e-03 1.0410599913928000e-06 1.9353200000000000e-06 9.3200143242960007e+02
2.0389359400714486e-03 1.2275099896319999e-06 2.1888000000000001e-06 9.3209187794249999e+02
2.3114099463439177e-03 1.4516999917321999e-06 2.4811100000000001e-06 9.3218792017709995e+02
2.6204004641994278e-03 1.7168400063888003e-06 2.8125600000000001e-06 9.3228811983419996e+02
2.9707928967162671e-03 2.0304000155634000e-06 3.1883800000000001e-06 9.3239264696670000e+02
3.3681648965264784e-03 2.4012300084080001e-06 3.6145400000000001e-06 9.3250170129989999e+02
3.8188055776886142e-03 2.8397900147328003e-06 4.0977700000000004e-06 9.3261546284010001e+02
4.3298558716110781e-03 3.3584500068246004e-06 4.6457100000000001e-06 9.3273413140649996e+02
4.9094492242661523e-03 3.9718300068571995e-06 5.2670599999999997e-06 9.3285792691289998e+02
5.5667590537662745e-03 4.6972400276543001e-06 5.9716300000000001e-06 9.3298704917850000e+02
6.3122329168583428e-03 5.5551399798486997e-06 6.7705900000000002e-06 9.3312173811779996e+02
6.3691536418958340e-03 5.6221100036384002e-06 6.8315900000000001e-06 9.3313158221820004e+02
6.6107787783348925e-03 5.6389700285964000e-06 7.0905299999999997e-06 9.3313397075249998e+02
7.1832281514335565e-03 6.2999099885847007e-06 7.7039700000000007e-06 9.3322329697740008e+02
7.8228640480689938e-03 7.0594400109160007e-06 8.3893400000000006e-06 9.3331767013950002e+02
8.5195476220300548e-03 7.9105299722335996e-06 9.1357600000000004e-06 9.3341477175390003e+02
9.2783521214718639e-03 8.8642300383220009e-06 9.9486500000000000e-06 9.3351470163630006e+02
1.0104791977484120e-02 9.9329099737559988e-06 1.0833900000000000e-05 9.3361751969490001e+02
1.1005037422914624e-02 1.1130399980334000e-05 1.1798100000000000e-05 9.3372332602710003e+02
1.1985504705131824e-02 1.2472300012974001e-05 1.2848100000000000e-05 9.3383220044789994e+02
1.3053499763127112e-02 1.3976000053347000e-05 1.3991700000000000e-05 9.3394422305399996e+02
1.4216706487829026e-02 1.5661000693130000e-05 1.5237100000000000e-05 9.3405949366109996e+02
1.5483652631007537e-02 1.7549100191680000e-05 1.6593399999999999e-05 9.3417811227269999e+02
1.5623499832828706e-02 1.7760599953030001e-05 1.6743099999999999e-05 9.3419079468840005e+02
1.6269961736847121e-02 1.7813900213129999e-05 1.7435099999999998e-05 9.3419395273319992e+02
1.7094324515795702e-02 1.9027400207749999e-05 1.8317499999999999e-05 9.3426180186839997e+02
1.8000874089488257e-02 2.0384500450440000e-05 1.9287799999999999e-05 9.3433394852489994e+02
1.8955614232225096e-02 2.1838399047120000e-05 2.0309599999999999e-05 9.3440734433310001e+02
1.9960983560824267e-02 2.3396100553499999e-05 2.1385500000000000e-05 9.3448202938830002e+02
2.1019794814794490e-02 2.5064799654149998e-05 2.2518500000000001e-05 9.3455801364390004e+02
2.2134768910989058e-02 2.6852600343399999e-05 2.3711500000000002e-05 9.3463531710059999e+02
2.3309000859656603e-02 2.8767899159999994e-05 2.4967799999999998e-05 9.3471396971249999e+02
2.4545494036103295e-02 3.0819700065419999e-05 2.6290599999999999e-05 9.3479400162150000e+02
2.5847718880420045e-02 3.3017999946119998e-05 2.7683600000000000e-05 9.3487541254589996e+02
2.7219055484112444e-02 3.5372998881120002e-05 2.9150400000000001e-05 9.3495825272219997e+02
2.7775365070038964e-02 3.6339601209739997e-05 2.9745400000000002e-05 9.3499105302509997e+02
2.8289610775747390e-02 3.6448598719180002e-05 3.0295400000000001e-05 9.3499466085090000e+02
2.8802930737171755e-02 3.7332599735440002e-05 3.0844399999999999e-05 9.3502356336480000e+02
2.9391538203060320e-02 3.8352800962709990e-05 3.1473899999999997e-05 9.3505628375879996e+02
2.9992229144074897e-02 3.9400800335690003e-05 3.2116300000000003e-05 9.3508923392610006e+02
3.0605097595990186e-02 4.0477499896860003e-05 3.2771700000000003e-05 9.3512239395989991e+02
3.1230612131930052e-02 4.1583600119840003e-05 3.3440600000000000e-05 9.3515578386089999e+02
3.1868867160453597e-02 4.2719998743180005e-05 3.4123099999999999e-05 9.3518940362910007e+02
3.2520144922003676e-02 4.3887298648500002e-05 3.4819500000000001e-05 9.3522325326449993e+02
3.3184820445813230e-02 4.5086601561120004e-05 3.5530200000000001e-05 9.3525732271979996e+02
3.3862987887692660e-02 4.6318701748649993e-05 3.6255299999999998e-05 9.3529163208960006e+02
3.4555116462740516e-02 4.7584401826990007e-05 3.6995300000000001e-05 9.3532617123270006e+02
3.4710848908415574e-02 4.7870299693839997e-05 3.7161800000000001e-05 9.3533387666670001e+02
3.5705765632703390e-02 4.8013899962450004e-05 3.8225500000000002e-05 9.3533768431169995e+02
3.6190650245182691e-02 4.8884701265269996e-05 3.8743900000000000e-05 9.3536029073669999e+02
3.6764595537185744e-02 4.9920498059249994e-05 3.9357499999999997e-05 9.3538680481020003e+02
3.7347724170046170e-02 5.0978398185919999e-05 3.9980900000000002e-05 9.3541345870079999e+02
3.7940129948432849e-02 5.2058599241440000e-05 4.0614200000000002e-05 9.3544024264290010e+02
3.8541907483377907e-02 5.3161699756499999e-05 4.1257500000000003e-05 9.3546717635549999e+02
3.9153244015328124e-02 5.4288198430999997e-05 4.1910999999999999e-05 9.3549425007299999e+02
3.9774234210732992e-02 5.5438601263319996e-05 4.2574799999999998e-05 9.3552146370150001e+02
4.0405159191034282e-02 5.6613297948239995e-05 4.3249199999999999e-05 9.3554882728830000e+02
4.1046019389420471e-02 5.7812899551080002e-05 4.3934199999999997e-05 9.3557633069220003e+02
4.1697190276124625e-02 5.9037997871239995e-05 4.4630199999999998e-05 9.3560397410099995e+02
4.2358578444415006e-02 6.0288999023690009e-05 4.5337100000000003e-05 9.3563177732760005e+02
4.2549448380963861e-02 6.0651299975859995e-05 4.5541099999999997e-05 9.3563974248900001e+02
4.3740238175900857e-02 6.0833198906699995e-05 4.6813800000000002e-05 9.3564365013750000e+02
4.5854886274473032e-02 6.4782902450840000e-05 4.9073799999999998e-05 9.3572599057799994e+02
4.8180087401599556e-02 6.9195997901699998e-05 5.1558599999999998e-05 9.3581365787159996e+02
5.0623240020302433e-02 7.3909702371599995e-05 5.4169200000000003e-05 9.3590278418340006e+02
5.3190452397117956e-02 7.8944498346630003e-05 5.6912100000000000e-05 9.3599338970190001e+02
5.5887837732656438e-02 8.4322299027779992e-05 5.9793799999999997e-05 9.3608550419339997e+02
5.8722166587791814e-02 9.0066499795649990e-05 6.2821499999999995e-05 9.3617915789369999e+02
6.1700398546921942e-02 9.6201898222459989e-05 6.6002599999999997e-05 9.3627437052180005e+02
6.4829683480590566e-02 1.0275499726340999e-04 6.9344700000000000e-05 9.3637116226620003e+02
6.8117831355171340e-02 1.0975499711746999e-04 7.2856100000000002e-05 9.3646956308100005e+02
7.1572933822013338e-02 1.1723199746169999e-04 7.6545399999999994e-05 9.3656960282640000e+02
7.2872355791586060e-02 1.2007500056640000e-04 7.7932800000000000e-05 9.3660639068670002e+02
7.6294350046888545e-02 1.2043499631464001e-04 8.1586400000000002e-05 9.3661091798129996e+02
7.8557740452832786e-02 1.2521799885310001e-04 8.4002899999999995e-05 9.3666865324139997e+02
8.1070439170188191e-02 1.3058099681828001e-04 8.6685400000000002e-05 9.3673145543940007e+02
8.3663493660002267e-02 1.3617299667415003e-04 8.9453500000000007e-05 9.3679492723830003e+02
8.6339540033127660e-02 1.4200499619000000e-04 9.2310000000000002e-05 9.3685905859080003e+02
8.9101308842231525e-02 1.4808700429182000e-04 9.5257800000000001e-05 9.3692387963880003e+02
9.1951438062670962e-02 1.5442999846642999e-04 9.8299699999999997e-05 9.3698938014720000e+02
9.3544637803481184e-02 1.5800363917307320e-04 1.0000000000000000e-04 9.3702641442654260e+02
9.5903923567824137e-02 1.5943186494485681e-04 1.0251718066003299e-04 9.3704640348366445e+02
9.8322712789003633e-02 1.6090831978761379e-04 1.0509779184087110e-04 9.3706651094920824e+02
1.0080250620144914e-01 1.6243463232570659e-04 1.0774343159548036e-04 9.3708673780546394e+02
1.0334484238955632e-01 1.6401248617973246e-04 1.1045573822651762e-04 9.3710708504310367e+02
1.0595129874229951e-01 1.6564362182366503e-04 1.1323639129970771e-04 9.3712755366125043e+02
1.0862349243192060e-01 1.6732983850470853e-04 1.1608711268272207e-04 9.3714814466754569e+02
1.1136308141730129e-01 1.6907299622798309e-04 1.1900966761019983e-04 9.3716885907822086e+02
1.1417176547264135e-01 1.7087501780822936e-04 1.2200586577556881e-04 9.3718969791816551e+02
1.1705128724208134e-01 1.7273789099079672e-04 1.2507756245034075e-04 9.3721066222099853e+02
1.2000343332092352e-01 1.7466367064425370e-04 1.2822665963157056e-04 9.3723175302914024e+02
1.2303003536412258e-01 1.7665448102703978e-04 1.3145510721818943e-04 9.3725297139388374e+02
1.2613297122273340e-01 1.7871251813065869e-04 1.3476490421693624e-04 9.3727431837546726e+02
1.2931416610902108e-01 1.8084005210199783e-04 1.3815809997863238e-04 9.3729579504314893e+02
1.3257559379095646e-01 1.8303942974744598e-04 1.4163679546556310e-04 9.3731740247527853e+02
1.3591927781683735e-01 1.8531307712157095e-04 1.4520314455074632e-04 9.3733914175937434e+02
1.3934729277079663e-01 1.8766350220321355e-04 1.4885935534989230e-04 9.3736101399219706e+02
1.4286176555997482e-01 1.9009329766194897e-04 1.5260769158687454e-04 9.3738302027982672e+02
1.4646487673415698e-01 1.9260514371796764e-04 1.5645047399355570e-04 9.3740516173773858e+02
1.5015886183869154e-01 1.9520181109852996e-04 1.6039008174483101e-04 9.3742743949088117e+02
1.5394601280153145e-01 1.9788616409425591e-04 1.6442895392977574e-04 9.3744985467375420e+02
1.5782867935525763e-01 2.0066116371862154e-04 1.6856959105980340e-04 9.3747240843048735e+02
1.6180927049496749e-01 2.0352987097414663e-04 1.7281455661476595e-04 9.3749510191491947e+02
1.6589025597293236e-01 2.0649545022887659e-04 1.7716647862794867e-04 9.3751793629067970e+02
1.7007416783095208e-01 2.0956117270688350e-04 1.8162805131093874e-04 9.3754091273126733e+02
1.7436360197135670e-01 2.1273042009663587e-04 1.8620203671936881e-04 9.3756403242013437e+02
1.7876121976763049e-01 2.1600668828121799e-04 1.9089126646056341e-04 9.3758729655076684e+02
1.8326974971565765e-01 2.1939359119451307e-04 1.9569864344414159e-04 9.3761070632676933e+02
1.8789198912661353e-01 2.2289486480760396e-04 2.0062714367665484e-04 9.3763426296194814e+02
1.9263080586255263e-01 2.2651437124978892e-04 2.0567981810136821e-04 9.3765796768039593e+02
1.9748914011576960e-01 2.3025610306875787e-04 2.1085979448431810e-04 9.3768182171657668e+02
2.0247000623303757e-01 2.3412418763462837e-04 2.1617027934781049e-04 9.3770582631541254e+02
2.0757649458585531e-01 2.3812289169269967e-04 2.2161455995255136e-04 9.3772998273237113e+02
2.1281177348786406e-01 2.4225662606994626e-04 2.2719600632963252e-04 9.3775429223355138e+02
2.1817909116062331e-01 2.4652995054044285e-04 2.3291807336362410e-04 9.3777875609577450e+02
2.2368177774896544e-01 2.5094757885508773e-04 2.3878430292805994e-04 9.3780337560667101e+02
2.2932324738717927e-01 2.5551438394117186e-04 2.4479832607463069e-04 9.3782815206477221e+02
2.3510700031730533e-01 2.6023540327753061e-04 2.5096386527743574e-04 9.3785308677960029e+02
2.4103662506085580e-01 2.6511584445120548e-04 2.5728473673367633e-04 9.3787818107176008e+02
2.4711580064530794e-01 2.7016109090174690e-04 2.6376485272220854e-04 9.3790343627303241e+02
2.5334829888675164e-01 2.7537670785949289e-04 2.7040822402141061e-04 9.3792885372646617e+02
2.5973798673010728e-01 2.8076844848437521e-04 2.7721896238785374e-04 9.3795443478647212e+02
2.6628882864836667e-01 2.8634226021202367e-04 2.8420128309730437e-04 9.3798018081892019e+02
2.7300488910234461e-01 2.9210429131416876e-04 2.9135950754962514e-04 9.3800609320123203e+02
2.7989033506246791e-01 2.9806089768057977e-04 2.9869806593917764e-04 9.3803217332248084e+02
2.8694943859416688e-01 3.0421864983001888e-04 3.0622149999237570e-04 9.3805842258348605e+02
2.9418657950847177e-01 3.1058434015794416e-04 3.1393446577407239e-04 9.3808484239691279e+02
3.0160624807946118e-01 3.1716499042895807e-04 3.2184173656451339e-04 9.3811143418737231e+02
3.0921304783024584e-01 3.2396785952226335e-04 3.2994820580862708e-04 9.3813819939152006e+02
3.1701169838921822e-01 3.3100045143867238e-04 3.3825889013946938e-04 9.3816513945815768e+02
3.2500703841833989e-01 3.3827052357800159e-04 3.4677893247768654e-04 9.3819225584833407e+02
3.3320402861528209e-01 3.4578609529598036e-04 3.5551360520890351e-04 9.3821955003545008e+02
3.4160775479128414e-01 3.5355545675011502e-04 3.6446831344099750e-04 9.3824702350535927e+02
3.5022343102663789e-01 3.6158717804426398e-04 3.7364859834326125e-04 9.3827467775647528e+02
3.5905640290575652e-01 3.6989011868201186e-04 3.8306014056951388e-04 9.3830251429987527e+02
3.6811215083383508e-01 3.7847343733926972e-04 3.9270876376726668e-04 9.3833053465940759e+02
3.7739629343716030e-01 3.8734660196688221e-04 4.0260043817510680e-04 9.3835874037179804e+02
3.8691459104917947e-01 3.9651940023438428e-04 4.1274128431051171e-04 9.3838713298675896e+02
3.9667294928449165e-01 4.0600195032642852e-04 4.2313757675036798e-04 9.3841571406709807e+02
4.0667742270297769e-01 4.1580471210379128e-04 4.3379574800651963e-04 9.3844448518882939e+02
4.1693421856634361e-01 4.2593849864126961e-04 4.4472239249873522e-04 9.3847344794128355e+02
4.2744970068940780e-01 4.3641448815519686e-04 4.5592427062753809e-04 9.3850260392721987e+02
4.3823039338852077e-01 4.4724423633373114e-04 4.6740831294940646e-04 9.3853195476294013e+02
4.4928298552956880e-01 4.5843968908352136e-04 4.7918162445691626e-04 9.3856150207840255e+02
4.6061433467807084e-01 4.7001319570680707e-04 4.9125148896645885e-04 9.3859124751733646e+02
4.7223147135394583e-01 4.8197752252349151e-04 5.0362537361623621e-04 9.3862119273735834e+02
4.8414160339358925e-01 4.9434586695321081e-04 5.1631093347730085e-04 9.3865133941009026e+02
4.9635212042196503e-01 5.0713187207293380e-04 5.2931601628048016e-04 9.3868168922127677e+02
5.0887059843748839e-01 5.2034964166615123e-04 5.4264866726209287e-04 9.3871224387090354e+02
5.2170480451254309e-01 5.3401375578025290e-04 5.5631713413143791e-04 9.3874300507332009e+02
5.3486270161255145e-01 5.4813928680925506e-04 5.7032987216311826e-04 9.3877397455735854e+02
5.4835245353658468e-01 5.6274181611961716e-04 5.8469554941732586e-04 9.3880515406645691e+02
5.6218242998258061e-01 5.7783745123748790e-04 5.9942305209130433e-04 9.3883654535878327e+02
5.7636121174031241e-01 5.9344284361634097e-04 6.1452149000528139e-04 9.3886815020735912e+02
5.9089759601532599e-01 6.0957520700459370e-04 6.3000020222624283e-04 9.3889997040018591e+02
6.0580060188715523e-01 6.2625233643347667e-04 6.4586876283301124e-04 9.3893200774037086e+02
6.2107947590519708e-01 6.4349262784609387e-04 6.6213698682617331e-04 9.3896426404625583e+02
6.3674369782572027e-01 6.6131509838932760e-04 6.7881493618649131e-04 9.3899674115154539e+02
6.5280298649356727e-01 6.7973940739097084e-04 6.9591292608552578e-04 9.3902944090543735e+02
6.6926730587219785e-01 6.9878587804522631e-04 7.1344153125228607e-04 9.3906236517275397e+02
6.8614687122581619e-01 7.1847551983049234e-04 7.3141159249982682e-04 9.3909551583407438e+02
7.0345215545741835e-01 7.3883005168416595e-04 7.4983422341580301e-04 9.3912889478586783e+02
7.2119389560668923e-01 7.5987192596002162e-04 7.6872081722109480e-04 9.3916250394062808e+02
7.3938309951178538e-01 7.8162435319459930e-04 7.8808305380072274e-04 9.3919634522701017e+02
7.5803105263913173e-01 8.0411132770991252e-04 8.0793290691137058e-04 9.3923042058996759e+02
7.7714932508547441e-01 8.2735765408072537e-04 8.2828265156995344e-04 9.3926473199088889e+02
7.9674977875653075e-01 8.5138897449558797e-04 8.4914487162776446e-04 9.3929928140773939e+02
8.1684457472669270e-01 8.7623179704181546e-04 8.7053246753486264e-04 9.3933407083520046e+02
8.3744618078434874e-01 9.0191352494560777e-04 8.9245866429946911e-04 9.3936910228481167e+02
8.5856737916750558e-01 9.2846248679956552e-04 9.1493701964726450e-04 9.3940437778511398e+02
8.8022127449450993e-01 9.5590796781094280e-04 9.3798143238560112e-04 9.3943989938179482e+02
9.0242130189479153e-01 9.8428024210511019e-04 9.6160615097777005e-04 9.3947566913783305e+02
9.2518123534466956e-01 1.0136106061198551e-03 9.8582578233258984e-04 9.3951168913364586e+02
9.4851519621339908e-01 1.0439314131273606e-03 1.0106553008147174e-03 9.3954796146723845e+02
9.7243766202475201e-01 1.0752761089219368e-03 1.0361100574812140e-03 9.3958448825435221e+02
9.9696347543958086e-01 1.1076792687128806e-03 1.0622057895500489e-03 9.3962127162861486e+02
1.0221078534649233e+00 1.1411766352631438e-03 1.0889586301063359e-03 9.3965831374169557e+02
1.0478863968953749e+00 1.1758051583158949e-03 1.1163851180522912e-03 9.3969561676345552e+02
1.0743150999925808e+00 1.2116030353524563e-03 1.1445022083069979e-03 9.3973318288210510e+02
1.1014103604088528e+00 1.2486097537265726e-03 1.1733272822622596e-03 9.3977101430435789e+02
1.1291889893610696e+00 1.2868661342214953e-03 1.2028781585009453e-03 9.3980911325559055e+02
1.1576682220611745e+00 1.3264143760779246e-03 1.2331731037844233e-03 9.3984748198000068e+02
1.1868657284097370e+00 1.3672981035424763e-03 1.2642308443158166e-03 9.3988612274076729e+02
1.2167996239592198e+00 1.4095624139880245e-03 1.2960705772859997e-03 9.3992503782021242e+02
1.2474884811537466e+00 1.4532539276589935e-03 1.3287119827094199e-03 9.3996422951996544e+02
1.2789513408523523e+00 1.4984208390964810e-03 1.3621752355570153e-03 9.4000370016112674e+02
1.3112077241428541e+00 1.5451129702999213e-03 1.3964810181936603e-03 9.4004345208443419e+02
1.3442776444536859e+00 1.5933818256839496e-03 1.4316505331277880e-03 9.4008348765043092e+02
1.3781816199712009e+00 1.6432806488910720e-03 1.4677055160809997e-03 9.4012380923963383e+02
1.4129406863701532e+00 1.6948644815228174e-03 1.5046682493856844e-03 9.4016441925270487e+02
1.4485764098652520e+00 1.7481902238541543e-03 1.5425615757188695e-03 9.4020532011062267e+02
1.4851109005918912e+00 1.8033166975981415e-03 1.5814089121807225e-03 9.4024651425485683e+02
1.5225668263243501e+00 1.8603047107900489e-03 1.6212342647263427e-03 9.4028800414754187e+02
1.5609674265399849e+00 1.9192171248625209e-03 1.6620622429596925e-03 9.4032979227165424e+02
1.6003365268381282e+00 1.9801189239857650e-03 1.7039180752987375e-03 9.4037188113119214e+02
1.6406985537226528e+00 2.0430772867492636e-03 1.7468276245211061e-03 9.4041427325135226e+02
1.6820785497573569e+00 2.1081616602640577e-03 1.7908174036997768e-03 9.4045697117871430e+02
1.7245021891035928e+00 2.1754438367673698e-03 1.8359145925385914e-03 9.4049997748142243e+02
1.7679957934497623e+00 2.2449980328140421e-03 1.8821470541175902e-03 9.4054329474936856e+02
1.8125863483425730e+00 2.3169009711421556e-03 1.9295433520584290e-03 9.4058692559438157e+02
1.8583015199301831e+00 2.3912319653031306e-03 1.9781327681204180e-03 9.4063087265041327e+02
1.9051696721276248e+00 2.4680730071496584e-03 2.0279453202379488e-03 9.4067513857372739e+02
1.9532198842151565e+00 2.5475088572779738e-03 2.0790117810103662e-03 9.4071972604309292e+02
2.0024819688804616e+00 2.6296271385242258e-03 2.1313636966556193e-03 9.4076463775997547e+02
2.0529864907158881e+00 2.7145184326180819e-03 2.1850334064392983e-03 9.4080987644873119e+02
2.1047647851822129e+00 2.8022763801001946e-03 2.2400540625909619e-03 9.4085544485680509e+02
2.1578489780506782e+00 2.8929977836137087e-03 2.2964596507199500e-03 9.4090134575492755e+02
2.2122720053353855e+00 2.9867827146837899e-03 2.3542850107431896e-03 9.4094758193731468e+02
2.2680676337283998e+00 3.0837346241029359e-03 2.4135658583378096e-03 9.4099415622187098e+02
2.3252704815502474e+00 3.1839604560438290e-03 2.4743388069317059e-03 9.4104107145038972e+02
2.3839160402288035e+00 3.2875707660256189e-03 2.5366413902455026e-03 9.4108833048876079e+02
2.4440406963199015e+00 3.3946798428637504e-03 2.6005120853997300e-03 9.4113593622717781e+02
2.5056817540833185e+00 3.5054058347378484e-03 2.6659903366013553e-03 9.4118389158034461e+02
2.5688774586281546e+00 3.6198708795167436e-03 2.7331165794241617e-03 9.4123219948768838e+02
2.6336670196419587e+00 3.7382012394843733e-03 2.8019322656978427e-03 9.4128086291357124e+02
2.7000906357183205e+00 3.8605274406151679e-03 2.8724798890210298e-03 9.4132988484750354e+02
2.7681895192980361e+00 3.9869844165525787e-03 2.9448030109138768e-03 9.4137926830436243e+02
2.8380059222393079e+00 4.1177116574495354e-03 3.0189462876261939e-03 9.4142901632460882e+02
2.9095831620328534e+00 4.2528533638350264e-03 3.0949554976175369e-03 9.4147913197450737e+02
2.9829656486781815e+00 4.3925586056765345e-03 3.1728775697260473e-03 9.4152961834634948e+02
3.0581989122377156e+00 4.5369814868137653e-03 3.2527606120432836e-03 9.4158047855867676e+02
3.1353296310858565e+00 4.6862813149450644e-03 3.3346539415126989e-03 9.4163171575650711e+02
3.2144056608705180e+00 4.8406227773540216e-03 3.4186081142698523e-03 9.4168333311156368e+02
3.2954760642050935e+00 5.0001761225701062e-03 3.5046749567429177e-03 9.4173533382250469e+02
3.3785911411092946e+00 5.1651173481637195e-03 3.5929075975324990e-03 9.4178772111515491e+02
3.4638024602177180e+00 5.3356283948827838e-03 3.6833605000902150e-03 9.4184049824274132e+02
3.5511628907755406e+00 5.5118973473450641e-03 3.7760894962160650e-03 9.4189366848612838e+02
3.6407266354411685e+00 5.6941186415075595e-03 3.8711518203950134e-03 9.4194723515405656e+02
3.7325492639162006e+00 5.8824932791418311e-03 3.9686061449937787e-03 9.4200120158338427e+02
3.8266877474235739e+00 6.0772290495518452e-03 4.0685126163393396e-03 9.4205557113932980e+02
3.9232004940552785e+00 6.2785407587788947e-03 4.1709328917011934e-03 9.4211034721571502e+02
4.0221473850115803e+00 6.4866504665464430e-03 4.2759301771999395e-03 9.4216553323521453e+02
4.1235898117542265e+00 6.7017877312062317e-03 4.3835692666653603e-03 9.4222113264960467e+02
4.2275907140966913e+00 6.9241898629558620e-03 4.4939165814677096e-03 9.4227714894001394e+02
4.3342146192551070e+00 7.1541021856071719e-03 4.6070402113465494e-03 9.4233358561717773e+02
4.4435276818840697e+00 7.3917783071941077e-03 4.7230099562620108e-03 9.4239044622169479e+02
4.5555977251222162e+00 7.6374803997186673e-03 4.8418973692940966e-03 9.4244773432428462e+02
4.6704942826729896e+00 7.8914794883434159e-03 4.9637758006161308e-03 9.4250545352604888e+02
4.7882886419467328e+00 8.1540557503496265e-03 5.0887204425692509e-03 9.4256360745873474e+02
4.9090538882908632e+00 8.4254988241907851e-03 5.2168083758654012e-03 9.4262219978499934e+02
5.0328649503355756e+00 8.7061081289823705e-03 5.3481186169470306e-03 9.4268123419867879e+02
5.1597986464832069e+00 8.9961931947803494e-03 5.4827321665323874e-03 9.4274071442505760e+02
5.2899337325701055e+00 9.2960740040126579e-03 5.6207320593760091e-03 9.4280064422114037e+02
5.4233509507305824e+00 9.6060813444403485e-03 5.7622034152747265e-03 9.4286102737593023e+02
5.5601330794932666e+00 9.9265571740377156e-03 5.9072334913503706e-03 9.4292186771070237e+02
5.7003649851409097e+00 1.0257854998193835e-02 6.0559117356409021e-03 9.4298316907928711e+02
5.8441336743655672e+00 1.0600340259651694e-02 6.2083298420327884e-03 9.4304493536835150e+02
5.9915283482517783e+00 1.0954390741614965e-02 6.3645818065680131e-03 9.4310717049768346e+02
6.1426404576212539e+00 1.1320396984467114e-02 6.5247639851600276e-03 9.4316987842048172e+02
6.2975637597734107e+00 1.1698762716562462e-02 6.6889751527538632e-03 9.4323306312364434e+02
6.4563943766569629e+00 1.2089905299564470e-02 6.8573165639664044e-03 9.4329672862806137e+02
6.6192308545086487e+00 1.2494256188822403e-02 7.0298920152437371e-03 9.4336087898891276e+02
6.7861742249961088e+00 1.2912261409294247e-02 7.2068079085734977e-03 9.4342551829596380e+02
6.9573280679028384e+00 1.3344382047540829e-02 7.3881733167909178e-03 9.4349065067386891e+02
7.1327985753941388e+00 1.3791094760333897e-02 7.5741000505184404e-03 9.4355628028247327e+02
7.3126946179038752e+00 1.4252892300439040e-02 7.7647027267795359e-03 9.4362241131711892e+02
7.4971278116830034e+00 1.4730284060153635e-02 7.9600988393285482e-03 9.4368904800895643e+02
7.6862125880517134e+00 1.5223796633199194e-02 8.1604088307393619e-03 9.4375619462525572e+02
7.8800662643981845e+00 1.5733974395587998e-02 8.3657561662967596e-03 9.4382385546971773e+02
8.0788091169679959e+00 1.6261380106104756e-02 8.5762674097353189e-03 9.4389203488279884e+02
8.2825644554893572e+00 1.6806595527065628e-02 8.7920723008720995e-03 9.4396073724202586e+02
8.4914586996804626e+00 1.7370222066039363e-02 9.0133038351801718e-03 9.4402996696232140e+02
8.7056214576864228e+00 1.7952881439238393e-02 9.2400983453514145e-03 9.4409972849633039e+02
8.9251856064944590e+00 1.8555216357311680e-02 9.4725955848982118e-03 9.4417002633474885e+02
9.1502873743772710e+00 1.9177891234295853e-02 9.7109388138448185e-03 9.4424086500665862e+02
9.3810664254156393e+00 1.9821592920506351e-02 9.9552748865604536e-03 9.4431224907985950e+02
9.6176659461528438e+00 2.0487031460177486e-02 1.0205754341787566e-02 9.4438418316120988e+02
9.8602327344345273e+00 2.1174940874686642e-02 1.0462531494919847e-02 9.4445667189696860e+02
1.0108917290489256e+01 2.1886079972227072e-02 1.0725764532586229e-02 9.4452971997313762e+02
1.0363873910306157e+01 2.2621233184821912e-02 1.0995615609598074e-02 9.4460333211581235e+02
1.0625260781367622e+01 2.3381211433602896e-02 1.1272250948318555e-02 9.4467751309153107e+02
1.0893240080796579e+01 2.4166853023308586e-02 1.1555840940514664e-02 9.4475226770762879e+02
1.1167978075978986e+01 2.4979024566988021e-02 1.1846560251753319e-02 9.4482760081259801e+02
1.1449645227724281e+01 2.5818621941930676e-02 1.2144587928405405e-02 9.4490351729644476e+02
1.1738416296027472e+01 2.6686571277876374e-02 1.2450107507322188e-02 9.4498002209105641e+02
1.2034470448498825e+01 2.7583829978595965e-02 1.2763307128251054e-02 9.4505712017056783e+02
1.2337991371528064e+01 2.8511387777968859e-02 1.3084379649058415e-02 9.4513481655173143e+02
1.2649167384252422e+01 2.9470267831723154e-02 1.3413522763829950e-02 9.4521311629429306e+02
1.2968191555398956e+01 3.0461527846041940e-02 1.3750939123919578e-02 9.4529202450136745e+02
1.3295261823073730e+01 3.1486261244280909e-02 1.4096836462020557e-02 9.4537154631982116e+02
1.3630581117572333e+01 3.2545598373084711e-02 1.4451427719334118e-02 9.4545168694065740e+02
1.3974357487287589e+01 3.3640707749231412e-02 1.4814931175912342e-02 9.4553245159940286e+02
1.4326804227793014e+01 3.4772797348581859e-02 1.5187570584254691e-02 9.4561384557649910e+02
1.4688140014181634e+01 3.5943115938554045e-02 1.5569575306238544e-02 9.4569587419770039e+02
1.5058589036742772e+01 3.7152954455594092e-02 1.5961180453467328e-02 9.4577854283447073e+02
1.5438381140060478e+01 3.8403647429161497e-02 1.6362627031120597e-02 9.4586185690438674e+02
1.5827751965620406e+01 3.9696574453801148e-02 1.6774162085393667e-02 9.4594582187154413e+02
1.6226943098013123e+01 4.1033161710924068e-02 1.7196038854615552e-02 9.4603044324696873e+02
1.6636202214825055e+01 4.2414883541977443e-02 1.7628516924137166e-02 9.4611572658902912e+02
1.7055783240309630e+01 4.3843264074737494e-02 1.8071862385083008e-02 9.4620167750385542e+02
1.7485946502934215e+01 4.5319878904520057e-02 1.8526347997062601e-02 9.4628830164576220e+02
1.7926958896900643e+01 4.6846356832163608e-02 1.8992253354940283e-02 9.4637560471766994e+02
1.8379094047739230e+01 4.8424381660700580e-02 1.9469865059763568e-02 9.4646359247153953e+02
1.8842632482079484e+01 5.0055694052700536e-02 1.9959476893954151e-02 9.4655227070880289e+02
1.9317861801702342e+01 5.1742093450332094e-02 2.0461390000866820e-02 9.4664164528079993e+02
1.9805076861982425e+01 5.3485440060263574e-02 2.0975913068825156e-02 9.4673172208922347e+02
2.0304579954830498e+01 5.5287656905589629e-02 2.1503362519744922e-02 9.4682250708656159e+02
2.0816680996250224e+01 5.7150731947049581e-02 2.2044062702459368e-02 9.4691400627655014e+02
2.1341697718625031e+01 5.9076720275875322e-02 2.2598346090862892e-02 9.4700622571462452e+02
2.1879955867854697e+01 6.1067746380688501e-02 2.3166553486992744e-02 9.4709917150837941e+02
2.2431789405464066e+01 6.3126006490948239e-02 2.3749034229171590e-02 9.4719284981803139e+02
2.2997540715808864e+01 6.5253770999532459e-02 2.4346146405336066e-02 9.4728726685688582e+02
2.3577560818507759e+01 6.7453386967127368e-02 2.4958257071680579e-02 9.4738242889180788e+02
2.4172209586231823e+01 6.9727280711185252e-02 2.5585742476747622e-02 9.4747834224369808e+02
2.4781855967987223e+01 7.2077960482308953e-02 2.6228988291100357e-02 9.4757501328797377e+02
2.5406878218028929e+01 7.4508019231012329e-02 2.6888389842715254e-02 9.4767244845505297e+02
2.6047664130548231e+01 7.7020137467911670e-02 2.7564352358237430e-02 9.4777065423084207e+02
2.6704611280278929e+01 7.9617086220500108e-02 2.8257291210243150e-02 9.4786963715723255e+02
2.7378127269172179e+01 8.2301730089769182e-02 2.8967632170659376e-02 9.4796940383259766e+02
2.8068629979292510e+01 8.5077030410047216e-02 2.9695811670492320e-02 9.4806996091229598e+02
2.8776547832092067e+01 8.7946048515540581e-02 3.0442277066021477e-02 9.4817131510917977e+02
2.9502320054224324e+01 9.0911949117182408e-02 3.1207486911619925e-02 9.4827347319410842e+02
3.0246396950061413e+01 9.3978003793510775e-02 3.1991911239364269e-02 9.4837644199646240e+02
3.1009240181085090e+01 9.7147594599430537e-02 3.2796031845603146e-02 9.4848022840467058e+02
3.1791323052323712e+01 1.0042421779683573e-01 3.3620342584656085e-02 9.4858483936673360e+02
3.2593130806013953e+01 1.0381148771121172e-01 3.4465349669820004e-02 9.4869028189076039e+02
3.3415160922668406e+01 1.0731314071846682e-01 3.5331571981863603e-02 9.4879656304550008e+02
3.4257923429736920e+01 1.1093303936639552e-01 3.6219541385195633e-02 9.4890368996089035e+02
3.5121941218052335e+01 1.1467517663531598e-01 3.7129803051896809e-02 9.4901166982860036e+02
3.6007750366257248e+01 1.1854368034258277e-01 3.8062915793809653e-02 9.4912050990258649e+02
3.6915900473413522e+01 1.2254281769583525e-01 3.9019452402886651e-02 9.4923021749965062e+02
3.7846955000000001e+01 1.2667700000000001e-01 4.0000000000000001e-02 9.4934261700000002e+02
4.3012790000000003e+01 1.4877799999999999e-01 4.5440000000000001e-02 9.4986026200000003e+02
4.8181241000000000e+01 1.7041500000000001e-01 5.0880000000000002e-02 9.5030951600000003e+02
5.3351987000000001e+01 1.9182600000000000e-01 5.6320000000000002e-02 9.5070870500000001e+02
5.8524805999999998e+01 2.1361200000000000e-01 6.1760000000000002e-02 9.5107721900000001e+02
6.3699584999999999e+01 2.3670800000000000e-01 6.7199999999999996e-02 9.5143472599999996e+02
6.8876317000000000e+01 2.6234600000000002e-01 7.2639999999999996e-02 9.5180056200000001e+02
7.4055098000000001e+01 2.9201500000000002e-01 7.8079999999999997e-02 9.5219328499999995e+02
7.9236120999999997e+01 3.2742100000000002e-01 8.3519999999999997e-02 9.5263038600000004e+02
8.4419674000000001e+01 3.7044500000000002e-01 8.8959999999999997e-02 9.5312810100000002e+02
8.9606126000000003e+01 4.2311100000000001e-01 9.4399999999999998e-02 9.5370130300000005e+02
9.4795924999999997e+01 4.8754700000000001e-01 9.9839999999999998e-02 9.5436345800000004e+02
9.9989588999999995e+01 5.6595600000000001e-01 1.0528000000000000e-01 9.5512660900000003e+02
1.0518769700000000e+02 6.6058499999999998e-01 1.1072000000000000e-01 9.5600139899999999e+02
1.1039088099999999e+02 7.7370099999999997e-01 1.1616000000000000e-01 9.5699711200000002e+02
1.1559980400000001e+02 9.0630599999999994e-01 1.2160000000000000e-01 9.5811119599999995e+02
1.2081510299999999e+02 1.0602220000000000e+00 1.2703999999999999e-01 9.5934780300000000e+02
1.2603749000000001e+02 1.2385910000000000e+00 1.3247999999999999e-01 9.6072093800000005e+02
1.3126772600000001e+02 1.4438040000000001e+00 1.3791999999999999e-01 9.6223729300000002e+02
1.3650660400000001e+02 1.6780430000000000e+00 1.4335999999999999e-01 9.6390132000000006e+02
1.4175493499999999e+02 1.9433590000000001e+00 1.4879999999999999e-01 9.6571605999999997e+02
1.4701354599999999e+02 2.2416930000000002e+00 1.5423999999999999e-01 9.6768350499999997e+02
1.5228327100000001e+02 2.5748890000000002e+00 1.5967999999999999e-01 9.6980482199999994e+02
1.5756494900000001e+02 2.9447030000000001e+00 1.6511999999999999e-01 9.7208051300000000e+02
1.6285942000000000e+02 3.3528069999999999e+00 1.7055999999999999e-01 9.7451054299999998e+02
1.6816752199999999e+02 3.8008009999999999e+00 1.7599999999999999e-01 9.7709444800000006e+02
1.7349009000000001e+02 4.2902129999999996e+00 1.8143999999999999e-01 9.7983141899999998e+02
1.7882795500000000e+02 4.8225110000000004e+00 1.8687999999999999e-01 9.8272037899999998e+02
1.8418194099999999e+02 5.3991030000000002e+00 1.9231999999999999e-01 9.8576003900000001e+02
1.8955286200000000e+02 6.0213460000000003e+00 1.9775999999999999e-01 9.8894894899999997e+02
1.9494152700000001e+02 6.6905489999999999e+00 2.0319999999999999e-01 9.9228553999999997e+02
2.0034873500000000e+02 7.4079769999999998e+00 2.0863999999999999e-01 9.9576815299999998e+02
2.0577527699999999e+02 8.1748539999999998e+00 2.1407999999999999e-01 9.9939506300000005e+02
2.1122193200000001e+02 8.9923649999999995e+00 2.1951999999999999e-01 1.0031644970000000e+03
2.1668947100000000e+02 9.8616600000000005e+00 2.2495999999999999e-01 1.0070746490000000e+03
2.2217865499999999e+02 1.0783851000000000e+01 2.3039999999999999e-01 1.0111236860000000e+03
2.2769023400000000e+02 1.1760016999999999e+01 2.3583999999999999e-01 1.0153097530000000e+03
2.3322495000000001e+02 1.2791202000000000e+01 2.4127999999999999e-01 1.0196309770000000e+03
2.3878353200000001e+02 1.3878413999999999e+01 2.4671999999999999e-01 1.0240854670000001e+03
2.4436670100000001e+02 1.5022627999999999e+01 2.5216000000000000e-01 1.0286713119999999e+03
2.4997516600000000e+02 1.6224778000000001e+01 2.5760000000000000e-01 1.0333865800000001e+03
2.5560962599999999e+02 1.7485764000000000e+01 2.6304000000000000e-01 1.0382293150000000e+03
2.6127077000000003e+02 1.8806446000000001e+01 2.6848000000000000e-01 1.0431975350000000e+03
2.6695927399999999e+02 2.0187642000000000e+01 2.7392000000000000e-01 1.0482892270000000e+03
2.7267580600000002e+02 2.1630130999999999e+01 2.7936000000000000e-01 1.0535023480000000e+03
2.7842102100000000e+02 2.3134647000000001e+01 2.8480000000000000e-01 1.0588348189999999e+03
2.8419556200000000e+02 2.4701879999999999e+01 2.9024000000000000e-01 1.0642845239999999e+03
2.9000006200000001e+02 2.6332474000000001e+01 2.9568000000000000e-01 1.0698493120000001e+03
2.9583514100000002e+02 2.8027028000000001e+01 3.0112000000000000e-01 1.0755269910000000e+03
3.0170140700000002e+02 2.9786093000000001e+01 3.0656000000000000e-01 1.0813153330000000e+03
3.0759945599999998e+02 3.1610171000000001e+01 3.1200000000000000e-01 1.0872120709999999e+03
3.1352987300000001e+02 3.3499715999999999e+01 3.1744000000000000e-01 1.0932149019999999e+03
3.1949322799999999e+02 3.5455134999999999e+01 3.2288000000000000e-01 1.0993214869999999e+03
3.2549007899999998e+02 3.7476782999999998e+01 3.2832000000000000e-01 1.1055294570000001e+03
3.3152097199999997e+02 3.9564968999999998e+01 3.3376000000000000e-01 1.1118364130000000e+03
3.3758643799999999e+02 4.1719954000000001e+01 3.3920000000000000e-01 1.1182399260000000e+03
3.4368699700000002e+02 4.3941949999999999e+01 3.4464000000000000e-01 1.1247375500000001e+03
3.4982315399999999e+02 4.6231124000000001e+01 3.5008000000000000e-01 1.1313268149999999e+03
3.5599540200000001e+02 4.8587597000000002e+01 3.5552000000000000e-01 1.1380052390000001e+03
3.6220415900000000e+02 5.0967796000000000e+01 3.6096000000000000e-01 1.1446492400000000e+03
3.6844641600000000e+02 5.3027847999999999e+01 3.6640000000000000e-01 1.1503136139999999e+03
3.7471843100000001e+02 5.4995234000000004e+01 3.7184000000000000e-01 1.1556430710000000e+03
3.8101896599999998e+02 5.6931716999999999e+01 3.7728000000000000e-01 1.1608125160000000e+03
3.8734733399999999e+02 5.8858536999999998e+01 3.8272000000000000e-01 1.1658824820000000e+03
3.9370308699999998e+02 6.0786636999999999e+01 3.8816000000000001e-01 1.1708841860000000e+03
4.0008590900000002e+02 6.2722662000000000e+01 3.9360000000000001e-01 1.1758365389999999e+03
4.0649492199999997e+02 6.4513198000000003e+01 3.9904000000000001e-01 1.1803549020000000e+03
4.1292708499999998e+02 6.6175184000000002e+01 4.0448000000000001e-01 1.1844911440000001e+03
4.1938156500000002e+02 6.7835899999999995e+01 4.0992000000000001e-01 1.1885689470000000e+03
4.2585815600000001e+02 6.9508956999999995e+01 4.1536000000000001e-01 1.1926228790000000e+03
4.3235676899999999e+02 7.1199827999999997e+01 4.2080000000000001e-01 1.1966666620000001e+03
4.3887736999999998e+02 7.2911486999999994e+01 4.2624000000000001e-01 1.2007075820000000e+03
4.4541995600000001e+02 7.4645809000000000e+01 4.3168000000000001e-01 1.2047500880000000e+03
4.5198454600000002e+02 7.6404094000000001e+01 4.3712000000000001e-01 1.2087971290000000e+03
4.5857116900000000e+02 7.8187297999999998e+01 4.4256000000000001e-01 1.2128507709999999e+03
4.6517986600000000e+02 7.9996160000000003e+01 4.4800000000000001e-01 1.2169125110000000e+03
4.7181068299999998e+02 8.1831270000000004e+01 4.5344000000000001e-01 1.2209834630000000e+03
4.7846367400000003e+02 8.3693111999999999e+01 4.5888000000000001e-01 1.2250644680000000e+03
4.8513889499999999e+02 8.5582092000000003e+01 4.6432000000000001e-01 1.2291561700000000e+03
4.9183640600000001e+02 8.7498554999999996e+01 4.6976000000000001e-01 1.2332590580000001e+03
4.9855626799999999e+02 8.9442800000000005e+01 4.7520000000000001e-01 1.2373735079999999e+03
5.0529854499999999e+02 9.1415087000000000e+01 4.8064000000000001e-01 1.2414998020000000e+03
5.1206330300000002e+02 9.3415645999999995e+01 4.8608000000000001e-01 1.2456381469999999e+03
5.1885060699999997e+02 9.5444680000000005e+01 4.9152000000000001e-01 1.2497886910000000e+03
5.2566052400000001e+02 9.7502369999999999e+01 4.9696000000000001e-01 1.2539515320000000e+03
5.3249312099999997e+02 9.9588877999999994e+01 5.0239999999999996e-01 1.2581267270000001e+03
5.3934846500000003e+02 1.0170435000000001e+02 5.0783999999999996e-01 1.2623142969999999e+03
5.4622662400000002e+02 1.0384891500000001e+02 5.1327999999999996e-01 1.2665142350000001e+03
5.5312766499999998e+02 1.0602269200000001e+02 5.1871999999999996e-01 1.2707265060000000e+03
5.6005165599999998e+02 1.0822578500000000e+02 5.2415999999999996e-01 1.2749510560000001e+03
5.6699866099999997e+02 1.1045828899999999e+02 5.2959999999999996e-01 1.2791878119999999e+03
5.7396874800000001e+02 1.1272029000000001e+02 5.3503999999999996e-01 1.2834366829999999e+03
5.8096198300000003e+02 1.1501186400000000e+02 5.4047999999999996e-01 1.2876975649999999e+03
5.8797843000000000e+02 1.1733307700000000e+02 5.4591999999999996e-01 1.2919703440000001e+03
5.9501815399999998e+02 1.1968399100000001e+02 5.5135999999999996e-01 1.2962548910000000e+03
6.0208121900000003e+02 1.2206465700000000e+02 5.5679999999999996e-01 1.3005510720000000e+03
6.0916768600000000e+02 1.2447512300000000e+02 5.6223999999999996e-01 1.3048587430000000e+03
6.1627761999999996e+02 1.2691542699999999e+02 5.6767999999999996e-01 1.3091777529999999e+03
6.2341107999999997e+02 1.2938560300000000e+02 5.7311999999999996e-01 1.3135079440000000e+03
6.3056812700000000e+02 1.3188568100000001e+02 5.7855999999999996e-01 1.3178491560000000e+03
6.3774882100000002e+02 1.3441568200000000e+02 5.8399999999999996e-01 1.3222012199999999e+03
6.4495322099999998e+02 1.3697562600000001e+02 5.8943999999999996e-01 1.3265639679999999e+03
6.5218138299999998e+02 1.3956552500000001e+02 5.9487999999999996e-01 1.3309372249999999e+03
6.5943336499999998e+02 1.4218538899999999e+02 6.0031999999999996e-01 1.3353208150000000e+03
6.6670922299999995e+02 1.4483522099999999e+02 6.0575999999999997e-01 1.3397145590000000e+03
6.7400900999999999e+02 1.4751502400000001e+02 6.1119999999999997e-01 1.3441182770000000e+03
6.8133278199999995e+02 1.5022479200000001e+02 6.1663999999999997e-01 1.3485317860000000e+03
6.8868059000000005e+02 1.5296452099999999e+02 6.2207999999999997e-01 1.3529549050000001e+03
6.9605248700000004e+02 1.5573419899999999e+02 6.2751999999999997e-01 1.3573874479999999e+03
7.0344852300000002e+02 1.5853381200000001e+02 6.3295999999999997e-01 1.3618292320000000e+03
7.1086874799999998e+02 1.6136334500000001e+02 6.3839999999999997e-01 1.3662800729999999e+03
7.1831321100000002e+02 1.6422277700000001e+02 6.4383999999999997e-01 1.3707397850000000e+03
7.2578195900000003e+02 1.6711208600000001e+02 6.4927999999999997e-01 1.3752081850000000e+03
7.3327503999999999e+02 1.7003124600000001e+02 6.5471999999999997e-01 1.3796850890000001e+03
7.4079249900000002e+02 1.7298023000000001e+02 6.6015999999999997e-01 1.3841703130000001e+03
7.4833438000000001e+02 1.7595900599999999e+02 6.6559999999999997e-01 1.3886636759999999e+03
7.5590072899999996e+02 1.7896754400000000e+02 6.7103999999999997e-01 1.3931649950000001e+03
7.6349158699999998e+02 1.8200580600000001e+02 6.7647999999999997e-01 1.3976740900000000e+03
7.7110699599999998e+02 1.8507375700000000e+02 6.8191999999999997e-01 1.4021907830000000e+03
7.7874699699999996e+02 1.8817135700000000e+02 6.8735999999999997e-01 1.4067148940000000e+03
7.8641162999999995e+02 1.9129856500000000e+02 6.9279999999999997e-01 1.4112462490000000e+03
7.9410093400000005e+02 1.9445533800000001e+02 6.9823999999999997e-01 1.4157846709999999e+03
8.0181494699999996e+02 1.9764163099999999e+02 7.0367999999999997e-01 1.4203299870000001e+03
8.0955370600000003e+02 2.0085739899999999e+02 7.0911999999999997e-01 1.4248820250000001e+03
8.1731724699999995e+02 2.0410259199999999e+02 7.1455999999999997e-01 1.4294406160000001e+03
8.2510560499999997e+02 2.0737716200000000e+02 7.1999999999999997e-01 1.4340055900000000e+03
8.3291881500000000e+02 2.1068105800000001e+02 7.2543999999999997e-01 1.4385767820000001e+03
8.4075690899999995e+02 2.1401422700000001e+02 7.3087999999999997e-01 1.4431540270000000e+03
8.4861992099999998e+02 2.1737661600000001e+02 7.3631999999999997e-01 1.4477371610000000e+03
8.5650788200000000e+02 2.2076817100000000e+02 7.4175999999999997e-01 1.4523260250000001e+03
8.6442082200000004e+02 2.2418883500000001e+02 7.4719999999999998e-01 1.4569204589999999e+03
8.7235877200000004e+02 2.2763855100000001e+02 7.5263999999999998e-01 1.4615203059999999e+03
8.8032176100000004e+02 2.3111726100000001e+02 7.5807999999999998e-01 1.4661254120000001e+03
8.8830981599999996e+02 2.3462490600000001e+02 7.6351999999999998e-01 1.4707356239999999e+03
8.9632296499999995e+02 2.3816142700000000e+02 7.6895999999999998e-01 1.4753507910000001e+03
9.0436123499999997e+02 2.4172676200000001e+02 7.7439999999999998e-01 1.4799707650000000e+03
9.1242465200000004e+02 2.4532085100000000e+02 7.7983999999999998e-01 1.4845953990000000e+03
9.2051324000000000e+02 2.4894363000000001e+02 7.8527999999999998e-01 1.4892245490000000e+03
9.2862702300000001e+02 2.5259503599999999e+02 7.9071999999999998e-01 1.4938580710000001e+03
9.3676602500000001e+02 2.5627500600000002e+02 7.9615999999999998e-01 1.4984958270000000e+03
9.4493026899999995e+02 2.5998347600000000e+02 8.0159999999999998e-01 1.5031376769999999e+03
9.5311977600000000e+02 2.6372037999999998e+02 8.0703999999999998e-01 1.5077834849999999e+03
9.6133456799999999e+02 2.6748565400000001e+02 8.1247999999999998e-01 1.5124331179999999e+03
9.6957466499999998e+02 2.7127922999999998e+02 8.1791999999999998e-01 1.5170864440000000e+03
9.7784008700000004e+02 2.7510104300000000e+02 8.2335999999999998e-01 1.5217433320000000e+03
9.8613085300000000e+02 2.7895102600000001e+02 8.2879999999999998e-01 1.5264036550000001e+03
9.9444698100000005e+02 2.8282911100000001e+02 8.3423999999999998e-01 1.5310672870000001e+03
1.0027884880000000e+03 2.8673523200000000e+02 8.3967999999999998e-01 1.5357341050000000e+03
1.0111553930000000e+03 2.9066932000000003e+02 8.4511999999999998e-01 1.5404039860000000e+03
1.0195477100000001e+03 2.9463130699999999e+02 8.5055999999999998e-01 1.5450768109999999e+03
1.0279654570000000e+03 2.9862112600000000e+02 8.5599999999999998e-01 1.5497524630000000e+03
1.0364086470000000e+03 3.0263870700000001e+02 8.6143999999999998e-01 1.5544308260000000e+03
1.0448772959999999e+03 3.0668398200000001e+02 8.6687999999999998e-01 1.5591117870000000e+03
1.0533714160000000e+03 3.1075688200000002e+02 8.7231999999999998e-01 1.5637952339999999e+03
1.0618910220000000e+03 3.1485733900000002e+02 8.7775999999999998e-01 1.5684810570000000e+03
1.0704361269999999e+03 3.1898528399999998e+02 8.8319999999999999e-01 1.5731691499999999e+03
1.0790067409999999e+03 3.2314064900000000e+02 8.8863999999999999e-01 1.5778594069999999e+03
1.0876028770000000e+03 3.2732336400000003e+02 8.9407999999999999e-01 1.5825517250000000e+03
1.0962245450000000e+03 3.3153336200000001e+02 8.9951999999999999e-01 1.5872460020000001e+03
1.1048717560000000e+03 3.3577057500000001e+02 9.0495999999999999e-01 1.5919421390000000e+03
1.1135445190000000e+03 3.4003493400000002e+02 9.1039999999999999e-01 1.5966400400000000e+03
1.1222428450000000e+03 3.4432637199999999e+02 9.1583999999999999e-01 1.6013396090000001e+03
1.1309667420000001e+03 3.4864482299999997e+02 9.2127999999999999e-01 1.6060407550000000e+03
1.1397162180000000e+03 3.5299021900000002e+02 9.2671999999999999e-01 1.6107433860000001e+03
1.1484912800000000e+03 3.5736249700000002e+02 9.3215999999999999e-01 1.6154474150000001e+03
1.1572919370000000e+03 3.6176159100000001e+02 9.3759999999999999e-01 1.6201527570000001e+03
1.1661181959999999e+03 3.6618743799999999e+02 9.4303999999999999e-01 1.6248593289999999e+03
1.1749700620000001e+03 3.7063997699999999e+02 9.4847999999999999e-01 1.6295670530000000e+03
1.1838475420000000e+03 3.7511914800000000e+02 9.5391999999999999e-01 1.6342758530000001e+03
1.1927506410000001e+03 3.7962489499999998e+02 9.5935999999999999e-01 1.6389856560000001e+03
1.2016793650000000e+03 3.8415716400000002e+02 9.6479999999999999e-01 1.6436963969999999e+03
1.2106337189999999e+03 3.8871590800000001e+02 9.7023999999999999e-01 1.6484080150000000e+03
1.2196137060000001e+03 3.9330108500000000e+02 9.7567999999999999e-01 1.6531204600000001e+03
1.2286193330000001e+03 3.9791266999999999e+02 9.8111999999999999e-01 1.6578336930000000e+03
1.2376506019999999e+03 4.0255065400000001e+02 9.8655999999999999e-01 1.6625476990000000e+03
1.2467075190000000e+03 4.0721507700000001e+02 9.9199999999999999e-01 1.6672625100000000e+03
1.2557900870000001e+03 4.1190613100000002e+02 9.9743999999999999e-01 1.6719783080000000e+03
1.2648983140000000e+03 4.1662429400000002e+02 1.0028800000000000e+00 1.6766955630000000e+03
1.2740322040000001e+03 4.2136813400000000e+02 1.0083200000000001e+00 1.6814128330000001e+03
1.2831917570000001e+03 4.2613744000000003e+02 1.0137600000000000e+00 1.6861299110000000e+03
1.2923769700000000e+03 4.3093213800000001e+02 1.0192000000000001e+00 1.6908467240000000e+03
1.3015878430000000e+03 4.3575215400000002e+02 1.0246400000000000e+00 1.6955632049999999e+03
1.3108243729999999e+03 4.4059741400000001e+02 1.0300800000000001e+00 1.7002792830000001e+03
1.3200865580000000e+03 4.4546784400000001e+02 1.0355200000000000e+00 1.7049948930000000e+03
1.3293743950000000e+03 4.5036337099999997e+02 1.0409600000000001e+00 1.7097099679999999e+03
1.3386878819999999e+03 4.5528392300000002e+02 1.0464000000000000e+00 1.7144244440000000e+03
1.3480270140000000e+03 4.6022942499999999e+02 1.0518400000000001e+00 1.7191382570000001e+03
1.3573917879999999e+03 4.6519980600000002e+02 1.0572800000000000e+00 1.7238513459999999e+03
1.3667822000000001e+03 4.7019499200000001e+02 1.0627200000000001e+00 1.7285636500000001e+03
1.3761982450000000e+03 4.7521491300000002e+02 1.0681600000000000e+00 1.7332751089999999e+03
1.3856399180000001e+03 4.8025949600000001e+02 1.0736000000000001e+00 1.7379856640000000e+03
1.3951072160000001e+03 4.8532866999999999e+02 1.0790400000000000e+00 1.7426952590000001e+03
1.4046001309999999e+03 4.9042236300000002e+02 1.0844800000000001e+00 1.7474038370000001e+03
1.4141186590000000e+03 4.9554050500000000e+02 1.0899200000000000e+00 1.7521113439999999e+03
1.4236627930000000e+03 5.0068302599999998e+02 1.0953599999999999e+00 1.7568177240000000e+03
1.4332325280000000e+03 5.0584985300000000e+02 1.1008000000000000e+00 1.7615229260000001e+03
1.4428278560000001e+03 5.1104091899999997e+02 1.1062399999999999e+00 1.7662268979999999e+03
1.4524487710000001e+03 5.1625615200000004e+02 1.1116800000000000e+00 1.7709295880000000e+03
1.4620952649999999e+03 5.2149548400000003e+02 1.1171199999999999e+00 1.7756309470000001e+03
1.4717673319999999e+03 5.2675884599999995e+02 1.1225600000000000e+00 1.7803309260000001e+03
1.4814649640000000e+03 5.3204616699999997e+02 1.1279999999999999e+00 1.7850294759999999e+03
1.4911881519999999e+03 5.3735738100000003e+02 1.1334400000000000e+00 1.7897265530000000e+03
1.5009368890000001e+03 5.4269241799999998e+02 1.1388799999999999e+00 1.7944221080000000e+03
1.5107111660000000e+03 5.4805120999999997e+02 1.1443200000000000e+00 1.7991160970000001e+03
1.5205109749999999e+03 5.5343369099999995e+02 1.1497599999999999e+00 1.8038084770000000e+03
1.5303363059999999e+03 5.5883979199999999e+02 1.1552000000000000e+00 1.8084992030000001e+03
1.5401871510000001e+03 5.6426944700000001e+02 1.1606399999999999e+00 1.8131882340000000e+03
1.5500635000000000e+03 5.6972258799999997e+02 1.1660800000000000e+00 1.8178755269999999e+03
1.5599653430000001e+03 5.7519915000000003e+02 1.1715199999999999e+00 1.8225610429999999e+03
1.5698926719999999e+03 5.8069906500000002e+02 1.1769600000000000e+00 1.8272447400000001e+03
1.5798454750000001e+03 5.8622226899999998e+02 1.1823999999999999e+00 1.8319265809999999e+03
1.5898237440000000e+03 5.9176869499999998e+02 1.1878400000000000e+00 1.8366065269999999e+03
1.5998274660000000e+03 5.9733827900000006e+02 1.1932799999999999e+00 1.8412845390000000e+03
1.6098566320000000e+03 6.0293095400000004e+02 1.1987200000000000e+00 1.8459605830000000e+03
1.6199112299999999e+03 6.0854665799999998e+02 1.2041599999999999e+00 1.8506346200000000e+03
1.6299912509999999e+03 6.1418532400000004e+02 1.2096000000000000e+00 1.8553066170000000e+03
1.6400966820000001e+03 6.1984689000000003e+02 1.2150399999999999e+00 1.8599765390000000e+03
1.6502275119999999e+03 6.2553129000000001e+02 1.2204800000000000e+00 1.8646443509999999e+03
1.6603837300000000e+03 6.3123846300000002e+02 1.2259199999999999e+00 1.8693100210000000e+03
1.6705653239999999e+03 6.3696834400000000e+02 1.2313600000000000e+00 1.8739735160000000e+03
1.6807722819999999e+03 6.4272086999999999e+02 1.2367999999999999e+00 1.8786348040000000e+03
1.6910045909999999e+03 6.4849598000000003e+02 1.2422400000000000e+00 1.8832938549999999e+03
1.7012622400000000e+03 6.5429360999999994e+02 1.2476799999999999e+00 1.8879506360000000e+03
1.7115452170000001e+03 6.6011369900000000e+02 1.2531200000000000e+00 1.8926051199999999e+03
1.7218535070000000e+03 6.6595436400000006e+02 1.2585599999999999e+00 1.8972558300000001e+03
1.7321869569999999e+03 6.7174539900000002e+02 1.2640000000000000e+00 1.9018471469999999e+03
1.7425452820000000e+03 6.7751936899999998e+02 1.2694399999999999e+00 1.9064052670000001e+03
1.7529283479999999e+03 6.8329356099999995e+02 1.2748800000000000e+00 1.9109440689999999e+03
1.7633360660000001e+03 6.8907406900000001e+02 1.2803199999999999e+00 1.9154684870000001e+03
1.7737683649999999e+03 6.9486420799999996e+02 1.2857600000000000e+00 1.9199812280000001e+03
1.7842251859999999e+03 7.0066608900000006e+02 1.2911999999999999e+00 1.9244840290000000e+03
1.7947064789999999e+03 7.0648117800000000e+02 1.2966400000000000e+00 1.9289781069999999e+03
1.8052121990000001e+03 7.1231055100000003e+02 1.3020799999999999e+00 1.9334643639999999e+03
1.8157423050000000e+03 7.1815503400000000e+02 1.3075200000000000e+00 1.9379434960000001e+03
1.8262967590000001e+03 7.2401527399999998e+02 1.3129599999999999e+00 1.9424160580000000e+03
1.8368755280000000e+03 7.2989179300000001e+02 1.3184000000000000e+00 1.9468825010000000e+03
1.8474785800000000e+03 7.3578502000000003e+02 1.3238399999999999e+00 1.9513431989999999e+03
1.8581058829999999e+03 7.4169530999999995e+02 1.3292800000000000e+00 1.9557984670000001e+03
1.8687574090000001e+03 7.4762296200000003e+02 1.3347199999999999e+00 1.9602485750000001e+03
1.8794331310000000e+03 7.5356823099999997e+02 1.3401600000000000e+00 1.9646937539999999e+03
1.8901330220000000e+03 7.5953133300000002e+02 1.3455999999999999e+00 1.9691342059999999e+03
1.9008570569999999e+03 7.6551245700000004e+02 1.3510400000000000e+00 1.9735701079999999e+03
1.9116052110000001e+03 7.7151176399999997e+02 1.3564799999999999e+00 1.9780016169999999e+03
1.9223774619999999e+03 7.7752939500000002e+02 1.3619200000000000e+00 1.9824288710000001e+03
1.9331737869999999e+03 7.8356547300000000e+02 1.3673599999999999e+00 1.9868519950000000e+03
1.9439941620000000e+03 7.8962010699999996e+02 1.3728000000000000e+00 1.9912710999999999e+03
1.9548385670000000e+03 7.9569339000000002e+02 1.3782399999999999e+00 1.9956862870000000e+03
1.9657069810000000e+03 8.0178540699999996e+02 1.3836800000000000e+00 2.0000976459999999e+03
1.9765993830000000e+03 8.0789622999999995e+02 1.3891199999999999e+00 2.0045052610000000e+03
1.9875157520000000e+03 8.1402592300000003e+02 1.3945600000000000e+00 2.0089092080000000e+03
1.9984560700000000e+03 8.2017454299999997e+02 1.3999999999999999e+00 2.0133095539999999e+03
