# epsilon[MeV/fm^3] P[MeV/fm^3] nB[fm^-3] muB[MeV]
4.3514892049562272e-07 9.0000000794219998e-12 4.6796200000000002e-10 9.2990010724260003e+02
5.4394952759824855e-07 1.2854500250148002e-11 5.8496400000000005e-10 9.2990743275720001e+02
6.8239664606092796e-07 1.8414700022552000e-11 7.3384599999999997e-10 9.2991587774760001e+02
8.5763463874259032e-07 2.6380199998860002e-11 9.2229000000000003e-10 9.2992551188760001e+02
1.0799253715994732e-06 3.7791099667920001e-11 1.1613300000000000e-09 9.2993648532329996e+02
1.3625442882637764e-06 5.4137899979800000e-11 1.4652400000000000e-09 9.2994894782519998e+02
1.7226605254650248e-06 7.7555599791040007e-11 1.8524800000000000e-09 9.2996308925910000e+02
2.1826057027272589e-06 1.1110299984364001e-10 2.3470600000000000e-09 9.2997909967860005e+02
2.7713348204539073e-06 1.5916099965360000e-10 2.9801100000000000e-09 9.2999716876169998e+02
3.5266032513682487e-06 2.2800800111288001e-10 3.7922200000000000e-09 9.3001754656409992e+02
4.4975537964996660e-06 3.2663399940042002e-10 4.8362200000000001e-09 9.3004045271789994e+02
4.5807460305493105e-06 3.3555999792714001e-10 4.9256699999999996e-09 9.3004228160820003e+02
4.7281205653478515e-06 3.3656599963290001e-10 5.0841300000000003e-09 9.3004248152130003e+02
6.5759177435918250e-06 5.4515600232911993e-10 7.0708799999999999e-09 9.3007696075620004e+02
9.1998724984833464e-06 8.8567000200420000e-10 9.8920399999999997e-09 9.3011730648750006e+02
1.2918168885426129e-05 1.4388700552640002e-09 1.3889600000000001e-08 9.3016406831190000e+02
1.8201380444258739e-05 2.3376200076990001e-09 1.9569300000000001e-08 9.3021808578930006e+02
2.5725895950178280e-05 3.7977398937599994e-09 2.7657999999999999e-08 9.3028025838780002e+02
3.6463989818522291e-05 6.1698799253159997e-09 3.9200400000000002e-08 9.3035162548649998e+02
5.1813630126296458e-05 1.0023700173792000e-08 5.5698400000000002e-08 9.3043332628019994e+02
7.3785560512054020e-05 1.6284700005120000e-08 7.9311899999999997e-08 9.3052664006250006e+02
1.0527189036420272e-04 2.6456400399219999e-08 1.1314700000000000e-07 9.3063298613190000e+02
1.5043483705694415e-04 4.2981499428689995e-08 1.6167299999999999e-07 9.3075400323120004e+02
1.5143539825673478e-04 4.3369399516159995e-08 1.6274800000000000e-07 9.3075639185940008e+02
1.5666718390755263e-04 4.3499599327679997e-08 1.6836899999999999e-07 9.3075719132400002e+02
1.8247319946392853e-04 5.3487099479700000e-08 1.9609400000000001e-07 9.3081203831400001e+02
2.1304949570856091e-04 6.5965099669560007e-08 2.2894200000000001e-07 9.3087079295249998e+02
2.4880173202308656e-04 8.1354199584480006e-08 2.6734800000000002e-07 9.3093285559410003e+02
2.9061049213158235e-04 1.0033299847065000e-07 3.1225699999999999e-07 9.3099838615049998e+02
3.3950651358852186e-04 1.2374000051775000e-07 3.6477499999999998e-07 9.3106758453479995e+02
3.9669496520679297e-04 1.5260700009555001e-07 4.2619500000000001e-07 9.3114063056550003e+02
4.6358813252914599e-04 1.8820900209407997e-07 4.9803199999999997e-07 9.3121772415570001e+02
5.4183717856390442e-04 2.3211699768180001e-07 5.8205699999999998e-07 9.3129908512530005e+02
6.3337419989345891e-04 2.8626699988691999e-07 6.8034199999999997e-07 9.3138494352930002e+02
7.4046361643000222e-04 3.5305100162730003e-07 7.9531500000000002e-07 9.3147551899979999e+02
7.4543957324912111e-04 3.5623800038969997e-07 8.0065699999999999e-07 9.3147951660449996e+02
7.7046470619140960e-04 3.5730600246279002e-07 8.2752300000000002e-07 9.3148080575760002e+02
7.7218701201869997e-04 3.5837800248323999e-07 8.2937200000000002e-07 9.3148210505190002e+02
7.7564281539113634e-04 3.6053199741144001e-07 8.3308200000000005e-07 9.3148469349929996e+02
7.7911352986319152e-04 3.6269800105895999e-07 8.3680799999999998e-07 9.3148728185280004e+02
7.8260009510663572e-04 3.6487800290032998e-07 8.4055099999999997e-07 9.3148988034750005e+02
7.8610250285012515e-04 3.6706999922346001e-07 8.4431100000000000e-07 9.3149248879559991e+02
7.8962075319254110e-04 3.6927600351839998e-07 8.4808799999999996e-07 9.3149508719639994e+02
7.9315485471188711e-04 3.7149499796798001e-07 8.5188199999999998e-07 9.3149769564450003e+02
7.9670479058673201e-04 3.7372699824480005e-07 8.5569300000000004e-07 9.3150031404599997e+02
8.0027057791247260e-04 3.7597299948234002e-07 8.5952100000000004e-07 9.3150293244750003e+02
8.0385221698387247e-04 3.7823200230633998e-07 8.6336599999999998e-07 9.3150555094289996e+02
8.0745063029167934e-04 3.8050499711466001e-07 8.6722899999999999e-07 9.3150817929779998e+02
8.1106395596088781e-04 3.8279099715107999e-07 8.7110800000000002e-07 9.3151080774659999e+02
8.1469498722525535e-04 3.8509200436278001e-07 8.7500600000000005e-07 9.3151343619540000e+02
8.1834093096975699e-04 3.8740599815679997e-07 8.7891999999999998e-07 9.3151607459759998e+02
8.3652972322216491e-04 3.8856800310954005e-07 8.9844600000000005e-07 9.3151737379799999e+02
8.9649746606902973e-04 4.2637900225708002e-07 9.6282100000000007e-07 9.3155798930399999e+02
9.6293679962426715e-04 4.6927300060880000e-07 1.0341400000000000e-06 9.3160093353000002e+02
1.0343084479593990e-03 5.1648199988999994e-07 1.1107499999999999e-06 9.3164493704189999e+02
1.1110033276598183e-03 5.6844100521450010e-07 1.1930700000000001e-06 9.3169002988770001e+02
1.1934040547386528e-03 6.2562700512179996e-07 1.2815100000000000e-06 9.3173623206809998e+02
1.2819398888523502e-03 6.8856500094819997e-07 1.3765300000000001e-06 9.3178357353719991e+02
1.3770588621277026e-03 7.5783499966439992e-07 1.4786100000000000e-06 9.3183208434300002e+02
1.4792742600387720e-03 8.3407400117300003e-07 1.5882999999999999e-06 9.3188178448619999e+02
1.5890902438860661e-03 9.1798299673799988e-07 1.7061399999999999e-06 9.3193271378040004e+02
1.7070948934908867e-03 1.0103300084124001e-06 1.8327600000000000e-06 9.3198488236679998e+02
1.7418302566492478e-03 1.0379399925766002e-06 1.8700300000000001e-06 9.3199978345169995e+02
1.8026805910135908e-03 1.0410599913928000e-06 1.9353200000000000e-06 9.3200143242960007e+02
2.0389359400714486e-03 1.2275099896319999e-06 2.1888000000000001e-06 9.3209187794249999e+02
2.3114099463439177e-03 1.4516999917321999e-06 2.4811100000000001e-06 9.3218792017709995e+02
2.6204004641994278e-03 1.7168400063888003e-06 2.8125600000000001e-06 9.3228811983419996e+02
2.9707928967162671e-03 2.0304000155634000e-06 3.1883800000000001e-06 9.3239264696670000e+02
3.3681648965264784e-03 2.4012300084080001e-06 3.6145400000000001e-06 9.3250170129989999e+02
3.8188055776886142e-03 2.8397900147328003e-06 4.0977700000000004e-06 9.3261546284010001e+02
4.3298558716110781e-03 3.3584500068246004e-06 4.6457100000000001e-06 9.3273413140649996e+02
4.9094492242661523e-03 3.9718300068571995e-06 5.2670599999999997e-06 9.3285792691289998e+02
5.5667590537662745e-03 4.6972400276543001e-06 5.9716300000000001e-06 9.3298704917850000e+02
6.3122329168583428e-03 5.5551399798486997e-06 6.7705900000000002e-06 9.3312173811779996e+02
6.3691536418958340e-03 5.6221100036384002e-06 6.8315900000000001e-06 9.3313158221820004e+02
6.6107787783348925e-03 5.6389700285964000e-06 7.0905299999999997e-06 9.3313397075249998e+02
7.1832281514335565e-03 6.2999099885847007e-06 7.7039700000000007e-06 9.3322329697740008e+02
7.8228640480689938e-03 7.0594400109160007e-06 8.3893400000000006e-06 9.3331767013950002e+02
8.5195476220300548e-03 7.9105299722335996e-06 9.1357600000000004e-06 9.3341477175390003e+02
9.2783521214718639e-03 8.8642300383220009e-06 9.9486500000000000e-06 9.3351470163630006e+02
1.0104791977484120e-02 9.9329099737559988e-06 1.0833900000000000e-05 9.3361751969490001e+02
1.1005037422914624e-02 1.1130399980334000e-05 1.1798100000000000e-05 9.3372332602710003e+02
1.1985504705131824e-02 1.2472300012974001e-05 1.2848100000000000e-05 9.3383220044789994e+02
1.3053499763127112e-02 1.3976000053347000e-05 1.3991700000000000e-05 9.3394422305399996e+02
1.4216706487829026e-02 1.5661000693130000e-05 1.5237100000000000e-05 9.3405949366109996e+02
1.5483652631007537e-02 1.7549100191680000e-05 1.6593399999999999e-05 9.3417811227269999e+02
1.5623499832828706e-02 1.7760599953030001e-05 1.6743099999999999e-05 9.3419079468840005e+02
1.6269961736847121e-02 1.7813900213129999e-05 1.7435099999999998e-05 9.3419395273319992e+02
1.7094324515795702e-02 1.9027400207749999e-05 1.8317499999999999e-05 9.3426180186839997e+02
1.8000874089488257e-02 2.0384500450440000e-05 1.9287799999999999e-05 9.3433394852489994e+02
1.8955614232225096e-02 2.1838399047120000e-05 2.0309599999999999e-05 9.3440734433310001e+02
1.9960983560824267e-02 2.3396100553499999e-05 2.1385500000000000e-05 9.3448202938830002e+02
2.1019794814794490e-02 2.5064799654149998e-05 2.2518500000000001e-05 9.3455801364390004e+02
2.2134768910989058e-02 2.6852600343399999e-05 2.3711500000000002e-05 9.3463531710059999e+02
2.3309000859656603e-02 2.8767899159999994e-05 2.4967799999999998e-05 9.3471396971249999e+02
2.4545494036103295e-02 3.0819700065419999e-05 2.6290599999999999e-05 9.3479400162150000e+02
2.5847718880420045e-02 3.3017999946119998e-05 2.7683600000000000e-05 9.3487541254589996e+02
2.7219055484112444e-02 3.5372998881120002e-05 2.9150400000000001e-05 9.3495825272219997e+02
2.7775365070038964e-02 3.6339601209739997e-05 2.9745400000000002e-05 9.3499105302509997e+02
2.8289610775747390e-02 3.6448598719180002e-05 3.0295400000000001e-05 9.3499466085090000e+02
2.8802930737171755e-02 3.7332599735440002e-05 3.0844399999999999e-05 9.3502356336480000e+02
2.9391538203060320e-02 3.8352800962709990e-05 3.1473899999999997e-05 9.3505628375879996e+02
2.9992229144074897e-02 3.9400800335690003e-05 3.2116300000000003e-05 9.3508923392610006e+02
3.0605097595990186e-02 4.0477499896860003e-05 3.2771700000000003e-05 9.3512239395989991e+02
3.1230612131930052e-02 4.1583600119840003e-05 3.3440600000000000e-05 9.3515578386089999e+02
3.1868867160453597e-02 4.2719998743180005e-05 3.4123099999999999e-05 9.3518940362910007e+02
3.2520144922003676e-02 4.3887298648500002e-05 3.4819500000000001e-05 9.3522325326449993e+02
3.3184820445813230e-02 4.5086601561120004e-05 3.5530200000000001e-05 9.3525732271979996e+02
3.3862987887692660e-02 4.6318701748649993e-05 3.6255299999999998e-05 9.3529163208960006e+02
3.4555116462740516e-02 4.7584401826990007e-05 3.6995300000000001e-05 9.3532617123270006e+02
3.4710848908415574e-02 4.7870299693839997e-05 3.7161800000000001e-05 9.3533387666670001e+02
3.5705765632703390e-02 4.8013899962450004e-05 3.8225500000000002e-05 9.3533768431169995e+02
3.6190650245182691e-02 4.8884701265269996e-05 3.8743900000000000e-05 9.3536029073669999e+02
3.6764595537185744e-02 4.9920498059249994e-05 3.9357499999999997e-05 9.3538680481020003e+02
3.7347724170046170e-02 5.0978398185919999e-05 3.9980900000000002e-05 9.3541345870079999e+02
3.7940129948432849e-02 5.2058599241440000e-05 4.0614200000000002e-05 9.3544024264290010e+02
3.8541907483377907e-02 5.3161699756499999e-05 4.1257500000000003e-05 9.3546717635549999e+02
3.9153244015328124e-02 5.4288198430999997e-05 4.1910999999999999e-05 9.3549425007299999e+02
3.9774234210732992e-02 5.5438601263319996e-05 4.2574799999999998e-05 9.3552146370150001e+02
4.0405159191034282e-02 5.6613297948239995e-05 4.3249199999999999e-05 9.3554882728830000e+02
4.1046019389420471e-02 5.7812899551080002e-05 4.3934199999999997e-05 9.3557633069220003e+02
4.1697190276124625e-02 5.9037997871239995e-05 4.4630199999999998e-05 9.3560397410099995e+02
4.2358578444415006e-02 6.0288999023690009e-05 4.5337100000000003e-05 9.3563177732760005e+02
4.2549448380963861e-02 6.0651299975859995e-05 4.5541099999999997e-05 9.3563974248900001e+02
4.3740238175900857e-02 6.0833198906699995e-05 4.6813800000000002e-05 9.3564365013750000e+02
4.5854886274473032e-02 6.4782902450840000e-05 4.9073799999999998e-05 9.3572599057799994e+02
4.8180087401599556e-02 6.9195997901699998e-05 5.1558599999999998e-05 9.3581365787159996e+02
5.0623240020302433e-02 7.3909702371599995e-05 5.4169200000000003e-05 9.3590278418340006e+02
5.3190452397117956e-02 7.8944498346630003e-05 5.6912100000000000e-05 9.3599338970190001e+02
5.5887837732656438e-02 8.4322299027779992e-05 5.9793799999999997e-05 9.3608550419339997e+02
5.8722166587791814e-02 9.0066499795649990e-05 6.2821499999999995e-05 9.3617915789369999e+02
6.1700398546921942e-02 9.6201898222459989e-05 6.6002599999999997e-05 9.3627437052180005e+02
6.4829683480590566e-02 1.0275499726340999e-04 6.9344700000000000e-05 9.3637116226620003e+02
6.8117831355171340e-02 1.0975499711746999e-04 7.2856100000000002e-05 9.3646956308100005e+02
7.1572933822013338e-02 1.1723199746169999e-04 7.6545399999999994e-05 9.3656960282640000e+02
7.2872355791586060e-02 1.2007500056640000e-04 7.7932800000000000e-05 9.3660639068670002e+02
7.6294350046888545e-02 1.2043499631464001e-04 8.1586400000000002e-05 9.3661091798129996e+02
7.8557740452832786e-02 1.2521799885310001e-04 8.4002899999999995e-05 9.3666865324139997e+02
8.1070439170188191e-02 1.3058099681828001e-04 8.6685400000000002e-05 9.3673145543940007e+02
8.3663493660002267e-02 1.3617299667415003e-04 8.9453500000000007e-05 9.3679492723830003e+02
8.6339540033127660e-02 1.4200499619000000e-04 9.2310000000000002e-05 9.3685905859080003e+02
8.9101308842231525e-02 1.4808700429182000e-04 9.5257800000000001e-05 9.3692387963880003e+02
9.1951438062670962e-02 1.5442999846642999e-04 9.8299699999999997e-05 9.3698938014720000e+02
9.3544637803481184e-02 1.5800363917307320e-04 1.0000000000000000e-04 9.3702641442654260e+02
9.5904355269973388e-02 1.5954593997374926e-04 1.0251745753919678e-04 9.3704919645727489e+02
9.8323597971181453e-02 1.6114033155960854e-04 1.0509835648777727e-04 9.3707210649097669e+02
1.0080386746549895e-01 1.6278857328258801e-04 1.0774429524479656e-04 9.3709514558876515e+02
1.0334670318899618e-01 1.6449248391625223e-04 1.1045691246862503e-04 9.3711831482085370e+02
1.0595368341090666e-01 1.6625394366274237e-04 1.1323788809056104e-04 9.3714161526662247e+02
1.0862642621321611e-01 1.6807489622750970e-04 1.1608894435394872e-04 9.3716504801469512e+02
1.1136659049496195e-01 1.6995735096412225e-04 1.1901184687944346e-04 9.3718861416301081e+02
1.1417587700186703e-01 1.7190338509151195e-04 1.2200840575708187e-04 9.3721231481890197e+02
1.1705602938194651e-01 1.7391514598610861e-04 1.2508047666583079e-04 9.3723615109916852e+02
1.2000883526774278e-01 1.7599485355139009e-04 1.2822996202130577e-04 9.3726012413015553e+02
1.2303612738586073e-01 1.7814480266746348e-04 1.3145881215236745e-04 9.3728423504783063e+02
1.2613978469449125e-01 1.8036736572337998e-04 1.3476902650732186e-04 9.3730848499786248e+02
1.2932173354962997e-01 1.8266499523497833e-04 1.3816265489046935e-04 9.3733287513569883e+02
1.3258394890071398e-01 1.8504022655114485e-04 1.4164179872976407e-04 9.3735740662664671e+02
1.3592845551641949e-01 1.8749568065147686e-04 1.4520861237636725e-04 9.3738208064595415e+02
1.3935732924138103e-01 1.9003406703843655e-04 1.4886530443689573e-04 9.3740689837888885e+02
1.4287269828461177e-01 1.9265818672718619e-04 1.5261413913918720e-04 9.3743186102082211e+02
1.4647674454042522e-01 1.9537093533640441e-04 1.5645743773242521e-04 9.3745696977731075e+02
1.5017170494267817e-01 1.9817530628349415e-04 1.6039757992248777e-04 9.3748222586418080e+02
1.5395987285317447e-01 2.0107439408770730e-04 1.6443700534340408e-04 9.3750763050761134e+02
1.5784359948509299e-01 2.0407139778483221e-04 1.6857821506582841e-04 9.3753318494422012e+02
1.6182529536232163e-01 2.0716962445721060e-04 1.7282377314346015e-04 9.3755889042114882e+02
1.6590743181560441e-01 2.1037249288298053e-04 1.7717630819836494e-04 9.3758474819614958e+02
1.7009254251642936e-01 2.1368353730857092e-04 1.8163851504617362e-04 9.3761075953767318e+02
1.7438322504960971e-01 2.1710641134861137e-04 1.8621315636216233e-04 9.3763692572495552e+02
1.7878214252553462e-01 2.2064489201756039e-04 1.9090306438924014e-04 9.3766324804810893e+02
1.8329202523308946e-01 2.2430288389750047e-04 1.9571114268889854e-04 9.3768972780820968e+02
1.8791567233427212e-01 2.2808442344669972e-04 2.0064036793620120e-04 9.3771636631739034e+02
1.9265595360155710e-01 2.3199368345369354e-04 2.0569379175992228e-04 9.3774316489892919e+02
1.9751581119908559e-01 2.3603497764180205e-04 2.1087454262896623e-04 9.3777012488734488e+02
2.0249826150878694e-01 2.4021276542916361e-04 2.1618582778623363e-04 9.3779724762848753e+02
2.0760639700256509e-01 2.4453165684953714e-04 2.2163093523112394e-04 9.3782453447963360e+02
2.1284338816171230e-01 2.4899641763930338e-04 2.2721323575189851e-04 9.3785198680958047e+02
2.1821248544474095e-01 2.5361197449627799e-04 2.3293618500915597e-04 9.3787960599874179e+02
2.2371702130485480e-01 2.5838342051613997e-04 2.3880332567170404e-04 9.3790739343924452e+02
2.2936041225831275e-01 2.6331602081247320e-04 2.4481828960614522e-04 9.3793535053502558e+02
2.3514616100496777e-01 2.6841521832662450e-04 2.5098480012152518e-04 9.3796347870193017e+02
2.4107785860229769e-01 2.7368663983378695e-04 2.5730667427042672e-04 9.3799177936781166e+02
2.4715918669427733e-01 2.7913610215193744e-04 2.6378782520792876e-04 9.3802025397263071e+02
2.5339391979647530e-01 2.8476961856047973e-04 2.7043226460988346e-04 9.3804890396855637e+02
2.5978592763879349e-01 2.9059340543567501e-04 2.7724410515200072e-04 9.3807773082006804e+02
2.6633917756730319e-01 2.9661388911018190e-04 2.8422756305126871e-04 9.3810673600405823e+02
2.7305773700666996e-01 3.0283771296427662e-04 2.9138696067127694e-04 9.3813592100993560e+02
2.7994577598469345e-01 3.0927174475657647e-04 2.9872672919304408e-04 9.3816528733973041e+02
2.8700756972053076e-01 3.1592308420235615e-04 3.0625141135300001e-04 9.3819483650819927e+02
2.9424750127820892e-01 3.2279907080782019e-04 3.1396566424980510e-04 9.3822457004293142e+02
3.0167006428707477e-01 3.2990729196897617e-04 3.2187426222173878e-04 9.3825448948445694e+02
3.0927986573086785e-01 3.3725559134404389e-04 3.2998209979642680e-04 9.3828459638635400e+02
3.1708162880715096e-01 3.4485207750864115e-04 3.3829419471472616e-04 9.3831489231535966e+02
3.2508019585887116e-01 3.5270513290329669e-04 3.4681569103063082e-04 9.3834537885147813e+02
3.3328053137987024e-01 3.6082342308316141e-04 3.5555186228910303e-04 9.3837605758809389e+02
3.4168772509621176e-01 3.6921590628012711e-04 3.6450811478379303e-04 9.3840693013208227e+02
3.5030699512523639e-01 3.7789184328790293e-04 3.7368999089664850e-04 9.3843799810392375e+02
3.5914369121430550e-01 3.8686080768095764e-04 3.8310317252147224e-04 9.3846926313781819e+02
3.6820329806124469e-01 3.9613269637860321e-04 3.9275348457353627e-04 9.3850072688179921e+02
3.7749143871854718e-01 4.0571774056587869e-04 4.0264689858741172e-04 9.3853239099785173e+02
3.8701387808344961e-01 4.1562651698328224e-04 4.1278953640523040e-04 9.3856425716202784e+02
3.9677652647604850e-01 4.2586995959781261e-04 4.2318767395764891e-04 9.3859632706456591e+02
4.0678544330767447e-01 4.3645937166819529e-04 4.3384774513984036e-04 9.3862860241001022e+02
4.1704684084180610e-01 4.4740643821760925e-04 4.4477634578490394e-04 9.3866108491733064e+02
4.2756708804985266e-01 4.5872323892767622e-04 4.5598023773713215e-04 9.3869377632004466e+02
4.3835271456420200e-01 4.7042226146794079e-04 4.6746635302764703e-04 9.3872667836633991e+02
4.4941041473098720e-01 4.8251641527555093e-04 4.7924179815497385e-04 9.3875979281919706e+02
4.6074705176508485e-01 4.9501904580034168e-04 4.9131385847318387e-04 9.3879312145651591e+02
4.7236966200992758e-01 5.0794394923104485e-04 5.0369000269031064e-04 9.3882666607124077e+02
4.8428545930477107e-01 5.2130538771887058e-04 5.1637788747980432e-04 9.3886042847148622e+02
4.9650183946212867e-01 5.3511810511526145e-04 5.2938536220786131e-04 9.3889441048066624e+02
5.0902638485815233e-01 5.4939734324118675e-04 5.4272047377953915e-04 9.3892861393762439e+02
5.2186686913880709e-01 5.6415885870592401e-04 5.5639147160663584e-04 9.3896304069676228e+02
5.3503126204476359e-01 5.7941894029389478e-04 5.7040681270039166e-04 9.3899769262817176e+02
5.4852773435799984e-01 5.9519442693873248e-04 5.8477516689214295e-04 9.3903257161776833e+02
5.6236466297318310e-01 6.1150272630441991e-04 5.9950542218513913e-04 9.3906767956742408e+02
5.7655063609698332e-01 6.2836183399400257e-04 6.1460669024081954e-04 9.3910301839510225e+02
5.9109445857853871e-01 6.4579035340706634e-04 6.3008831200291287e-04 9.3913859003499522e+02
6.0600515737438776e-01 6.6380751626789983e-04 6.4595986346282835e-04 9.3917439643766090e+02
6.2129198715125689e-01 6.8243320384698831e-04 6.6223116156987922e-04 9.3921043957015991e+02
6.3696443603018016e-01 7.0168796889925650e-04 6.7891227028996689e-04 9.3924672141619851e+02
6.5303223147552025e-01 7.2159305834327268e-04 6.9601350681646140e-04 9.3928324397626704e+02
6.6950534633254088e-01 7.4217043670643274e-04 7.1354544793708510e-04 9.3932000926778323e+02
6.8639400501728254e-01 7.6344281036200268e-04 7.3151893656072016e-04 9.3935701932523602e+02
7.0370868986258039e-01 7.8543365258475814e-04 7.4994508840814877e-04 9.3939427620032973e+02
7.2146014762416311e-01 8.0816722945287070e-04 7.6883529887083492e-04 9.3943178196213091e+02
7.3965939615087473e-01 8.3166862662462646e-04 7.8820125004197170e-04 9.3946953869721506e+02
7.5831773122315305e-01 8.5596377701951682e-04 8.0805491792410077e-04 9.3950754850981605e+02
7.7744673356401639e-01 8.8107948943425495e-04 8.2840857981774860e-04 9.3954581352197511e+02
7.9705827602690271e-01 9.0704347812528541e-04 8.4927482189560129e-04 9.3958433587369370e+02
8.1716453096482944e-01 9.3388439339043942e-04 8.7066654696688864e-04 9.3962311772308408e+02
8.3777797778544294e-01 9.6163185318347451e-04 8.9259698243673207e-04 9.3966216124652522e+02
8.5891141069664745e-01 9.9031647579638643e-04 9.1507968846535250e-04 9.3970146863881803e+02
8.8057794664762523e-01 1.0199699136455589e-03 9.3812856633215249e-04 9.3974104211334031e+02
9.0279103347016976e-01 1.0506248881990300e-03 9.6175786700979776e-04 9.3978088390220682e+02
9.2556445822539180e-01 1.0823152260834173e-03 9.8598219995357675e-04 9.3982099625642809e+02
9.4891235576097377e-01 1.1150758964103454e-03 1.0108165421114242e-03 9.3986138144607139e+02
9.7284921748428788e-01 1.1489430493635631e-03 1.0362762471601476e-03 9.3990204176042289e+02
9.9738990035681807e-01 1.1839540560893268e-03 1.0623770549735216e-03 9.3994297950815167e+02
1.0225496361154753e+00 1.2201475499340768e-03 1.0891351013280674e-03 9.3998419701747468e+02
1.0483440407265228e+00 1.2575634690748976e-03 1.1165669278524694e-03 9.4002569663632391e+02
1.0747891240779845e+00 1.2962431005898191e-03 1.1446894922267422e-03 9.4006748073251424e+02
1.1019012999165476e+00 1.3362291260165693e-03 1.1735201786373974e-03 9.4010955169391286e+02
1.1296973960351293e+00 1.3775656684500682e-03 1.2030768084950356e-03 9.4015191192861118e+02
1.1581946647174357e+00 1.4202983412306303e-03 1.2333776514209392e-03 9.4019456386509592e+02
1.1874107934459825e+00 1.4644742982765850e-03 1.2644414365093914e-03 9.4023750995242631e+02
1.2173639158802383e+00 1.5101422861168799e-03 1.2962873638726572e-03 9.4028075266040548e+02
1.2480726231116968e+00 1.5573526976810678e-03 1.3289351164756846e-03 9.4032429447976153e+02
1.2795559752028605e+00 1.6061576279060282e-03 1.3624048722677921e-03 9.4036813792232488e+02
1.3118335130173078e+00 1.6566109312208025e-03 1.3967173166187941e-03 9.4041228552120776e+02
1.3449252703481753e+00 1.7087682809729531e-03 1.4318936550671696e-03 9.4045673983098845e+02
1.3788517863525935e+00 1.7626872308620397e-03 1.4679556263881134e-03 9.4050150342789334e+02
1.4136341182997818e+00 1.8184272784479885e-03 1.5049255159894648e-03 9.4054657890998158e+02
1.4492938546407255e+00 1.8760499308044395e-03 1.5428261696437320e-03 9.4059196889733380e+02
1.4858531284075458e+00 1.9356187723895257e-03 1.5816810075646413e-03 9.4063767603223960e+02
1.5233346309508682e+00 1.9971995352089547e-03 1.6215140388368145e-03 9.4068370297938759e+02
1.5617616260237310e+00 2.0608601713488404e-03 1.6623498762074445e-03 9.4073005242605768e+02
1.6011579642207698e+00 2.1266709279583137e-03 1.7042137512490205e-03 9.4077672708231512e+02
1.6415480977816292e+00 2.1947044247646336e-03 1.7471315299023879e-03 9.4082372968120467e+02
1.6829570957678097e+00 2.2650357342063679e-03 1.7911297284096857e-03 9.4087106297894843e+02
1.7254106596223528e+00 2.3377424642730409e-03 1.8362355296469000e-03 9.4091872975514434e+02
1.7689351391220336e+00 2.4129048441426716e-03 1.8824767998660596e-03 9.4096673281296728e+02
1.8135575487319484e+00 2.4906058127116886e-03 1.9298821058573075e-03 9.4101507497937075e+02
1.8593055843726636e+00 2.5709311101149274e-03 1.9784807325413773e-03 9.4106375910529107e+02
1.9062076406103261e+00 2.6539693723366905e-03 2.0283027010032412e-03 9.4111278806585415e+02
1.9542928282803953e+00 2.7398122290172564e-03 2.0793787869779635e-03 9.4116216476058162e+02
2.0035909925559534e+00 2.8285544045627956e-03 2.1317405398000927e-03 9.4121189211360183e+02
2.0541327314717970e+00 2.9202938226702349e-03 2.1854203018281796e-03 9.4126197307386190e+02
2.1059494149158042e+00 3.0151317143824186e-03 2.2404512283563231e-03 9.4131241061533854e+02
2.1590732040993772e+00 3.1131727297928117e-03 2.2968673080249152e-03 9.4136320773725583e+02
2.2135370715190326e+00 3.2145250535229896e-03 2.3547033837430934e-03 9.4141436746430190e+02
2.2693748214215401e+00 3.3193005241003585e-03 2.4139951741356945e-03 9.4146589284684660e+02
2.3266211107852977e+00 3.4276147573678111e-03 2.4747792955278247e-03 9.4151778696116389e+02
2.3853114708309819e+00 3.5395872740615246e-03 2.5370932844805106e-03 9.4157005290965446e+02
2.4454823290748156e+00 3.6553416316976576e-03 2.6009756208912080e-03 9.4162269382107149e+02
2.5071710319381357e+00 3.7750055609134772e-03 2.6664657516732907e-03 9.4167571285074712e+02
2.5704158679273075e+00 3.8987111064133777e-03 2.7336041150290216e-03 9.4172911318082004e+02
2.6352560913983627e+00 4.0265947726753158e-03 2.8024321653308203e-03 9.4178289802046891e+02
2.7017319469211176e+00 4.1587976745784336e-03 2.8729923986260657e-03 9.4183707060614506e+02
2.7698846942578812e+00 4.2954656931180847e-03 2.9453283787810080e-03 9.4189163420180603e+02
2.8397566339722742e+00 4.4367496363801034e-03 3.0194847642797747e-03 9.4194659209915505e+02
2.9113911336840479e+00 4.5828054059519315e-03 3.0955073356948712e-03 9.4200194761787884e+02
2.9848326549861817e+00 4.7337941689542294e-03 3.1734430238459120e-03 9.4205770410589082e+02
3.0601267810409931e+00 4.8898825358828077e-03 3.2533399386638542e-03 9.4211386493957275e+02
3.1373202448723774e+00 5.0512427444571427e-03 3.3352473987783150e-03 9.4217043352402288e+02
3.2164609583717181e+00 5.2180528496782825e-03 3.4192159618460700e-03 9.4222741329330324e+02
3.2975980420355078e+00 5.3904969203059511e-03 3.5052974556392656e-03 9.4228480771068928e+02
3.3807818554531046e+00 5.5687652419715806e-03 3.5935450099123059e-03 9.4234262026892327e+02
3.4660640285635731e+00 5.7530545271514610e-03 3.6840130890669056e-03 9.4240085449046910e+02
3.5534974937009771e+00 5.9435681322316317e-03 3.7767575256352159e-03 9.4245951392776897e+02
3.6431365184480504e+00 6.1405162819041167e-03 3.8718355546014929e-03 9.4251860216350406e+02
3.7350367393186206e+00 6.3441163011420838e-03 3.9693058485832655e-03 9.4257812281085512e+02
3.8292551962896750e+00 6.5545928550098586e-03 4.0692285538934314e-03 9.4263807951376634e+02
3.9258503682045349e+00 6.7721781965725042e-03 4.1716653275053299e-03 9.4269847594721341e+02
4.0248822090690926e+00 6.9971124231784565e-03 4.2766793749433370e-03 9.4275931581747125e+02
4.1264121852636295e+00 7.2296437413980280e-03 4.3843354891220741e-03 9.4282060286238584e+02
4.2305033136933385e+00 7.4700287409101484e-03 4.4947000901579583e-03 9.4288234085164788e+02
4.3372202009012071e+00 7.7185326776395523e-03 4.6078412661773446e-03 9.4294453358706915e+02
4.4466290831675570e+00 7.9754297664568641e-03 4.7238288151461817e-03 9.4300718490286010e+02
4.5587978676210907e+00 8.2410034837644905e-03 4.8427342877466100e-03 9.4307029866591347e+02
4.6737961743870216e+00 8.5155468803023420e-03 4.9646310313267586e-03 9.4313387877608545e+02
4.7916953797983988e+00 8.7993629045184495e-03 5.0895942349504213e-03 9.4319792916648487e+02
4.9125686606974499e+00 9.0927647368613026e-03 5.2177009755741167e-03 9.4326245380375951e+02
5.0364910398544760e+00 9.3960761353628665e-03 5.3490302653796890e-03 9.4332745668838868e+02
5.1635394325324553e+00 9.7096317928935805e-03 5.4836631002912473e-03 9.4339294185497795e+02
5.2937926942262488e+00 1.0033777706483464e-02 5.6216825097060094e-03 9.4345891337255546e+02
5.4273316696060814e+00 1.0368871559117043e-02 5.7631736074693777e-03 9.4352537534487089e+02
5.5642392426956304e+00 1.0715283114423215e-02 5.9082236441252330e-03 9.4359233191069848e+02
5.7046003883159031e+00 1.1073394624695728e-02 6.0569220604733123e-03 9.4365978724414254e+02
5.8485022248267953e+00 1.1443601252694354e-02 6.2093605424662487e-03 9.4372774555494289e+02
5.9960340681990978e+00 1.1826311507692351e-02 6.3656330774796771e-03 9.4379621108878962e+02
6.1472874874505123e+00 1.2221947696251300e-02 6.5258360119897409e-03 9.4386518812763063e+02
6.3023563614800402e+00 1.2630946388220678e-02 6.6900681106929301e-03 9.4393468098999369e+02
6.4613369373360854e+00 1.3053758898476523e-02 6.8584306171044140e-03 9.4400469403130137e+02
6.6243278899543814e+00 1.3490851784930622e-02 7.0310273156715866e-03 9.4407523164419445e+02
6.7914303834028615e+00 1.3942707363359876e-02 7.2079645954406801e-03 9.4414629825885754e+02
6.9627481336714405e+00 1.4409824239623831e-02 7.3893515153151219e-03 9.4421789834334606e+02
7.1383874730457242e+00 1.4892717859857742e-02 7.5752998709453642e-03 9.4429003640391647e+02
7.3184574161045894e+00 1.5391921079248290e-02 7.7659242632907889e-03 9.4436271698536234e+02
7.5030697273825604e+00 1.5907984750019439e-02 7.9613421688954113e-03 9.4443594467134847e+02
7.6923389907390343e+00 1.6441478329277451e-02 8.1616740119200525e-03 9.4450972408475354e+02
7.8863826804773929e+00 1.6992990507385713e-02 8.3670432379748198e-03 9.4458405988801030e+02
8.0853212342580942e+00 1.7563129857562611e-02 8.5775763897966099e-03 9.4465895678345464e+02
8.2892781278510785e+00 1.8152525507419540e-02 8.7934031848177704e-03 9.4473441951367283e+02
8.4983799517738348e+00 1.8761827833179884e-02 9.0146565946728919e-03 9.4481045286185622e+02
8.7127564898627075e+00 1.9391709177345031e-02 9.2414729266921038e-03 9.4488706165215604e+02
8.9325407998261923e+00 2.0042864590599341e-02 9.4739919074302830e-03 9.4496425075003924e+02
9.1578692958302579e+00 2.0716012598772777e-02 9.7123567682828559e-03 9.4504202506265665e+02
9.3888818331669466e+00 2.1411895995707586e-02 9.9567143332402793e-03 9.4512038953920660e+02
9.6257217950587002e+00 2.2131282662903536e-02 1.0207215108834260e-02 9.4519934917130001e+02
9.8685361816525337e+00 2.2874966416846908e-02 1.0464013376330485e-02 9.4527890899333840e+02
1.0117475701258957e+01 2.3643767884957288e-02 1.0727267286223530e-02 9.4535907408288654e+02
1.0372694863892592e+01 2.4438535411119615e-02 1.0997138955091506e-02 9.4543984956105328e+02
1.0634352077172329e+01 2.5260145991800102e-02 1.1273794564869006e-02 9.4552124059287269e+02
1.0902609744640653e+01 2.6109506243779310e-02 1.1557404464598547e-02 9.4560325238769315e+02
1.1177634366563119e+01 2.6987553404570108e-02 1.1848143274722257e-02 9.4568589019956346e+02
1.1459596643270547e+01 2.7895256366624464e-02 1.2146189993976889e-02 9.4576915932762824e+02
1.1748671581108132e+01 2.8833616746470409e-02 1.2451728108957012e-02 9.4585306511652664e+02
1.2045038601057080e+01 2.9803669989958530e-02 1.2764945706412676e-02 9.4593761295679042e+02
1.2348881650096383e+01 3.0806486514838121e-02 1.3086035588349599e-02 9.4602280828525068e+02
1.2660389315373727e+01 3.1843172891923475e-02 1.3415195390001600e-02 9.4610865658544367e+02
1.2979754941256420e+01 3.2914873066153649e-02 1.3752627700746556e-02 9.4619516338802555e+02
1.3307176749334980e+01 3.4022769618893216e-02 1.4098540188039224e-02 9.4628233427118528e+02
1.3642857961453970e+01 3.5168085072867096e-02 1.4453145724435854e-02 9.4637017486106663e+02
1.3987006925846208e+01 3.6352083241168717e-02 1.4816662517787295e-02 9.4645869083219225e+02
1.4339837246448917e+01 3.7576070621831090e-02 1.5189314244679692e-02 9.4654788790788734e+02
1.4701567915481894e+01 3.8841397839498755e-02 1.5571330187203055e-02 9.4663777186071513e+02
1.5072423449370046e+01 4.0149461135792056e-02 1.5962945373130706e-02 9.4672834851291043e+02
1.5452634028094648e+01 4.1501703910007841e-02 1.6364400719594129e-02 9.4681962373681984e+02
1.5842435638059811e+01 4.2899618311857041e-02 1.6775943180340154e-02 9.4691160345534581e+02
1.6242070218562905e+01 4.4344746887996674e-02 1.7197825896659535e-02 9.4700429364239210e+02
1.6651785811959638e+01 4.5838684284172510e-02 1.7630308352077725e-02 9.4709770032331869e+02
1.7071836717617273e+01 4.7383079004851648e-02 1.8073656530901754e-02 9.4719182957539545e+02
1.7502483649751369e+01 4.8979635232286003e-02 1.8528143080718585e-02 9.4728668752826513e+02
1.7943993899243996e+01 5.0630114707014173e-02 1.8994047478943198e-02 9.4738228036440637e+02
1.8396641499543961e+01 5.2336338671876634e-02 1.9471656203516846e-02 9.4747861431960257e+02
1.8860707396751931e+01 5.4100189881689700e-02 1.9961262907858539e-02 9.4757569568341592e+02
1.9336479623996130e+01 5.5923614680795757e-02 2.0463168600175236e-02 9.4767353079966608e+02
1.9824253480206583e+01 5.7808625150781591e-02 2.0977681827238855e-02 9.4777212606691057e+02
2.0324331713399239e+01 5.9757301330736028e-02 2.1505118862741056e-02 9.4787148793893289e+02
2.0837024708583456e+01 6.1771793512495864e-02 2.2045803900339105e-02 9.4797162292523569e+02
2.1362650680409537e+01 6.3854324613412977e-02 2.2600069251509449e-02 9.4807253759153343e+02
2.1901535870675950e+01 6.6007192629261094e-02 2.3168255548327899e-02 9.4817423856025505e+02
2.2454014750818835e+01 6.8232773169989186e-02 2.3750711951298856e-02 9.4827673251105000e+02
2.3020430229509255e+01 7.0533522081118391e-02 2.4347796362358416e-02 9.4838002618129747e+02
2.3601133865487373e+01 7.2911978153676574e-02 2.4959875643179939e-02 9.4848412636662192e+02
2.4196486085765450e+01 7.5370765925660180e-02 2.5587325838913304e-02 9.4858903992141211e+02
2.4806856409335094e+01 7.7912598578114209e-02 2.6230532407492374e-02 9.4869477375934730e+02
2.5432623676517707e+01 8.0540280929027014e-02 2.6889890454648867e-02 9.4880133485392776e+02
2.6074176284100371e+01 8.3256712528342616e-02 2.7565804974773823e-02 9.4890873023900633e+02
2.6731912426403316e+01 8.6064890857506973e-02 2.8258691097771620e-02 9.4901696700933167e+02
2.7406240342428195e+01 8.8967914637076762e-02 2.8968974342054615e-02 9.4912605232109104e+02
2.8097578569241062e+01 9.1968987246042980e-02 2.9697090873830937e-02 9.4923599339246130e+02
2.8806356201746979e+01 9.5071420256640629e-02 3.0443487772840779e-02 9.4934679750416569e+02
2.9533013159017578e+01 9.8278637088545798e-02 3.1208623304701134e-02 9.4945847200003186e+02
3.0278000457336926e+01 1.0159417678649217e-01 3.1992967200022246e-02 9.4957102428755945e+02
3.1041780490135075e+01 1.0502169792547546e-01 3.2797000940463464e-02 9.4968446183849176e+02
3.1824827314983246e+01 1.0856498264785555e-01 3.3621218051900298e-02 9.4979879218939243e+02
3.2627626947828361e+01 1.1222794083680958e-01 3.4466124404878257e-02 9.4991402294222689e+02
3.3450677664650058e+01 1.1601461443074319e-01 3.5332238522533935e-02 9.5003016176495260e+02
3.4294490310727113e+01 1.1992918188341972e-01 3.6220091896168163e-02 9.5014721639210813e+02
3.5159588617705204e+01 1.2397596277472858e-01 3.7130229308659744e-02 9.5026519462541751e+02
3.6046509528662980e+01 1.2815942257718135e-01 3.8063209165914345e-02 9.5038410433439299e+02
3.6955803531378059e+01 1.3248417758339501e-01 3.9019603836546748e-02 9.5050395345694471e+02
3.7888035000000002e+01 1.3695499999999999e-01 4.0000000000000001e-02 9.5062654399999997e+02
4.3060445999999999e+01 1.5229100000000001e-01 4.5440000000000001e-02 9.5098632499999997e+02
4.8234499000000000e+01 1.6438900000000001e-01 5.0880000000000002e-02 9.5123780199999999e+02
5.3409699000000003e+01 1.7393900000000001e-01 5.6320000000000002e-02 9.5141580299999998e+02
5.8585738999999997e+01 1.8214100000000000e-01 6.1760000000000002e-02 9.5155422699999997e+02
6.3762490999999997e+01 1.9062699999999999e-01 6.7199999999999996e-02 9.5168505900000002e+02
6.8939994999999996e+01 2.0137400000000000e-01 7.2639999999999996e-02 9.5183777999999995e+02
7.4118443999999997e+01 2.1662999999999999e-01 7.8079999999999997e-02 9.5203906600000005e+02
7.9298167000000007e+01 2.3884200000000000e-01 8.3519999999999997e-02 9.5231267800000001e+02
8.4479617000000005e+01 2.7059400000000000e-01 8.8959999999999997e-02 9.5267945499999996e+02
8.9663348999999997e+01 3.1454700000000002e-01 9.4399999999999998e-02 9.5315740500000004e+02
9.4850012000000007e+01 3.7339800000000001e-01 9.9839999999999998e-02 9.5376182700000004e+02
1.0004032800000000e+02 4.4982899999999998e-01 1.0528000000000000e-01 9.5450548300000003e+02
1.0523508600000000e+02 5.4647900000000005e-01 1.1072000000000000e-01 9.5539878599999997e+02
1.1043510999999999e+02 6.6504200000000002e-01 1.1616000000000000e-01 9.5644240300000001e+02
1.1564120699999999e+02 8.0730100000000005e-01 1.2160000000000000e-01 9.5763745500000005e+02
1.2085424100000000e+02 9.7646800000000000e-01 1.2703999999999999e-01 9.5899656500000003e+02
1.2607511800000000e+02 1.1749830000000001e+00 1.3247999999999999e-01 9.6052479300000005e+02
1.3130476800000000e+02 1.4050370000000001e+00 1.3791999999999999e-01 9.6222474699999998e+02
1.3654412800000000e+02 1.6686550000000000e+00 1.4335999999999999e-01 9.6409753799999999e+02
1.4179413900000000e+02 1.9677240000000000e+00 1.4879999999999999e-01 9.6614322600000003e+02
1.4705573999999999e+02 2.3040210000000001e+00 1.5423999999999999e-01 9.6836111300000005e+02
1.5232986399999999e+02 2.6792220000000002e+00 1.5967999999999999e-01 9.7074995000000001e+02
1.5761743799999999e+02 3.0949200000000001e+00 1.6511999999999999e-01 9.7330809699999998e+02
1.6291937799999999e+02 3.5526369999999998e+00 1.7055999999999999e-01 9.7603364299999998e+02
1.6823658800000001e+02 4.0538319999999999e+00 1.7599999999999999e-01 9.7892450099999996e+02
1.7356996300000000e+02 4.5999100000000004e+00 1.8143999999999999e-01 9.8197847000000002e+02
1.7892038299999999e+02 5.1922290000000002e+00 1.8687999999999999e-01 9.8519328700000005e+02
1.8428871899999999e+02 5.8321030000000000e+00 1.9231999999999999e-01 9.8856665599999997e+02
1.8967582500000000e+02 6.5208050000000002e+00 1.9775999999999999e-01 9.9209626600000001e+02
1.9508254700000001e+02 7.2595729999999996e+00 2.0319999999999999e-01 9.9577980100000002e+02
2.0050971500000000e+02 8.0496009999999991e+00 2.0863999999999999e-01 9.9961493900000005e+02
2.0595814899999999e+02 8.8920469999999998e+00 2.1407999999999999e-01 1.0035993500000000e+03
2.1142865300000000e+02 9.7880240000000001e+00 2.1951999999999999e-01 1.0077306860000000e+03
2.1692202200000000e+02 1.0738604000000000e+01 2.2495999999999999e-01 1.0120065700000000e+03
2.2243903599999999e+02 1.1744808000000001e+01 2.3039999999999999e-01 1.0164245870000000e+03
2.2798045999999999e+02 1.2807608000000000e+01 2.3583999999999999e-01 1.0209822700000000e+03
2.3354705000000001e+02 1.3927918999999999e+01 2.4127999999999999e-01 1.0256770870000000e+03
2.3913954300000000e+02 1.5106596000000000e+01 2.4671999999999999e-01 1.0305064359999999e+03
2.4475866500000001e+02 1.6344435000000001e+01 2.5216000000000000e-01 1.0354676300000001e+03
2.5040512600000000e+02 1.7642160000000001e+01 2.5760000000000000e-01 1.0405578949999999e+03
2.5607962099999997e+02 1.9000430000000001e+01 2.6304000000000000e-01 1.0457743599999999e+03
2.6178282799999999e+02 2.0419829000000000e+01 2.6848000000000000e-01 1.0511140610000000e+03
2.6751540999999997e+02 2.1900865000000000e+01 2.7392000000000000e-01 1.0565739309999999e+03
2.7327801199999999e+02 2.3443971000000001e+01 2.7936000000000000e-01 1.0621508080000001e+03
2.7907126299999999e+02 2.5049502000000000e+01 2.8480000000000000e-01 1.0678414359999999e+03
2.8489577300000002e+02 2.6717731000000001e+01 2.9024000000000000e-01 1.0736424669999999e+03
2.9075213300000001e+02 2.8448855999999999e+01 2.9568000000000000e-01 1.0795504730000000e+03
2.9664091500000001e+02 3.0242992999999998e+01 3.0112000000000000e-01 1.0855619480000000e+03
3.0256267400000002e+02 3.2100183000000001e+01 3.0656000000000000e-01 1.0916733200000001e+03
3.0851794300000000e+02 3.4020389999999999e+01 3.1200000000000000e-01 1.0978809610000001e+03
3.1450723599999998e+02 3.6003506000000002e+01 3.1744000000000000e-01 1.1041811949999999e+03
3.2053104700000000e+02 3.8049348000000002e+01 3.2288000000000000e-01 1.1105703120000001e+03
3.2658985000000001e+02 4.0157668999999999e+01 3.2832000000000000e-01 1.1170445810000001e+03
3.3268409800000001e+02 4.2328155000000002e+01 3.3376000000000000e-01 1.1236002550000001e+03
3.3881422300000003e+02 4.4560431000000001e+01 3.3920000000000000e-01 1.1302335880000001e+03
3.4498063900000000e+02 4.6854066000000003e+01 3.4464000000000000e-01 1.1369408480000000e+03
3.5118373700000001e+02 4.9208571999999997e+01 3.5008000000000000e-01 1.1437183199999999e+03
3.5742161299999998e+02 5.1265498000000001e+01 3.5552000000000000e-01 1.1495491720000000e+03
3.6368953399999998e+02 5.3176434999999998e+01 3.6096000000000000e-01 1.1548830559999999e+03
3.6998588799999999e+02 5.5045203999999998e+01 3.6640000000000000e-01 1.1600210720000000e+03
3.7630984799999999e+02 5.6897818000000001e+01 3.7184000000000000e-01 1.1650395440000000e+03
3.8266087199999998e+02 5.8746814000000001e+01 3.7728000000000000e-01 1.1699754379999999e+03
3.8903857499999998e+02 6.0599522000000000e+01 3.8272000000000000e-01 1.1748504230000001e+03
3.9544247100000001e+02 6.2384337000000002e+01 3.8816000000000001e-01 1.1794813340000001e+03
4.0186996599999998e+02 6.4007489000000007e+01 3.9360000000000001e-01 1.1836334600000000e+03
4.0831981900000000e+02 6.5624671000000006e+01 3.9904000000000001e-01 1.1877134480000000e+03
4.1479178000000002e+02 6.7252421999999996e+01 4.0448000000000001e-01 1.1917644740000001e+03
4.2128573699999998e+02 6.8896473000000000e+01 4.0992000000000001e-01 1.1958014040000000e+03
4.2780163499999998e+02 7.0559742000000000e+01 4.1536000000000001e-01 1.1998316820000000e+03
4.3433945199999999e+02 7.2243979999999993e+01 4.2080000000000001e-01 1.2038596740000000e+03
4.4089918200000000e+02 7.3950346999999994e+01 4.2624000000000001e-01 1.2078881770000000e+03
4.4748083300000002e+02 7.5679658000000003e+01 4.3168000000000001e-01 1.2119190790000000e+03
4.5408442400000001e+02 7.7432511000000005e+01 4.3712000000000001e-01 1.2159536989999999e+03
4.6070997599999998e+02 7.9209357999999995e+01 4.4256000000000001e-01 1.2199929720000000e+03
4.6735751800000003e+02 8.1010548000000000e+01 4.4800000000000001e-01 1.2240375650000001e+03
4.7402707800000002e+02 8.2836348999999998e+01 4.5344000000000001e-01 1.2280879500000001e+03
4.8071868999999998e+02 8.4686976000000001e+01 4.5888000000000001e-01 1.2321444560000000e+03
4.8743238800000000e+02 8.6562593000000007e+01 4.6432000000000001e-01 1.2362072969999999e+03
4.9416820600000000e+02 8.8463329999999999e+01 4.6976000000000001e-01 1.2402766010000000e+03
5.0092618099999999e+02 9.0389285000000001e+01 4.7520000000000001e-01 1.2443524299999999e+03
5.0770634600000000e+02 9.2340531999999996e+01 4.8064000000000001e-01 1.2484347889999999e+03
5.1450873899999999e+02 9.4317122999999995e+01 4.8608000000000001e-01 1.2525236359999999e+03
5.2133339300000000e+02 9.6319090000000003e+01 4.9152000000000001e-01 1.2566188970000001e+03
5.2818034399999999e+02 9.8346451999999999e+01 4.9696000000000001e-01 1.2607204660000000e+03
5.3504962599999999e+02 1.0039921200000001e+02 5.0239999999999996e-01 1.2648282119999999e+03
5.4194127100000003e+02 1.0247736200000000e+02 5.0783999999999996e-01 1.2689419849999999e+03
5.4885531300000002e+02 1.0458088100000001e+02 5.1327999999999996e-01 1.2730616190000001e+03
5.5579178200000001e+02 1.0670974000000000e+02 5.1871999999999996e-01 1.2771869320000001e+03
5.6275070900000003e+02 1.0886390100000000e+02 5.2415999999999996e-01 1.2813177320000000e+03
5.6973212300000000e+02 1.1104331700000000e+02 5.2959999999999996e-01 1.2854538190000001e+03
5.7673605299999997e+02 1.1324793600000000e+02 5.3503999999999996e-01 1.2895949840000001e+03
5.8376252499999998e+02 1.1547769599999999e+02 5.4047999999999996e-01 1.2937410130000001e+03
5.9081156599999997e+02 1.1773253300000000e+02 5.4591999999999996e-01 1.2978916870000000e+03
5.9788319899999999e+02 1.2001237500000001e+02 5.5135999999999996e-01 1.3020467839999999e+03
6.0497744899999998e+02 1.2231714599999999e+02 5.5679999999999996e-01 1.3062060790000000e+03
6.1209433799999999e+02 1.2464676400000000e+02 5.6223999999999996e-01 1.3103693470000001e+03
6.1923388599999998e+02 1.2700114499999999e+02 5.6767999999999996e-01 1.3145363600000001e+03
6.2639611400000001e+02 1.2938020100000000e+02 5.7311999999999996e-01 1.3187068919999999e+03
6.3358104000000003e+02 1.3178383800000000e+02 5.7855999999999996e-01 1.3228807159999999e+03
6.4078868100000000e+02 1.3421196200000000e+02 5.8399999999999996e-01 1.3270576060000001e+03
6.4801905399999998e+02 1.3666447400000001e+02 5.8943999999999996e-01 1.3312373379999999e+03
6.5527217299999995e+02 1.3914127400000001e+02 5.9487999999999996e-01 1.3354196890000001e+03
6.6254805099999999e+02 1.4164225700000000e+02 6.0031999999999996e-01 1.3396044390000000e+03
6.6984670200000005e+02 1.4416731899999999e+02 6.0575999999999997e-01 1.3437913679999999e+03
6.7716813600000000e+02 1.4671635200000000e+02 6.1119999999999997e-01 1.3479802629999999e+03
6.8451236400000005e+02 1.4928924699999999e+02 6.1663999999999997e-01 1.3521709080000001e+03
6.9187939500000005e+02 1.5188589099999999e+02 6.2207999999999997e-01 1.3563630949999999e+03
6.9926923599999998e+02 1.5450617399999999e+02 6.2751999999999997e-01 1.3605566170000000e+03
7.0668189400000006e+02 1.5714998100000000e+02 6.3295999999999997e-01 1.3647512690000001e+03
7.1411737500000004e+02 1.5981719799999999e+02 6.3839999999999997e-01 1.3689468520000000e+03
7.2157568300000003e+02 1.6250770700000001e+02 6.4383999999999997e-01 1.3731431689999999e+03
7.2905682200000001e+02 1.6522139300000001e+02 6.4927999999999997e-01 1.3773400270000000e+03
7.3656079299999999e+02 1.6795813799999999e+02 6.5471999999999997e-01 1.3815372370000000e+03
7.4408759999999995e+02 1.7071782300000001e+02 6.6015999999999997e-01 1.3857346110000001e+03
7.5163724100000002e+02 1.7350032899999999e+02 6.6559999999999997e-01 1.3899319690000000e+03
7.5920971699999996e+02 1.7630553699999999e+02 6.7103999999999997e-01 1.3941291320000000e+03
7.6680502500000000e+02 1.7913332700000001e+02 6.7647999999999997e-01 1.3983259250000001e+03
7.7442316400000004e+02 1.8198357899999999e+02 6.8191999999999997e-01 1.4025221770000001e+03
7.8206412899999998e+02 1.8485617300000001e+02 6.8735999999999997e-01 1.4067177210000000e+03
7.8972791700000005e+02 1.8775098800000001e+02 6.9279999999999997e-01 1.4109123930000001e+03
7.9741452300000003e+02 1.9066790399999999e+02 6.9823999999999997e-01 1.4151060339999999e+03
8.0512393999999995e+02 1.9360679900000000e+02 7.0367999999999997e-01 1.4192984890000000e+03
8.1285616100000004e+02 1.9656755500000000e+02 7.0911999999999997e-01 1.4234896030000000e+03
8.2061117899999999e+02 1.9955004900000000e+02 7.1455999999999997e-01 1.4276792300000000e+03
8.2838898500000005e+02 2.0255416299999999e+02 7.1999999999999997e-01 1.4318672240000001e+03
8.3618957100000000e+02 2.0557977600000001e+02 7.2543999999999997e-01 1.4360534439999999e+03
8.4401292500000000e+02 2.0862676900000000e+02 7.3087999999999997e-01 1.4402377509999999e+03
8.5185903699999994e+02 2.1169502100000000e+02 7.3631999999999997e-01 1.4444200120000000e+03
8.5972789599999999e+02 2.1478441500000000e+02 7.4175999999999997e-01 1.4486000950000000e+03
8.6761949000000004e+02 2.1789483100000001e+02 7.4719999999999998e-01 1.4527778740000001e+03
8.7553380500000003e+02 2.2102615200000000e+02 7.5263999999999998e-01 1.4569532230000000e+03
8.8347082799999998e+02 2.2417825999999999e+02 7.5807999999999998e-01 1.4611260230000000e+03
8.9143054500000005e+02 2.2735103699999999e+02 7.6351999999999998e-01 1.4652961550000000e+03
8.9941294100000005e+02 2.3054436699999999e+02 7.6895999999999998e-01 1.4694635060000001e+03
9.0741800000000001e+02 2.3375813400000001e+02 7.7439999999999998e-01 1.4736279629999999e+03
9.1544570699999997e+02 2.3699222300000000e+02 7.7983999999999998e-01 1.4777894200000001e+03
9.2349604499999998e+02 2.4024651800000001e+02 7.8527999999999998e-01 1.4819477710000001e+03
9.3156899699999997e+02 2.4352090600000000e+02 7.9071999999999998e-01 1.4861029140000001e+03
9.3966454399999998e+02 2.4681527299999999e+02 7.9615999999999998e-01 1.4902547489999999e+03
9.4778267000000005e+02 2.5012950499999999e+02 8.0159999999999998e-01 1.4944031809999999e+03
9.5592335400000002e+02 2.5346349200000000e+02 8.0703999999999998e-01 1.4985481159999999e+03
9.6408657800000003e+02 2.5681712099999999e+02 8.1247999999999998e-01 1.5026894640000000e+03
9.7227232100000003e+02 2.6019028200000002e+02 8.1791999999999998e-01 1.5068271360000001e+03
9.8048056499999996e+02 2.6358286399999997e+02 8.2335999999999998e-01 1.5109610470000000e+03
9.8871128699999997e+02 2.6699475799999999e+02 8.2879999999999998e-01 1.5150911140000001e+03
9.9696446700000001e+02 2.7042585700000001e+02 8.3423999999999998e-01 1.5192172570000000e+03
1.0052400840000000e+03 2.7387605100000002e+02 8.3967999999999998e-01 1.5233393990000000e+03
1.0135381140000000e+03 2.7734523500000000e+02 8.4511999999999998e-01 1.5274574650000000e+03
1.0218585370000000e+03 2.8083330200000000e+02 8.5055999999999998e-01 1.5315713800000001e+03
1.0302013280000001e+03 2.8434014600000000e+02 8.5599999999999998e-01 1.5356810750000000e+03
1.0385664660000000e+03 2.8786566299999998e+02 8.6143999999999998e-01 1.5397864810000001e+03
1.0469539259999999e+03 2.9140974999999997e+02 8.6687999999999998e-01 1.5438875330000001e+03
1.0553636839999999e+03 2.9497230300000001e+02 8.7231999999999998e-01 1.5479841650000001e+03
1.0637957170000000e+03 2.9855322000000001e+02 8.7775999999999998e-01 1.5520763179999999e+03
1.0722500000000000e+03 3.0215240000000000e+02 8.8319999999999999e-01 1.5561639299999999e+03
1.0807265070000001e+03 3.0576974300000001e+02 8.8863999999999999e-01 1.5602469440000000e+03
1.0892252149999999e+03 3.0940514800000000e+02 8.9407999999999999e-01 1.5643253040000000e+03
1.0977460960000001e+03 3.1305851600000000e+02 8.9951999999999999e-01 1.5683989570000001e+03
1.1062891259999999e+03 3.1672975100000002e+02 9.0495999999999999e-01 1.5724678500000000e+03
1.1148542789999999e+03 3.2041875399999998e+02 9.1039999999999999e-01 1.5765319340000001e+03
1.1234415280000001e+03 3.2412542900000000e+02 9.1583999999999999e-01 1.5805911599999999e+03
1.1320508460000001e+03 3.2784967999999998e+02 9.2127999999999999e-01 1.5846454819999999e+03
1.1406822079999999e+03 3.3159141299999999e+02 9.2671999999999999e-01 1.5886948540000001e+03
1.1493355850000000e+03 3.3535053399999998e+02 9.3215999999999999e-01 1.5927392339999999e+03
1.1580109500000001e+03 3.3912694900000002e+02 9.3759999999999999e-01 1.5967785799999999e+03
1.1667082770000000e+03 3.4292056700000001e+02 9.4303999999999999e-01 1.6008128529999999e+03
1.1754275359999999e+03 3.4673129499999999e+02 9.4847999999999999e-01 1.6048420130000000e+03
1.1841687010000001e+03 3.5055904299999997e+02 9.5391999999999999e-01 1.6088660239999999e+03
1.1929317440000000e+03 3.5440372100000002e+02 9.5935999999999999e-01 1.6128848499999999e+03
1.2017166350000000e+03 3.5826524000000001e+02 9.6479999999999999e-01 1.6168984570000000e+03
1.2105233470000001e+03 3.6214351199999999e+02 9.7023999999999999e-01 1.6209068139999999e+03
1.2193518500000000e+03 3.6603844900000001e+02 9.7567999999999999e-01 1.6249098879999999e+03
1.2282021170000000e+03 3.6994996400000002e+02 9.8111999999999999e-01 1.6289076490000000e+03
1.2370741169999999e+03 3.7387797200000000e+02 9.8655999999999999e-01 1.6329000699999999e+03
1.2459678230000000e+03 3.7782238699999999e+02 9.9199999999999999e-01 1.6368871220000001e+03
1.2548832030000001e+03 3.8178312499999998e+02 9.9743999999999999e-01 1.6408687789999999e+03
1.2638202300000000e+03 3.8576010200000002e+02 1.0028800000000000e+00 1.6448450170000001e+03
1.2727788740000001e+03 3.8975323500000002e+02 1.0083200000000001e+00 1.6488158120000001e+03
1.2817591050000001e+03 3.9376244200000002e+02 1.0137600000000000e+00 1.6527811409999999e+03
1.2907608920000000e+03 3.9778764200000001e+02 1.0192000000000001e+00 1.6567409829999999e+03
1.2997842069999999e+03 4.0182875500000000e+02 1.0246400000000000e+00 1.6606953160000000e+03
1.3088290190000000e+03 4.0588569999999999e+02 1.0300800000000001e+00 1.6646441230000000e+03
1.3178952979999999e+03 4.0995839799999999e+02 1.0355200000000000e+00 1.6685873830000000e+03
1.3269830139999999e+03 4.1404677099999998e+02 1.0409600000000001e+00 1.6725250810000000e+03
1.3360921360000000e+03 4.1815074099999998e+02 1.0464000000000000e+00 1.6764571989999999e+03
1.3452226340000000e+03 4.2227023200000002e+02 1.0518400000000001e+00 1.6803837220000000e+03
1.3543744780000000e+03 4.2640516600000001e+02 1.0572800000000000e+00 1.6843046350000000e+03
1.3635476380000000e+03 4.3055546900000002e+02 1.0627200000000001e+00 1.6882199250000001e+03
1.3727420810000001e+03 4.3472106600000001e+02 1.0681600000000000e+00 1.6921295789999999e+03
1.3819577780000000e+03 4.3890121099999999e+02 1.0736000000000001e+00 1.6960329589999999e+03
1.3911946880000000e+03 4.4309471800000000e+02 1.0790400000000000e+00 1.6999290240000000e+03
1.4004527760000001e+03 4.4730237000000000e+02 1.0844800000000001e+00 1.7038185739999999e+03
1.4097320060000000e+03 4.5152433500000001e+02 1.0899200000000000e+00 1.7077018260000000e+03
1.4190323450000001e+03 4.5576065499999999e+02 1.0953599999999999e+00 1.7115788829999999e+03
1.4283537590000001e+03 4.6001133199999998e+02 1.1008000000000000e+00 1.7154498080000001e+03
1.4376962140000001e+03 4.6427634300000000e+02 1.1062399999999999e+00 1.7193146400000001e+03
1.4470596790000000e+03 4.6855565400000000e+02 1.1116800000000000e+00 1.7231734080000001e+03
1.4564441179999999e+03 4.7284922200000000e+02 1.1171199999999999e+00 1.7270261330000001e+03
1.4658495009999999e+03 4.7715699999999998e+02 1.1225600000000000e+00 1.7308728329999999e+03
1.4752757939999999e+03 4.8147893699999997e+02 1.1279999999999999e+00 1.7347135189999999e+03
1.4847229640000000e+03 4.8581497899999999e+02 1.1334400000000000e+00 1.7385482010000001e+03
1.4941909800000001e+03 4.9016507000000001e+02 1.1388799999999999e+00 1.7423768900000000e+03
1.5036798070000000e+03 4.9452915400000001e+02 1.1443200000000000e+00 1.7461995910000001e+03
1.5131894139999999e+03 4.9890717300000000e+02 1.1497599999999999e+00 1.7500163120000000e+03
1.5227197690000000e+03 5.0329906899999997e+02 1.1552000000000000e+00 1.7538270580000001e+03
1.5322708379999999e+03 5.0770478400000002e+02 1.1606399999999999e+00 1.7576318349999999e+03
1.5418425890000001e+03 5.1212425699999994e+02 1.1660800000000000e+00 1.7614306489999999e+03
1.5514349900000000e+03 5.1655743099999995e+02 1.1715199999999999e+00 1.7652235029999999e+03
1.5610480080000000e+03 5.2100424599999997e+02 1.1769600000000000e+00 1.7690104030000000e+03
1.5706816120000001e+03 5.2546464300000002e+02 1.1823999999999999e+00 1.7727913540000000e+03
1.5803357679999999e+03 5.2993856300000004e+02 1.1878400000000000e+00 1.7765663600000000e+03
1.5900104440000000e+03 5.3442594699999995e+02 1.1932799999999999e+00 1.7803354260000001e+03
1.5997056090000001e+03 5.3892673600000001e+02 1.1987200000000000e+00 1.7840985579999999e+03
1.6094212290000000e+03 5.4344087200000001e+02 1.2041599999999999e+00 1.7878557599999999e+03
1.6191572719999999e+03 5.4796829700000001e+02 1.2096000000000000e+00 1.7916070380000001e+03
1.6289137069999999e+03 5.5250895300000002e+02 1.2150399999999999e+00 1.7953523970000001e+03
1.6386905010000000e+03 5.5706278299999997e+02 1.2204800000000000e+00 1.7990918429999999e+03
1.6484876220000001e+03 5.6162972900000000e+02 1.2259199999999999e+00 1.8028253820000000e+03
1.6583050380000000e+03 5.6620973400000003e+02 1.2313600000000000e+00 1.8065530189999999e+03
1.6681427160000001e+03 5.7080274199999997e+02 1.2367999999999999e+00 1.8102747609999999e+03
1.6780006260000000e+03 5.7540869599999996e+02 1.2422400000000000e+00 1.8139906149999999e+03
1.6878787330000000e+03 5.8002754200000004e+02 1.2476799999999999e+00 1.8177005859999999e+03
1.6977770080000000e+03 5.8465922399999999e+02 1.2531200000000000e+00 1.8214046820000001e+03
1.7076954169999999e+03 5.8930368599999997e+02 1.2585599999999999e+00 1.8251029109999999e+03
1.7176339290000001e+03 5.9396087399999999e+02 1.2640000000000000e+00 1.8287952789999999e+03
1.7275925119999999e+03 5.9863073499999996e+02 1.2694399999999999e+00 1.8324817940000000e+03
1.7375711340000000e+03 6.0331321400000002e+02 1.2748800000000000e+00 1.8361624640000000e+03
1.7475697630000000e+03 6.0800825699999996e+02 1.2803199999999999e+00 1.8398372970000000e+03
1.7575883679999999e+03 6.1271581300000003e+02 1.2857600000000000e+00 1.8435063009999999e+03
1.7676269170000000e+03 6.1743582900000001e+02 1.2911999999999999e+00 1.8471694849999999e+03
1.7776853779999999e+03 6.2216825200000005e+02 1.2966400000000000e+00 1.8508268570000000e+03
1.7877637199999999e+03 6.2691303100000005e+02 1.3020799999999999e+00 1.8544784259999999e+03
1.7978619110000000e+03 6.3167011400000001e+02 1.3075200000000000e+00 1.8581242020000000e+03
1.8079799200000000e+03 6.3643945199999996e+02 1.3129599999999999e+00 1.8617641940000001e+03
1.8181177150000001e+03 6.4122099400000002e+02 1.3184000000000000e+00 1.8653984109999999e+03
1.8282752650000000e+03 6.4601468899999998e+02 1.3238399999999999e+00 1.8690268639999999e+03
1.8384525380000000e+03 6.5082048899999995e+02 1.3292800000000000e+00 1.8726495620000001e+03
1.8486495030000001e+03 6.5563834499999996e+02 1.3347199999999999e+00 1.8762665159999999e+03
1.8588661300000001e+03 6.6046820900000000e+02 1.3401600000000000e+00 1.8798777359999999e+03
1.8691023860000000e+03 6.6531003199999998e+02 1.3455999999999999e+00 1.8834832329999999e+03
1.8793582409999999e+03 6.7016376700000001e+02 1.3510400000000000e+00 1.8870830189999999e+03
1.8896336640000000e+03 6.7502936799999998e+02 1.3564799999999999e+00 1.8906771040000001e+03
1.8999286230000000e+03 6.7990678900000000e+02 1.3619200000000000e+00 1.8942655010000001e+03
1.9102430879999999e+03 6.8479598399999998e+02 1.3673599999999999e+00 1.8978482210000000e+03
1.9205770279999999e+03 6.8969690800000001e+02 1.3728000000000000e+00 1.9014252779999999e+03
1.9309304119999999e+03 6.9460951999999997e+02 1.3782399999999999e+00 1.9049966840000000e+03
1.9413032100000000e+03 6.9953377599999999e+02 1.3836800000000000e+00 1.9085624539999999e+03
1.9516953900000001e+03 7.0446963600000004e+02 1.3891199999999999e+00 1.9121226030000000e+03
1.9621069230000001e+03 7.0941706399999998e+02 1.3945600000000000e+00 1.9156771480000000e+03
1.9725377770000000e+03 7.1437602700000002e+02 1.3999999999999999e+00 1.9192261100000001e+03
