# epsilon[MeV/fm^3] P[MeV/fm^3] nB[fm^-3] muB[MeV]
4.3514892049562272e-07 9.0000000794219998e-12 4.6796200000000002e-10 9.2990010724260003e+02
5.4394952759824855e-07 1.2854500250148002e-11 5.8496400000000005e-10 9.2990743275720001e+02
6.8239664606092796e-07 1.8414700022552000e-11 7.3384599999999997e-10 9.2991587774760001e+02
8.5763463874259032e-07 2.6380199998860002e-11 9.2229000000000003e-10 9.2992551188760001e+02
1.0799253715994732e-06 3.7791099667920001e-11 1.1613300000000000e-09 9.2993648532329996e+02
1.3625442882637764e-06 5.4137899979800000e-11 1.4652400000000000e-09 9.2994894782519998e+02
1.7226605254650248e-06 7.7555599791040007e-11 1.8524800000000000e-09 9.2996308925910000e+02
2.1826057027272589e-06 1.1110299984364001e-10 2.3470600000000000e-09 9.2997909967860005e+02
2.7713348204539073e-06 1.5916099965360000e-10 2.9801100000000000e-09 9.2999716876169998e+02
3.5266032513682487e-06 2.2800800111288001e-10 3.7922200000000000e-09 9.3001754656409992e+02
4.4975537964996660e-06 3.2663399940042002e-10 4.8362200000000001e-09 9.3004045271789994e+02
4.5807460305493105e-06 3.3555999792714001e-10 4.9256699999999996e-09 9.3004228160820003e+02
4.7281205653478515e-06 3.3656599963290001e-10 5.0841300000000003e-09 9.3004248152130003e+02
6.5759177435918250e-06 5.4515600232911993e-10 7.0708799999999999e-09 9.3007696075620004e+02
9.1998724984833464e-06 8.8567000200420000e-10 9.8920399999999997e-09 9.3011730648750006e+02
1.2918168885426129e-05 1.4388700552640002e-09 1.3889600000000001e-08 9.3016406831190000e+02
1.8201380444258739e-05 2.3376200076990001e-09 1.9569300000000001e-08 9.3021808578930006e+02
2.5725895950178280e-05 3.7977398937599994e-09 2.7657999999999999e-08 9.3028025838780002e+02
3.6463989818522291e-05 6.1698799253159997e-09 3.9200400000000002e-08 9.3035162548649998e+02
5.1813630126296458e-05 1.0023700173792000e-08 5.5698400000000002e-08 9.3043332628019994e+02
7.3785560512054020e-05 1.6284700005120000e-08 7.9311899999999997e-08 9.3052664006250006e+02
1.0527189036420272e-04 2.6456400399219999e-08 1.1314700000000000e-07 9.3063298613190000e+02
1.5043483705694415e-04 4.2981499428689995e-08 1.6167299999999999e-07 9.3075400323120004e+02
1.5143539825673478e-04 4.3369399516159995e-08 1.6274800000000000e-07 9.3075639185940008e+02
1.5666718390755263e-04 4.3499599327679997e-08 1.6836899999999999e-07 9.3075719132400002e+02
1.8247319946392853e-04 5.3487099479700000e-08 1.9609400000000001e-07 9.3081203831400001e+02
2.1304949570856091e-04 6.5965099669560007e-08 2.2894200000000001e-07 9.3087079295249998e+02
2.4880173202308656e-04 8.1354199584480006e-08 2.6734800000000002e-07 9.3093285559410003e+02
2.9061049213158235e-04 1.0033299847065000e-07 3.1225699999999999e-07 9.3099838615049998e+02
3.3950651358852186e-04 1.2374000051775000e-07 3.6477499999999998e-07 9.3106758453479995e+02
3.9669496520679297e-04 1.5260700009555001e-07 4.2619500000000001e-07 9.3114063056550003e+02
4.6358813252914599e-04 1.8820900209407997e-07 4.9803199999999997e-07 9.3121772415570001e+02
5.4183717856390442e-04 2.3211699768180001e-07 5.8205699999999998e-07 9.3129908512530005e+02
6.3337419989345891e-04 2.8626699988691999e-07 6.8034199999999997e-07 9.3138494352930002e+02
7.4046361643000222e-04 3.5305100162730003e-07 7.9531500000000002e-07 9.3147551899979999e+02
7.4543957324912111e-04 3.5623800038969997e-07 8.0065699999999999e-07 9.3147951660449996e+02
7.7046470619140960e-04 3.5730600246279002e-07 8.2752300000000002e-07 9.3148080575760002e+02
7.7218701201869997e-04 3.5837800248323999e-07 8.2937200000000002e-07 9.3148210505190002e+02
7.7564281539113634e-04 3.6053199741144001e-07 8.3308200000000005e-07 9.3148469349929996e+02
7.7911352986319152e-04 3.6269800105895999e-07 8.3680799999999998e-07 9.3148728185280004e+02
7.8260009510663572e-04 3.6487800290032998e-07 8.4055099999999997e-07 9.3148988034750005e+02
7.8610250285012515e-04 3.6706999922346001e-07 8.4431100000000000e-07 9.3149248879559991e+02
7.8962075319254110e-04 3.6927600351839998e-07 8.4808799999999996e-07 9.3149508719639994e+02
7.9315485471188711e-04 3.7149499796798001e-07 8.5188199999999998e-07 9.3149769564450003e+02
7.9670479058673201e-04 3.7372699824480005e-07 8.5569300000000004e-07 9.3150031404599997e+02
8.0027057791247260e-04 3.7597299948234002e-07 8.5952100000000004e-07 9.3150293244750003e+02
8.0385221698387247e-04 3.7823200230633998e-07 8.6336599999999998e-07 9.3150555094289996e+02
8.0745063029167934e-04 3.8050499711466001e-07 8.6722899999999999e-07 9.3150817929779998e+02
8.1106395596088781e-04 3.8279099715107999e-07 8.7110800000000002e-07 9.3151080774659999e+02
8.1469498722525535e-04 3.8509200436278001e-07 8.7500600000000005e-07 9.3151343619540000e+02
8.1834093096975699e-04 3.8740599815679997e-07 8.7891999999999998e-07 9.3151607459759998e+02
8.3652972322216491e-04 3.8856800310954005e-07 8.9844600000000005e-07 9.3151737379799999e+02
8.9649746606902973e-04 4.2637900225708002e-07 9.6282100000000007e-07 9.3155798930399999e+02
9.6293679962426715e-04 4.6927300060880000e-07 1.0341400000000000e-06 9.3160093353000002e+02
1.0343084479593990e-03 5.1648199988999994e-07 1.1107499999999999e-06 9.3164493704189999e+02
1.1110033276598183e-03 5.6844100521450010e-07 1.1930700000000001e-06 9.3169002988770001e+02
1.1934040547386528e-03 6.2562700512179996e-07 1.2815100000000000e-06 9.3173623206809998e+02
1.2819398888523502e-03 6.8856500094819997e-07 1.3765300000000001e-06 9.3178357353719991e+02
1.3770588621277026e-03 7.5783499966439992e-07 1.4786100000000000e-06 9.3183208434300002e+02
1.4792742600387720e-03 8.3407400117300003e-07 1.5882999999999999e-06 9.3188178448619999e+02
1.5890902438860661e-03 9.1798299673799988e-07 1.7061399999999999e-06 9.3193271378040004e+02
1.7070948934908867e-03 1.0103300084124001e-06 1.8327600000000000e-06 9.3198488236679998e+02
1.7418302566492478e-03 1.0379399925766002e-06 1.8700300000000001e-06 9.3199978345169995e+02
1.8026805910135908e-03 1.0410599913928000e-06 1.9353200000000000e-06 9.3200143242960007e+02
2.0389359400714486e-03 1.2275099896319999e-06 2.1888000000000001e-06 9.3209187794249999e+02
2.3114099463439177e-03 1.4516999917321999e-06 2.4811100000000001e-06 9.3218792017709995e+02
2.6204004641994278e-03 1.7168400063888003e-06 2.8125600000000001e-06 9.3228811983419996e+02
2.9707928967162671e-03 2.0304000155634000e-06 3.1883800000000001e-06 9.3239264696670000e+02
3.3681648965264784e-03 2.4012300084080001e-06 3.6145400000000001e-06 9.3250170129989999e+02
3.8188055776886142e-03 2.8397900147328003e-06 4.0977700000000004e-06 9.3261546284010001e+02
4.3298558716110781e-03 3.3584500068246004e-06 4.6457100000000001e-06 9.3273413140649996e+02
4.9094492242661523e-03 3.9718300068571995e-06 5.2670599999999997e-06 9.3285792691289998e+02
5.5667590537662745e-03 4.6972400276543001e-06 5.9716300000000001e-06 9.3298704917850000e+02
6.3122329168583428e-03 5.5551399798486997e-06 6.7705900000000002e-06 9.3312173811779996e+02
6.3691536418958340e-03 5.6221100036384002e-06 6.8315900000000001e-06 9.3313158221820004e+02
6.6107787783348925e-03 5.6389700285964000e-06 7.0905299999999997e-06 9.3313397075249998e+02
7.1832281514335565e-03 6.2999099885847007e-06 7.7039700000000007e-06 9.3322329697740008e+02
7.8228640480689938e-03 7.0594400109160007e-06 8.3893400000000006e-06 9.3331767013950002e+02
8.5195476220300548e-03 7.9105299722335996e-06 9.1357600000000004e-06 9.3341477175390003e+02
9.2783521214718639e-03 8.8642300383220009e-06 9.9486500000000000e-06 9.3351470163630006e+02
1.0104791977484120e-02 9.9329099737559988e-06 1.0833900000000000e-05 9.3361751969490001e+02
1.1005037422914624e-02 1.1130399980334000e-05 1.1798100000000000e-05 9.3372332602710003e+02
1.1985504705131824e-02 1.2472300012974001e-05 1.2848100000000000e-05 9.3383220044789994e+02
1.3053499763127112e-02 1.3976000053347000e-05 1.3991700000000000e-05 9.3394422305399996e+02
1.4216706487829026e-02 1.5661000693130000e-05 1.5237100000000000e-05 9.3405949366109996e+02
1.5483652631007537e-02 1.7549100191680000e-05 1.6593399999999999e-05 9.3417811227269999e+02
1.5623499832828706e-02 1.7760599953030001e-05 1.6743099999999999e-05 9.3419079468840005e+02
1.6269961736847121e-02 1.7813900213129999e-05 1.7435099999999998e-05 9.3419395273319992e+02
1.7094324515795702e-02 1.9027400207749999e-05 1.8317499999999999e-05 9.3426180186839997e+02
1.8000874089488257e-02 2.0384500450440000e-05 1.9287799999999999e-05 9.3433394852489994e+02
1.8955614232225096e-02 2.1838399047120000e-05 2.0309599999999999e-05 9.3440734433310001e+02
1.9960983560824267e-02 2.3396100553499999e-05 2.1385500000000000e-05 9.3448202938830002e+02
2.1019794814794490e-02 2.5064799654149998e-05 2.2518500000000001e-05 9.3455801364390004e+02
2.2134768910989058e-02 2.6852600343399999e-05 2.3711500000000002e-05 9.3463531710059999e+02
2.3309000859656603e-02 2.8767899159999994e-05 2.4967799999999998e-05 9.3471396971249999e+02
2.4545494036103295e-02 3.0819700065419999e-05 2.6290599999999999e-05 9.3479400162150000e+02
2.5847718880420045e-02 3.3017999946119998e-05 2.7683600000000000e-05 9.3487541254589996e+02
2.7219055484112444e-02 3.5372998881120002e-05 2.9150400000000001e-05 9.3495825272219997e+02
2.7775365070038964e-02 3.6339601209739997e-05 2.9745400000000002e-05 9.3499105302509997e+02
2.8289610775747390e-02 3.6448598719180002e-05 3.0295400000000001e-05 9.3499466085090000e+02
2.8802930737171755e-02 3.7332599735440002e-05 3.0844399999999999e-05 9.3502356336480000e+02
2.9391538203060320e-02 3.8352800962709990e-05 3.1473899999999997e-05 9.3505628375879996e+02
2.9992229144074897e-02 3.9400800335690003e-05 3.2116300000000003e-05 9.3508923392610006e+02
3.0605097595990186e-02 4.0477499896860003e-05 3.2771700000000003e-05 9.3512239395989991e+02
3.1230612131930052e-02 4.1583600119840003e-05 3.3440600000000000e-05 9.3515578386089999e+02
3.1868867160453597e-02 4.2719998743180005e-05 3.4123099999999999e-05 9.3518940362910007e+02
3.2520144922003676e-02 4.3887298648500002e-05 3.4819500000000001e-05 9.3522325326449993e+02
3.3184820445813230e-02 4.5086601561120004e-05 3.5530200000000001e-05 9.3525732271979996e+02
3.3862987887692660e-02 4.6318701748649993e-05 3.6255299999999998e-05 9.3529163208960006e+02
3.4555116462740516e-02 4.7584401826990007e-05 3.6995300000000001e-05 9.3532617123270006e+02
3.4710848908415574e-02 4.7870299693839997e-05 3.7161800000000001e-05 9.3533387666670001e+02
3.5705765632703390e-02 4.8013899962450004e-05 3.8225500000000002e-05 9.3533768431169995e+02
3.6190650245182691e-02 4.8884701265269996e-05 3.8743900000000000e-05 9.3536029073669999e+02
3.6764595537185744e-02 4.9920498059249994e-05 3.9357499999999997e-05 9.3538680481020003e+02
3.7347724170046170e-02 5.0978398185919999e-05 3.9980900000000002e-05 9.3541345870079999e+02
3.7940129948432849e-02 5.2058599241440000e-05 4.0614200000000002e-05 9.3544024264290010e+02
3.8541907483377907e-02 5.3161699756499999e-05 4.1257500000000003e-05 9.3546717635549999e+02
3.9153244015328124e-02 5.4288198430999997e-05 4.1910999999999999e-05 9.3549425007299999e+02
3.9774234210732992e-02 5.5438601263319996e-05 4.2574799999999998e-05 9.3552146370150001e+02
4.0405159191034282e-02 5.6613297948239995e-05 4.3249199999999999e-05 9.3554882728830000e+02
4.1046019389420471e-02 5.7812899551080002e-05 4.3934199999999997e-05 9.3557633069220003e+02
4.1697190276124625e-02 5.9037997871239995e-05 4.4630199999999998e-05 9.3560397410099995e+02
4.2358578444415006e-02 6.0288999023690009e-05 4.5337100000000003e-05 9.3563177732760005e+02
4.2549448380963861e-02 6.0651299975859995e-05 4.5541099999999997e-05 9.3563974248900001e+02
4.3740238175900857e-02 6.0833198906699995e-05 4.6813800000000002e-05 9.3564365013750000e+02
4.5854886274473032e-02 6.4782902450840000e-05 4.9073799999999998e-05 9.3572599057799994e+02
4.8180087401599556e-02 6.9195997901699998e-05 5.1558599999999998e-05 9.3581365787159996e+02
5.0623240020302433e-02 7.3909702371599995e-05 5.4169200000000003e-05 9.3590278418340006e+02
5.3190452397117956e-02 7.8944498346630003e-05 5.6912100000000000e-05 9.3599338970190001e+02
5.5887837732656438e-02 8.4322299027779992e-05 5.9793799999999997e-05 9.3608550419339997e+02
5.8722166587791814e-02 9.0066499795649990e-05 6.2821499999999995e-05 9.3617915789369999e+02
6.1700398546921942e-02 9.6201898222459989e-05 6.6002599999999997e-05 9.3627437052180005e+02
6.4829683480590566e-02 1.0275499726340999e-04 6.9344700000000000e-05 9.3637116226620003e+02
6.8117831355171340e-02 1.0975499711746999e-04 7.2856100000000002e-05 9.3646956308100005e+02
7.1572933822013338e-02 1.1723199746169999e-04 7.6545399999999994e-05 9.3656960282640000e+02
7.2872355791586060e-02 1.2007500056640000e-04 7.7932800000000000e-05 9.3660639068670002e+02
7.6294350046888545e-02 1.2043499631464001e-04 8.1586400000000002e-05 9.3661091798129996e+02
7.8557740452832786e-02 1.2521799885310001e-04 8.4002899999999995e-05 9.3666865324139997e+02
8.1070439170188191e-02 1.3058099681828001e-04 8.6685400000000002e-05 9.3673145543940007e+02
8.3663493660002267e-02 1.3617299667415003e-04 8.9453500000000007e-05 9.3679492723830003e+02
8.6339540033127660e-02 1.4200499619000000e-04 9.2310000000000002e-05 9.3685905859080003e+02
8.9101308842231525e-02 1.4808700429182000e-04 9.5257800000000001e-05 9.3692387963880003e+02
9.1951438062670962e-02 1.5442999846642999e-04 9.8299699999999997e-05 9.3698938014720000e+02
9.3544637803481184e-02 1.5800363917307320e-04 1.0000000000000000e-04 9.3702641442654260e+02
9.5903550244603661e-02 1.5942325507277766e-04 1.0251715964758555e-04 9.3704286999272983e+02
9.8321947312910982e-02 1.6089080168386297e-04 1.0509774897332634e-04 9.3705944301042700e+02
1.0080132903053608e-01 1.6240789729835730e-04 1.0774336600338166e-04 9.3707613445699826e+02
1.0334323324562689e-01 1.6397621484693303e-04 1.1045564901285457e-04 9.3709294531806052e+02
1.0594923658620378e-01 1.6559748374367971e-04 1.1323627753915081e-04 9.3710987658755244e+02
1.0862095543807070e-01 1.6727349179316268e-04 1.1608697342083900e-04 9.3712692926780244e+02
1.1136004694738583e-01 1.6900608716186949e-04 1.1900950186265243e-04 9.3714410436960043e+02
1.1416821004851437e-01 1.7079718041621892e-04 1.2200567252729084e-04 9.3716140291226759e+02
1.1704718651780058e-01 1.7264874662937949e-04 1.2507734065469556e-04 9.3717882592372962e+02
1.1999876205391267e-01 1.7456282755922087e-04 1.2822640820948919e-04 9.3719637444058628e+02
1.2302476738543083e-01 1.7654153389979973e-04 1.3145482505728750e-04 9.3721404950818646e+02
1.2612707940636514e-01 1.7858704760886294e-04 1.3476459017061030e-04 9.3723185218069966e+02
1.2930762234030813e-01 1.8070162431393455e-04 1.3815775286513506e-04 9.3724978352119115e+02
1.3256836893394308e-01 1.8288759579963986e-04 1.4163641406705589e-04 9.3726784460169540e+02
1.3591134168064983e-01 1.8514737257900945e-04 1.4520272761233096e-04 9.3728603650329228e+02
1.3933861407496553e-01 1.8748344655159855e-04 1.4885890157861914e-04 9.3730436031618217e+02
1.4285231189867945e-01 1.8989839375135273e-04 1.5260719965072816e-04 9.3732281713976317e+02
1.4645461453935910e-01 1.9239487718725049e-04 1.5644994252041707e-04 9.3734140808270729e+02
1.5014775634212560e-01 1.9497564977985466e-04 1.6038950932141608e-04 9.3736013426303862e+02
1.5393402799551678e-01 1.9764355739701136e-04 1.6442833910054963e-04 9.3737899680821249e+02
1.5781577795229734e-01 2.0040154199204308e-04 1.6856893232587028e-04 9.3739799685519301e+02
1.6179541388609789e-01 2.0325264484789794e-04 1.7281385243273346e-04 9.3741713555053445e+02
1.6587540418478577e-01 2.0620000993083108e-04 1.7716572740876759e-04 9.3743641405046117e+02
1.7005827948149410e-01 2.0924688735731681e-04 1.8162725141871618e-04 9.3745583352094832e+02
1.7434663422425895e-01 2.1239663697801521e-04 1.8620118647015549e-04 9.3747539513780396e+02
1.7874312828523789e-01 2.1565273208274435e-04 1.9089036412111432e-04 9.3749510008675213e+02
1.8325048861050822e-01 2.1901876323054392e-04 1.9569768723064923e-04 9.3751494956351564e+02
1.8787151091146806e-01 2.2249844220905451e-04 2.0062613175345564e-04 9.3753494477389950e+02
1.9260906139888942e-01 2.2609560612757730e-04 2.0567874857962029e-04 9.3755508693387731e+02
1.9746607856069892e-01 2.2981422164832877e-04 2.1085866542065127e-04 9.3757537726967485e+02
2.0244557498458868e-01 2.3365838936055593e-04 2.1616908874294715e-04 9.3759581701785737e+02
2.0755063922658809e-01 2.3763234830233526e-04 2.2161330574989893e-04 9.3761640742541567e+02
2.1278443772675504e-01 2.4174048063504207e-04 2.2719468641384537e-04 9.3763714974985510e+02
2.1815021677317528e-01 2.4598731647564449e-04 2.3291668555913656e-04 9.3765804525928252e+02
2.2365130451548793e-01 2.5037753889215120e-04 2.3878284499758849e-04 9.3767909523249580e+02
2.2929111302918576e-01 2.5491598906772099e-04 2.4479679571764556e-04 9.3770030095907509e+02
2.3507314043197117e-01 2.5960767163912899e-04 2.5096226012860163e-04 9.3772166373947130e+02
2.4100097305347995e-01 2.6445776021547651e-04 2.5728305436126145e-04 9.3774318488509914e+02
2.4707828765971937e-01 2.6947160308322992e-04 2.6376309062646253e-04 9.3776486571842963e+02
2.5330885373359924e-01 2.7465472910387953e-04 2.7040637963290969e-04 9.3778670757308134e+02
2.5969653581297142e-01 2.8001285381072167e-04 2.7721703306581361e-04 9.3780871179391625e+02
2.6624529588762774e-01 2.8555188571148852e-04 2.8419926612786059e-04 9.3783087973713361e+02
2.7295919585674255e-01 2.9127793280377335e-04 2.9135740014408015e-04 9.3785321277036473e+02
2.7984240004828514e-01 2.9719730931043764e-04 2.9869586523221527e-04 9.3787571227277124e+02
2.8689917780196311e-01 3.0331654264242685e-04 3.0621920304024048e-04 9.3789837963514015e+02
2.9413390611730084e-01 3.0964238059667261e-04 3.1393206955271662e-04 9.3792121625998288e+02
3.0155107236849377e-01 3.1618179879701900e-04 3.2183923796770894e-04 9.3794422356163409e+02
3.0915527708772345e-01 3.2294200838637764e-04 3.2994560164604364e-04 9.3796740296635130e+02
3.1695123681865900e-01 3.2993046397859473e-04 3.3825617713471786e-04 9.3799075591241456e+02
3.2494378704191579e-01 3.3715487187879767e-04 3.4677610726632736e-04 9.3801428385022996e+02
3.3313788517428461e-01 3.4462319858128684e-04 3.5551066433642101e-04 9.3803798824242926e+02
3.4153861364359300e-01 3.5234367955434289e-04 3.6446525336073827e-04 9.3806187056397528e+02
3.5015118304110476e-01 3.6032482832163684e-04 3.7364541541433821e-04 9.3808593230226461e+02
3.5898093535341397e-01 3.6857544585025759e-04 3.8305683105467457e-04 9.3811017495723365e+02
3.6803334727583664e-01 3.7710463025570793e-04 3.9270532383072713e-04 9.3813460004146282e+02
3.7731403360935739e-01 3.8592178683457304e-04 4.0259686388034927e-04 9.3815920908028579e+02
3.8682875074323558e-01 3.9503663843592243e-04 4.1273757161804808e-04 9.3818400361189481e+02
3.9658340022543309e-01 4.0445923618288409e-04 4.2313372151546761e-04 9.3820898518745003e+02
4.0658403242307695e-01 4.1419997055621187e-04 4.3379174597690226e-04 9.3823415537119104e+02
4.1683685027522788e-01 4.2426958285206984e-04 4.4471823931222979e-04 9.3825951574054375e+02
4.2734821314028293e-01 4.3467917702666757e-04 4.5591996180970572e-04 9.3828506788623542e+02
4.3812464074039659e-01 4.4544023194080664e-04 4.6740384391113040e-04 9.3831081341240474e+02
4.4917281720536945e-01 4.5656461401784288e-04 4.7917699049195662e-04 9.3833675393671615e+02
4.6049959521851114e-01 4.6806459032902099e-04 4.9124668524897451e-04 9.3836289109047459e+02
4.7211200026704914e-01 4.7995284212061100e-04 5.0362039519827307e-04 9.3838922651874020e+02
4.8401723499972038e-01 4.9224247879776375e-04 5.1630577528624785e-04 9.3841576188044507e+02
4.9622268369424777e-01 5.0494705238050570e-04 5.2931067311649230e-04 9.3844249884851081e+02
5.0873591683747321e-01 5.1808057244781308e-04 5.4264313379548282e-04 9.3846943910996606e+02
5.2156469582098741e-01 5.3165752158624603e-04 5.5631140490003774e-04 9.3849658436606717e+02
5.3471697775517002e-01 5.4569287136017669e-04 5.7032394156960968e-04 9.3852393633241832e+02
5.4820092040462387e-01 5.6020209882122268e-04 5.8468941172654153e-04 9.3855149673909261e+02
5.6202488724806743e-01 5.7520120357509126e-04 5.9941670142750177e-04 9.3857926733075499e+02
5.7619745266582112e-01 5.9070672542465359e-04 6.1451492034938788e-04 9.3860724986678554e+02
5.9072740725810768e-01 6.0673576260870618e-04 6.2999340741307552e-04 9.3863544612140538e+02
6.0562376329746281e-01 6.2330599065652849e-04 6.4586173654847170e-04 9.3866385788380069e+02
6.2089576031863902e-01 6.4043568187903107e-04 6.6212972260441816e-04 9.3869248695825081e+02
6.3655287084947187e-01 6.5814372551798697e-04 6.7880742740708186e-04 9.3872133516425629e+02
6.5260480628625817e-01 6.7644964857556280e-04 6.9590516597055449e-04 9.3875040433666754e+02
6.6906152291729615e-01 6.9537363734712223e-04 7.1343351286348646e-04 9.3877969632581505e+02
6.8593322809831958e-01 7.1493655968104424e-04 7.3140330873566522e-04 9.3880921299764111e+02
7.0323038658365833e-01 7.3515998799010302e-04 7.4982566700855470e-04 9.3883895623383205e+02
7.2096372701705103e-01 7.5606622303978435e-04 7.6871198073390678e-04 9.3886892793195261e+02
7.3914424858613725e-01 7.7767831853977200e-04 7.8807392962466655e-04 9.3889913000557863e+02
7.5778322784475449e-01 8.0002010656571776e-04 8.0792348726248524e-04 9.3892956438443673e+02
7.7689222570727434e-01 8.2311622383933339e-04 8.2827292848628277e-04 9.3896023301453783e+02
7.9648309461931388e-01 8.4699213889578016e-04 8.4913483696639265e-04 9.3899113785831719e+02
8.1656798590926982e-01 8.7167418016831312e-04 8.7052211296894527e-04 9.3902228089477512e+02
8.3715935732523783e-01 8.9718956502115612e-04 8.9244798131527035e-04 9.3905366411961575e+02
8.5826998076198924e-01 9.2356642976261451e-04 9.1492599954119897e-04 9.3908528954538963e+02
8.7991295018279825e-01 9.5083386067152601e-04 9.3797006626128486e-04 9.3911715920163772e+02
9.0210168974103444e-01 9.7902192607126357e-04 9.6159442974308462e-04 9.3914927513503540e+02
9.2484996210655646e-01 1.0081617094866570e-03 9.8581369669676266e-04 9.3918163940953855e+02
9.4817187700207395e-01 1.0382853439203966e-03 1.0106428412854245e-03 9.3921425410653012e+02
9.7208189995476746e-01 1.0694260472867167e-03 1.0360972143617080e-03 9.3924712132496961e+02
9.9659486126860053e-01 1.1016181590414323e-03 1.0621925529363144e-03 9.3928024318153984e+02
1.0217259652228856e+00 1.1348971780487209e-03 1.0889449898842847e-03 9.3931362181080181e+02
1.0474907995028087e+00 1.1692998017264057e-03 1.1163710638949921e-03 9.3934725936534471e+02
1.0739053448677653e+00 1.2048639665129101e-03 1.1444877296719581e-03 9.3938115801594017e+02
1.1009859850635009e+00 1.2416288897004993e-03 1.1733123683887515e-03 9.3941531995169623e+02
1.1287495169842061e+00 1.2796351126809495e-03 1.2028627984073978e-03 9.3944974738021392e+02
1.1572131610908696e+00 1.3189245456513214e-03 1.2331572862658707e-03 9.3948444252774698e+02
1.1863945720923490e+00 1.3595405138291492e-03 1.2642145579414225e-03 9.3951940763935806e+02
1.2163118498957877e+00 1.4015278052279916e-03 1.2960538103966570e-03 9.3955464497908054e+02
1.2469835508331673e+00 1.4449327200460435e-03 1.3286947234154394e-03 9.3959015683008067e+02
1.2784286991709579e+00 1.4898031217222573e-03 1.3621574717359018e-03 9.3962594549482003e+02
1.3106667989100127e+00 1.5361884897162866e-03 1.3964627374879997e-03 9.3966201329522062e+02
1.3437178458830110e+00 1.5841399740704389e-03 1.4316317229432377e-03 9.3969836257283112e+02
1.3776023401569710e+00 1.6337104518138186e-03 1.4676861635844023e-03 9.3973499568899433e+02
1.4123412987485107e+00 1.6849545852708498e-03 1.5046483415033114e-03 9.3977191502501614e+02
1.4479562686597516e+00 1.7379288823384767e-03 1.5425410991348055e-03 9.3980912298233591e+02
1.4844693402429487e+00 1.7926917587985174e-03 1.5813878533353992e-03 9.3984662198269928e+02
1.5219031609021338e+00 1.8493036027338724e-03 1.6212126098152353e-03 9.3988441446833133e+02
1.5602809491402754e+00 1.9078268411196349e-03 1.6620399779321913e-03 9.3992250290211132e+02
1.5996265089606632e+00 1.9683260086625211e-03 1.7038951858572085e-03 9.3996088976774888e+02
1.6399642446314531e+00 2.0308678189645403e-03 1.7468040961201433e-03 9.3999957756996400e+02
1.6813191758225297e+00 2.0955212380893741e-03 1.7907932215456780e-03 9.4003856883466540e+02
1.7237169531240730e+00 2.1623575606125882e-03 1.8358897415890571e-03 9.4007786610913149e+02
1.7671838739564585e+00 2.2314504882395402e-03 1.8821215190816631e-03 9.4011747196219426e+02
1.8117468988813543e+00 2.3028762110776728e-03 1.9295171173966971e-03 9.4015738898442453e+02
1.8574336683241361e+00 2.3767134916528225e-03 1.9781058180454929e-03 9.4019761978831446e+02
1.9042725197179944e+00 2.4530437517621788e-03 2.0279176387152319e-03 9.4023816700847112e+02
1.9522925050803539e+00 2.5319511622596724e-03 2.0789833517591326e-03 9.4027903330180015e+02
2.0015234090325289e+00 2.6135227358728059e-03 2.1313345031504271e-03 9.4032022134770102e+02
2.0519957672737728e+00 2.6978484231532703e-03 2.1850034319117495e-03 9.4036173384825770e+02
2.1037408855211877e+00 2.7850212116671564e-03 2.2400232900318322e-03 9.4040357352843409e+02
2.1567908589272449e+00 2.8751372285341454e-03 2.2964280628817164e-03 9.4044574313626924e+02
2.2111785919869518e+00 2.9682958464287402e-03 2.3542525901429682e-03 9.4048824544307740e+02
2.2669378189470195e+00 3.0645997931604356e-03 2.4135325872607387e-03 9.4053108324364518e+02
2.3241031247296902e+00 3.1641552649536628e-03 2.4743046674347868e-03 9.4057425935643460e+02
2.3827099663841933e+00 3.2670720435524154e-03 2.5366063641619366e-03 9.4061777662378574e+02
2.4427946950791499e+00 3.3734636172787036e-03 2.6004761543437700e-03 9.4066163791212261e+02
2.5043945786495554e+00 3.4834473061783259e-03 2.6659534819737062e-03 9.4070584611215986e+02
2.5675478247123267e+00 3.5971443913919428e-03 2.7330787824179593e-03 9.4075040413910870e+02
2.6322936043647598e+00 3.7146802488941468e-03 2.8018935073052323e-03 9.4079531493289289e+02
2.6986720764805825e+00 3.8361844877479643e-03 2.8724401500403928e-03 9.4084058145835593e+02
2.7667244126186881e+00 3.9617910930272839e-03 2.9447622719577294e-03 9.4088620670547880e+02
2.8364928225599844e+00 4.0916385735647815e-03 3.0189045291297940e-03 9.4093219368959444e+02
2.9080205804882140e+00 4.2258701146882984e-03 3.0949126998482419e-03 9.4097854545160624e+02
2.9813520518309629e+00 4.3646337361140583e-03 3.1728337127934513e-03 9.4102526505820833e+02
3.0565327207775299e+00 4.5080824551708802e-03 3.2527156759101865e-03 9.4107235560210768e+02
3.1336092184907072e+00 4.6563744555353451e-03 3.3346079060069373e-03 9.4111982020224764e+02
3.2126293520299778e+00 4.8096732616639904e-03 3.4185609590970520e-03 9.4116766200403436e+02
3.2936421340040689e+00 4.9681479191148945e-03 3.5046266615001969e-03 9.4121588417956468e+02
3.3766978129712517e+00 5.1319731809574831e-03 3.5928581417231766e-03 9.4126448992785572e+02
3.4618479046062474e+00 5.3013297004761159e-03 3.6833098631395833e-03 9.4131348247507776e+02
3.5491452236530643e+00 5.4764042303799589e-03 3.7760376574882664e-03 9.4136286507478769e+02
3.6386439166835913e+00 5.6573898287388055e-03 3.8710987592110732e-03 9.4141264100816579e+02
3.7303994956822635e+00 5.8444860718719445e-03 3.9685518406508725e-03 9.4146281358425267e+02
3.8244688724776310e+00 6.0378992744248329e-03 4.0684570481313229e-03 9.4151338614019301e+02
3.9209103940421879e+00 6.2378427168762350e-03 4.1708760389404832e-03 9.4156436204147349e+02
4.0197838786823556e+00 6.4445368807267379e-03 4.2758720192407939e-03 9.4161574468217191e+02
4.1211506531410649e+00 6.6582096916279580e-03 4.3835097829286315e-03 9.4166753748520114e+02
4.2250735906359669e+00 6.8790967707205849e-03 4.4938557514671460e-03 9.4171974390256014e+02
4.3316171498568270e+00 7.1074416944583432e-03 4.6069780147166917e-03 9.4177236741558386e+02
4.4408474149463402e+00 7.3434962632044770e-03 4.7229463727878011e-03 9.4182541153519867e+02
4.5528321364891244e+00 7.5875207788968684e-03 4.8418323789422369e-03 9.4187887980217636e+02
4.6676407735343437e+00 7.8397843320880262e-03 4.9637093835683127e-03 9.4193277578739333e+02
4.7853445366780063e+00 8.1005650986764408e-03 5.0886525792572966e-03 9.4198710309209184e+02
4.9060164322316719e+00 8.3701506466565250e-03 5.2167390470084550e-03 9.4204186534814096e+02
5.0297313075049592e+00 8.6488382532253980e-03 5.3480478035908491e-03 9.4209706621830412e+02
5.1565658972299415e+00 8.9369352325962149e-03 5.4826598500908649e-03 9.4215270939650384e+02
5.2865988711562233e+00 9.2347592748794720e-03 5.6206582216749889e-03 9.4220879860809498e+02
5.4199108828462226e+00 9.5426387964060496e-03 5.7621280385982826e-03 9.4226533761013366e+02
5.5565846197009208e+00 9.8609133018782488e-03 5.9071565584895491e-03 9.4232233019165665e+02
5.6967048542471108e+00 1.0189933758748184e-02 6.0558332299451767e-03 9.4237978017395358e+02
5.8403584967179594e+00 1.0530062984236394e-02 6.2082497474642475e-03 9.4243769141084965e+02
5.9876346489594789e+00 1.0881676045417392e-02 6.3645001077584085e-03 9.4249606778898897e+02
6.1386246596963723e+00 1.1245160672813394e-02 6.5246806674708821e-03 9.4255491322811633e+02
6.2934221811915032e+00 1.1620917687952254e-02 6.6888902023396844e-03 9.4261423168136855e+02
6.4521232273341642e+00 1.2009361445361133e-02 6.8572299678412111e-03 9.4267402713556066e+02
6.6148262331931207e+00 1.2410920289483218e-02 7.0298037613510068e-03 9.4273430361147996e+02
6.7816321160714423e+00 1.2826037027021444e-02 7.2067179858596704e-03 9.4279506516418382e+02
6.9526443381009262e+00 1.3255169415230014e-02 7.3880817152826798e-03 9.4285631588329420e+02
7.1279689704149725e+00 1.3698790666692153e-02 7.5740067614038674e-03 9.4291805989329907e+02
7.3077147589397002e+00 1.4157389971140799e-02 7.7646077424933088e-03 9.4298030135385818e+02
7.4919931918441209e+00 1.4631473034897561e-02 7.9600021536414284e-03 9.4304304446010678e+02
7.6809185686911965e+00 1.5121562638524875e-02 8.1603104388520923e-03 9.4310629344296376e+02
7.8746080713326823e+00 1.5628199213306233e-02 8.3656560649385311e-03 9.4317005256944708e+02
8.0731818365917185e+00 1.6151941437190214e-02 8.5761655972671248e-03 9.4323432614298520e+02
8.2767630307782589e+00 1.6693366850855446e-02 8.7919687773950449e-03 9.4329911850373594e+02
8.4854779260835542e+00 1.7253072494575916e-02 9.0131986026490314e-03 9.4336443402890598e+02
8.6994559789010690e+00 1.7831675566588781e-02 9.2399914076936700e-03 9.4343027713307356e+02
8.9188299101224189e+00 1.8429814103690847e-02 9.4724869481387294e-03 9.4349665226851664e+02
9.1437357874581213e+00 1.9048147684814019e-02 9.7108284862364690e-03 9.4356356392553948e+02
9.3743131098342580e+00 1.9687358158355865e-02 9.9551628787209294e-03 9.4363101663280713e+02
9.6107048939172799e+00 2.0348150394066830e-02 1.0205640666842550e-02 9.4369901495767920e+02
9.8530577628208444e+00 2.1031253060323992e-02 1.0462416168653024e-02 9.4376756350654705e+02
1.0101522037049408e+01 2.1737419427647519e-02 1.0725647573596082e-02 9.4383666692517875e+02
1.0356251827735308e+01 2.2467428199346873e-02 1.0995497039462124e-02 9.4390632989905828e+02
1.0617405132226830e+01 2.3222084370211792e-02 1.1272130791765081e-02 9.4397655715373833e+02
1.0885143932086889e+01 2.4002220114195824e-02 1.1555719225602331e-02 9.4404735345518543e+02
1.1159634293562769e+01 2.4808695702070404e-02 1.1846437010059011e-02 9.4411872361014025e+02
1.1441046470589574e+01 2.5642400450062303e-02 1.2144463195220622e-02 9.4419067246646853e+02
1.1729555010390989e+01 2.6504253700519721e-02 1.2449981321858351e-02 9.4426320491352635e+02
1.2025338861742984e+01 2.7395205835688767e-02 1.2763179533854014e-02 9.4433632588251987e+02
1.2328581485967716e+01 2.8316239325718605e-02 1.3084250693432714e-02 9.4441004034687626e+02
1.2639470970726171e+01 2.9268369812049951e-02 1.3413392499272994e-02 9.4448435332261135e+02
1.2958200146680534e+01 3.0252647227382908e-02 1.3750807607566381e-02 9.4455926986870372e+02
1.3284966707098190e+01 3.1270156953457667e-02 1.4096703756099272e-02 9.4463479508747309e+02
1.3619973330472023e+01 3.2322021017926320e-02 1.4451293891432942e-02 9.4471093412496043e+02
1.3963427806232581e+01 3.3409399331634067e-02 1.4814796299258160e-02 9.4478769217131219e+02
1.4315543163630569e+01 3.4533490967675759e-02 1.5187434738003960e-02 9.4486507446116821e+02
1.4676537803869119e+01 3.5695535483636534e-02 1.5569438575780959e-02 9.4494308627405292e+02
1.5046635635568279e+01 3.6896814288476375e-02 1.5961042930742735e-02 9.4502173293476983e+02
1.5426066213645274e+01 3.8138652055564146e-02 1.6362488814949675e-02 9.4510101981380024e+02
1.5815064881697131e+01 3.9422418183420939e-02 1.6774023281822942e-02 9.4518095232770781e+02
1.6213872917973532e+01 4.0749528305781865e-02 1.7195899577277390e-02 9.4526153593954007e+02
1.6622737685030909e+01 4.2121445852643213e-02 1.7628377294625207e-02 9.4534277615924270e+02
1.7041912783160100e+01 4.3539683664014547e-02 1.8071722533343725e-02 9.4542467854406982e+02
1.7471658207683230e+01 4.5005805658157046e-02 1.8526208061803804e-02 9.4550724869900216e+02
1.7912240510216989e+01 4.6521428556146230e-02 1.8992113484056786e-02 9.4559049227717014e+02
1.8363932964002466e+01 4.8088223664661381e-02 1.9469725410781191e-02 9.4567441498027654e+02
1.8827015733404274e+01 4.9707918718968166e-02 1.9959337634492525e-02 9.4575902255902645e+02
1.9301776047683688e+01 5.1382299788125224e-02 2.0461251309121700e-02 9.4584432081356158e+02
1.9788508379154081e+01 5.3113213244517586e-02 2.0975775134071246e-02 9.4593031559389556e+02
2.0287514625828592e+01 5.4902567799886649e-02 2.1503225542859758e-02 9.4601701280035491e+02
2.0799104298673967e+01 5.6752336610104093e-02 2.2043926896469290e-02 9.4610441838402630e+02
2.1323594713586012e+01 5.8664559451008458e-02 2.2598211681511722e-02 9.4619253834720439e+02
2.1861311188206436e+01 6.0641344967705978e-02 2.3166420713334461e-02 9.4628137874384674e+02
2.2412587243702475e+01 6.2684872999813721e-02 2.3748903344187462e-02 9.4637094568002885e+02
2.2977764811635140e+01 6.4797396985211517e-02 2.4346017676577687e-02 9.4646124531440989e+02
2.3557194446043685e+01 6.6981246444950807e-02 2.4958130781939248e-02 9.4655228385869668e+02
2.4151235540878591e+01 6.9238829552063300e-02 2.5585618924751797e-02 9.4664406757811560e+02
2.4760256552917149e+01 7.1572635787099173e-02 2.6228867792241456e-02 9.4673660279188812e+02
2.5384635230300681e+01 7.3985238683326057e-02 2.6888272729803805e-02 9.4682989587370832e+02
2.6024758846834526e+01 7.6479298664613740e-02 2.7564238982289900e-02 9.4692395325222856e+02
2.6681024442196360e+01 7.9057565979134617e-02 2.8257181941301186e-02 9.4701878141154964e+02
2.7353839068202092e+01 8.1722883732116294e-02 2.8967527398642546e-02 9.4711438689171212e+02
2.8043620041281461e+01 8.4478191020987914e-02 2.9695711806085521e-02 9.4721077628919397e+02
2.8750795201320724e+01 8.7326526176380467e-02 3.0442182541598833e-02 9.4730795625741348e+02
2.9475803177032123e+01 9.0271030112551942e-02 3.1207398182205675e-02 9.4740593350723873e+02
3.0219093658015655e+01 9.3314949790935145e-02 3.1991828783633103e-02 9.4750471480749809e+02
3.0981127673680888e+01 9.6461641800623846e-02 3.2795956166920652e-02 9.4760430698549487e+02
3.1762377879202891e+01 9.9714576059749552e-02 3.3620274212161572e-02 9.4770471692753358e+02
3.2563328848688549e+01 1.0307733964182618e-01 3.4465289159552513e-02 9.4780595157944435e+02
3.3384477375736203e+01 1.0655364073128662e-01 3.5331519917933679e-02 9.4790801794711388e+02
3.4226332781573944e+01 1.1014731271256818e-01 3.6219498381003710e-02 9.4801092309702460e+02
3.5089417230968749e+01 1.1386231839726096e-01 3.7129769751400671e-02 9.4811467415679340e+02
3.5974266056101378e+01 1.1770275439397562e-01 3.8062892872842501e-02 9.4821927831572191e+02
3.6881428088608892e+01 1.2167285562575389e-01 3.9019440570527732e-02 9.4832474282534758e+02
3.7811466000000003e+01 1.2577700000000000e-01 4.0000000000000001e-02 9.4843288099999995e+02
4.2973086000000002e+01 1.6001899999999999e-01 4.5440000000000001e-02 9.4923385499999995e+02
4.8139066000000000e+01 1.9878399999999999e-01 5.0880000000000002e-02 9.5003815899999995e+02
5.3309430999999996e+01 2.4223600000000001e-01 5.6320000000000002e-02 9.5084815000000003e+02
5.8484220000000001e+01 2.9066399999999998e-01 6.1760000000000002e-02 9.5166765399999997e+02
6.3663499000000002e+01 3.4450599999999998e-01 6.7199999999999996e-02 9.5250184200000001e+02
6.8847363000000001e+01 4.0436000000000000e-01 7.2639999999999996e-02 9.5335698000000002e+02
7.4035944999999998e+01 4.7098800000000002e-01 7.8079999999999997e-02 9.5424015199999997e+02
7.9229417999999995e+01 5.4531399999999997e-01 8.3519999999999997e-02 9.5515899600000000e+02
8.4427998000000002e+01 6.2841199999999997e-01 8.8959999999999997e-02 9.5612146900000005e+02
8.9631944000000004e+01 7.2149700000000005e-01 9.4399999999999998e-02 9.5713565900000003e+02
9.4841559000000004e+01 8.2591700000000001e-01 9.9839999999999998e-02 9.5820962799999995e+02
1.0005718899999999e+02 9.4313199999999997e-01 1.0528000000000000e-01 9.5935128999999995e+02
1.0527922400000000e+02 1.0747089999999999e+00 1.1072000000000000e-01 9.6056831699999998e+02
1.1050802100000000e+02 1.2185710000000001e+00 1.1616000000000000e-01 9.6183533499999999e+02
1.1574387600000000e+02 1.3775290000000000e+00 1.2160000000000000e-01 9.6317117099999996e+02
1.2098722200000000e+02 1.5546260000000001e+00 1.2703999999999999e-01 9.6459434999999996e+02
1.2623856499999999e+02 1.7521519999999999e+00 1.3247999999999999e-01 9.6611521400000004e+02
1.3149845700000000e+02 1.9722379999999999e+00 1.3791999999999999e-01 9.6774166700000001e+02
1.3676749200000000e+02 2.2169479999999999e+00 1.4335999999999999e-01 9.6948021900000003e+02
1.4204629399999999e+02 2.4883090000000001e+00 1.4879999999999999e-01 9.7133639600000004e+02
1.4733551700000001e+02 2.7883190000000000e+00 1.5423999999999999e-01 9.7331494799999996e+02
1.5263583800000001e+02 3.1189529999999999e+00 1.5967999999999999e-01 9.7541997400000002e+02
1.5794795500000001e+02 3.4821599999999999e+00 1.6511999999999999e-01 9.7765500499999996e+02
1.6327258399999999e+02 3.8798629999999998e+00 1.7055999999999999e-01 9.8002306799999997e+02
1.6861045600000000e+02 4.3139519999999996e+00 1.7599999999999999e-01 9.8252673100000004e+02
1.7396231399999999e+02 4.7862879999999999e+00 1.8143999999999999e-01 9.8516814299999999e+02
1.7932891400000000e+02 5.2986940000000002e+00 1.8687999999999999e-01 9.8794906900000001e+02
1.8471101700000000e+02 5.8529540000000004e+00 1.9231999999999999e-01 9.9087091699999996e+02
1.9010939500000001e+02 6.4508109999999999e+00 1.9775999999999999e-01 9.9393476299999998e+02
1.9552482200000000e+02 7.0939639999999997e+00 2.0319999999999999e-01 9.9714137500000004e+02
2.0095807600000001e+02 7.7840639999999999e+00 2.0863999999999999e-01 1.0004912300000000e+03
2.0640993800000001e+02 8.5227120000000003e+00 2.1407999999999999e-01 1.0039845360000000e+03
2.1188118800000001e+02 9.3114589999999993e+00 2.1951999999999999e-01 1.0076212420000001e+03
2.1737260599999999e+02 1.0151799000000000e+01 2.2495999999999999e-01 1.0114010560000000e+03
2.2288496900000001e+02 1.1045169000000000e+01 2.3039999999999999e-01 1.0153234560000000e+03
2.2841905100000000e+02 1.1992948999999999e+01 2.3583999999999999e-01 1.0193877020000000e+03
2.3397562199999999e+02 1.2996454000000000e+01 2.4127999999999999e-01 1.0235928440000000e+03
2.3955544599999999e+02 1.4056938000000001e+01 2.4671999999999999e-01 1.0279377350000000e+03
2.4515927900000000e+02 1.5175585000000000e+01 2.5216000000000000e-01 1.0324210350000001e+03
2.5078787100000000e+02 1.6353515000000002e+01 2.5760000000000000e-01 1.0370412229999999e+03
2.5644196199999999e+02 1.7591774000000001e+01 2.6304000000000000e-01 1.0417966030000000e+03
2.6212228399999998e+02 1.8891337000000000e+01 2.6848000000000000e-01 1.0466853120000001e+03
2.6782955500000003e+02 2.0253105999999999e+01 2.7392000000000000e-01 1.0517053260000000e+03
2.7356448499999999e+02 2.1677907999999999e+01 2.7936000000000000e-01 1.0568544700000000e+03
2.7932777099999998e+02 2.3166492999999999e+01 2.8480000000000000e-01 1.0621304290000000e+03
2.8512009599999999e+02 2.4719536000000002e+01 2.9024000000000000e-01 1.0675307470000000e+03
2.9094213100000002e+02 2.6337634000000001e+01 2.9568000000000000e-01 1.0730528460000000e+03
2.9679452900000001e+02 2.8021305999999999e+01 3.0112000000000000e-01 1.0786940290000000e+03
3.0267793300000000e+02 2.9770994999999999e+01 3.0656000000000000e-01 1.0844514919999999e+03
3.0859296599999999e+02 3.1587070000000001e+01 3.1200000000000000e-01 1.0903223320000000e+03
3.1454023899999999e+02 3.3469821000000003e+01 3.1744000000000000e-01 1.0963035590000000e+03
3.2052034300000003e+02 3.5419468000000002e+01 3.2288000000000000e-01 1.1023921049999999e+03
3.2653385400000002e+02 3.7436155999999997e+01 3.2832000000000000e-01 1.1085848360000000e+03
3.3258133099999998e+02 3.9519964000000002e+01 3.3376000000000000e-01 1.1148785600000001e+03
3.3866331400000001e+02 4.1670900000000003e+01 3.3920000000000000e-01 1.1212700400000001e+03
3.4478032600000000e+02 4.3888908999999998e+01 3.4464000000000000e-01 1.1277560040000001e+03
3.5093287299999997e+02 4.6173873999999998e+01 3.5008000000000000e-01 1.1343331570000000e+03
3.5711994199999998e+02 4.8249676000000001e+01 3.5552000000000000e-01 1.1402178030000000e+03
3.6333697100000001e+02 5.0147250000000000e+01 3.6096000000000000e-01 1.1455143109999999e+03
3.6958223600000002e+02 5.2003788000000000e+01 3.6640000000000000e-01 1.1506186100000000e+03
3.7585494499999999e+02 5.3847113000000000e+01 3.7184000000000000e-01 1.1556118260000001e+03
3.8215460500000000e+02 5.5690094999999999e+01 3.7728000000000000e-01 1.1605315760000001e+03
3.8848088200000001e+02 5.7540112000000001e+01 3.8272000000000000e-01 1.1653993940000000e+03
3.9483353099999999e+02 5.9401905999999997e+01 3.8816000000000001e-01 1.1702290499999999e+03
4.0121237200000002e+02 6.1278745000000001e+01 3.9360000000000001e-01 1.1750299749999999e+03
4.0761702100000002e+02 6.3084372000000002e+01 3.9904000000000001e-01 1.1795862119999999e+03
4.1404496599999999e+02 6.4739605999999995e+01 4.0448000000000001e-01 1.1837056749999999e+03
4.2049511500000000e+02 6.6391006000000004e+01 4.0992000000000001e-01 1.1877606080000000e+03
4.2696724999999998e+02 6.8054525999999996e+01 4.1536000000000001e-01 1.1917914400000000e+03
4.3346128199999998e+02 6.9735916000000003e+01 4.2080000000000001e-01 1.1958125560000001e+03
4.3997718099999997e+02 7.1438143999999994e+01 4.2624000000000001e-01 1.1998312209999999e+03
4.4651494600000001e+02 7.3163014000000004e+01 4.3168000000000001e-01 1.2038517030000000e+03
4.5307459499999999e+02 7.4911733999999996e+01 4.3712000000000001e-01 1.2078767390000000e+03
4.5965615700000001e+02 7.6685164999999998e+01 4.4256000000000001e-01 1.2119081759999999e+03
4.6625967100000003e+02 7.8483951000000005e+01 4.4800000000000001e-01 1.2159473029999999e+03
4.7288518199999999e+02 8.0308588000000000e+01 4.5344000000000001e-01 1.2199950349999999e+03
4.7953273899999999e+02 8.2159468000000004e+01 4.5888000000000001e-01 1.2240520270000000e+03
4.8620239199999997e+02 8.4036906999999999e+01 4.6432000000000001e-01 1.2281187440000001e+03
4.9289419700000002e+02 8.5941160999999994e+01 4.6976000000000001e-01 1.2321955109999999e+03
4.9960820799999999e+02 8.7872443000000004e+01 4.7520000000000001e-01 1.2362825459999999e+03
5.0634448200000003e+02 8.9830928999999998e+01 4.8064000000000001e-01 1.2403799799999999e+03
5.1310307499999999e+02 9.1816761999999997e+01 4.8608000000000001e-01 1.2444878819999999e+03
5.1988404400000002e+02 9.3830065000000005e+01 4.9152000000000001e-01 1.2486062640000000e+03
5.2668744700000002e+02 9.5870936000000000e+01 4.9696000000000001e-01 1.2527350970000000e+03
5.3351333999999997e+02 9.7939457000000004e+01 5.0239999999999996e-01 1.2568743159999999e+03
5.4036177899999996e+02 1.0003569200000000e+02 5.0783999999999996e-01 1.2610238280000001e+03
5.4723282099999994e+02 1.0215969400000000e+02 5.1327999999999996e-01 1.2651835129999999e+03
5.5412651900000003e+02 1.0431150300000000e+02 5.1871999999999996e-01 1.2693532350000000e+03
5.6104292899999996e+02 1.0649114600000000e+02 5.2415999999999996e-01 1.2735328380000001e+03
5.6798210300000005e+02 1.0869864300000000e+02 5.2959999999999996e-01 1.2777221529999999e+03
5.7494409399999995e+02 1.1093400200000001e+02 5.3503999999999996e-01 1.2819210009999999e+03
5.8192895399999998e+02 1.1319722500000000e+02 5.4047999999999996e-01 1.2861291900000001e+03
5.8893673200000001e+02 1.1548830599999999e+02 5.4591999999999996e-01 1.2903465220000000e+03
5.9596747800000003e+02 1.1780723200000000e+02 5.5135999999999996e-01 1.2945727919999999e+03
6.0302124000000003e+02 1.2015398399999999e+02 5.5679999999999996e-01 1.2988077900000001e+03
6.1009806500000002e+02 1.2252853500000001e+02 5.6223999999999996e-01 1.3030513010000000e+03
6.1719799799999998e+02 1.2493085600000001e+02 5.6767999999999996e-01 1.3073031060000001e+03
6.2432108400000004e+02 1.2736091000000000e+02 5.7311999999999996e-01 1.3115629830000000e+03
6.3146736599999997e+02 1.2981865700000000e+02 5.7855999999999996e-01 1.3158307100000000e+03
6.3863688700000000e+02 1.3230405099999999e+02 5.8399999999999996e-01 1.3201060629999999e+03
6.4582968800000003e+02 1.3481704400000001e+02 5.8943999999999996e-01 1.3243888139999999e+03
6.5304580699999997e+02 1.3735758100000001e+02 5.9487999999999996e-01 1.3286787400000001e+03
6.6028528300000005e+02 1.3992560599999999e+02 6.0031999999999996e-01 1.3329756130000001e+03
6.6754815399999995e+02 1.4252105800000001e+02 6.0575999999999997e-01 1.3372792090000000e+03
6.7483445600000005e+02 1.4514387500000001e+02 6.1119999999999997e-01 1.3415893020000001e+03
6.8214422300000001e+02 1.4779398900000001e+02 6.1663999999999997e-01 1.3459056700000001e+03
6.8947748799999999e+02 1.5047133099999999e+02 6.2207999999999997e-01 1.3502280890000000e+03
6.9683428500000002e+02 1.5317582999999999e+02 6.2751999999999997e-01 1.3545563400000001e+03
7.0421464400000002e+02 1.5590740900000000e+02 6.3295999999999997e-01 1.3588902029999999e+03
7.1161859500000003e+02 1.5866599400000001e+02 6.3839999999999997e-01 1.3632294620000000e+03
7.1904616699999997e+02 1.6145150300000000e+02 6.4383999999999997e-01 1.3675739010000000e+03
7.2649738700000000e+02 1.6426385800000000e+02 6.4927999999999997e-01 1.3719233070000000e+03
7.3397228299999995e+02 1.6710297299999999e+02 6.5471999999999997e-01 1.3762774720000000e+03
7.4147087799999997e+02 1.6996876599999999e+02 6.6015999999999997e-01 1.3806361860000000e+03
7.4899319900000000e+02 1.7286114799999999e+02 6.6559999999999997e-01 1.3849992440000001e+03
7.5653926700000000e+02 1.7578003200000001e+02 6.7103999999999997e-01 1.3893664450000001e+03
7.6410910400000000e+02 1.7872532899999999e+02 6.7647999999999997e-01 1.3937375880000000e+03
7.7170273199999997e+02 1.8169694699999999e+02 6.8191999999999997e-01 1.3981124769999999e+03
7.7932016999999996e+02 1.8469479500000000e+02 6.8735999999999997e-01 1.4024909160000000e+03
7.8696143700000005e+02 1.8771877900000001e+02 6.9279999999999997e-01 1.4068727160000001e+03
7.9462655099999995e+02 1.9076880499999999e+02 6.9823999999999997e-01 1.4112576879999999e+03
8.0231552899999997e+02 1.9384477699999999e+02 7.0367999999999997e-01 1.4156456459999999e+03
8.1002838599999995e+02 1.9694659999999999e+02 7.0911999999999997e-01 1.4200364079999999e+03
8.1776513699999998e+02 2.0007417500000000e+02 7.1455999999999997e-01 1.4244297950000000e+03
8.2552579500000002e+02 2.0322740500000000e+02 7.1999999999999997e-01 1.4288256309999999e+03
8.3331037500000002e+02 2.0640619200000000e+02 7.2543999999999997e-01 1.4332237410000000e+03
8.4111888699999997e+02 2.0961043599999999e+02 7.3087999999999997e-01 1.4376239570000000e+03
8.4895134299999995e+02 2.1284003700000000e+02 7.3631999999999997e-01 1.4420261100000000e+03
8.5680775300000005e+02 2.1609489600000001e+02 7.4175999999999997e-01 1.4464300370000001e+03
8.6468812500000001e+02 2.1937491000000000e+02 7.4719999999999998e-01 1.4508355750000001e+03
8.7259246900000005e+02 2.2267998000000000e+02 7.5263999999999998e-01 1.4552425670000000e+03
8.8052079200000003e+02 2.2601000300000001e+02 7.5807999999999998e-01 1.4596508570000001e+03
8.8847310000000004e+02 2.2936487800000000e+02 7.6351999999999998e-01 1.4640602930000000e+03
8.9644939799999997e+02 2.3274450200000001e+02 7.6895999999999998e-01 1.4684707249999999e+03
9.0444969400000002e+02 2.3614877300000001e+02 7.7439999999999998e-01 1.4728820069999999e+03
9.1247398899999996e+02 2.3957758899999999e+02 7.7983999999999998e-01 1.4772939940000001e+03
9.2052228900000000e+02 2.4303084699999999e+02 7.8527999999999998e-01 1.4817065470000000e+03
9.2859459500000003e+02 2.4650844499999999e+02 7.9071999999999998e-01 1.4861195250000001e+03
9.3669090900000003e+02 2.5001027800000000e+02 7.9615999999999998e-01 1.4905327950000001e+03
9.4481123300000002e+02 2.5353624600000001e+02 8.0159999999999998e-01 1.4949462229999999e+03
9.5295556799999997e+02 2.5708624400000002e+02 8.0703999999999998e-01 1.4993596800000000e+03
9.6112391200000002e+02 2.6066017099999999e+02 8.1247999999999998e-01 1.5037730380000000e+03
9.6931626500000004e+02 2.6425792300000001e+02 8.1791999999999998e-01 1.5081861730000001e+03
9.7753262600000005e+02 2.6787939699999998e+02 8.2335999999999998e-01 1.5125989620000000e+03
9.8577299300000004e+02 2.7152449300000001e+02 8.2879999999999998e-01 1.5170112859999999e+03
9.9403736200000003e+02 2.7519310600000000e+02 8.3423999999999998e-01 1.5214230279999999e+03
1.0023257300000000e+03 2.7888513499999999e+02 8.3967999999999998e-01 1.5258340740000001e+03
1.0106380920000000e+03 2.8260047800000001e+02 8.4511999999999998e-01 1.5302443109999999e+03
1.0189744449999999e+03 2.8633903400000003e+02 8.5055999999999998e-01 1.5346536309999999e+03
1.0273347830000000e+03 2.9010070000000002e+02 8.5599999999999998e-01 1.5390619250000000e+03
1.0357191000000000e+03 2.9388537600000001e+02 8.6143999999999998e-01 1.5434690889999999e+03
1.0441273890000000e+03 2.9769296100000003e+02 8.6687999999999998e-01 1.5478750199999999e+03
1.0525596439999999e+03 3.0152335399999998e+02 8.7231999999999998e-01 1.5522796180000000e+03
1.0610158580000000e+03 3.0537645500000002e+02 8.7775999999999998e-01 1.5566827850000000e+03
1.0694960209999999e+03 3.0925216399999999e+02 8.8319999999999999e-01 1.5610844259999999e+03
1.0780001250000000e+03 3.1315038099999998e+02 8.8863999999999999e-01 1.5654844459999999e+03
1.0865281620000001e+03 3.1707100700000001e+02 8.9407999999999999e-01 1.5698827530000001e+03
1.0950801220000001e+03 3.2101394299999998e+02 8.9951999999999999e-01 1.5742792589999999e+03
1.1036559950000001e+03 3.2497908999999999e+02 9.0495999999999999e-01 1.5786738760000001e+03
1.1122557700000000e+03 3.2896635199999997e+02 9.1039999999999999e-01 1.5830665190000000e+03
1.1208794359999999e+03 3.3297562900000003e+02 9.1583999999999999e-01 1.5874571040000001e+03
1.1295269820000001e+03 3.3700682499999999e+02 9.2127999999999999e-01 1.5918455489999999e+03
1.1381983960000000e+03 3.4105984300000000e+02 9.2671999999999999e-01 1.5962317750000000e+03
1.1468936650000001e+03 3.4513458700000001e+02 9.3215999999999999e-01 1.6006157049999999e+03
1.1556127779999999e+03 3.4923095999999998e+02 9.3759999999999999e-01 1.6049972620000001e+03
1.1643557200000000e+03 3.5334886799999998e+02 9.4303999999999999e-01 1.6093763730000001e+03
1.1731224790000001e+03 3.5748821500000003e+02 9.4847999999999999e-01 1.6137529649999999e+03
1.1819130410000000e+03 3.6164890700000001e+02 9.5391999999999999e-01 1.6181269680000000e+03
1.1907273900000000e+03 3.6583085000000000e+02 9.5935999999999999e-01 1.6224983139999999e+03
1.1995655130000000e+03 3.7003395100000000e+02 9.6479999999999999e-01 1.6268669339999999e+03
1.2084273949999999e+03 3.7425811700000003e+02 9.7023999999999999e-01 1.6312327640000001e+03
1.2173130189999999e+03 3.7850325500000002e+02 9.7567999999999999e-01 1.6355957400000000e+03
1.2262223720000000e+03 3.8276927300000000e+02 9.8111999999999999e-01 1.6399557990000001e+03
1.2351554349999999e+03 3.8705608100000001e+02 9.8655999999999999e-01 1.6443128819999999e+03
1.2441121940000000e+03 3.9136358700000000e+02 9.9199999999999999e-01 1.6486669290000000e+03
1.2530926310000000e+03 3.9569170200000002e+02 9.9743999999999999e-01 1.6530178830000000e+03
1.2620967290000001e+03 4.0004033500000003e+02 1.0028800000000000e+00 1.6573656870000000e+03
1.2711244720000000e+03 4.0440939700000001e+02 1.0083200000000001e+00 1.6617102870000001e+03
1.2801758410000000e+03 4.0879880000000003e+02 1.0137600000000000e+00 1.6660516310000000e+03
1.2892508180000000e+03 4.1320845700000001e+02 1.0192000000000001e+00 1.6703896660000000e+03
1.2983493870000000e+03 4.1763828000000001e+02 1.0246400000000000e+00 1.6747243430000001e+03
1.3074715269999999e+03 4.2208818100000002e+02 1.0300800000000001e+00 1.6790556120000001e+03
1.3166172210000000e+03 4.2655807600000003e+02 1.0355200000000000e+00 1.6833834260000001e+03
1.3257864489999999e+03 4.3104787800000003e+02 1.0409600000000001e+00 1.6877077389999999e+03
1.3349791929999999e+03 4.3555750399999999e+02 1.0464000000000000e+00 1.6920285060000001e+03
1.3441954320000000e+03 4.4008686799999998e+02 1.0518400000000001e+00 1.6963456850000000e+03
1.3534351480000000e+03 4.4463588800000002e+02 1.0572800000000000e+00 1.7006592320000000e+03
1.3626983200000000e+03 4.4920448099999999e+02 1.0627200000000001e+00 1.7049691080000000e+03
1.3719849290000000e+03 4.5379256500000002e+02 1.0681600000000000e+00 1.7092752730000000e+03
1.3812949530000001e+03 4.5840006000000000e+02 1.0736000000000001e+00 1.7135776880000001e+03
1.3906283730000000e+03 4.6302688300000000e+02 1.0790400000000000e+00 1.7178763180000001e+03
1.3999851679999999e+03 4.6767295799999999e+02 1.0844800000000001e+00 1.7221711270000001e+03
1.4093653170000000e+03 4.7233820400000002e+02 1.0899200000000000e+00 1.7264620809999999e+03
1.4187687980000001e+03 4.7702254599999998e+02 1.0953599999999999e+00 1.7307491480000001e+03
1.4281955920000000e+03 4.8172590600000001e+02 1.1008000000000000e+00 1.7350322970000000e+03
1.4376456750000000e+03 4.8644821100000001e+02 1.1062399999999999e+00 1.7393115000000000e+03
1.4471190270000000e+03 4.9118938700000001e+02 1.1116800000000000e+00 1.7435867280000000e+03
1.4566156269999999e+03 4.9594936300000001e+02 1.1171199999999999e+00 1.7478579580000001e+03
1.4661354510000001e+03 5.0072807100000000e+02 1.1225600000000000e+00 1.7521251660000000e+03
1.4756784789999999e+03 5.0552544499999999e+02 1.1279999999999999e+00 1.7563883340000000e+03
1.4852446880000000e+03 5.1034142600000001e+02 1.1334400000000000e+00 1.7606474479999999e+03
1.4948340550000000e+03 5.1517596000000003e+02 1.1388799999999999e+00 1.7649024979999999e+03
1.5044465600000001e+03 5.2002900699999998e+02 1.1443200000000000e+00 1.7691534899999999e+03
1.5140821800000001e+03 5.2490055500000005e+02 1.1497599999999999e+00 1.7734004510000000e+03
1.5237408940000000e+03 5.2979070100000001e+02 1.1552000000000000e+00 1.7776435030000000e+03
1.5334226799999999e+03 5.3469956200000001e+02 1.1606399999999999e+00 1.7818827839999999e+03
1.5431275160000000e+03 5.3962631899999997e+02 1.1660800000000000e+00 1.7861176250000001e+03
1.5528553780000000e+03 5.4457088799999997e+02 1.1715199999999999e+00 1.7903479950000001e+03
1.5626062420000001e+03 5.4953319499999998e+02 1.1769600000000000e+00 1.7945738739999999e+03
1.5723800830000000e+03 5.5451316799999995e+02 1.1823999999999999e+00 1.7987952419999999e+03
1.5821768760000000e+03 5.5951073799999995e+02 1.1878400000000000e+00 1.8030120800000000e+03
1.5919965970000001e+03 5.6452583200000004e+02 1.1932799999999999e+00 1.8072243710000000e+03
1.6018392210000000e+03 5.6955838000000006e+02 1.1987200000000000e+00 1.8114320960000000e+03
1.6117047239999999e+03 5.7460831399999995e+02 1.2041599999999999e+00 1.8156352400000001e+03
1.6215930790000000e+03 5.7967556200000001e+02 1.2096000000000000e+00 1.8198337859999999e+03
1.6315042630000000e+03 5.8476005799999996e+02 1.2150399999999999e+00 1.8240277189999999e+03
1.6414382490000000e+03 5.8986173299999996e+02 1.2204800000000000e+00 1.8282170240000000e+03
1.6513950130000001e+03 5.9498051799999996e+02 1.2259199999999999e+00 1.8324016870000000e+03
1.6613745300000000e+03 6.0011634800000002e+02 1.2313600000000000e+00 1.8365816950000001e+03
1.6713767730000000e+03 6.0526915499999996e+02 1.2367999999999999e+00 1.8407570330000001e+03
1.6814017190000000e+03 6.1043887400000006e+02 1.2422400000000000e+00 1.8449276920000000e+03
1.6914493399999999e+03 6.1562543800000003e+02 1.2476799999999999e+00 1.8490936569999999e+03
1.7015196120000001e+03 6.2082878200000005e+02 1.2531200000000000e+00 1.8532549180000001e+03
1.7116125090000000e+03 6.2604884200000004e+02 1.2585599999999999e+00 1.8574114649999999e+03
1.7217280049999999e+03 6.3128555500000004e+02 1.2640000000000000e+00 1.8615632869999999e+03
1.7318660749999999e+03 6.3653885500000001e+02 1.2694399999999999e+00 1.8657103740000000e+03
1.7420266919999999e+03 6.4180867999999998e+02 1.2748800000000000e+00 1.8698527180000001e+03
1.7522098309999999e+03 6.4709496700000000e+02 1.2803199999999999e+00 1.8739903090000000e+03
1.7624154670000000e+03 6.5239765399999999e+02 1.2857600000000000e+00 1.8781231390000000e+03
1.7726435719999999e+03 6.5771667900000000e+02 1.2911999999999999e+00 1.8822512010000000e+03
1.7828941219999999e+03 6.6305197999999996e+02 1.2966400000000000e+00 1.8863744879999999e+03
1.7931670890000000e+03 6.6840349800000001e+02 1.3020799999999999e+00 1.8904929910000001e+03
1.8034624490000001e+03 6.7377117099999998e+02 1.3075200000000000e+00 1.8946067060000000e+03
1.8137801750000001e+03 6.7915494000000001e+02 1.3129599999999999e+00 1.8987156250000000e+03
1.8241202410000001e+03 6.8455474400000003e+02 1.3184000000000000e+00 1.9028197439999999e+03
1.8344826200000000e+03 6.8997052599999995e+02 1.3238399999999999e+00 1.9069190579999999e+03
1.8448672870000000e+03 6.9540222500000004e+02 1.3292800000000000e+00 1.9110135600000001e+03
1.8552742160000000e+03 7.0084978500000000e+02 1.3347199999999999e+00 1.9151032470000000e+03
1.8657033799999999e+03 7.0631314699999996e+02 1.3401600000000000e+00 1.9191881160000000e+03
1.8761547530000000e+03 7.1179225299999996e+02 1.3455999999999999e+00 1.9232681610000000e+03
1.8866283080000001e+03 7.1728704800000003e+02 1.3510400000000000e+00 1.9273433809999999e+03
1.8971240200000000e+03 7.2279747399999997e+02 1.3564799999999999e+00 1.9314137720000001e+03
1.9076418630000001e+03 7.2832347500000003e+02 1.3619200000000000e+00 1.9354793299999999e+03
1.9181818089999999e+03 7.3386499600000002e+02 1.3673599999999999e+00 1.9395400549999999e+03
1.9287438320000001e+03 7.3942198099999996e+02 1.3728000000000000e+00 1.9435959439999999e+03
1.9393279070000001e+03 7.4499437599999999e+02 1.3782399999999999e+00 1.9476469959999999e+03
1.9499340079999999e+03 7.5058212500000002e+02 1.3836800000000000e+00 1.9516932079999999e+03
1.9605621060000001e+03 7.5618517499999996e+02 1.3891199999999999e+00 1.9557345809999999e+03
1.9712121770000001e+03 7.6180347300000005e+02 1.3945600000000000e+00 1.9597711119999999e+03
1.9818841940000000e+03 7.6743696399999999e+02 1.3999999999999999e+00 1.9638028030000000e+03
