# epsilon[MeV/fm^3] P[MeV/fm^3] nB[fm^-3] muB[MeV]
4.3514892049562272e-07 9.0000000794219998e-12 4.6796200000000002e-10 9.2990010724260003e+02
5.4394952759824855e-07 1.2854500250148002e-11 5.8496400000000005e-10 9.2990743275720001e+02
6.8239664606092796e-07 1.8414700022552000e-11 7.3384599999999997e-10 9.2991587774760001e+02
8.5763463874259032e-07 2.6380199998860002e-11 9.2229000000000003e-10 9.2992551188760001e+02
1.0799253715994732e-06 3.7791099667920001e-11 1.1613300000000000e-09 9.2993648532329996e+02
1.3625442882637764e-06 5.4137899979800000e-11 1.4652400000000000e-09 9.2994894782519998e+02
1.7226605254650248e-06 7.7555599791040007e-11 1.8524800000000000e-09 9.2996308925910000e+02
2.1826057027272589e-06 1.1110299984364001e-10 2.3470600000000000e-09 9.2997909967860005e+02
2.7713348204539073e-06 1.5916099965360000e-10 2.9801100000000000e-09 9.2999716876169998e+02
3.5266032513682487e-06 2.2800800111288001e-10 3.7922200000000000e-09 9.3001754656409992e+02
4.4975537964996660e-06 3.2663399940042002e-10 4.8362200000000001e-09 9.3004045271789994e+02
4.5807460305493105e-06 3.3555999792714001e-10 4.9256699999999996e-09 9.3004228160820003e+02
4.7281205653478515e-06 3.3656599963290001e-10 5.0841300000000003e-09 9.3004248152130003e+02
6.5759177435918250e-06 5.4515600232911993e-10 7.0708799999999999e-09 9.3007696075620004e+02
9.1998724984833464e-06 8.8567000200420000e-10 9.8920399999999997e-09 9.3011730648750006e+02
1.2918168885426129e-05 1.4388700552640002e-09 1.3889600000000001e-08 9.3016406831190000e+02
1.8201380444258739e-05 2.3376200076990001e-09 1.9569300000000001e-08 9.3021808578930006e+02
2.5725895950178280e-05 3.7977398937599994e-09 2.7657999999999999e-08 9.3028025838780002e+02
3.6463989818522291e-05 6.1698799253159997e-09 3.9200400000000002e-08 9.3035162548649998e+02
5.1813630126296458e-05 1.0023700173792000e-08 5.5698400000000002e-08 9.3043332628019994e+02
7.3785560512054020e-05 1.6284700005120000e-08 7.9311899999999997e-08 9.3052664006250006e+02
1.0527189036420272e-04 2.6456400399219999e-08 1.1314700000000000e-07 9.3063298613190000e+02
1.5043483705694415e-04 4.2981499428689995e-08 1.6167299999999999e-07 9.3075400323120004e+02
1.5143539825673478e-04 4.3369399516159995e-08 1.6274800000000000e-07 9.3075639185940008e+02
1.5666718390755263e-04 4.3499599327679997e-08 1.6836899999999999e-07 9.3075719132400002e+02
1.8247319946392853e-04 5.3487099479700000e-08 1.9609400000000001e-07 9.3081203831400001e+02
2.1304949570856091e-04 6.5965099669560007e-08 2.2894200000000001e-07 9.3087079295249998e+02
2.4880173202308656e-04 8.1354199584480006e-08 2.6734800000000002e-07 9.3093285559410003e+02
2.9061049213158235e-04 1.0033299847065000e-07 3.1225699999999999e-07 9.3099838615049998e+02
3.3950651358852186e-04 1.2374000051775000e-07 3.6477499999999998e-07 9.3106758453479995e+02
3.9669496520679297e-04 1.5260700009555001e-07 4.2619500000000001e-07 9.3114063056550003e+02
4.6358813252914599e-04 1.8820900209407997e-07 4.9803199999999997e-07 9.3121772415570001e+02
5.4183717856390442e-04 2.3211699768180001e-07 5.8205699999999998e-07 9.3129908512530005e+02
6.3337419989345891e-04 2.8626699988691999e-07 6.8034199999999997e-07 9.3138494352930002e+02
7.4046361643000222e-04 3.5305100162730003e-07 7.9531500000000002e-07 9.3147551899979999e+02
7.4543957324912111e-04 3.5623800038969997e-07 8.0065699999999999e-07 9.3147951660449996e+02
7.7046470619140960e-04 3.5730600246279002e-07 8.2752300000000002e-07 9.3148080575760002e+02
7.7218701201869997e-04 3.5837800248323999e-07 8.2937200000000002e-07 9.3148210505190002e+02
7.7564281539113634e-04 3.6053199741144001e-07 8.3308200000000005e-07 9.3148469349929996e+02
7.7911352986319152e-04 3.6269800105895999e-07 8.3680799999999998e-07 9.3148728185280004e+02
7.8260009510663572e-04 3.6487800290032998e-07 8.4055099999999997e-07 9.3148988034750005e+02
7.8610250285012515e-04 3.6706999922346001e-07 8.4431100000000000e-07 9.3149248879559991e+02
7.8962075319254110e-04 3.6927600351839998e-07 8.4808799999999996e-07 9.3149508719639994e+02
7.9315485471188711e-04 3.7149499796798001e-07 8.5188199999999998e-07 9.3149769564450003e+02
7.9670479058673201e-04 3.7372699824480005e-07 8.5569300000000004e-07 9.3150031404599997e+02
8.0027057791247260e-04 3.7597299948234002e-07 8.5952100000000004e-07 9.3150293244750003e+02
8.0385221698387247e-04 3.7823200230633998e-07 8.6336599999999998e-07 9.3150555094289996e+02
8.0745063029167934e-04 3.8050499711466001e-07 8.6722899999999999e-07 9.3150817929779998e+02
8.1106395596088781e-04 3.8279099715107999e-07 8.7110800000000002e-07 9.3151080774659999e+02
8.1469498722525535e-04 3.8509200436278001e-07 8.7500600000000005e-07 9.3151343619540000e+02
8.1834093096975699e-04 3.8740599815679997e-07 8.7891999999999998e-07 9.3151607459759998e+02
8.3652972322216491e-04 3.8856800310954005e-07 8.9844600000000005e-07 9.3151737379799999e+02
8.9649746606902973e-04 4.2637900225708002e-07 9.6282100000000007e-07 9.3155798930399999e+02
9.6293679962426715e-04 4.6927300060880000e-07 1.0341400000000000e-06 9.3160093353000002e+02
1.0343084479593990e-03 5.1648199988999994e-07 1.1107499999999999e-06 9.3164493704189999e+02
1.1110033276598183e-03 5.6844100521450010e-07 1.1930700000000001e-06 9.3169002988770001e+02
1.1934040547386528e-03 6.2562700512179996e-07 1.2815100000000000e-06 9.3173623206809998e+02
1.2819398888523502e-03 6.8856500094819997e-07 1.3765300000000001e-06 9.3178357353719991e+02
1.3770588621277026e-03 7.5783499966439992e-07 1.4786100000000000e-06 9.3183208434300002e+02
1.4792742600387720e-03 8.3407400117300003e-07 1.5882999999999999e-06 9.3188178448619999e+02
1.5890902438860661e-03 9.1798299673799988e-07 1.7061399999999999e-06 9.3193271378040004e+02
1.7070948934908867e-03 1.0103300084124001e-06 1.8327600000000000e-06 9.3198488236679998e+02
1.7418302566492478e-03 1.0379399925766002e-06 1.8700300000000001e-06 9.3199978345169995e+02
1.8026805910135908e-03 1.0410599913928000e-06 1.9353200000000000e-06 9.3200143242960007e+02
2.0389359400714486e-03 1.2275099896319999e-06 2.1888000000000001e-06 9.3209187794249999e+02
2.3114099463439177e-03 1.4516999917321999e-06 2.4811100000000001e-06 9.3218792017709995e+02
2.6204004641994278e-03 1.7168400063888003e-06 2.8125600000000001e-06 9.3228811983419996e+02
2.9707928967162671e-03 2.0304000155634000e-06 3.1883800000000001e-06 9.3239264696670000e+02
3.3681648965264784e-03 2.4012300084080001e-06 3.6145400000000001e-06 9.3250170129989999e+02
3.8188055776886142e-03 2.8397900147328003e-06 4.0977700000000004e-06 9.3261546284010001e+02
4.3298558716110781e-03 3.3584500068246004e-06 4.6457100000000001e-06 9.3273413140649996e+02
4.9094492242661523e-03 3.9718300068571995e-06 5.2670599999999997e-06 9.3285792691289998e+02
5.5667590537662745e-03 4.6972400276543001e-06 5.9716300000000001e-06 9.3298704917850000e+02
6.3122329168583428e-03 5.5551399798486997e-06 6.7705900000000002e-06 9.3312173811779996e+02
6.3691536418958340e-03 5.6221100036384002e-06 6.8315900000000001e-06 9.3313158221820004e+02
6.6107787783348925e-03 5.6389700285964000e-06 7.0905299999999997e-06 9.3313397075249998e+02
7.1832281514335565e-03 6.2999099885847007e-06 7.7039700000000007e-06 9.3322329697740008e+02
7.8228640480689938e-03 7.0594400109160007e-06 8.3893400000000006e-06 9.3331767013950002e+02
8.5195476220300548e-03 7.9105299722335996e-06 9.1357600000000004e-06 9.3341477175390003e+02
9.2783521214718639e-03 8.8642300383220009e-06 9.9486500000000000e-06 9.3351470163630006e+02
1.0104791977484120e-02 9.9329099737559988e-06 1.0833900000000000e-05 9.3361751969490001e+02
1.1005037422914624e-02 1.1130399980334000e-05 1.1798100000000000e-05 9.3372332602710003e+02
1.1985504705131824e-02 1.2472300012974001e-05 1.2848100000000000e-05 9.3383220044789994e+02
1.3053499763127112e-02 1.3976000053347000e-05 1.3991700000000000e-05 9.3394422305399996e+02
1.4216706487829026e-02 1.5661000693130000e-05 1.5237100000000000e-05 9.3405949366109996e+02
1.5483652631007537e-02 1.7549100191680000e-05 1.6593399999999999e-05 9.3417811227269999e+02
1.5623499832828706e-02 1.7760599953030001e-05 1.6743099999999999e-05 9.3419079468840005e+02
1.6269961736847121e-02 1.7813900213129999e-05 1.7435099999999998e-05 9.3419395273319992e+02
1.7094324515795702e-02 1.9027400207749999e-05 1.8317499999999999e-05 9.3426180186839997e+02
1.8000874089488257e-02 2.0384500450440000e-05 1.9287799999999999e-05 9.3433394852489994e+02
1.8955614232225096e-02 2.1838399047120000e-05 2.0309599999999999e-05 9.3440734433310001e+02
1.9960983560824267e-02 2.3396100553499999e-05 2.1385500000000000e-05 9.3448202938830002e+02
2.1019794814794490e-02 2.5064799654149998e-05 2.2518500000000001e-05 9.3455801364390004e+02
2.2134768910989058e-02 2.6852600343399999e-05 2.3711500000000002e-05 9.3463531710059999e+02
2.3309000859656603e-02 2.8767899159999994e-05 2.4967799999999998e-05 9.3471396971249999e+02
2.4545494036103295e-02 3.0819700065419999e-05 2.6290599999999999e-05 9.3479400162150000e+02
2.5847718880420045e-02 3.3017999946119998e-05 2.7683600000000000e-05 9.3487541254589996e+02
2.7219055484112444e-02 3.5372998881120002e-05 2.9150400000000001e-05 9.3495825272219997e+02
2.7775365070038964e-02 3.6339601209739997e-05 2.9745400000000002e-05 9.3499105302509997e+02
2.8289610775747390e-02 3.6448598719180002e-05 3.0295400000000001e-05 9.3499466085090000e+02
2.8802930737171755e-02 3.7332599735440002e-05 3.0844399999999999e-05 9.3502356336480000e+02
2.9391538203060320e-02 3.8352800962709990e-05 3.1473899999999997e-05 9.3505628375879996e+02
2.9992229144074897e-02 3.9400800335690003e-05 3.2116300000000003e-05 9.3508923392610006e+02
3.0605097595990186e-02 4.0477499896860003e-05 3.2771700000000003e-05 9.3512239395989991e+02
3.1230612131930052e-02 4.1583600119840003e-05 3.3440600000000000e-05 9.3515578386089999e+02
3.1868867160453597e-02 4.2719998743180005e-05 3.4123099999999999e-05 9.3518940362910007e+02
3.2520144922003676e-02 4.3887298648500002e-05 3.4819500000000001e-05 9.3522325326449993e+02
3.3184820445813230e-02 4.5086601561120004e-05 3.5530200000000001e-05 9.3525732271979996e+02
3.3862987887692660e-02 4.6318701748649993e-05 3.6255299999999998e-05 9.3529163208960006e+02
3.4555116462740516e-02 4.7584401826990007e-05 3.6995300000000001e-05 9.3532617123270006e+02
3.4710848908415574e-02 4.7870299693839997e-05 3.7161800000000001e-05 9.3533387666670001e+02
3.5705765632703390e-02 4.8013899962450004e-05 3.8225500000000002e-05 9.3533768431169995e+02
3.6190650245182691e-02 4.8884701265269996e-05 3.8743900000000000e-05 9.3536029073669999e+02
3.6764595537185744e-02 4.9920498059249994e-05 3.9357499999999997e-05 9.3538680481020003e+02
3.7347724170046170e-02 5.0978398185919999e-05 3.9980900000000002e-05 9.3541345870079999e+02
3.7940129948432849e-02 5.2058599241440000e-05 4.0614200000000002e-05 9.3544024264290010e+02
3.8541907483377907e-02 5.3161699756499999e-05 4.1257500000000003e-05 9.3546717635549999e+02
3.9153244015328124e-02 5.4288198430999997e-05 4.1910999999999999e-05 9.3549425007299999e+02
3.9774234210732992e-02 5.5438601263319996e-05 4.2574799999999998e-05 9.3552146370150001e+02
4.0405159191034282e-02 5.6613297948239995e-05 4.3249199999999999e-05 9.3554882728830000e+02
4.1046019389420471e-02 5.7812899551080002e-05 4.3934199999999997e-05 9.3557633069220003e+02
4.1697190276124625e-02 5.9037997871239995e-05 4.4630199999999998e-05 9.3560397410099995e+02
4.2358578444415006e-02 6.0288999023690009e-05 4.5337100000000003e-05 9.3563177732760005e+02
4.2549448380963861e-02 6.0651299975859995e-05 4.5541099999999997e-05 9.3563974248900001e+02
4.3740238175900857e-02 6.0833198906699995e-05 4.6813800000000002e-05 9.3564365013750000e+02
4.5854886274473032e-02 6.4782902450840000e-05 4.9073799999999998e-05 9.3572599057799994e+02
4.8180087401599556e-02 6.9195997901699998e-05 5.1558599999999998e-05 9.3581365787159996e+02
5.0623240020302433e-02 7.3909702371599995e-05 5.4169200000000003e-05 9.3590278418340006e+02
5.3190452397117956e-02 7.8944498346630003e-05 5.6912100000000000e-05 9.3599338970190001e+02
5.5887837732656438e-02 8.4322299027779992e-05 5.9793799999999997e-05 9.3608550419339997e+02
5.8722166587791814e-02 9.0066499795649990e-05 6.2821499999999995e-05 9.3617915789369999e+02
6.1700398546921942e-02 9.6201898222459989e-05 6.6002599999999997e-05 9.3627437052180005e+02
6.4829683480590566e-02 1.0275499726340999e-04 6.9344700000000000e-05 9.3637116226620003e+02
6.8117831355171340e-02 1.0975499711746999e-04 7.2856100000000002e-05 9.3646956308100005e+02
7.1572933822013338e-02 1.1723199746169999e-04 7.6545399999999994e-05 9.3656960282640000e+02
7.2872355791586060e-02 1.2007500056640000e-04 7.7932800000000000e-05 9.3660639068670002e+02
7.6294350046888545e-02 1.2043499631464001e-04 8.1586400000000002e-05 9.3661091798129996e+02
7.8557740452832786e-02 1.2521799885310001e-04 8.4002899999999995e-05 9.3666865324139997e+02
8.1070439170188191e-02 1.3058099681828001e-04 8.6685400000000002e-05 9.3673145543940007e+02
8.3663493660002267e-02 1.3617299667415003e-04 8.9453500000000007e-05 9.3679492723830003e+02
8.6339540033127660e-02 1.4200499619000000e-04 9.2310000000000002e-05 9.3685905859080003e+02
8.9101308842231525e-02 1.4808700429182000e-04 9.5257800000000001e-05 9.3692387963880003e+02
9.1951438062670962e-02 1.5442999846642999e-04 9.8299699999999997e-05 9.3698938014720000e+02
9.3544637803481184e-02 1.5800363917307320e-04 1.0000000000000000e-04 9.3702641442654260e+02
9.5905125237697730e-02 1.6018370711280708e-04 1.0251900473422217e-04 9.3704878616269571e+02
9.8325176758728067e-02 1.6243743037248410e-04 1.0510151165743912e-04 9.3707133832769728e+02
1.0080629539530540e-01 1.6476729745535545e-04 1.0774912110071377e-04 9.3709407242758380e+02
1.0335002210330152e-01 1.6717588094072346e-04 1.1046347370815144e-04 9.3711698998112706e+02
1.0595793672277279e-01 1.6966584032451697e-04 1.1324625145182260e-04 9.3714009251993900e+02
1.0863165895915633e-01 1.7223992495583884e-04 1.1609917867221725e-04 9.3716338158858264e+02
1.1137284938922544e-01 1.7490097707272633e-04 1.1902402314487354e-04 9.3718685874468031e+02
1.1418321049242887e-01 1.7765193494047711e-04 1.2202259717383750e-04 9.3721052555902418e+02
1.1706448770825501e-01 1.8049583609600637e-04 1.2509675871262874e-04 9.3723438361568765e+02
1.2001847052027725e-01 1.8343582070181691e-04 1.2824841251340307e-04 9.3725843451213814e+02
1.2304699356755400e-01 1.8647513501328578e-04 1.3147951130502067e-04 9.3728267985934849e+02
1.2615193778407352e-01 1.8961713496309603e-04 1.3479205700074574e-04 9.3730712128191374e+02
1.2933523156695126e-01 1.9286528986677112e-04 1.3818810193632258e-04 9.3733176041816466e+02
1.3259885197410526e-01 1.9622318625340398e-04 1.4166975013919122e-04 9.3735659892028366e+02
1.3594482595215368e-01 1.9969453182581021e-04 1.4523915862962460e-04 9.3738163845442386e+02
1.3937523159529647e-01 2.0328315955447809e-04 1.4889853875458986e-04 9.3740688070082479e+02
1.4289219943596379e-01 2.0699303190983604e-04 1.5265015755515506e-04 9.3743232735393326e+02
1.4649791376803212e-01 2.1082824523751037e-04 1.5649633916828479e-04 9.3745798012252362e+02
1.5019461400343037e-01 2.1479303428140512e-04 1.6043946626388805e-04 9.3748384072981764e+02
1.5398459606297826e-01 2.1889177685959703e-04 1.6448198151800415e-04 9.3750991091360845e+02
1.5787021380232066e-01 2.2312899869820970e-04 1.6862638912303396e-04 9.3753619242638274e+02
1.6185388047384403e-01 2.2750937842860405e-04 1.7287525633594771e-04 9.3756268703544595e+02
1.6593807022548229e-01 2.3203775275340273e-04 1.7723121506542236e-04 9.3758939652304696e+02
1.7012531963734343e-01 2.3671912178705259e-04 1.8169696349888678e-04 9.3761632268650567e+02
1.7441822929711095e-01 2.4155865457682266e-04 1.8627526777047698e-04 9.3764346733833997e+02
1.7881946541519880e-01 2.4656169481033303e-04 1.9096896367092834e-04 9.3767083230639525e+02
1.8333176148066266e-01 2.5173376671591707e-04 1.9578095840045874e-04 9.3769841943397296e+02
1.8795791995889646e-01 2.5708058116233291e-04 2.0071423236572148e-04 9.3772623057996293e+02
1.9270081403216785e-01 2.6260804196455705e-04 2.0577184102193454e-04 9.3775426761897518e+02
1.9756338938407431e-01 2.6832225240262542e-04 2.1095691676132131e-04 9.3778253244147299e+02
2.0254866602902785e-01 2.7422952196071832e-04 2.1627267084902481e-04 9.3781102695390837e+02
2.0765974018790442e-01 2.8033637329393006e-04 2.2172239540768778e-04 9.3783975307885589e+02
2.1289978621102318e-01 2.8664954943041744e-04 2.2730946545191987e-04 9.3786871275515114e+02
2.1827205854964998e-01 2.9317602121687762e-04 2.3303734097390559e-04 9.3789790793802763e+02
2.2377989377724913e-01 2.9992299501557795e-04 2.3890956908143487e-04 9.3792734059925715e+02
2.2942671266173945e-01 3.0689792066143596e-04 2.4492978618967474e-04 9.3795701272728888e+02
2.3521602229004065e-01 3.1410849968793508e-04 2.5110172026802832e-04 9.3798692632739244e+02
2.4115141824623054e-01 3.2156269383095987e-04 2.5742919314346633e-04 9.3801708342179995e+02
2.4723658684466554e-01 3.2926873381994022e-04 2.6391612286174747e-04 9.3804748604984968e+02
2.5347530741945085e-01 3.3723512846601101e-04 2.7056652610797991e-04 9.3807813626813265e+02
2.5987145467168293e-01 3.4547067405722221e-04 2.7738452068801461e-04 9.3810903615063819e+02
2.6642900107592216e-01 3.5398446407117440e-04 2.8437432807219631e-04 9.3814018778890306e+02
2.7315201934738920e-01 3.6278589921580221e-04 2.9154027600303707e-04 9.3817159329215872e+02
2.8004468497141904e-01 3.7188469780939464e-04 2.9888680116841682e-04 9.3820325478748475e+02
2.8711127879674209e-01 3.8129090651131204e-04 3.0641845194195476e-04 9.3823517441995773e+02
2.9435618969420374e-01 3.9101491141524901e-04 3.1413989119223737e-04 9.3826735435280625e+02
3.0178391728257403e-01 4.0106744951729162e-04 3.2205589916263022e-04 9.3829979676756489e+02
3.0939907472313921e-01 4.1145962057143254e-04 3.3017137642344513e-04 9.3833250386423049e+02
3.1720639158481195e-01 4.2220289934563387e-04 3.3849134689827796e-04 9.3836547786141796e+02
3.2521071678153907e-01 4.3330914829197082e-04 3.4702096096637605e-04 9.3839872099652132e+02
3.3341702158383096e-01 4.4479063064484584e-04 3.5576549864294580e-04 9.3843223552587085e+02
3.4183040270628418e-01 4.5666002396173701e-04 3.6473037283935218e-04 9.3846602372489667e+02
3.5045608547301282e-01 4.6893043412143064e-04 3.7392113270521562e-04 9.3850008788829120e+02
3.5929942706295659e-01 4.8161540979519530e-04 3.8334346705446126e-04 9.3853443033017174e+02
3.6836591983708056e-01 4.9472895740687714e-04 3.9300320787742432e-04 9.3856905338424917e+02
3.7766119474953180e-01 5.0828555659843133e-04 4.0290633394117139e-04 9.3860395940399144e+02
3.8719102484487367e-01 5.2230017621797149e-04 4.1305897448024850e-04 9.3863915076279534e+02
3.9696132884356777e-01 5.3678829084798584e-04 4.2346741298012532e-04 9.3867462985415500e+02
4.0697817481793164e-01 5.5176589789197384e-04 4.3413809105565806e-04 9.3871039909183366e+02
4.1724778396085521e-01 5.6724953523836722e-04 4.4507761242695566e-04 9.3874646091003660e+02
4.2777653444961533e-01 5.8325629952124135e-04 4.5629274699508858e-04 9.3878281776358654e+02
4.3857096540718993e-01 5.9980386499797797e-04 4.6779043502014680e-04 9.3881947212809871e+02
4.4963778096353124e-01 6.1691050306472673e-04 4.7957779140421058e-04 9.3885642650015927e+02
4.6098385441931966e-01 6.3459510243121027e-04 4.9166211008186422e-04 9.3889368339750456e+02
4.7261623251478552e-01 6.5287718997715115e-04 5.0405086852094996e-04 9.3893124535920151e+02
4.8454213980624966e-01 6.7177695231335080e-04 5.1675173233632448e-04 9.3896911494582992e+02
4.9676898315310009e-01 6.9131525807122581e-04 5.2977256001944908e-04 9.3900729473966805e+02
5.0930435631799331e-01 7.1151368094541409e-04 5.4312140778672077e-04 9.3904578734487620e+02
5.2215604468313459e-01 7.3239452351489250e-04 5.5680653454951454e-04 9.3908459538768432e+02
5.3533203008556951e-01 7.5398084186891249e-04 5.7083640700899077e-04 9.3912372151658337e+02
5.4884049577448779e-01 7.7629647106493998e-04 5.8521970487879574e-04 9.3916316840251181e+02
5.6268983149361795e-01 7.9936605144671216e-04 5.9996532623885249e-04 9.3920293873905257e+02
5.7688863869187157e-01 8.2321505585147196e-04 6.1508239302353752e-04 9.3924303524262257e+02
5.9144573586547111e-01 8.4786981773642004e-04 6.3058025664759971e-04 9.3928346065267203e+02
6.0637016403487942e-01 8.7335756025543900e-04 6.4646850377327947e-04 9.3932421773188025e+02
6.2167119235993518e-01 8.9970642631820264e-04 6.6275696222216503e-04 9.3936530926635407e+02
6.3735832389667646e-01 9.2694550966485045e-04 6.7945570703540400e-04 9.3940673806583038e+02
6.5344130149943336e-01 9.5510488699054722e-04 6.9657506668599695e-04 9.3944850696387846e+02
6.6993011387185242e-01 9.8421565115539835e-04 7.1412562944697655e-04 9.3949061881810360e+02
6.8683500177061030e-01 1.0143099455163836e-03 7.3211824991937407e-04 9.3953307651035539e+02
7.0416646436567176e-01 1.0454209994192264e-03 7.5056405572398153e-04 9.3957588294693301e+02
7.2193526576104150e-01 1.0775831648893823e-03 7.6947445436100685e-04 9.3961904105879773e+02
7.4015244168005789e-01 1.1108319545626618e-03 7.8886114024182506e-04 9.3966255380178393e+02
7.5882930631938450e-01 1.1452040808973701e-03 8.0873610189714025e-04 9.3970642415681334e+02
7.7797745937595120e-01 1.1807374967112583e-03 8.2911162936597025e-04 9.3975065513010873e+02
7.9760879325121337e-01 1.2174714370880480e-03 8.5000032176998008e-04 9.3979524975341485e+02
8.1773550043720267e-01 1.2554464626998035e-03 8.7141509507781287e-04 9.3984021108421450e+02
8.3837008108895383e-01 1.2947045045929805e-03 8.9336919006416133e-04 9.3988554220595245e+02
8.5952535078801418e-01 1.3352889104876102e-03 9.1587618046846551e-04 9.3993124622825803e+02
8.8121444850185615e-01 1.3772444926407363e-03 9.3894998135822928e-04 9.3997732628717051e+02
9.0345084474413495e-01 1.4206175773269561e-03 9.6260485770207401e-04 9.4002378554536585e+02
9.2624834994086225e-01 1.4654560559907034e-03 9.8685543315778289e-04 9.4007062719238820e+02
9.4962112300768797e-01 1.5118094381267452e-03 1.0117166990807123e-03 9.4011785444487919e+02
9.7358368014362262e-01 1.5597289059472985e-03 1.0372040237580887e-03 9.4016547054681166e+02
9.9815090384665539e-01 1.6092673708961061e-03 1.0633331618748335e-03 9.4021347876972800e+02
1.0233380521568733e+00 1.6604795320718966e-03 1.0901202642167231e-03 9.4026188241297450e+02
1.0491607681328181e+00 1.7134219366257181e-03 1.1175818876168083e-03 9.4031068480394265e+02
1.0756350895669677e+00 1.7681530421988520e-03 1.1457350051511815e-03 9.4035988929831262e+02
1.1027774589463777e+00 1.8247332814702345e-03 1.1745970165903386e-03 9.4040949928029443e+02
1.1306047336646650e+00 1.8832251288846652e-03 1.2041857591125109e-03 9.4045951816287652e+02
1.1591341964916810e+00 1.9436931696354830e-03 1.2345195182855329e-03 9.4050994938807446e+02
1.1883835663073763e+00 2.0062041709778796e-03 1.2656170393239607e-03 9.4056079642718009e+02
1.2183710091065143e+00 2.0708271559515775e-03 1.2974975386283105e-03 9.4061206278101577e+02
1.2491151492810848e+00 2.1376334795942991e-03 1.3301807156134902e-03 9.4066375198018955e+02
1.2806350811874090e+00 2.2066969077301633e-03 1.3636867648336385e-03 9.4071586758535273e+02
1.3129503810051313e+00 2.2780936984200134e-03 1.3980363884107964e-03 9.4076841318745915e+02
1.3460811188954551e+00 2.3519026861636020e-03 1.4332508087749891e-03 9.4082139240802883e+02
1.3800478714661786e+00 2.4282053689466190e-03 1.4693517817235182e-03 9.4087480889941162e+02
1.4148717345512729e+00 2.5070859982286768e-03 1.5063616098074388e-03 9.4092866634505367e+02
1.4505743363129331e+00 2.5886316719715956e-03 1.5443031560533867e-03 9.4098296845976836e+02
1.4871778506742472e+00 2.6729324308107380e-03 1.5831998580291551e-03 9.4103771899000640e+02
1.5247050110908227e+00 2.7600813574755606e-03 1.6230757422615958e-03 9.4109292171413176e+02
1.5631791246699223e+00 2.8501746795691722e-03 1.6639554390156597e-03 9.4114858044269624e+02
1.6026240866458787e+00 2.9433118758203747e-03 1.7058641974435820e-03 9.4120469901872127e+02
1.6430643952207820e+00 3.0395957859255169e-03 1.7488279011134832e-03 9.4126128131797805e+02
1.6845251667796504e+00 3.1391327241014435e-03 1.7928730839268435e-03 9.4131833124927175e+02
1.7270321514895406e+00 3.2420325964749178e-03 1.8380269464345724e-03 9.4137585275472861e+02
1.7706117492922837e+00 3.3484090224381430e-03 1.8843173725616304e-03 9.4143384981008603e+02
1.8152910263007733e+00 3.4583794601043649e-03 1.9317729467503966e-03 9.4149232642498407e+02
1.8610977316090014e+00 3.5720653360021056e-03 1.9804229715332548e-03 9.4155128664325957e+02
1.9080603145262709e+00 3.6895921791512097e-03 2.0302974855450984e-03 9.4161073454324423e+02
1.9562079422462950e+00 3.8110897596687634e-03 2.0814272819867476e-03 9.4167067423806509e+02
2.0055705179621541e+00 3.9366922320579123e-03 2.1338439275505349e-03 9.4173110987594555e+02
2.0561786994383615e+00 4.0665382833378165e-03 2.1875797818195902e-03 9.4179204564051315e+02
2.1080639180515797e+00 4.2007712861783005e-03 2.2426680171526649e-03 9.4185348575110584e+02
2.1612583983117921e+00 4.3395394572082469e-03 2.2991426390665806e-03 9.4191543446308424e+02
2.2157951778760836e+00 4.4829960206725994e-03 2.3570385071287653e-03 9.4197789606814513e+02
2.2717081280674352e+00 4.6312993776186267e-03 2.4163913563725668e-03 9.4204087489463791e+02
2.3290319749112909e+00 4.7846132807982909e-03 2.4772378192484067e-03 9.4210437530788579e+02
2.3878023207029555e+00 4.9431070154798175e-03 2.5396154481241479e-03 9.4216840171050467e+02
2.4480556661192185e+00 5.1069555863681353e-03 2.6035627383483506e-03 9.4223295854273340e+02
2.5098294328879422e+00 5.2763399108405754e-03 2.6691191518904934e-03 9.4229805028275882e+02
2.5731619870296849e+00 5.4514470187111749e-03 2.7363251415725215e-03 9.4236368144704807e+02
2.6380926626858061e+00 5.6324702587442002e-03 2.8052221759064834e-03 9.4242985659068279e+02
2.7046617865478360e+00 5.8196095121448689e-03 2.8758527645533598e-03 9.4249658030769797e+02
2.7729107029032982e+00 6.0130714132630375e-03 2.9482604844185893e-03 9.4256385723142034e+02
2.8428817993135316e+00 6.2130695777535333e-03 3.0224900064001470e-03 9.4263169203481357e+02
2.9146185329394618e+00 6.4198248384450748e-03 3.0985871228054579e-03 9.4270008943082473e+02
2.9881654575316716e+00 6.6335654891781868e-03 3.1765987754538054e-03 9.4276905417273417e+02
3.0635682511015316e+00 6.8545275368813944e-03 3.2565730844813291e-03 9.4283859105450904e+02
3.1408737442905892e+00 7.0829549621640158e-03 3.3385593778661282e-03 9.4290870491115822e+02
3.2201299494558056e+00 7.3190999887132466e-03 3.4226082216913725e-03 9.4297940061909549e+02
3.3013860904887431e+00 7.5632233617930868e-03 3.5087714511648849e-03 9.4305068309649835e+02
3.3846926333871954e+00 7.8155946361525511e-03 3.5971022024139689e-03 9.4312255730367610e+02
3.4701013175982576e+00 8.0764924736610889e-03 3.6876549450748273e-03 9.4319502824344147e+02
3.5576651881523009e+00 8.3462049509998512e-03 3.7804855156963737e-03 9.4326810096148017e+02
3.6474386286078109e+00 8.6250298777485468e-03 3.8756511519786852e-03 9.4334178054673032e+02
3.7394773948275493e+00 8.9132751252191354e-03 3.9732105278669225e-03 9.4341607213175996e+02
3.8338386496070136e+00 9.2112589663993858e-03 4.0732237895219764e-03 9.4349098089315248e+02
3.9305809981767168e+00 9.5193104273817598e-03 4.1757525921897109e-03 9.4356651205189348e+02
4.0297645246003029e+00 9.8377696506655159e-03 4.2808601379911385e-03 9.4364267087375936e+02
4.1314508290911478e+00 1.0166988270733337e-02 4.3886112146564677e-03 9.4371946266971372e+02
4.2357030662705846e+00 1.0507329802317071e-02 4.4990722352265039e-03 9.4379689279630520e+02
4.3425859843915431e+00 1.0859170041781356e-02 4.6123112787455154e-03 9.4387496665606693e+02
4.4521659655519334e+00 1.1222897482068280e-02 4.7283981319701657e-03 9.4395368969792241e+02
4.5645110669227842e+00 1.1598913741661311e-02 4.8474043321198469e-03 9.4403306741759661e+02
4.6796910630167190e+00 1.1987634008042109e-02 4.9694032106943203e-03 9.4411310535802625e+02
4.7977774890230123e+00 1.2389487496129824e-02 5.0944699383851646e-03 9.4419380910977748e+02
4.9188436852361779e+00 1.2804917922209202e-02 5.2226815711083063e-03 9.4427518431146495e+02
5.0429648426056408e+00 1.3234383993870679e-02 5.3541170971854318e-03 9.4435723665017895e+02
5.1702180494348120e+00 1.3678359916503506e-02 5.4888574857029351e-03 9.4443997186191018e+02
5.3006823392585547e+00 1.4137335916901148e-02 5.6269857360775940e-03 9.4452339573198572e+02
5.4344387399287770e+00 1.4611818784557086e-02 5.7685869288590366e-03 9.4460751409550073e+02
5.5715703239386514e+00 1.5102332431248748e-02 5.9137482777996868e-03 9.4469233283776475e+02
5.7121622600166937e+00 1.5609418469527417e-02 6.0625591832237577e-03 9.4477785789473910e+02
5.8563018660227737e+00 1.6133636810752892e-02 6.2151112867274792e-03 9.4486409525349200e+02
6.0040786631788698e+00 1.6675566283333179e-02 6.3714985272437259e-03 9.4495105095264728e+02
6.1555844316682951e+00 1.7235805271851947e-02 6.5318171985048953e-03 9.4503873108284154e+02
6.3109132676378872e+00 1.7814972377789395e-02 6.6961660079387520e-03 9.4512714178718784e+02
6.4701616416385956e+00 1.8413707102566096e-02 6.8646461370328810e-03 9.4521628926174060e+02
6.6334284585407328e+00 1.9032670553663998e-02 7.0373613032041968e-03 9.4530617975596192e+02
6.8008151189611192e+00 1.9672546174604313e-02 7.2144178232108162e-03 9.4539681957320124e+02
6.9724255822402883e+00 2.0334040499588302e-02 7.3959246781447174e-03 9.4548821507117145e+02
7.1483664310088058e+00 2.1017883933634112e-02 7.5819935800442891e-03 9.4558037266243127e+02
7.3287469373828822e+00 2.1724831559071230e-02 7.7727390401670701e-03 9.4567329881487433e+02
7.5136791308303339e+00 2.2455663969282991e-02 7.9682784389638207e-03 9.4576700005222222e+02
7.7032778677490619e+00 2.3211188130617674e-02 8.1687320977961771e-03 9.4586148295452006e+02
7.8976609028012676e+00 2.3992238273420025e-02 8.3742233524411371e-03 9.4595675415863820e+02
8.0969489620476924e+00 2.4799676813166912e-02 8.5848786284266516e-03 9.4605282035878122e+02
8.3012658179273231e+00 2.5634395302724336e-02 8.8008275182438461e-03 9.4614968830699593e+02
8.5107383661291074e+00 2.6497315416777134e-02 9.0222028604822861e-03 9.4624736481368825e+02
8.7254967044034650e+00 2.7389389969518552e-02 9.2491408209360651e-03 9.4634585674814525e+02
8.9456742133624623e+00 2.8311603966723040e-02 9.4817809757294699e-03 9.4644517103906014e+02
9.1714076393189305e+00 2.9264975693364358e-02 9.7202663965124149e-03 9.4654531467506399e+02
9.4028371792159113e+00 3.0250557837979655e-02 9.9647437377768534e-03 9.4664629470525892e+02
9.6401065676992044e+00 3.1269438655021110e-02 1.0215363326346693e-02 9.4674811823976381e+02
9.8833631663870598e+00 3.2322743166478388e-02 1.0472279253095185e-02 9.4685079245025486e+02
1.0132758055392520e+01 3.3411634404099083e-02 1.0735649466944844e-02 9.4695432457052004e+02
1.0388446127155198e+01 3.4537314693578437e-02 1.1005635871206496e-02 9.4705872189701608e+02
1.0650586182640801e+01 3.5701026982136418e-02 1.1282404422315390e-02 9.4716399178942777e+02
1.0919341029968118e+01 3.6904056210948104e-02 1.1566125231023674e-02 9.4727014167123718e+02
1.1194877585524758e+01 3.8147730733942641e-02 1.1856972666110086e-02 9.4737717903029602e+02
1.1477366977634416e+01 3.9433423784537534e-02 1.2155125460669195e-02 9.4748511141940128e+02
1.1766984652840055e+01 4.0762554991927581e-02 1.2460766821043912e-02 9.4759394645688246e+02
1.2063910484869028e+01 4.2136591948602996e-02 1.2774084538466849e-02 9.4770369182718787e+02
1.2368328886347799e+01 4.3557051830827233e-02 1.3095271103477409e-02 9.4781435528147927e+02
1.2680428923335645e+01 4.5025503073864027e-02 1.3424523823183283e-02 9.4792594463823548e+02
1.3000404432748498e+01 4.6543567103803252e-02 1.3762044941436827e-02 9.4803846778385355e+02
1.3328454142745811e+01 4.8112920127897869e-02 1.4108041761998162e-02 9.4815193267326606e+02
1.3664781796155269e+01 4.9735294985388902e-02 1.4462726774759137e-02 9.4826634733055448e+02
1.4009596277011953e+01 5.1412483060861887e-02 1.4826317785103488e-02 9.4838171984957683e+02
1.4363111740290627e+01 5.3146336262247913e-02 1.5199038046481090e-02 9.4849805839459395e+02
1.4725547744911538e+01 5.4938769065652274e-02 1.5581116396275260e-02 9.4861537120090668e+02
1.5097129390102594e+01 5.6791760629270084e-02 1.5972787395044891e-02 9.4873366657549968e+02
1.5478087455202420e+01 5.8707356978721724e-02 1.6374291469224575e-02 9.4885295289768692e+02
1.5868658542991165e+01 6.0687673266221744e-02 1.6785875057368102e-02 9.4897323861976770e+02
1.6269085226638119e+01 6.2734896106075480e-02 1.7207790760022927e-02 9.4909453226768744e+02
1.6679616200357358e+01 6.4851285989082352e-02 1.7640297493325185e-02 9.4921684244170410e+02
1.7100506433865032e+01 6.7039179778511704e-02 1.8083660646407106e-02 9.4934017781706279e+02
1.7532017330734156e+01 6.9300993290407037e-02 1.8538152242710937e-02 9.4946454714467416e+02
1.7974416890745324e+01 7.1639223961067935e-02 1.9004051105305664e-02 9.4958995925180318e+02
1.8427979876334163e+01 7.4056453604655112e-02 1.9481643026305492e-02 9.4971642304276179e+02
1.8892987983238857e+01 7.6555351263963040e-02 1.9971220940490992e-02 9.4984394749960916e+02
1.9369730015453765e+01 7.9138676157508470e-02 2.0473085103236758e-02 9.4997254168285770e+02
1.9858502064597811e+01 8.1809280726188427e-02 2.0987543272851621e-02 9.5010221473218985e+02
2.0359607693808979e+01 8.4570113782872103e-02 2.1514910897440336e-02 9.5023297586717536e+02
2.0873358126279257e+01 8.7424223768404488e-02 2.2055511306398025e-02 9.5036483438800190e+02
2.1400072438546871e+01 9.0374762117615789e-02 2.2609675906651541e-02 9.5049779967620907e+02
2.1940077758666177e+01 9.3424986739055041e-02 2.3177744383764923e-02 9.5063188119542883e+02
2.2493709469378061e+01 9.6578265612288869e-02 2.3760064908028341e-02 9.5076708849213912e+02
2.3061311416407122e+01 9.9838080506737883e-02 2.4356994345653697e-02 9.5090343119641841e+02
2.3643236122014965e+01 1.0320803082615694e-01 2.4968898475202343e-02 9.5104091902270773e+02
2.4239845003942282e+01 1.0669183758300411e-01 2.5596152209373658e-02 9.5117956177058727e+02
2.4851508599875650e+01 1.1029334750708701e-01 2.6239139822286678e-02 9.5131936932555197e+02
2.5478606797578518e+01 1.1401653729302284e-01 2.6898255182389686e-02 9.5146035165980038e+02
2.6121529070829219e+01 1.1786551799120228e-01 2.7573901991136362e-02 9.5160251883302851e+02
2.6780674721312668e+01 1.2184453954710568e-01 2.8266494027570182e-02 9.5174588099323410e+02
2.7456453126615834e+01 1.2595799549398343e-01 2.8976455398962552e-02 9.5189044837752499e+02
2.8149283994481141e+01 1.3021042780408237e-01 2.9704220797653218e-02 9.5203623131294012e+02
2.8859597623475622e+01 1.3460653190377483e-01 3.0450235764245721e-02 9.5218324021727346e+02
2.9587835170237753e+01 1.3915116185812748e-01 3.1214956957313682e-02 9.5233148559991309e+02
3.0334448923467946e+01 1.4384933573063527e-01 3.1998852429778277e-02 9.5248097806268015e+02
3.1099902584832822e+01 1.4870624112403777e-01 3.2802401912120360e-02 9.5263172830068345e+02
3.1884671556957958e+01 1.5372724090833748e-01 3.3626097102595558e-02 9.5278374710317746e+02
3.2689243238687418e+01 1.5891787914234173e-01 3.4470441964623469e-02 9.5293704535443351e+02
3.3514117327794189e+01 1.6428388719527082e-01 3.5335953031528054e-02 9.5309163403461434e+02
3.4359806131328931e+01 1.6983119007518788e-01 3.6223159718808816e-02 9.5324752422066206e+02
3.5226834883800080e+01 1.7556591297124063e-01 3.7132604644127820e-02 9.5340472708719312e+02
3.6115742073382847e+01 1.8149438801693774e-01 3.8064843955201884e-02 9.5356325390740130e+02
3.7027079776359692e+01 1.8762316128192758e-01 3.9020447665793649e-02 9.5372311605397101e+02
3.7961413999999998e+01 1.9395899999999999e-01 4.0000000000000001e-02 9.5388614399999994e+02
4.3152240999999997e+01 2.1969400000000000e-01 4.5440000000000001e-02 9.5448982300000000e+02
4.8345905999999999e+01 2.4121300000000001e-01 5.0880000000000002e-02 9.5493733099999997e+02
5.3541654000000001e+01 2.5866400000000001e-01 5.6320000000000002e-02 9.5526313000000005e+02
5.8738911999999999e+01 2.7268599999999998e-01 6.1760000000000002e-02 9.5550046499999996e+02
6.3937285000000003e+01 2.8433300000000000e-01 6.7199999999999996e-02 9.5568063500000005e+02
6.9136543000000003e+01 2.9500900000000002e-01 7.2639999999999996e-02 9.5583262700000000e+02
7.4336605000000006e+01 3.0640899999999999e-01 7.8079999999999997e-02 9.5598300200000006e+02
7.9537527999999995e+01 3.2046500000000000e-01 8.3519999999999997e-02 9.5615589699999998e+02
8.4739496000000003e+01 3.3929900000000002e-01 8.8959999999999997e-02 9.5637311099999999e+02
8.9942739000000003e+01 3.6256800000000000e-01 9.4399999999999998e-02 9.5662577199999998e+02
9.5147513000000004e+01 3.9378500000000000e-01 9.9839999999999998e-02 9.5694584699999996e+02
1.0035427000000000e+02 4.3650000000000000e-01 1.0528000000000000e-01 9.5736088700000005e+02
1.0556357400000000e+02 4.9358500000000000e-01 1.1072000000000000e-01 9.5788793799999996e+02
1.1077607300000000e+02 5.6772800000000001e-01 1.1616000000000000e-01 9.5853996600000005e+02
1.1599247300000000e+02 6.6150399999999998e-01 1.2160000000000000e-01 9.5932720800000004e+02
1.2121353499999999e+02 7.7739300000000000e-01 1.2703999999999999e-01 9.6025777900000003e+02
1.2644005500000000e+02 9.1778000000000004e-01 1.3247999999999999e-01 9.6133803999999998e+02
1.3167286200000001e+02 1.0849489999999999e+00 1.3791999999999999e-01 9.6257285600000000e+02
1.3691280699999999e+02 1.2810859999999999e+00 1.4335999999999999e-01 9.6396581300000003e+02
1.4216075699999999e+02 1.5082739999999999e+00 1.4879999999999999e-01 9.6551939400000003e+02
1.4741758999999999e+02 1.7684949999999999e+00 1.5423999999999999e-01 9.6723514599999999e+02
1.5268419200000000e+02 2.0636320000000001e+00 1.5967999999999999e-01 9.6911383400000000e+02
1.5796144899999999e+02 2.3954770000000001e+00 1.6511999999999999e-01 9.7115557200000001e+02
1.6325024800000000e+02 2.7657360000000000e+00 1.7055999999999999e-01 9.7335995500000001e+02
1.6855147099999999e+02 3.1760350000000002e+00 1.7599999999999999e-01 9.7572616700000003e+02
1.7386599500000000e+02 3.6279349999999999e+00 1.8143999999999999e-01 9.7825308199999995e+02
1.7919469300000000e+02 4.1229350000000000e+00 1.8687999999999999e-01 9.8093934800000000e+02
1.8453842599999999e+02 4.6624819999999998e+00 1.9231999999999999e-01 9.8378345600000000e+02
1.8989804899999999e+02 5.2479800000000001e+00 1.9775999999999999e-01 9.8678379900000004e+02
1.9527440700000000e+02 5.8807960000000001e+00 2.0319999999999999e-01 9.8993871899999999e+02
2.0066833800000001e+02 6.5622660000000002e+00 2.0863999999999999e-01 9.9324653799999999e+02
2.0608066800000000e+02 7.2937010000000004e+00 2.1407999999999999e-01 9.9670558400000004e+02
2.1151221600000000e+02 8.0763870000000004e+00 2.1951999999999999e-01 1.0003142070000000e+03
2.1696379200000001e+02 8.9115909999999996e+00 2.2495999999999999e-01 1.0040707860000000e+03
2.2243619600000000e+02 9.8005630000000004e+00 2.3039999999999999e-01 1.0079737380000000e+03
2.2793022099999999e+02 1.0744533000000001e+01 2.3583999999999999e-01 1.0120215100000000e+03
2.3344665000000001e+02 1.1744712000000000e+01 2.4127999999999999e-01 1.0162125780000000e+03
2.3898625899999999e+02 1.2802294000000000e+01 2.4671999999999999e-01 1.0205454400000000e+03
2.4454981599999999e+02 1.3918448000000000e+01 2.5216000000000000e-01 1.0250186070000000e+03
2.5013808100000000e+02 1.5094322000000000e+01 2.5760000000000000e-01 1.0296305910000001e+03
2.5575180499999999e+02 1.6331036999999998e+01 2.6304000000000000e-01 1.0343798979999999e+03
2.6139173000000000e+02 1.7629684000000001e+01 2.6848000000000000e-01 1.0392650130000000e+03
2.6705859299999997e+02 1.8991322000000000e+01 2.7392000000000000e-01 1.0442843969999999e+03
2.7275312000000002e+02 2.0416975999999998e+01 2.7936000000000000e-01 1.0494364700000001e+03
2.7847602699999999e+02 2.1907630999999999e+01 2.8480000000000000e-01 1.0547196090000000e+03
2.8422802500000000e+02 2.3464230000000001e+01 2.9024000000000000e-01 1.0601321359999999e+03
2.9000981300000001e+02 2.5087672000000001e+01 2.9568000000000000e-01 1.0656723170000000e+03
2.9582208000000003e+02 2.6778808999999999e+01 3.0112000000000000e-01 1.0713383500000000e+03
3.0166550599999999e+02 2.8538440999999999e+01 3.0656000000000000e-01 1.0771283699999999e+03
3.0754076199999997e+02 3.0367318000000001e+01 3.1200000000000000e-01 1.0830404380000000e+03
3.1344850600000001e+02 3.2266137000000001e+01 3.1744000000000000e-01 1.0890725470000000e+03
3.1938938500000000e+02 3.4235537000000001e+01 3.2288000000000000e-01 1.0952226189999999e+03
3.2536403600000000e+02 3.6276102999999999e+01 3.2832000000000000e-01 1.1014885079999999e+03
3.3137308400000001e+02 3.8388361000000003e+01 3.3376000000000000e-01 1.1078679990000001e+03
3.3741714000000002e+02 4.0572781999999997e+01 3.3920000000000000e-01 1.1143588159999999e+03
3.4349680400000000e+02 4.2829777000000000e+01 3.4464000000000000e-01 1.1209586230000000e+03
3.4961266300000000e+02 4.5159702000000003e+01 3.5008000000000000e-01 1.1276650320000001e+03
3.5576528999999999e+02 4.7562857000000001e+01 3.5552000000000000e-01 1.1344756050000001e+03
3.6195457399999998e+02 4.9857979999999998e+01 3.6096000000000000e-01 1.1408831570000000e+03
3.6817596800000001e+02 5.1886144000000002e+01 3.6640000000000000e-01 1.1464594770000001e+03
3.7442696200000000e+02 5.3855516000000001e+01 3.7184000000000000e-01 1.1517941240000000e+03
3.8070659200000000e+02 5.5804986000000000e+01 3.7728000000000000e-01 1.1569980820000001e+03
3.8701429000000002e+02 5.7751038999999999e+01 3.8272000000000000e-01 1.1621185109999999e+03
3.9334967799999998e+02 5.9702818000000001e+01 3.8816000000000001e-01 1.1671815059999999e+03
3.9971249299999999e+02 6.1666114000000000e+01 3.9360000000000001e-01 1.1722034890000000e+03
4.0610254200000003e+02 6.3644908000000001e+01 3.9904000000000001e-01 1.1771956330000000e+03
4.1251967999999999e+02 6.5630117999999996e+01 4.0448000000000001e-01 1.1821363300000000e+03
4.1896206899999999e+02 6.7391897999999998e+01 4.0992000000000001e-01 1.1864624320000000e+03
4.2542758600000002e+02 6.9128337999999999e+01 4.1536000000000001e-01 1.1906698899999999e+03
4.3191588600000000e+02 7.0873559000000000e+01 4.2080000000000001e-01 1.1948435740000000e+03
4.3842685299999999e+02 7.2636244000000005e+01 4.2624000000000001e-01 1.1990048710000001e+03
4.4496044699999999e+02 7.4420507000000001e+01 4.3168000000000001e-01 1.2031636920000001e+03
4.5151667300000003e+02 7.6228768000000002e+01 4.3712000000000001e-01 1.2073256710000001e+03
4.5809555699999999e+02 7.8062631999999994e+01 4.4256000000000001e-01 1.2114943830000000e+03
4.6469714399999998e+02 7.9923252000000005e+01 4.4800000000000001e-01 1.2156722550000000e+03
4.7132148699999999e+02 8.1811505999999994e+01 4.5344000000000001e-01 1.2198610110000000e+03
4.7796865100000002e+02 8.3728088000000000e+01 4.5888000000000001e-01 1.2240619130000000e+03
4.8463870400000002e+02 8.5673563000000001e+01 4.6432000000000001e-01 1.2282759040000001e+03
4.9133171800000002e+02 8.7648409000000001e+01 4.6976000000000001e-01 1.2325036970000001e+03
4.9804777100000001e+02 8.9653030000000001e+01 4.7520000000000001e-01 1.2367458320000001e+03
5.0478694200000001e+02 9.1687779000000006e+01 4.8064000000000001e-01 1.2410027219999999e+03
5.1154931199999999e+02 9.3752965000000003e+01 4.8608000000000001e-01 1.2452746729999999e+03
5.1833496400000001e+02 9.5848862999999994e+01 4.9152000000000001e-01 1.2495619139999999e+03
5.2514398100000005e+02 9.7975718000000001e+01 4.9696000000000001e-01 1.2538646040000001e+03
5.3197644700000001e+02 1.0013375300000000e+02 5.0239999999999996e-01 1.2581828499999999e+03
5.3883244900000000e+02 1.0232316800000000e+02 5.0783999999999996e-01 1.2625167160000001e+03
5.4571207000000004e+02 1.0454414400000000e+02 5.1327999999999996e-01 1.2668662240000001e+03
5.5261539500000003e+02 1.0679684899999999e+02 5.1871999999999996e-01 1.2712313680000000e+03
5.5954251099999999e+02 1.0908143400000000e+02 5.2415999999999996e-01 1.2756121129999999e+03
5.6649350100000004e+02 1.1139803999999999e+02 5.2959999999999996e-01 1.2800084019999999e+03
5.7346844899999996e+02 1.1374679300000000e+02 5.3503999999999996e-01 1.2844201570000000e+03
5.8046744100000001e+02 1.1612781099999999e+02 5.4047999999999996e-01 1.2888472839999999e+03
5.8749055899999996e+02 1.1854120300000000e+02 5.4591999999999996e-01 1.2932896740000001e+03
5.9453788599999996e+02 1.2098706700000000e+02 5.5135999999999996e-01 1.2977472049999999e+03
6.0160950300000002e+02 1.2346549500000000e+02 5.5679999999999996e-01 1.3022197440000000e+03
6.0870549300000005e+02 1.2597656900000000e+02 5.6223999999999996e-01 1.3067071470000001e+03
6.1582593599999996e+02 1.2852036500000000e+02 5.6767999999999996e-01 1.3112092650000000e+03
6.2297091000000000e+02 1.3109695500000001e+02 5.7311999999999996e-01 1.3157259369999999e+03
6.3014049599999998e+02 1.3370640000000000e+02 5.7855999999999996e-01 1.3202570000000001e+03
6.3733477100000005e+02 1.3634876000000000e+02 5.8399999999999996e-01 1.3248022840000001e+03
6.4455381199999999e+02 1.3902408600000001e+02 5.8943999999999996e-01 1.3293616150000000e+03
6.5179769399999998e+02 1.4173242600000000e+02 5.9487999999999996e-01 1.3339348140000000e+03
6.5906649300000004e+02 1.4447382200000001e+02 6.0031999999999996e-01 1.3385216989999999e+03
6.6636028299999998e+02 1.4724831200000000e+02 6.0575999999999997e-01 1.3431220880000001e+03
6.7367913599999997e+02 1.5005592999999999e+02 6.1119999999999997e-01 1.3477357930000001e+03
6.8102312500000005e+02 1.5289670500000000e+02 6.1663999999999997e-01 1.3523626270000000e+03
6.8839232000000004e+02 1.5577066300000001e+02 6.2207999999999997e-01 1.3570024010000000e+03
6.9578679199999999e+02 1.5867782600000001e+02 6.2751999999999997e-01 1.3616549250000000e+03
7.0320660899999996e+02 1.6161821399999999e+02 6.3295999999999997e-01 1.3663200079999999e+03
7.1065183900000000e+02 1.6459183999999999e+02 6.3839999999999997e-01 1.3709974609999999e+03
7.1812254900000005e+02 1.6759871899999999e+02 6.4383999999999997e-01 1.3756870919999999e+03
7.2561880399999995e+02 1.7063885900000000e+02 6.4927999999999997e-01 1.3803887110000001e+03
7.3314067000000000e+02 1.7371226700000000e+02 6.5471999999999997e-01 1.3851021290000001e+03
7.4068821000000003e+02 1.7681894700000001e+02 6.6015999999999997e-01 1.3898271569999999e+03
7.4826148599999999e+02 1.7995890199999999e+02 6.6559999999999997e-01 1.3945636079999999e+03
7.5586055999999996e+02 1.8313213099999999e+02 6.7103999999999997e-01 1.3993112930000000e+03
7.6348549300000002e+02 1.8633862999999999e+02 6.7647999999999997e-01 1.4040700280000001e+03
7.7113634500000001e+02 1.8957839500000000e+02 6.8191999999999997e-01 1.4088396290000001e+03
7.7881317400000000e+02 1.9285141999999999e+02 6.8735999999999997e-01 1.4136199130000000e+03
7.8651603699999998e+02 1.9615769599999999e+02 6.9279999999999997e-01 1.4184106990000000e+03
7.9424499100000003e+02 1.9949721199999999e+02 6.9823999999999997e-01 1.4232118089999999e+03
8.0200009299999999e+02 2.0286995700000000e+02 7.0367999999999997e-01 1.4280230650000001e+03
8.0978139599999997e+02 2.0627591799999999e+02 7.0911999999999997e-01 1.4328442920000000e+03
8.1758895500000006e+02 2.0971507800000001e+02 7.1455999999999997e-01 1.4376753160000001e+03
8.2542282200000000e+02 2.1318742300000000e+02 7.1999999999999997e-01 1.4425159670000000e+03
8.3328304900000001e+02 2.1669293500000001e+02 7.2543999999999997e-01 1.4473660749999999e+03
8.4116968699999995e+02 2.2023159400000000e+02 7.3087999999999997e-01 1.4522254730000000e+03
8.4908278700000005e+02 2.2380338200000000e+02 7.3631999999999997e-01 1.4570939960000001e+03
8.5702239699999996e+02 2.2740827800000000e+02 7.4175999999999997e-01 1.4619714830000000e+03
8.6498856499999999e+02 2.3104625899999999e+02 7.4719999999999998e-01 1.4668577720000001e+03
8.7298134000000005e+02 2.3471730299999999e+02 7.5263999999999998e-01 1.4717527060000000e+03
8.8100076799999999e+02 2.3842138600000001e+02 7.5807999999999998e-01 1.4766561300000001e+03
8.8904689499999995e+02 2.4215848500000001e+02 7.6351999999999998e-01 1.4815678889999999e+03
8.9711976500000003e+02 2.4592857400000000e+02 7.6895999999999998e-01 1.4864878340000000e+03
9.0521942200000001e+02 2.4973162800000000e+02 7.7439999999999998e-01 1.4914158140000000e+03
9.1334591000000000e+02 2.5356762100000000e+02 7.7983999999999998e-01 1.4963516850000001e+03
9.2149927200000002e+02 2.5743652500000002e+02 7.8527999999999998e-01 1.5012953030000001e+03
9.2967954899999995e+02 2.6133831400000003e+02 7.9071999999999998e-01 1.5062465250000000e+03
9.3788678300000004e+02 2.6527296000000001e+02 7.9615999999999998e-01 1.5112052130000000e+03
9.4612101199999995e+02 2.6924043499999999e+02 8.0159999999999998e-01 1.5161712299999999e+03
9.5438227800000004e+02 2.7324071099999998e+02 8.0703999999999998e-01 1.5211444409999999e+03
9.6267061799999999e+02 2.7727375799999999e+02 8.1247999999999998e-01 1.5261247149999999e+03
9.7098607100000004e+02 2.8133954899999998e+02 8.1791999999999998e-01 1.5311119220000000e+03
9.7932867399999998e+02 2.8543805400000002e+02 8.2335999999999998e-01 1.5361059339999999e+03
9.8769846399999994e+02 2.8956924400000003e+02 8.2879999999999998e-01 1.5411066280000000e+03
9.9609547699999996e+02 2.9373309000000000e+02 8.3423999999999998e-01 1.5461138790000000e+03
1.0045197470000001e+03 2.9792956199999998e+02 8.3967999999999998e-01 1.5511275680000001e+03
1.0129713110000000e+03 3.0215863200000001e+02 8.4511999999999998e-01 1.5561475780000001e+03
1.0214502010000000e+03 3.0642027000000002e+02 8.5055999999999998e-01 1.5611737920000000e+03
1.0299564519999999e+03 3.1071444700000001e+02 8.5599999999999998e-01 1.5662060980000001e+03
1.0384900960000000e+03 3.1504113500000000e+02 8.6143999999999998e-01 1.5712443850000000e+03
1.0470511650000001e+03 3.1940030600000000e+02 8.6687999999999998e-01 1.5762885450000001e+03
1.0556396910000001e+03 3.2379193099999998e+02 8.7231999999999998e-01 1.5813384719999999e+03
1.0642557050000000e+03 3.2821598299999999e+02 8.7775999999999998e-01 1.5863940650000000e+03
1.0728992380000000e+03 3.3267243600000000e+02 8.8319999999999999e-01 1.5914552209999999e+03
1.0815703200000000e+03 3.3716126300000002e+02 8.8863999999999999e-01 1.5965218430000000e+03
1.0902689789999999e+03 3.4168243899999999e+02 8.9407999999999999e-01 1.6015938380000000e+03
1.0989952460000000e+03 3.4623594200000002e+02 8.9951999999999999e-01 1.6066711120000000e+03
1.1077491480000001e+03 3.5082174800000001e+02 9.0495999999999999e-01 1.6117535789999999e+03
1.1165307130000001e+03 3.5543983600000001e+02 9.1039999999999999e-01 1.6168411520000000e+03
1.1253399700000000e+03 3.6009019000000001e+02 9.1583999999999999e-01 1.6219337510000000e+03
1.1341769449999999e+03 3.6477279299999998e+02 9.2127999999999999e-01 1.6270313000000001e+03
1.1430416650000000e+03 3.6948763500000001e+02 9.2671999999999999e-01 1.6321337280000000e+03
1.1519341560000000e+03 3.7423470800000001e+02 9.3215999999999999e-01 1.6372409720000001e+03
1.1608544440000001e+03 3.7901401399999997e+02 9.3759999999999999e-01 1.6423529759999999e+03
1.1698025560000001e+03 3.8382556299999999e+02 9.4303999999999999e-01 1.6474696970000000e+03
1.1787785160000001e+03 3.8866938099999999e+02 9.4847999999999999e-01 1.6525911070000000e+03
1.1877823500000000e+03 3.9354552300000000e+02 9.5391999999999999e-01 1.6577172100000000e+03
1.1968140840000001e+03 3.9845409100000001e+02 9.5935999999999999e-01 1.6628480600000000e+03
1.2058737440000000e+03 4.0339532500000001e+02 9.6479999999999999e-01 1.6679838520000001e+03
1.2149613589999999e+03 4.0837016000000000e+02 9.7023999999999999e-01 1.6731254970000000e+03
1.2240769580000001e+03 4.1337732999999997e+02 9.7567999999999999e-01 1.6782716290000001e+03
1.2332205630000001e+03 4.1841583000000003e+02 9.8111999999999999e-01 1.6834211730000000e+03
1.2423921920000000e+03 4.2348562199999998e+02 9.8655999999999999e-01 1.6885740479999999e+03
1.2515918620000000e+03 4.2858666399999998e+02 9.9199999999999999e-01 1.6937301780000000e+03
1.2608195900000001e+03 4.3371891499999998e+02 9.9743999999999999e-01 1.6988894860000000e+03
1.2700753950000001e+03 4.3888233800000000e+02 1.0028800000000000e+00 1.7040518979999999e+03
1.2793592920000001e+03 4.4407688999999999e+02 1.0083200000000001e+00 1.7092173419999999e+03
1.2886712990000001e+03 4.4930253499999998e+02 1.0137600000000000e+00 1.7143857450000000e+03
1.2980114300000000e+03 4.5455923100000001e+02 1.0192000000000001e+00 1.7195570370000000e+03
1.3073797010000001e+03 4.5984694100000002e+02 1.0246400000000000e+00 1.7247311500000001e+03
1.3167761280000000e+03 4.6516562599999997e+02 1.0300800000000001e+00 1.7299080170000000e+03
1.3262007249999999e+03 4.7051524799999999e+02 1.0355200000000000e+00 1.7350875710000000e+03
1.3356535070000000e+03 4.7589576899999997e+02 1.0409600000000001e+00 1.7402697479999999e+03
1.3451344879999999e+03 4.8130715099999998e+02 1.0464000000000000e+00 1.7454544840000001e+03
1.3546436810000000e+03 4.8674935699999997e+02 1.0518400000000001e+00 1.7506417170000000e+03
1.3641811009999999e+03 4.9222235000000001e+02 1.0572800000000000e+00 1.7558313860000001e+03
1.3737467590000001e+03 4.9772609199999999e+02 1.0627200000000001e+00 1.7610234310000001e+03
1.3833406689999999e+03 5.0326054699999997e+02 1.0681600000000000e+00 1.7662177939999999e+03
1.3929628439999999e+03 5.0882567999999998e+02 1.0736000000000001e+00 1.7714144170000000e+03
1.4026132950000001e+03 5.1442145300000004e+02 1.0790400000000000e+00 1.7766132439999999e+03
1.4122920340000001e+03 5.2004783099999997e+02 1.0844800000000001e+00 1.7818142190000001e+03
1.4219990720000001e+03 5.2570477900000003e+02 1.0899200000000000e+00 1.7870172889999999e+03
1.4317344220000000e+03 5.3139226199999996e+02 1.0953599999999999e+00 1.7922224000000001e+03
1.4414980940000000e+03 5.3711024399999997e+02 1.1008000000000000e+00 1.7974295010000001e+03
1.4512900979999999e+03 5.4285869000000002e+02 1.1062399999999999e+00 1.8026385399999999e+03
1.4611104459999999e+03 5.4863756699999999e+02 1.1116800000000000e+00 1.8078494670000000e+03
1.4709591459999999e+03 5.5444684099999995e+02 1.1171199999999999e+00 1.8130622330000001e+03
1.4808362099999999e+03 5.6028647699999999e+02 1.1225600000000000e+00 1.8182767899999999e+03
1.4907416459999999e+03 5.6615644099999997e+02 1.1279999999999999e+00 1.8234930919999999e+03
1.5006754639999999e+03 5.7205670099999998e+02 1.1334400000000000e+00 1.8287110900000000e+03
1.5106376729999999e+03 5.7798722399999997e+02 1.1388799999999999e+00 1.8339307409999999e+03
1.5206282819999999e+03 5.8394797600000004e+02 1.1443200000000000e+00 1.8391520000000000e+03
1.5306473000000001e+03 5.8993892400000004e+02 1.1497599999999999e+00 1.8443748220000000e+03
1.5406947339999999e+03 5.9596003800000005e+02 1.1552000000000000e+00 1.8495991660000000e+03
1.5507705940000001e+03 6.0201128400000005e+02 1.1606399999999999e+00 1.8548249890000000e+03
1.5608748869999999e+03 6.0809263099999998e+02 1.1660800000000000e+00 1.8600522500000000e+03
1.5710076200000001e+03 6.1420404699999995e+02 1.1715199999999999e+00 1.8652809080000000e+03
1.5811688019999999e+03 6.2034550000000002e+02 1.1769600000000000e+00 1.8705109250000000e+03
1.5913584390000001e+03 6.2651696100000004e+02 1.1823999999999999e+00 1.8757422600000000e+03
1.6015765380000000e+03 6.3271839699999998e+02 1.1878400000000000e+00 1.8809748770000001e+03
1.6118231060000001e+03 6.3894476599999996e+02 1.1932799999999999e+00 1.8862045350000001e+03
1.6220978960000000e+03 6.4508798899999999e+02 1.1987200000000000e+00 1.8913409079999999e+03
1.6324004870000001e+03 6.5120381199999997e+02 1.2041599999999999e+00 1.8964312060000000e+03
1.6427306970000000e+03 6.5731689100000006e+02 1.2096000000000000e+00 1.9014962810000000e+03
1.6530884120000001e+03 6.6343604600000003e+02 1.2150399999999999e+00 1.9065436400000001e+03
1.6634735470000001e+03 6.6956606399999998e+02 1.2204800000000000e+00 1.9115773710000001e+03
1.6738860350000000e+03 6.7570998299999997e+02 1.2259199999999999e+00 1.9166000799999999e+03
1.6843258220000000e+03 6.8186991000000000e+02 1.2313600000000000e+00 1.9216135800000000e+03
1.6947928620000000e+03 6.8804739500000005e+02 1.2367999999999999e+00 1.9266192070000000e+03
1.7052871130000001e+03 6.9424362399999995e+02 1.2422400000000000e+00 1.9316179870000001e+03
1.7158085420000000e+03 7.0045953299999996e+02 1.2476799999999999e+00 1.9366107320000001e+03
1.7263571170000000e+03 7.0669588099999999e+02 1.2531200000000000e+00 1.9415981030000000e+03
1.7369328109999999e+03 7.1295329300000003e+02 1.2585599999999999e+00 1.9465806419999999e+03
1.7475355979999999e+03 7.1923229200000003e+02 1.2640000000000000e+00 1.9515588069999999e+03
1.7581654559999999e+03 7.2553332399999999e+02 1.2694399999999999e+00 1.9565329859999999e+03
1.7688223630000000e+03 7.3185676899999999e+02 1.2748800000000000e+00 1.9615035140000000e+03
1.7795063020000000e+03 7.3820295899999996e+02 1.2803199999999999e+00 1.9664706810000000e+03
1.7902172539999999e+03 7.4457218300000000e+02 1.2857600000000000e+00 1.9714347399999999e+03
1.8009552040000001e+03 7.5096469600000000e+02 1.2911999999999999e+00 1.9763959150000001e+03
1.8117201350000000e+03 7.5738072299999999e+02 1.2966400000000000e+00 1.9813544050000000e+03
1.8225120330000000e+03 7.6382046400000002e+02 1.3020799999999999e+00 1.9863103880000001e+03
1.8333308870000001e+03 7.7028410099999996e+02 1.3075200000000000e+00 1.9912640210000000e+03
1.8441766820000000e+03 7.7677179599999999e+02 1.3129599999999999e+00 1.9962154490000000e+03
1.8550494080000001e+03 7.8328369299999997e+02 1.3184000000000000e+00 2.0011648000000000e+03
1.8659490530000000e+03 7.8981992700000001e+02 1.3238399999999999e+00 2.0061121920000001e+03
1.8768756080000001e+03 7.9638061700000003e+02 1.3292800000000000e+00 2.0110577320000000e+03
1.8878290620000000e+03 8.0296587399999999e+02 1.3347199999999999e+00 2.0160015180000000e+03
1.8988094060000001e+03 8.0957579999999996e+02 1.3401600000000000e+00 2.0209436400000000e+03
1.9098166309999999e+03 8.1621048499999995e+02 1.3455999999999999e+00 2.0258841800000000e+03
1.9208507290000000e+03 8.2287001599999996e+02 1.3510400000000000e+00 2.0308232140000000e+03
1.9319116910000000e+03 8.2955447100000004e+02 1.3564799999999999e+00 2.0357608110000001e+03
1.9429995110000000e+03 8.3626392299999998e+02 1.3619200000000000e+00 2.0406970369999999e+03
1.9541141809999999e+03 8.4299843699999997e+02 1.3673599999999999e+00 2.0456319520000000e+03
1.9652556930000001e+03 8.4975807699999996e+02 1.3728000000000000e+00 2.0505656119999999e+03
1.9764240420000001e+03 8.5654290000000003e+02 1.3782399999999999e+00 2.0554980670000000e+03
1.9876192200000000e+03 8.6335295900000006e+02 1.3836800000000000e+00 2.0604293670000002e+03
1.9988412220000000e+03 8.7018830400000002e+02 1.3891199999999999e+00 2.0653595570000002e+03
2.0100900420000000e+03 8.7704898200000002e+02 1.3945600000000000e+00 2.0702886770000000e+03
2.0213656730000000e+03 8.8393503599999997e+02 1.3999999999999999e+00 2.0752167690000001e+03
