# epsilon[MeV/fm^3] P[MeV/fm^3] nB[fm^-3] muB[MeV]
4.3514892049562272e-07 9.0000000794219998e-12 4.6796200000000002e-10 9.2990010724260003e+02
5.4394952759824855e-07 1.2854500250148002e-11 5.8496400000000005e-10 9.2990743275720001e+02
6.8239664606092796e-07 1.8414700022552000e-11 7.3384599999999997e-10 9.2991587774760001e+02
8.5763463874259032e-07 2.6380199998860002e-11 9.2229000000000003e-10 9.2992551188760001e+02
1.0799253715994732e-06 3.7791099667920001e-11 1.1613300000000000e-09 9.2993648532329996e+02
1.3625442882637764e-06 5.4137899979800000e-11 1.4652400000000000e-09 9.2994894782519998e+02
1.7226605254650248e-06 7.7555599791040007e-11 1.8524800000000000e-09 9.2996308925910000e+02
2.1826057027272589e-06 1.1110299984364001e-10 2.3470600000000000e-09 9.2997909967860005e+02
2.7713348204539073e-06 1.5916099965360000e-10 2.9801100000000000e-09 9.2999716876169998e+02
3.5266032513682487e-06 2.2800800111288001e-10 3.7922200000000000e-09 9.3001754656409992e+02
4.4975537964996660e-06 3.2663399940042002e-10 4.8362200000000001e-09 9.3004045271789994e+02
4.5807460305493105e-06 3.3555999792714001e-10 4.9256699999999996e-09 9.3004228160820003e+02
4.7281205653478515e-06 3.3656599963290001e-10 5.0841300000000003e-09 9.3004248152130003e+02
6.5759177435918250e-06 5.4515600232911993e-10 7.0708799999999999e-09 9.3007696075620004e+02
9.1998724984833464e-06 8.8567000200420000e-10 9.8920399999999997e-09 9.3011730648750006e+02
1.2918168885426129e-05 1.4388700552640002e-09 1.3889600000000001e-08 9.3016406831190000e+02
1.8201380444258739e-05 2.3376200076990001e-09 1.9569300000000001e-08 9.3021808578930006e+02
2.5725895950178280e-05 3.7977398937599994e-09 2.7657999999999999e-08 9.3028025838780002e+02
3.6463989818522291e-05 6.1698799253159997e-09 3.9200400000000002e-08 9.3035162548649998e+02
5.1813630126296458e-05 1.0023700173792000e-08 5.5698400000000002e-08 9.3043332628019994e+02
7.3785560512054020e-05 1.6284700005120000e-08 7.9311899999999997e-08 9.3052664006250006e+02
1.0527189036420272e-04 2.6456400399219999e-08 1.1314700000000000e-07 9.3063298613190000e+02
1.5043483705694415e-04 4.2981499428689995e-08 1.6167299999999999e-07 9.3075400323120004e+02
1.5143539825673478e-04 4.3369399516159995e-08 1.6274800000000000e-07 9.3075639185940008e+02
1.5666718390755263e-04 4.3499599327679997e-08 1.6836899999999999e-07 9.3075719132400002e+02
1.8247319946392853e-04 5.3487099479700000e-08 1.9609400000000001e-07 9.3081203831400001e+02
2.1304949570856091e-04 6.5965099669560007e-08 2.2894200000000001e-07 9.3087079295249998e+02
2.4880173202308656e-04 8.1354199584480006e-08 2.6734800000000002e-07 9.3093285559410003e+02
2.9061049213158235e-04 1.0033299847065000e-07 3.1225699999999999e-07 9.3099838615049998e+02
3.3950651358852186e-04 1.2374000051775000e-07 3.6477499999999998e-07 9.3106758453479995e+02
3.9669496520679297e-04 1.5260700009555001e-07 4.2619500000000001e-07 9.3114063056550003e+02
4.6358813252914599e-04 1.8820900209407997e-07 4.9803199999999997e-07 9.3121772415570001e+02
5.4183717856390442e-04 2.3211699768180001e-07 5.8205699999999998e-07 9.3129908512530005e+02
6.3337419989345891e-04 2.8626699988691999e-07 6.8034199999999997e-07 9.3138494352930002e+02
7.4046361643000222e-04 3.5305100162730003e-07 7.9531500000000002e-07 9.3147551899979999e+02
7.4543957324912111e-04 3.5623800038969997e-07 8.0065699999999999e-07 9.3147951660449996e+02
7.7046470619140960e-04 3.5730600246279002e-07 8.2752300000000002e-07 9.3148080575760002e+02
7.7218701201869997e-04 3.5837800248323999e-07 8.2937200000000002e-07 9.3148210505190002e+02
7.7564281539113634e-04 3.6053199741144001e-07 8.3308200000000005e-07 9.3148469349929996e+02
7.7911352986319152e-04 3.6269800105895999e-07 8.3680799999999998e-07 9.3148728185280004e+02
7.8260009510663572e-04 3.6487800290032998e-07 8.4055099999999997e-07 9.3148988034750005e+02
7.8610250285012515e-04 3.6706999922346001e-07 8.4431100000000000e-07 9.3149248879559991e+02
7.8962075319254110e-04 3.6927600351839998e-07 8.4808799999999996e-07 9.3149508719639994e+02
7.9315485471188711e-04 3.7149499796798001e-07 8.5188199999999998e-07 9.3149769564450003e+02
7.9670479058673201e-04 3.7372699824480005e-07 8.5569300000000004e-07 9.3150031404599997e+02
8.0027057791247260e-04 3.7597299948234002e-07 8.5952100000000004e-07 9.3150293244750003e+02
8.0385221698387247e-04 3.7823200230633998e-07 8.6336599999999998e-07 9.3150555094289996e+02
8.0745063029167934e-04 3.8050499711466001e-07 8.6722899999999999e-07 9.3150817929779998e+02
8.1106395596088781e-04 3.8279099715107999e-07 8.7110800000000002e-07 9.3151080774659999e+02
8.1469498722525535e-04 3.8509200436278001e-07 8.7500600000000005e-07 9.3151343619540000e+02
8.1834093096975699e-04 3.8740599815679997e-07 8.7891999999999998e-07 9.3151607459759998e+02
8.3652972322216491e-04 3.8856800310954005e-07 8.9844600000000005e-07 9.3151737379799999e+02
8.9649746606902973e-04 4.2637900225708002e-07 9.6282100000000007e-07 9.3155798930399999e+02
9.6293679962426715e-04 4.6927300060880000e-07 1.0341400000000000e-06 9.3160093353000002e+02
1.0343084479593990e-03 5.1648199988999994e-07 1.1107499999999999e-06 9.3164493704189999e+02
1.1110033276598183e-03 5.6844100521450010e-07 1.1930700000000001e-06 9.3169002988770001e+02
1.1934040547386528e-03 6.2562700512179996e-07 1.2815100000000000e-06 9.3173623206809998e+02
1.2819398888523502e-03 6.8856500094819997e-07 1.3765300000000001e-06 9.3178357353719991e+02
1.3770588621277026e-03 7.5783499966439992e-07 1.4786100000000000e-06 9.3183208434300002e+02
1.4792742600387720e-03 8.3407400117300003e-07 1.5882999999999999e-06 9.3188178448619999e+02
1.5890902438860661e-03 9.1798299673799988e-07 1.7061399999999999e-06 9.3193271378040004e+02
1.7070948934908867e-03 1.0103300084124001e-06 1.8327600000000000e-06 9.3198488236679998e+02
1.7418302566492478e-03 1.0379399925766002e-06 1.8700300000000001e-06 9.3199978345169995e+02
1.8026805910135908e-03 1.0410599913928000e-06 1.9353200000000000e-06 9.3200143242960007e+02
2.0389359400714486e-03 1.2275099896319999e-06 2.1888000000000001e-06 9.3209187794249999e+02
2.3114099463439177e-03 1.4516999917321999e-06 2.4811100000000001e-06 9.3218792017709995e+02
2.6204004641994278e-03 1.7168400063888003e-06 2.8125600000000001e-06 9.3228811983419996e+02
2.9707928967162671e-03 2.0304000155634000e-06 3.1883800000000001e-06 9.3239264696670000e+02
3.3681648965264784e-03 2.4012300084080001e-06 3.6145400000000001e-06 9.3250170129989999e+02
3.8188055776886142e-03 2.8397900147328003e-06 4.0977700000000004e-06 9.3261546284010001e+02
4.3298558716110781e-03 3.3584500068246004e-06 4.6457100000000001e-06 9.3273413140649996e+02
4.9094492242661523e-03 3.9718300068571995e-06 5.2670599999999997e-06 9.3285792691289998e+02
5.5667590537662745e-03 4.6972400276543001e-06 5.9716300000000001e-06 9.3298704917850000e+02
6.3122329168583428e-03 5.5551399798486997e-06 6.7705900000000002e-06 9.3312173811779996e+02
6.3691536418958340e-03 5.6221100036384002e-06 6.8315900000000001e-06 9.3313158221820004e+02
6.6107787783348925e-03 5.6389700285964000e-06 7.0905299999999997e-06 9.3313397075249998e+02
7.1832281514335565e-03 6.2999099885847007e-06 7.7039700000000007e-06 9.3322329697740008e+02
7.8228640480689938e-03 7.0594400109160007e-06 8.3893400000000006e-06 9.3331767013950002e+02
8.5195476220300548e-03 7.9105299722335996e-06 9.1357600000000004e-06 9.3341477175390003e+02
9.2783521214718639e-03 8.8642300383220009e-06 9.9486500000000000e-06 9.3351470163630006e+02
1.0104791977484120e-02 9.9329099737559988e-06 1.0833900000000000e-05 9.3361751969490001e+02
1.1005037422914624e-02 1.1130399980334000e-05 1.1798100000000000e-05 9.3372332602710003e+02
1.1985504705131824e-02 1.2472300012974001e-05 1.2848100000000000e-05 9.3383220044789994e+02
1.3053499763127112e-02 1.3976000053347000e-05 1.3991700000000000e-05 9.3394422305399996e+02
1.4216706487829026e-02 1.5661000693130000e-05 1.5237100000000000e-05 9.3405949366109996e+02
1.5483652631007537e-02 1.7549100191680000e-05 1.6593399999999999e-05 9.3417811227269999e+02
1.5623499832828706e-02 1.7760599953030001e-05 1.6743099999999999e-05 9.3419079468840005e+02
1.6269961736847121e-02 1.7813900213129999e-05 1.7435099999999998e-05 9.3419395273319992e+02
1.7094324515795702e-02 1.9027400207749999e-05 1.8317499999999999e-05 9.3426180186839997e+02
1.8000874089488257e-02 2.0384500450440000e-05 1.9287799999999999e-05 9.3433394852489994e+02
1.8955614232225096e-02 2.1838399047120000e-05 2.0309599999999999e-05 9.3440734433310001e+02
1.9960983560824267e-02 2.3396100553499999e-05 2.1385500000000000e-05 9.3448202938830002e+02
2.1019794814794490e-02 2.5064799654149998e-05 2.2518500000000001e-05 9.3455801364390004e+02
2.2134768910989058e-02 2.6852600343399999e-05 2.3711500000000002e-05 9.3463531710059999e+02
2.3309000859656603e-02 2.8767899159999994e-05 2.4967799999999998e-05 9.3471396971249999e+02
2.4545494036103295e-02 3.0819700065419999e-05 2.6290599999999999e-05 9.3479400162150000e+02
2.5847718880420045e-02 3.3017999946119998e-05 2.7683600000000000e-05 9.3487541254589996e+02
2.7219055484112444e-02 3.5372998881120002e-05 2.9150400000000001e-05 9.3495825272219997e+02
2.7775365070038964e-02 3.6339601209739997e-05 2.9745400000000002e-05 9.3499105302509997e+02
2.8289610775747390e-02 3.6448598719180002e-05 3.0295400000000001e-05 9.3499466085090000e+02
2.8802930737171755e-02 3.7332599735440002e-05 3.0844399999999999e-05 9.3502356336480000e+02
2.9391538203060320e-02 3.8352800962709990e-05 3.1473899999999997e-05 9.3505628375879996e+02
2.9992229144074897e-02 3.9400800335690003e-05 3.2116300000000003e-05 9.3508923392610006e+02
3.0605097595990186e-02 4.0477499896860003e-05 3.2771700000000003e-05 9.3512239395989991e+02
3.1230612131930052e-02 4.1583600119840003e-05 3.3440600000000000e-05 9.3515578386089999e+02
3.1868867160453597e-02 4.2719998743180005e-05 3.4123099999999999e-05 9.3518940362910007e+02
3.2520144922003676e-02 4.3887298648500002e-05 3.4819500000000001e-05 9.3522325326449993e+02
3.3184820445813230e-02 4.5086601561120004e-05 3.5530200000000001e-05 9.3525732271979996e+02
3.3862987887692660e-02 4.6318701748649993e-05 3.6255299999999998e-05 9.3529163208960006e+02
3.4555116462740516e-02 4.7584401826990007e-05 3.6995300000000001e-05 9.3532617123270006e+02
3.4710848908415574e-02 4.7870299693839997e-05 3.7161800000000001e-05 9.3533387666670001e+02
3.5705765632703390e-02 4.8013899962450004e-05 3.8225500000000002e-05 9.3533768431169995e+02
3.6190650245182691e-02 4.8884701265269996e-05 3.8743900000000000e-05 9.3536029073669999e+02
3.6764595537185744e-02 4.9920498059249994e-05 3.9357499999999997e-05 9.3538680481020003e+02
3.7347724170046170e-02 5.0978398185919999e-05 3.9980900000000002e-05 9.3541345870079999e+02
3.7940129948432849e-02 5.2058599241440000e-05 4.0614200000000002e-05 9.3544024264290010e+02
3.8541907483377907e-02 5.3161699756499999e-05 4.1257500000000003e-05 9.3546717635549999e+02
3.9153244015328124e-02 5.4288198430999997e-05 4.1910999999999999e-05 9.3549425007299999e+02
3.9774234210732992e-02 5.5438601263319996e-05 4.2574799999999998e-05 9.3552146370150001e+02
4.0405159191034282e-02 5.6613297948239995e-05 4.3249199999999999e-05 9.3554882728830000e+02
4.1046019389420471e-02 5.7812899551080002e-05 4.3934199999999997e-05 9.3557633069220003e+02
4.1697190276124625e-02 5.9037997871239995e-05 4.4630199999999998e-05 9.3560397410099995e+02
4.2358578444415006e-02 6.0288999023690009e-05 4.5337100000000003e-05 9.3563177732760005e+02
4.2549448380963861e-02 6.0651299975859995e-05 4.5541099999999997e-05 9.3563974248900001e+02
4.3740238175900857e-02 6.0833198906699995e-05 4.6813800000000002e-05 9.3564365013750000e+02
4.5854886274473032e-02 6.4782902450840000e-05 4.9073799999999998e-05 9.3572599057799994e+02
4.8180087401599556e-02 6.9195997901699998e-05 5.1558599999999998e-05 9.3581365787159996e+02
5.0623240020302433e-02 7.3909702371599995e-05 5.4169200000000003e-05 9.3590278418340006e+02
5.3190452397117956e-02 7.8944498346630003e-05 5.6912100000000000e-05 9.3599338970190001e+02
5.5887837732656438e-02 8.4322299027779992e-05 5.9793799999999997e-05 9.3608550419339997e+02
5.8722166587791814e-02 9.0066499795649990e-05 6.2821499999999995e-05 9.3617915789369999e+02
6.1700398546921942e-02 9.6201898222459989e-05 6.6002599999999997e-05 9.3627437052180005e+02
6.4829683480590566e-02 1.0275499726340999e-04 6.9344700000000000e-05 9.3637116226620003e+02
6.8117831355171340e-02 1.0975499711746999e-04 7.2856100000000002e-05 9.3646956308100005e+02
7.1572933822013338e-02 1.1723199746169999e-04 7.6545399999999994e-05 9.3656960282640000e+02
7.2872355791586060e-02 1.2007500056640000e-04 7.7932800000000000e-05 9.3660639068670002e+02
7.6294350046888545e-02 1.2043499631464001e-04 8.1586400000000002e-05 9.3661091798129996e+02
7.8557740452832786e-02 1.2521799885310001e-04 8.4002899999999995e-05 9.3666865324139997e+02
8.1070439170188191e-02 1.3058099681828001e-04 8.6685400000000002e-05 9.3673145543940007e+02
8.3663493660002267e-02 1.3617299667415003e-04 8.9453500000000007e-05 9.3679492723830003e+02
8.6339540033127660e-02 1.4200499619000000e-04 9.2310000000000002e-05 9.3685905859080003e+02
8.9101308842231525e-02 1.4808700429182000e-04 9.5257800000000001e-05 9.3692387963880003e+02
9.1951438062670962e-02 1.5442999846642999e-04 9.8299699999999997e-05 9.3698938014720000e+02
9.3544637803481184e-02 1.5800363917307320e-04 1.0000000000000000e-04 9.3702641442654260e+02
9.5903229176453914e-02 1.5907810413946707e-04 1.0251632225827213e-04 9.3704402542437117e+02
9.8321288984980867e-02 1.6018884147476112e-04 1.0509604131638159e-04 9.3706172556953447e+02
1.0080031663878085e-01 1.6133707568118376e-04 1.0774075415569720e-04 9.3707951559872481e+02
1.0334184935299805e-01 1.6252407259837121e-04 1.1045209797748254e-04 9.3709739625495820e+02
1.0594746310141064e-01 1.6375114079885802e-04 1.1323175121554652e-04 9.3711536828762405e+02
1.0861877359367310e-01 1.6501963303067755e-04 1.1608143457438048e-04 9.3713343245253691e+02
1.1135743727719831e-01 1.6633094770866216e-04 1.1900291209342325e-04 9.3715158951198805e+02
1.1416515236430057e-01 1.6768653045608762e-04 1.2199799223811152e-04 9.3716984023479438e+02
1.1704365988523657e-01 1.6908787569836154e-04 1.2506852901838855e-04 9.3718818539635504e+02
1.1999474476779728e-01 1.7053652831051173e-04 1.2821642313536323e-04 9.3720662577869973e+02
1.2302023694412016e-01 1.7203408532029209e-04 1.3144362315682618e-04 9.3722516217054522e+02
1.2612201248540791e-01 1.7358219766878225e-04 1.3475212672234984e-04 9.3724379536734568e+02
1.2930199476525775e-01 1.7518257203042291e-04 1.3814398177871572e-04 9.3726252617135094e+02
1.3256215565232196e-01 1.7683697269449270e-04 1.4162128784643259e-04 9.3728135539165783e+02
1.3590451673304013e-01 1.7854722351010098e-04 1.4518619731812709e-04 9.3730028384426669e+02
1.3933115056520026e-01 1.8031520989684091e-04 1.4884091678960814e-04 9.3731931235213665e+02
1.4284418196310700e-01 1.8214288092331890e-04 1.5258770842442736e-04 9.3733844174524359e+02
1.4644578931515334e-01 1.8403225145585260e-04 1.5642889135277828e-04 9.3735767286063401e+02
1.5013820593461291e-01 1.8598540437970548e-04 1.6036684310559679e-04 9.3737700654248465e+02
1.5392372144449068e-01 1.8800449289530714e-04 1.6440400108474958e-04 9.3739644364215940e+02
1.5780468319729060e-01 1.9009174289199082e-04 1.6854286407021706e-04 9.3741598501826820e+02
1.6178349773058040e-01 1.9224945540186446e-04 1.7278599376520151e-04 9.3743563153672471e+02
1.6586263225925668e-01 1.9448000913652131e-04 1.7713601638011457e-04 9.3745538407080778e+02
1.7004461620543504e-01 1.9678586310938582e-04 1.8159562425642127e-04 9.3747524350121921e+02
1.7433204276691425e-01 1.9916955934658632e-04 1.8616757753134292e-04 9.3749521071614629e+02
1.7872757052518679e-01 2.0163372568934271e-04 1.9085470584444692e-04 9.3751528661132159e+02
1.8323392509399342e-01 2.0418107869095870e-04 1.9565991008717621e-04 9.3753547209008525e+02
1.8785390080944311e-01 2.0681442661161221e-04 2.0058616419639814e-04 9.3755576806344686e+02
1.9259036246274736e-01 2.0953667251424568e-04 2.0563651699308011e-04 9.3757617545014887e+02
1.9744624707664254e-01 2.1235081746496894e-04 2.1081409406722642e-04 9.3759669517672864e+02
2.0242456572660239e-01 2.1525996384150317e-04 2.1612209971023910e-04 9.3761732817758445e+02
2.0752840540796941e-01 2.1826731875331296e-04 2.2156381889589609e-04 9.3763807539503784e+02
2.1276093095016360e-01 2.2137619757719702e-04 2.2714261931116827e-04 9.3765893777940062e+02
2.1812538697915496e-01 2.2459002761223546e-04 2.3286195343812945e-04 9.3767991628903849e+02
2.2362509992941693e-01 2.2791235185812267e-04 2.3872536068824234e-04 9.3770101189043976e+02
2.2926348010660816e-01 2.3134683292105106e-04 2.4473646959033917e-04 9.3772222555828023e+02
2.3504402380226214e-01 2.3489725705145187e-04 2.5089900003364568e-04 9.3774355827549164e+02
2.4097031546179515e-01 2.3856753831804430e-04 2.5721676556723260e-04 9.3776501103332953e+02
2.4704602990717783e-01 2.4236172292279413e-04 2.6369367575731356e-04 9.3778658483144181e+02
2.5327493461564787e-01 2.4628399366153952e-04 2.7033373860384306e-04 9.3780828067793891e+02
2.5966089205587717e-01 2.5033867453520055e-04 2.7714106301790611e-04 9.3783009958946252e+02
2.6620786208304209e-01 2.5453023551665673e-04 2.8411986136142690e-04 9.3785204259125612e+02
2.7291990439428193e-01 2.5886329747854735e-04 2.9127445205076331e-04 9.3787411071723818e+02
2.7980118104606816e-01 2.6334263728742700e-04 2.9860926222579389e-04 9.3789630501007150e+02
2.8685595903504524e-01 2.6797319306989256e-04 3.0612883048614250e-04 9.3791862652123621e+02
2.9408861294394401e-01 2.7276006965648656e-04 3.1383780969622855e-04 9.3794107631110546e+02
3.0150362765420774e-01 2.7770854420937970e-04 3.2174096986087444e-04 9.3796365544901494e+02
3.0910560112701246e-01 2.8282407204003419e-04 3.2984320107323973e-04 9.3798636501334056e+02
3.1689924725440799e-01 2.8811229262326458e-04 3.3814951653690509e-04 9.3800920609157208e+02
3.2488939878234491e-01 2.9357903581432316e-04 3.4666505566396494e-04 9.3803217978038992e+02
3.3308101030740245e-01 2.9923032827586596e-04 3.5539508725104303e-04 9.3805528718574010e+02
3.4147916134907380e-01 3.0507240012188342e-04 3.6434501273518608e-04 9.3807852942291254e+02
3.5008905949951497e-01 3.1111169178592014e-04 3.7352036953164575e-04 9.3810190761661784e+02
3.5891604365270990e-01 3.1735486112115658e-04 3.8292683445560473e-04 9.3812542290106705e+02
3.6796558731505413e-01 3.2380879074017806e-04 3.9257022722995817e-04 9.3814907642004971e+02
3.7724330199941014e-01 3.3048059560252451e-04 4.0245651408131228e-04 9.3817286932701427e+02
3.8675494070473887e-01 3.3737763085838444e-04 4.1259181142641734e-04 9.3819680278514761e+02
3.9650640148346478e-01 3.4450749995708070e-04 4.2298238965130587e-04 9.3822087796745859e+02
4.0650373109878724e-01 3.5187806302928646e-04 4.3363467698547003e-04 9.3824509605685705e+02
4.1675312877420523e-01 3.5949744555221363e-04 4.4455526347346008e-04 9.3826945824623897e+02
4.2726095003758124e-01 3.6737404730732392e-04 4.5575090504635740e-04 9.3829396573856866e+02
4.3803371066212732e-01 3.7551655164044052e-04 4.6722852769562811e-04 9.3831861974696358e+02
4.4907809070675742e-01 3.8393393503446661e-04 4.7899523175193179e-04 9.3834342149477811e+02
4.6040093865831150e-01 3.9263547700526548e-04 4.9105829627152018e-04 9.3836837221569067e+02
4.7200927567821943e-01 4.0163077033161099e-04 5.0342518353293131e-04 9.3839347315378893e+02
4.8391029995623869e-01 4.1092973163048621e-04 5.1610354364674846e-04 9.3841872556365752e+02
4.9611139117396474e-01 4.2054261228938829e-04 5.2910121928126483e-04 9.3844413071046586e+02
5.0862011508088290e-01 4.3048000976769291e-04 5.4242625050696623e-04 9.3846968987005721e+02
5.2144422818579794e-01 4.4075287927953518e-04 5.5608687976281676e-04 9.3849540432903746e+02
5.3459168256655210e-01 4.5137254587108880e-04 5.7009155694740616e-04 9.3852127538486536e+02
5.4807063080101215e-01 4.6235071690555504e-04 5.8444894463809691e-04 9.3854730434594399e+02
5.6188943102238487e-01 4.7369949496962822e-04 5.9916792344138472e-04 9.3857349253171310e+02
5.7605665210199475e-01 4.8543139121566363e-04 6.1425759747777049e-04 9.3859984127274072e+02
5.9058107896273715e-01 4.9755933915425769e-04 6.2972730000452031e-04 9.3862635191081688e+02
6.0547171802650390e-01 5.1009670891244614e-04 6.4558659917977879e-04 9.3865302579904767e+02
6.2073780279895607e-01 5.2305732197323741e-04 6.6184530397158270e-04 9.3867986430195185e+02
6.3638879959510997e-01 5.3645546641273149e-04 6.7851347021542015e-04 9.3870686879555433e+02
6.5243441340928443e-01 5.5030591265162144e-04 6.9560140682405926e-04 9.3873404066748469e+02
6.6888459393305122e-01 5.6462392973844313e-04 7.1311968215347543e-04 9.3876138131707444e+02
6.8574954172491853e-01 5.7942530218252309e-04 7.3107913052879549e-04 9.3878889215545473e+02
7.0303971453557423e-01 5.9472634735518288e-04 7.4949085893427701e-04 9.3881657460565668e+02
7.2076583379261083e-01 6.1054393347838147e-04 7.6836625387144224e-04 9.3884443010271104e+02
7.3893889124875367e-01 6.2689549822062918e-04 7.8771698838959092e-04 9.3887246009374894e+02
7.5757015579771403e-01 6.4379906792067215e-04 8.0755502929301718e-04 9.3890066603810430e+02
7.7667118046189410e-01 6.6127327746014013e-04 8.2789264452936987e-04 9.3892904940741744e+02
7.9625380955627689e-01 6.7933739080706544e-04 8.4874241076370613e-04 9.3895761168573665e+02
8.1633018603294338e-01 6.9801132225292260e-04 8.7011722114289632e-04 9.3898635436962411e+02
8.3691275901076989e-01 7.1731565836659784e-04 8.9203029325516140e-04 9.3901527896826269e+02
8.5801429149497754e-01 7.3727168068949333e-04 9.1449517728964627e-04 9.3904438700355911e+02
8.7964786829131680e-01 7.5790138919678489e-04 9.3752576440104185e-04 9.3907368001025486e+02
9.0182690411979827e-01 7.7922752655069775e-04 9.6113629528441272e-04 9.3910315953603242e+02
9.2456515193299882e-01 8.0127360317253679e-04 9.8534136896550250e-04 9.3913282714162494e+02
9.4787671144410157e-01 8.2406392316111297e-04 1.0101559518119274e-03 9.3916268440092654e+02
9.7177603786995681e-01 8.4762361108613681e-04 1.0355953867707997e-03 9.3919273290110380e+02
9.9627795089458970e-01 8.7197863968611878e-04 1.0616754028384735e-03 9.3922297424270766e+02
1.0213976438587060e+00 8.9715585850130993e-04 1.0884121247682285e-03 9.3925341003978576e+02
1.0471506931808998e+00 9.2318302347324868e-04 1.1158220830218694e-03 9.3928404191999800e+02
1.0735530680164027e+00 9.5008882754354517e-04 1.1439222239713637e-03 9.3931487152473119e+02
1.1006211401593646e+00 9.7790293228563574e-04 1.1727299203567931e-03 9.3934590050921361e+02
1.1283716941948057e+00 1.0066560006043801e-03 1.2022629820070457e-03 9.3937713054263486e+02
1.1568219379065348e+00 1.0363797305395488e-03 1.2325396668298523e-03 9.3940856330826102e+02
1.1859895129474891e+00 1.0671068902104656e-03 1.2635786920779160e-03 9.3944020050355675e+02
1.2158925057791099e+00 1.0988713539403321e-03 1.2953992458980719e-03 9.3947204384030408e+02
1.2465494588865391e+00 1.1317081396000556e-03 1.3280209991705751e-03 9.3950409504472236e+02
1.2779793822765912e+00 1.1656534472127514e-03 1.3614641176457958e-03 9.3953635585759275e+02
1.3102017652656288e+00 1.2007446988614747e-03 1.3957492743857862e-03 9.3956882803438066e+02
1.3432365885646520e+00 1.2370205799441803e-03 1.4308976625183672e-03 9.3960151334536010e+02
1.3771043366690974e+00 1.2745210818213904e-03 1.4669310083115783e-03 9.3963441357574004e+02
1.4118260105610259e+00 1.3132875459035843e-03 1.5038715845765262e-03 9.3966753052578895e+02
1.4474231407315785e+00 1.3533627092269141e-03 1.5417422244068668e-03 9.3970086601096568e+02
1.4839178005317741e+00 1.3947907515674902e-03 1.5805663352633766e-03 9.3973442186204579e+02
1.5213326198599286e+00 1.4376173441461770e-03 1.6203679134122592e-03 9.3976819992525157e+02
1.5596907991941809e+00 1.4818896999775897e-03 1.6611715587260621e-03 9.3980220206238550e+02
1.5990161239788303e+00 1.5276566259188017e-03 1.7030024898563091e-03 9.3983643015095947e+02
1.6393329793734042e+00 1.5749685764751397e-03 1.7458865597871570e-03 9.3987088608433089e+02
1.6806663653735996e+00 1.6238777094223830e-03 1.7898502717796452e-03 9.3990557177183518e+02
1.7230419123134806e+00 1.6744379433066877e-03 1.8349207957163297e-03 9.3994048913892220e+02
1.7664858967585382e+00 1.7267050168856249e-03 1.8811259848563384e-03 9.3997564012729447e+02
1.8110252577994721e+00 1.7807365505758612e-03 1.9284943930111547e-03 9.4001102669504223e+02
1.8566876137567963e+00 1.8365921099752233e-03 1.9770552921516589e-03 9.4004665081678706e+02
1.9035012793066253e+00 1.8943332715291735e-03 2.0268386904572651e-03 9.4008251448381782e+02
1.9514952830382646e+00 1.9540236904140927e-03 2.0778753508182190e-03 9.4011861970423581e+02
2.0006993854544879e+00 2.0157291707122004e-03 2.1301968098024278e-03 9.4015496850309751e+02
2.0511440974256656e+00 2.0795177379554783e-03 2.1838353970984807e-03 9.4019156292255582e+02
2.1028606991091889e+00 2.1454597141185756e-03 2.2388242554467730e-03 9.4022840502200950e+02
2.1558812593459158e+00 2.2136277951433549e-03 2.2951973610709914e-03 9.4026549687824786e+02
2.2102386555456754e+00 2.2840971310805688e-03 2.3529895446225044e-03 9.4030284058559903e+02
2.2659665940741500e+00 2.3569454089369837e-03 2.4122365126505005e-03 9.4034043825607898e+02
2.3230996311537888e+00 2.4322529383193217e-03 2.4729748696110656e-03 9.4037829201954389e+02
2.3816731942917020e+00 2.5101027399693989e-03 2.5352421404287104e-03 9.4041640402384019e+02
2.4417236042478319e+00 2.5905806372880924e-03 2.5990767936241821e-03 9.4045477643495894e+02
2.5032880975570193e+00 2.6737753509490222e-03 2.6645182650227701e-03 9.4049341143719016e+02
2.5664048496189267e+00 2.7597785967062431e-03 2.7316069820576354e-03 9.4053231123328010e+02
2.6311129983701456e+00 2.8486851865037943e-03 2.8003843886831021e-03 9.4057147804458577e+02
2.6974526685531570e+00 2.9405931329985497e-03 2.8708929709131640e-03 9.4061091411123675e+02
2.7654649965972014e+00 3.0356037576116136e-03 2.9431762830009018e-03 9.4065062169229384e+02
2.8351921561264826e+00 3.1338218022273719e-03 3.0172789742748595e-03 9.4069060306591064e+02
2.9066773841115223e+00 3.2353555446633380e-03 3.0932468166488354e-03 9.4073086052949679e+02
2.9799650076798847e+00 3.3403169180380942e-03 3.1711267328219687e-03 9.4077139639988320e+02
3.0551004716028931e+00 3.4488216341689213e-03 3.2509668251864197e-03 9.4081221301348592e+02
3.1321303664753843e+00 3.5609893111351490e-03 3.3328164054603530e-03 9.4085331272647613e+02
3.2111024576059761e+00 3.6769436051478656e-03 3.4167260250644220e-03 9.4089469791494605e+02
3.2920657146357564e+00 3.7968123468713425e-03 3.5027475062603462e-03 9.4093637097508179e+02
3.3750703419037680e+00 3.9207276823464924e-03 3.5909339740706975e-03 9.4097833432333380e+02
3.4601678095781159e+00 4.0488262186716747e-03 3.6813398889994605e-03 9.4102059039658957e+02
3.5474108855719928e+00 4.1812491746014910e-03 3.7740210805733941e-03 9.4106314165234983e+02
3.6368536682644308e+00 4.3181425362295647e-03 3.8690347817247985e-03 9.4110599056890419e+02
3.7285516200460500e+00 4.4596572179269470e-03 3.9664396640367149e-03 9.4114913964550919e+02
3.8225616017106194e+00 4.6059492287135722e-03 4.0662958738721874e-03 9.4119259140256781e+02
3.9189419077137488e+00 4.7571798442461646e-03 4.1686650694097048e-03 9.4123634838180999e+02
4.0177523023205781e+00 4.9135157846122105e-03 4.2736104586075215e-03 9.4128041314647646e+02
4.1190540566648757e+00 5.0751293981259925e-03 4.3811968381201197e-03 9.4132478828150056e+02
4.2229099867425317e+00 5.2421988513293126e-03 4.4914906331906274e-03 9.4136947639369816e+02
4.3293844923629985e+00 5.4149083254063611e-03 4.6045599385436719e-03 9.4141448011195030e+02
4.4385435970828331e+00 5.5934482192292589e-03 4.7204745603036478e-03 9.4145980208739650e+02
4.5504549891461119e+00 5.7780153592581320e-03 4.8393060589641389e-03 9.4150544499362354e+02
4.6651880634570935e+00 5.9688132165270982e-03 4.9611277934347589e-03 9.4155141152685735e+02
4.7828139646111598e+00 6.1660521309553880e-03 5.0860149661923777e-03 9.4159770440615966e+02
4.9034056310107221e+00 6.3699495432308758e-03 5.2140446695644127e-03 9.4164432637362142e+02
5.0270378400934463e+00 6.5807302345216659e-03 5.3452959331724672e-03 9.4169128019456218e+02
5.1537872547008385e+00 6.7986265742799945e-03 5.4798497725653999e-03 9.4173856865772848e+02
5.2837324706159485e+00 7.0238787764116207e-03 5.6177892390715505e-03 9.4178619457549485e+02
5.4169540652996666e+00 7.2567351640931282e-03 5.7591994709006470e-03 9.4183416078406810e+02
5.5535346478558347e+00 7.4974524435290736e-03 5.9041677455266613e-03 9.4188247014369176e+02
5.6935589102561579e+00 7.7462959869507722e-03 6.0527835333836801e-03 9.4193112553885021e+02
5.8371136798566701e+00 8.0035401251687104e-03 6.2051385529075668e-03 9.4198012987848097e+02
5.9842879732383327e+00 8.2694684500011061e-03 6.3613268269571907e-03 9.4202948609618124e+02
6.1351730514051441e+00 8.5443741269120108e-03 6.5214447406496305e-03 9.4207919715042362e+02
6.2898624763739832e+00 8.8285602182036124e-03 6.6855911006447879e-03 9.4212926602476682e+02
6.4484521691912908e+00 9.1223400171190541e-03 6.8538671959156340e-03 9.4217969572807249e+02
6.6110404694125551e+00 9.4260373932240644e-03 7.0263768600412266e-03 9.4223048929472509e+02
6.7777281960814761e+00 9.7399871494481573e-03 7.2032265350606218e-03 9.4228164978484904e+02
6.9486187102466479e+00 1.0064535391179057e-02 7.3845253369266943e-03 9.4233318028453061e+02
7.1238179790544915e+00 1.0400039907817172e-02 7.5703851225998415e-03 9.4238508390604272e+02
7.3034346414582085e+00 1.0746870567210815e-02 7.7609205588226055e-03 9.4243736378807102e+02
7.4875800755834803e+00 1.1105409723406970e-02 7.9562491926172471e-03 9.4249002309594050e+02
7.6763684677927060e+00 1.1476052638167139e-02 8.1564915235493307e-03 9.4254306502184352e+02
7.8699168834905846e+00 1.1859207916712940e-02 8.3617710778014168e-03 9.4259649278507561e+02
8.0683453397149609e+00 1.2255297958181839e-02 8.5722144841022044e-03 9.4265030963226661e+02
8.2717768795579438e+00 1.2664759421289628e-02 8.7879515515574495e-03 9.4270451883761450e+02
8.4803376484634434e+00 1.3088043705712956e-02 9.0091153494301322e-03 9.4275912370312858e+02
8.6941569724484378e+00 1.3525617449722667e-02 9.2358422889186990e-03 9.4281412755886572e+02
8.9133674382964792e+00 1.3977963044616492e-02 9.4682722069832342e-03 9.4286953376317354e+02
9.1381049757731567e+00 1.4445579166518240e-02 9.7065484522707388e-03 9.4292534570293492e+02
9.3685089419145005e+00 1.4928981326129746e-02 9.9508179731919860e-03 9.4298156679381464e+02
9.6047222074406129e+00 1.5428702437041690e-02 1.0201231408203707e-02 9.4303820048050727e+02
9.8468912453480453e+00 1.5945293403229640e-02 1.0457943178351116e-02 9.4309525023699064e+02
1.0095166221735999e+01 1.6479323726383326e-02 1.0721111582127470e-02 9.4315271956677589e+02
1.0349701088922426e+01 1.7031382133738140e-02 1.0990898892708144e-02 9.4321061200316558e+02
1.0610653680908097e+01 1.7602077227101689e-02 1.1267471457619020e-02 9.4326893110950937e+02
1.0878185811247471e+01 1.8192038153790155e-02 1.1550999800899457e-02 9.4332768047946627e+02
1.1152463373387418e+01 1.8801915300214862e-02 1.1841658727822651e-02 9.4338686373726591e+02
1.1433656443535648e+01 1.9432381008882917e-02 1.2139627432236781e-02 9.4344648453797299e+02
1.1721939386123022e+01 2.0084130319603197e-02 1.2445089606592795e-02 9.4350654656775475e+02
1.2017490961924723e+01 2.0757881735713871e-02 1.2758233554725466e-02 9.4356705354415169e+02
1.2320494438907762e+01 2.1454378016177139e-02 1.3079252307456962e-02 9.4362800921634800e+02
1.2631137705873130e+01 2.2174386994413476e-02 1.3408343741092845e-02 9.4368941736544684e+02
1.2949613388963483e+01 2.2918702424778954e-02 1.3745710698883218e-02 9.4375128180474701e+02
1.3276118971108181e+01 2.3688144857617974e-02 1.4091561115522512e-02 9.4381360638002275e+02
1.3610856914480179e+01 2.4483562543856956e-02 1.4446108144764283e-02 9.4387639496980410e+02
1.3954034786040269e+01 2.5305832370135294e-02 1.4809570290228145e-02 9.4393965148566440e+02
1.4305865386246960e+01 2.6155860825505486e-02 1.5182171539479152e-02 9.4400337987250464e+02
1.4666566881011363e+01 2.7034585000767157e-02 1.5564141501460632e-02 9.4406758410884368e+02
1.5036362936979353e+01 2.7942973621537602e-02 1.5955715547364687e-02 9.4413226820711122e+02
1.5415482860224442e+01 2.8882028116196792e-02 1.6357134955025627e-02 9.4419743621394127e+02
1.5804161738437831e+01 2.9852783719885211e-02 1.6768647056924650e-02 9.4426309221047291e+02
1.6202640586703325e+01 3.0856310615770408e-02 1.7190505391895480e-02 9.4432924031264554e+02
1.6611166496948012e+01 3.1893715114841736e-02 1.7622969860623533e-02 9.4439588467150622e+02
1.7029992791160851e+01 3.2966140875532526e-02 1.8066306885032916e-02 9.4446302947351364e+02
1.7459379178474709e+01 3.4074770164515621e-02 1.8520789571658612e-02 9.4453067894084472e+02
1.7899591916208742e+01 3.5220825160060844e-02 1.8986697879102638e-02 9.4459883733171034e+02
1.8350903974971473e+01 3.6405569299392607e-02 1.9464318789676683e-02 9.4466750894066581e+02
1.8813595207926429e+01 3.7630308671531630e-02 1.9953946485334884e-02 9.4473669809892669e+02
1.9287952524325867e+01 3.8896393457157702e-02 2.0455882528004229e-02 9.4480640917469339e+02
1.9774270067419593e+01 4.0205219417079371e-02 2.0970436044421756e-02 9.4487664657347091e+02
2.0272849396849779e+01 4.1558229430952880e-02 2.1497923915591358e-02 9.4494741473839338e+02
2.0783999675644321e+01 4.2956915087945378e-02 2.2038670970974634e-02 9.4501871815055370e+02
2.1308037861925257e+01 4.4402818331097271e-02 2.2593010187534429e-02 9.4509056132933745e+02
2.1845288905450506e+01 4.5897533157195039e-02 2.3161282893751422e-02 9.4516294883275339e+02
2.2396085949111473e+01 4.7442707374030224e-02 2.3743838978738035e-02 9.4523588525777473e+02
2.2960770535510743e+01 4.9040044416979851e-02 2.4341037106576254e-02 9.4530937524067656e+02
2.3539692818748740e+01 5.0691305226913168e-02 2.4953244936009925e-02 9.4538342345738238e+02
2.4133211781549850e+01 5.2398310191492437e-02 2.5580839345624239e-02 9.4545803462381082e+02
2.4741695457863464e+01 5.4162941152010501e-02 2.6224206664649887e-02 9.4553321349622297e+02
2.5365521161077233e+01 5.5987143477975149e-02 2.6883742909530911e-02 9.4560896487158016e+02
2.6005075717984699e+01 5.7872928211729409e-02 2.7559854026400807e-02 9.4568529358789681e+02
2.6660755708651752e+01 5.9822374285470048e-02 2.8252956139612914e-02 9.4576220452460291e+02
2.7332967712331349e+01 6.1837630813110576e-02 2.8963475806476853e-02 9.4583970260290357e+02
2.8022128559578181e+01 6.3920919459512893e-02 2.9691850278354234e-02 9.4591779278615081e+02
2.8728665590720496e+01 6.6074536889702037e-02 3.0438527768273285e-02 9.4599648008020802e+02
2.9453016920848459e+01 6.8300857300761630e-02 3.1203967725223169e-02 9.4607576953382738e+02
3.0195631711484257e+01 7.0602335039203573e-02 3.1988641115295542e-02 9.4615566623902316e+02
3.0956970449101522e+01 7.2981507306695170e-02 3.2793030709842415e-02 9.4623617533145455e+02
3.1737505230667658e+01 7.5440996957128886e-02 3.3617631380826005e-02 9.4631730199080812e+02
3.2537720056385247e+01 7.7983515388115709e-02 3.4462950403538466e-02 9.4639905144118359e+02
3.3358111129814972e+01 8.0611865530092586e-02 3.5329507766875559e-02 9.4648142895148783e+02
3.4199187165565220e+01 8.3328944936336330e-02 3.6217836491351386e-02 9.4656443983582574e+02
3.5061469704740134e+01 8.6137748977293274e-02 3.7128482955047483e-02 9.4664808945390098e+02
3.5945493438340655e+01 8.9041374142743296e-02 3.8062007227692478e-02 9.4673238321141491e+02
3.6851806538820313e+01 9.2043021455441937e-02 3.9018983413075616e-02 9.4681732656047450e+02
3.7780971000000001e+01 9.5145999999999994e-02 4.0000000000000001e-02 9.4690477099999998e+02
4.2933813000000001e+01 1.2217300000000000e-01 4.5440000000000001e-02 9.4753673900000001e+02
4.8090145000000000e+01 1.5365200000000001e-01 5.0880000000000002e-02 9.4818966200000000e+02
5.3250082999999997e+01 1.8986500000000001e-01 5.6320000000000002e-02 9.4886452599999996e+02
5.8413750999999998e+01 2.3115600000000000e-01 6.1760000000000002e-02 9.4956311700000003e+02
6.3581283999999997e+01 2.7795999999999998e-01 6.7199999999999996e-02 9.5028817100000003e+02
6.8752836000000002e+01 3.3082200000000000e-01 7.2639999999999996e-02 9.5104333499999996e+02
7.3928582000000006e+01 3.9040200000000003e-01 7.8079999999999997e-02 9.5183303599999999e+02
7.9108722999999998e+01 4.5748600000000000e-01 8.3519999999999997e-02 9.5266232500000001e+02
8.4293488999999994e+01 5.3297899999999998e-01 8.8959999999999997e-02 9.5353670599999998e+02
8.9483141000000003e+01 6.1790400000000001e-01 9.4399999999999998e-02 9.5446198900000002e+02
9.4677971999999997e+01 7.1339699999999995e-01 9.9839999999999998e-02 9.5544415600000002e+02
9.9878308000000004e+01 8.2069499999999995e-01 1.0528000000000000e-01 9.5648924299999999e+02
1.0508450700000000e+02 9.4113100000000005e-01 1.1072000000000000e-01 9.5760325100000000e+02
1.1029696000000000e+02 1.0761229999999999e+00 1.1616000000000000e-01 9.5879206699999997e+02
1.1551609000000001e+02 1.2271639999999999e+00 1.2160000000000000e-01 9.6006140200000004e+02
1.2074234500000000e+02 1.3949900000000000e+00 1.2703999999999999e-01 9.6141023099999995e+02
1.2597609500000000e+02 1.5783820000000000e+00 1.3247999999999999e-01 9.6282236499999999e+02
1.3121774300000001e+02 1.7808619999999999e+00 1.3791999999999999e-01 9.6431876699999998e+02
1.3646777700000001e+02 2.0047459999999999e+00 1.4335999999999999e-01 9.6590940200000000e+02
1.4172673000000000e+02 2.2520479999999998e+00 1.4879999999999999e-01 9.6760103700000002e+02
1.4699516499999999e+02 2.5246789999999999e+00 1.5423999999999999e-01 9.6939905199999998e+02
1.5227367400000000e+02 2.8245040000000001e+00 1.5967999999999999e-01 9.7130794600000002e+02
1.5756287100000000e+02 3.1533540000000002e+00 1.6511999999999999e-01 9.7333156799999995e+02
1.6286338900000001e+02 3.5130330000000001e+00 1.7055999999999999e-01 9.7547323300000005e+02
1.6817587800000001e+02 3.9053209999999998e+00 1.7599999999999999e-01 9.7773580200000004e+02
1.7350100399999999e+02 4.3319720000000004e+00 1.8143999999999999e-01 9.8012173299999995e+02
1.7883944299999999e+02 4.7947150000000001e+00 1.8687999999999999e-01 9.8263312299999996e+02
1.8419188299999999e+02 5.2952490000000001e+00 1.9231999999999999e-01 9.8527174100000002e+02
1.8955902100000000e+02 5.8352449999999996e+00 1.9775999999999999e-01 9.8803905399999996e+02
1.9494155900000001e+02 6.4163399999999999e+00 2.0319999999999999e-01 9.9093624799999998e+02
2.0034020699999999e+02 7.0401389999999999e+00 2.0863999999999999e-01 9.9396425299999999e+02
2.0575567899999999e+02 7.7082100000000002e+00 2.1407999999999999e-01 9.9712375899999995e+02
2.1118869200000000e+02 8.4220849999999992e+00 2.1951999999999999e-01 1.0004152309999999e+03
2.1663996499999999e+02 9.1832560000000001e+00 2.2495999999999999e-01 1.0038389250000000e+03
2.2211021700000001e+02 9.9931750000000008e+00 2.3039999999999999e-01 1.0073949010000000e+03
2.2760016800000000e+02 1.0853251999999999e+01 2.3583999999999999e-01 1.0110830350000000e+03
2.3311053699999999e+02 1.1764853000000000e+01 2.4127999999999999e-01 1.0149030270000000e+03
2.3864204000000001e+02 1.2729300000000000e+01 2.4671999999999999e-01 1.0188544140000000e+03
2.4419539000000000e+02 1.3747866000000000e+01 2.5216000000000000e-01 1.0229365770000001e+03
2.4977129700000000e+02 1.4821780000000000e+01 2.5760000000000000e-01 1.0271487490000000e+03
2.5537046599999999e+02 1.5952218999999999e+01 2.6304000000000000e-01 1.0314900220000000e+03
2.6099359700000002e+02 1.7140311000000001e+01 2.6848000000000000e-01 1.0359593540000001e+03
2.6664138300000002e+02 1.8387129999999999e+01 2.7392000000000000e-01 1.0405555740000000e+03
2.7231451299999998e+02 1.9693700000000000e+01 2.7936000000000000e-01 1.0452773900000000e+03
2.7801366400000001e+02 2.1060988999999999e+01 2.8480000000000000e-01 1.0501233930000001e+03
2.8373951000000000e+02 2.2489910999999999e+01 2.9024000000000000e-01 1.0550920630000001e+03
2.8949271399999998e+02 2.3981324000000001e+01 2.9568000000000000e-01 1.0601817750000000e+03
2.9527392800000001e+02 2.5536031000000001e+01 3.0112000000000000e-01 1.0653908019999999e+03
3.0108379900000000e+02 2.7154775000000001e+01 3.0656000000000000e-01 1.0707173260000000e+03
3.0692295999999999e+02 2.8838245000000001e+01 3.1200000000000000e-01 1.0761594379999999e+03
3.1279203500000000e+02 3.0587071000000002e+01 3.1744000000000000e-01 1.0817151460000000e+03
3.1869163600000002e+02 3.2401826999999997e+01 3.2288000000000000e-01 1.0873823820000000e+03
3.2462236600000000e+02 3.4283028999999999e+01 3.2832000000000000e-01 1.0931590070000000e+03
3.3058481200000000e+02 3.6231136999999997e+01 3.3376000000000000e-01 1.0990428150000000e+03
3.3657955199999998e+02 3.8246557000000003e+01 3.3920000000000000e-01 1.1050315459999999e+03
3.4260715099999999e+02 4.0329636999999998e+01 3.4464000000000000e-01 1.1111228850000000e+03
3.4866816200000000e+02 4.2480676000000003e+01 3.5008000000000000e-01 1.1173144729999999e+03
3.5476312200000001e+02 4.4699916999999999e+01 3.5552000000000000e-01 1.1236039120000000e+03
3.6089255800000001e+02 4.6987554000000003e+01 3.6096000000000000e-01 1.1299887710000000e+03
3.6705698200000000e+02 4.9340890000000002e+01 3.6640000000000000e-01 1.1364588380000000e+03
3.7325456200000002e+02 5.1403610000000000e+01 3.7184000000000000e-01 1.1420471910000001e+03
3.7948124100000001e+02 5.3348385000000000e+01 3.7728000000000000e-01 1.1472388980000001e+03
3.8573567300000002e+02 5.5258958000000000e+01 3.8272000000000000e-01 1.1522661630000000e+03
3.9201716800000003e+02 5.7159185000000001e+01 3.8816000000000001e-01 1.1571955829999999e+03
3.9832529299999999e+02 5.9060822000000002e+01 3.9360000000000001e-01 1.1620599800000000e+03
4.0465974899999998e+02 6.0970841999999998e+01 3.9904000000000001e-01 1.1668787440000001e+03
4.1102032500000001e+02 6.2893830000000001e+01 4.0448000000000001e-01 1.1716645269999999e+03
4.1740686799999997e+02 6.4833010999999999e+01 4.0992000000000001e-01 1.1764261320000001e+03
4.2381919299999998e+02 6.6744067000000001e+01 4.1536000000000001e-01 1.1810573740000000e+03
4.3025510700000001e+02 6.8457847000000001e+01 4.2080000000000001e-01 1.1851561160000001e+03
4.3671303599999999e+02 7.0157673000000003e+01 4.2624000000000001e-01 1.1891691480000000e+03
4.4319270799999998e+02 7.1866961000000003e+01 4.3168000000000001e-01 1.1931533219999999e+03
4.4969401800000003e+02 7.3593022000000005e+01 4.3712000000000001e-01 1.1971262019999999e+03
4.5621692999999999e+02 7.5339474999999993e+01 4.4256000000000001e-01 1.2010963039999999e+03
4.6276144499999998e+02 7.7108486999999997e+01 4.4800000000000001e-01 1.2050685619999999e+03
4.6932758300000000e+02 7.8901503000000005e+01 4.5344000000000001e-01 1.2090461330000001e+03
4.7591537799999998e+02 8.0719560000000001e+01 4.5888000000000001e-01 1.2130311630000001e+03
4.8252487700000000e+02 8.2563440999999997e+01 4.6432000000000001e-01 1.2170251730000000e+03
4.8915613000000002e+02 8.4433761000000004e+01 4.6976000000000001e-01 1.2210292710000001e+03
4.9580919499999999e+02 8.6331017000000003e+01 4.7520000000000001e-01 1.2250442790000000e+03
5.0248413399999998e+02 8.8255622000000002e+01 4.8064000000000001e-01 1.2290708099999999e+03
5.0918101000000001e+02 9.0207922999999994e+01 4.8608000000000001e-01 1.2331093249999999e+03
5.1589989000000003e+02 9.2188219000000004e+01 4.9152000000000001e-01 1.2371601670000000e+03
5.2264084100000002e+02 9.4196768000000006e+01 4.9696000000000001e-01 1.2412235880000001e+03
5.2940393200000005e+02 9.6233796999999996e+01 5.0239999999999996e-01 1.2452997670000000e+03
5.3618923299999994e+02 9.8299505999999994e+01 5.0783999999999996e-01 1.2493888270000000e+03
5.4299681499999997e+02 1.0039407199999999e+02 5.1327999999999996e-01 1.2534908410000000e+03
5.4982674699999995e+02 1.0251765500000000e+02 5.1871999999999996e-01 1.2576058439999999e+03
5.5667910099999995e+02 1.0467039600000000e+02 5.2415999999999996e-01 1.2617338380000001e+03
5.6355394799999999e+02 1.0685242599999999e+02 5.2959999999999996e-01 1.2658747989999999e+03
5.7045135700000003e+02 1.0906385800000000e+02 5.3503999999999996e-01 1.2700286779999999e+03
5.7737139900000000e+02 1.1130479800000001e+02 5.4047999999999996e-01 1.2741954100000000e+03
5.8431414299999994e+02 1.1357533900000000e+02 5.4591999999999996e-01 1.2783749100000000e+03
5.9127966000000004e+02 1.1587556800000000e+02 5.5135999999999996e-01 1.2825670789999999e+03
5.9826801699999999e+02 1.1820556000000001e+02 5.5679999999999996e-01 1.2867718090000001e+03
6.0527928199999997e+02 1.2056538500000001e+02 5.6223999999999996e-01 1.2909889780000001e+03
6.1231352300000003e+02 1.2295510600000000e+02 5.6767999999999996e-01 1.2952184569999999e+03
6.1937080600000002e+02 1.2537477600000000e+02 5.7311999999999996e-01 1.2994601080000000e+03
6.2645119799999998e+02 1.2782444800000000e+02 5.7855999999999996e-01 1.3037137880000000e+03
6.3355476199999998e+02 1.3030416299999999e+02 5.8399999999999996e-01 1.3079793470000000e+03
6.4068156499999998e+02 1.3281396000000001e+02 5.8943999999999996e-01 1.3122566310000000e+03
6.4783166800000004e+02 1.3535387499999999e+02 5.9487999999999996e-01 1.3165454810000001e+03
6.5500513400000000e+02 1.3792393400000000e+02 6.0031999999999996e-01 1.3208457340000000e+03
6.6220202600000005e+02 1.4052416400000001e+02 6.0575999999999997e-01 1.3251572269999999e+03
6.6942240300000003e+02 1.4315458400000000e+02 6.1119999999999997e-01 1.3294797920000001e+03
6.7666632500000003e+02 1.4581521100000001e+02 6.1663999999999997e-01 1.3338132590000000e+03
6.8393385200000000e+02 1.4850605800000000e+02 6.2207999999999997e-01 1.3381574579999999e+03
6.9122504100000003e+02 1.5122713400000001e+02 6.2751999999999997e-01 1.3425122170000000e+03
6.9853994899999998e+02 1.5397844599999999e+02 6.3295999999999997e-01 1.3468773630000001e+03
7.0587863300000004e+02 1.5675999500000000e+02 6.3839999999999997e-01 1.3512527230000001e+03
7.1324114599999996e+02 1.5957178200000001e+02 6.4383999999999997e-01 1.3556381230000000e+03
7.2062754399999994e+02 1.6241380500000000e+02 6.4927999999999997e-01 1.3600333909999999e+03
7.2803787999999997e+02 1.6528605700000000e+02 6.5471999999999997e-01 1.3644383510000000e+03
7.3547220600000003e+02 1.6818852899999999e+02 6.6015999999999997e-01 1.3688528320000000e+03
7.4293057299999998e+02 1.7112121200000001e+02 6.6559999999999997e-01 1.3732766600000000e+03
7.5041303200000004e+02 1.7408409200000000e+02 6.7103999999999997e-01 1.3777096650000001e+03
7.5791963099999998e+02 1.7707715300000001e+02 6.7647999999999997e-01 1.3821516750000001e+03
7.6545042100000001e+02 1.8010037900000000e+02 6.8191999999999997e-01 1.3866025199999999e+03
7.7300544700000000e+02 1.8315375000000000e+02 6.8735999999999997e-01 1.3910620309999999e+03
7.8058475799999997e+02 1.8623724400000000e+02 6.9279999999999997e-01 1.3955300410000000e+03
7.8818839800000001e+02 1.8935083800000001e+02 6.9823999999999997e-01 1.4000063840000000e+03
7.9581641300000001e+02 1.9249450800000000e+02 7.0367999999999997e-01 1.4044908940000000e+03
8.0346884599999998e+02 1.9566822700000000e+02 7.0911999999999997e-01 1.4089834080000001e+03
8.1114574100000004e+02 1.9887196499999999e+02 7.1455999999999997e-01 1.4134837640000001e+03
8.1884713999999997e+02 2.0210569500000000e+02 7.1999999999999997e-01 1.4179918020000000e+03
8.2657308399999999e+02 2.0536938499999999e+02 7.2543999999999997e-01 1.4225073629999999e+03
8.3432361400000002e+02 2.0866300100000001e+02 7.3087999999999997e-01 1.4270302899999999e+03
8.4209876899999995e+02 2.1198651100000001e+02 7.3631999999999997e-01 1.4315604269999999e+03
8.4989858900000002e+02 2.1533987999999999e+02 7.4175999999999997e-01 1.4360976220000000e+03
8.5772311100000002e+02 2.1872307100000000e+02 7.4719999999999998e-01 1.4406417230000000e+03
8.6557237199999997e+02 2.2213604599999999e+02 7.5263999999999998e-01 1.4451925790000000e+03
8.7344640800000002e+02 2.2557876899999999e+02 7.5807999999999998e-01 1.4497500430000000e+03
8.8134525599999995e+02 2.2905119900000000e+02 7.6351999999999998e-01 1.4543139679999999e+03
8.8926895000000002e+02 2.3255329599999999e+02 7.6895999999999998e-01 1.4588842099999999e+03
8.9721752400000003e+02 2.3608501899999999e+02 7.7439999999999998e-01 1.4634606280000000e+03
9.0519101100000000e+02 2.3964632700000001e+02 7.7983999999999998e-01 1.4680430790000000e+03
9.1318944299999998e+02 2.4323717500000001e+02 7.8527999999999998e-01 1.4726314270000000e+03
9.2121285300000000e+02 2.4685752199999999e+02 7.9071999999999998e-01 1.4772255330000000e+03
9.2926127099999997e+02 2.5050732199999999e+02 7.9615999999999998e-01 1.4818252640000001e+03
9.3733472700000004e+02 2.5418653000000000e+02 8.0159999999999998e-01 1.4864304870000001e+03
9.4543325200000004e+02 2.5789510200000001e+02 8.0703999999999998e-01 1.4910410700000000e+03
9.5355687300000000e+02 2.6163299000000001e+02 8.1247999999999998e-01 1.4956568850000001e+03
9.6170561899999996e+02 2.6540015000000000e+02 8.1791999999999998e-01 1.5002778049999999e+03
9.6987951799999996e+02 2.6919653199999999e+02 8.2335999999999998e-01 1.5049037040000001e+03
9.7807859499999995e+02 2.7302208899999999e+02 8.2879999999999998e-01 1.5095344590000000e+03
9.8630287799999996e+02 2.7687677400000001e+02 8.3423999999999998e-01 1.5141699490000001e+03
9.9455239099999994e+02 2.8076053800000000e+02 8.3967999999999998e-01 1.5188100549999999e+03
1.0028271600000000e+03 2.8467333200000002e+02 8.4511999999999998e-01 1.5234546580000001e+03
1.0111272080000000e+03 2.8861510700000002e+02 8.5055999999999998e-01 1.5281036420000000e+03
1.0194525590000000e+03 2.9258581299999997e+02 8.5599999999999998e-01 1.5327568950000000e+03
1.0278032360000000e+03 2.9658539999999999e+02 8.6143999999999998e-01 1.5374143030000000e+03
1.0361792620000001e+03 3.0061381799999998e+02 8.6687999999999998e-01 1.5420757570000001e+03
1.0445806570000000e+03 3.0467101700000001e+02 8.7231999999999998e-01 1.5467411480000001e+03
1.0530074430000000e+03 3.0875694700000003e+02 8.7775999999999998e-01 1.5514103689999999e+03
1.0614596409999999e+03 3.1287155600000000e+02 8.8319999999999999e-01 1.5560833150000001e+03
1.0699372710000000e+03 3.1701479499999999e+02 8.8863999999999999e-01 1.5607598840000001e+03
1.0784403510000000e+03 3.2118661100000003e+02 8.9407999999999999e-01 1.5654399730000000e+03
1.0869689020000001e+03 3.2538695400000000e+02 8.9951999999999999e-01 1.5701234840000000e+03
1.0955229400000001e+03 3.2961577299999999e+02 9.0495999999999999e-01 1.5748103180000001e+03
1.1041024849999999e+03 3.3387301800000000e+02 9.1039999999999999e-01 1.5795003800000000e+03
1.1127075530000000e+03 3.3815863600000000e+02 9.1583999999999999e-01 1.5841935750000000e+03
1.1213381609999999e+03 3.4247257800000000e+02 9.2127999999999999e-01 1.5888898099999999e+03
1.1299943249999999e+03 3.4681479200000001e+02 9.2671999999999999e-01 1.5935889960000000e+03
1.1386760620000000e+03 3.5118522800000000e+02 9.3215999999999999e-01 1.5982910440000001e+03
1.1473833860000000e+03 3.5558383600000002e+02 9.3759999999999999e-01 1.6029958650000001e+03
1.1561163130000000e+03 3.6001056599999998e+02 9.4303999999999999e-01 1.6077033750000001e+03
1.1648748559999999e+03 3.6446536800000001e+02 9.4847999999999999e-01 1.6124134910000000e+03
1.1736590300000000e+03 3.6894819400000000e+02 9.5391999999999999e-01 1.6171261310000000e+03
1.1824688480000000e+03 3.7345899400000002e+02 9.5935999999999999e-01 1.6218412160000000e+03
1.1913043240000000e+03 3.7799772100000001e+02 9.6479999999999999e-01 1.6265586679999999e+03
1.2001654690000000e+03 3.8256432799999999e+02 9.7023999999999999e-01 1.6312784130000000e+03
1.2090522970000000e+03 3.8715877000000000e+02 9.7567999999999999e-01 1.6360003780000000e+03
1.2179648190000000e+03 3.9178100100000000e+02 9.8111999999999999e-01 1.6407244929999999e+03
1.2269030459999999e+03 3.9643097999999998e+02 9.8655999999999999e-01 1.6454506899999999e+03
1.2358669900000000e+03 4.0110866600000003e+02 9.9199999999999999e-01 1.6501789050000000e+03
1.2448566619999999e+03 4.0581402000000003e+02 9.9743999999999999e-01 1.6549090790000000e+03
1.2538720719999999e+03 4.1054701000000000e+02 1.0028800000000000e+00 1.6596411570000000e+03
1.2629132300000001e+03 4.1530760500000002e+02 1.0083200000000001e+00 1.6643750880000000e+03
1.2719801470000000e+03 4.2009578499999998e+02 1.0137600000000000e+00 1.6691108320000001e+03
1.2810728310000000e+03 4.2491153800000001e+02 1.0192000000000001e+00 1.6738483570000001e+03
1.2901912930000001e+03 4.2975487099999998e+02 1.0246400000000000e+00 1.6785876539999999e+03
1.2993355420000000e+03 4.3462582500000002e+02 1.0300800000000001e+00 1.6833287410000000e+03
1.3085055890000001e+03 4.3952451900000000e+02 1.0355200000000000e+00 1.6880717150000000e+03
1.3177014440000000e+03 4.4445147900000001e+02 1.0409600000000001e+00 1.6928170620000001e+03
1.3269231210000000e+03 4.4940652399999999e+02 1.0464000000000000e+00 1.6975645860000000e+03
1.3361706280000001e+03 4.5438822699999997e+02 1.0518400000000001e+00 1.7023129039999999e+03
1.3454439680000000e+03 4.5939652899999999e+02 1.0572800000000000e+00 1.7070619509999999e+03
1.3547431449999999e+03 4.6443137200000001e+02 1.0627200000000001e+00 1.7118116640000001e+03
1.3640681640000000e+03 4.6949269900000002e+02 1.0681600000000000e+00 1.7165619839999999e+03
1.3734190260000000e+03 4.7458045099999998e+02 1.0736000000000001e+00 1.7213128500000000e+03
1.3827957349999999e+03 4.7969457199999999e+02 1.0790400000000000e+00 1.7260642029999999e+03
1.3921982929999999e+03 4.8483500400000003e+02 1.0844800000000001e+00 1.7308159860000001e+03
1.4016267029999999e+03 4.9000169000000000e+02 1.0899200000000000e+00 1.7355681410000000e+03
1.4110809650000001e+03 4.9519457299999999e+02 1.0953599999999999e+00 1.7403206130000001e+03
1.4205610830000001e+03 5.0041359699999998e+02 1.1008000000000000e+00 1.7450733470000000e+03
1.4300670570000000e+03 5.0565870500000000e+02 1.1062399999999999e+00 1.7498262900000000e+03
1.4395988880000000e+03 5.1092984100000001e+02 1.1116800000000000e+00 1.7545793880000001e+03
1.4491565760000001e+03 5.1622694899999999e+02 1.1171199999999999e+00 1.7593325900000000e+03
1.4587401230000000e+03 5.2154997300000002e+02 1.1225600000000000e+00 1.7640858459999999e+03
1.4683495280000000e+03 5.2689885900000002e+02 1.1279999999999999e+00 1.7688391039999999e+03
1.4779847910000001e+03 5.3227354900000000e+02 1.1334400000000000e+00 1.7735923170000001e+03
1.4876459130000001e+03 5.3767399000000000e+02 1.1388799999999999e+00 1.7783454360000001e+03
1.4973328910000000e+03 5.4310012500000005e+02 1.1443200000000000e+00 1.7830984140000000e+03
1.5070457260000001e+03 5.4855190200000004e+02 1.1497599999999999e+00 1.7878512040000001e+03
1.5167844160000000e+03 5.5402926400000001e+02 1.1552000000000000e+00 1.7926037620000000e+03
1.5265489590000000e+03 5.5953215799999998e+02 1.1606399999999999e+00 1.7973560410000000e+03
1.5363393550000001e+03 5.6506052899999997e+02 1.1660800000000000e+00 1.8021079990000001e+03
1.5461556009999999e+03 5.7061432400000001e+02 1.1715199999999999e+00 1.8068595920000000e+03
1.5559976950000000e+03 5.7619348900000000e+02 1.1769600000000000e+00 1.8116107770000001e+03
1.5658656350000001e+03 5.8179796999999996e+02 1.1823999999999999e+00 1.8163615139999999e+03
1.5757594180000001e+03 5.8742771500000003e+02 1.1878400000000000e+00 1.8211117620000000e+03
1.5856790420000000e+03 5.9308267000000001e+02 1.1932799999999999e+00 1.8258614800000000e+03
1.5956245030000000e+03 5.9876278200000002e+02 1.1987200000000000e+00 1.8306106290000000e+03
1.6055957980000001e+03 6.0446799899999996e+02 1.2041599999999999e+00 1.8353591699999999e+03
1.6155929240000000e+03 6.1019826799999998e+02 1.2096000000000000e+00 1.8401070660000000e+03
1.6256158780000001e+03 6.1595353799999998e+02 1.2150399999999999e+00 1.8448542780000000e+03
1.6356646539999999e+03 6.2173375599999997e+02 1.2204800000000000e+00 1.8496007720000000e+03
1.6457392510000000e+03 6.2753886999999997e+02 1.2259199999999999e+00 1.8543465100000001e+03
1.6558396620000001e+03 6.3336882800000001e+02 1.2313600000000000e+00 1.8590914570000000e+03
1.6659658840000000e+03 6.3922358099999997e+02 1.2367999999999999e+00 1.8638355790000001e+03
1.6761179130000000e+03 6.4510307499999999e+02 1.2422400000000000e+00 1.8685788410000000e+03
1.6862957420000000e+03 6.5100726099999997e+02 1.2476799999999999e+00 1.8733212109999999e+03
1.6964993689999999e+03 6.5693608700000004e+02 1.2531200000000000e+00 1.8780626549999999e+03
1.7067287859999999e+03 6.6288950299999999e+02 1.2585599999999999e+00 1.8828031410000001e+03
1.7169839899999999e+03 6.6886745900000005e+02 1.2640000000000000e+00 1.8875426379999999e+03
1.7272649660000000e+03 6.7485435600000005e+02 1.2694399999999999e+00 1.8922688590000000e+03
1.7375714599999999e+03 6.8077833599999997e+02 1.2748800000000000e+00 1.8969254100000001e+03
1.7479031940000000e+03 6.8668811600000004e+02 1.2803199999999999e+00 1.9015510139999999e+03
1.7582600370000000e+03 6.9259829600000000e+02 1.2857600000000000e+00 1.9061573160000000e+03
1.7686418990000000e+03 6.9851495599999998e+02 1.2911999999999999e+00 1.9107491980000000e+03
1.7790487080000000e+03 7.0444155699999999e+02 1.2966400000000000e+00 1.9153294570000000e+03
1.7894804070000000e+03 7.1038035300000001e+02 1.3020799999999999e+00 1.9198999260000001e+03
1.7999369469999999e+03 7.1633293700000002e+02 1.3075200000000000e+00 1.9244619070000001e+03
1.8104182830000000e+03 7.2230049099999997e+02 1.3129599999999999e+00 1.9290163709999999e+03
1.8209243779999999e+03 7.2828392599999995e+02 1.3184000000000000e+00 1.9335640759999999e+03
1.8314551959999999e+03 7.3428396799999996e+02 1.3238399999999999e+00 1.9381056249999999e+03
1.8420107040000000e+03 7.4030120499999998e+02 1.3292800000000000e+00 1.9426415119999999e+03
1.8525908740000000e+03 7.4633612100000005e+02 1.3347199999999999e+00 1.9471721470000000e+03
1.8631956780000000e+03 7.5238912300000004e+02 1.3401600000000000e+00 1.9516978770000001e+03
1.8738250889999999e+03 7.5846055500000000e+02 1.3455999999999999e+00 1.9562189980000001e+03
1.8844790840000001e+03 7.6455071399999997e+02 1.3510400000000000e+00 1.9607357660000000e+03
1.8951576390000000e+03 7.7065985200000000e+02 1.3564799999999999e+00 1.9652484050000000e+03
1.9058607330000000e+03 7.7678819099999998e+02 1.3619200000000000e+00 1.9697571089999999e+03
1.9165883440000000e+03 7.8293592599999999e+02 1.3673599999999999e+00 1.9742620529999999e+03
1.9273404519999999e+03 7.8910322599999995e+02 1.3728000000000000e+00 1.9787633900000001e+03
1.9381170390000000e+03 7.9529024200000003e+02 1.3782399999999999e+00 1.9832612590000001e+03
1.9489180850000000e+03 8.0149710700000003e+02 1.3836800000000000e+00 1.9877557830000001e+03
1.9597435730000000e+03 8.0772393999999997e+02 1.3891199999999999e+00 1.9922470740000001e+03
1.9705934850000001e+03 8.1397084700000005e+02 1.3945600000000000e+00 1.9967352340000000e+03
1.9814678050000000e+03 8.2023792200000003e+02 1.3999999999999999e+00 2.0012203549999999e+03
