# epsilon[MeV/fm^3] P[MeV/fm^3] nB[fm^-3] muB[MeV]
4.3514892049562272e-07 9.0000000794219998e-12 4.6796200000000002e-10 9.2990010724260003e+02
5.4394952759824855e-07 1.2854500250148002e-11 5.8496400000000005e-10 9.2990743275720001e+02
6.8239664606092796e-07 1.8414700022552000e-11 7.3384599999999997e-10 9.2991587774760001e+02
8.5763463874259032e-07 2.6380199998860002e-11 9.2229000000000003e-10 9.2992551188760001e+02
1.0799253715994732e-06 3.7791099667920001e-11 1.1613300000000000e-09 9.2993648532329996e+02
1.3625442882637764e-06 5.4137899979800000e-11 1.4652400000000000e-09 9.2994894782519998e+02
1.7226605254650248e-06 7.7555599791040007e-11 1.8524800000000000e-09 9.2996308925910000e+02
2.1826057027272589e-06 1.1110299984364001e-10 2.3470600000000000e-09 9.2997909967860005e+02
2.7713348204539073e-06 1.5916099965360000e-10 2.9801100000000000e-09 9.2999716876169998e+02
3.5266032513682487e-06 2.2800800111288001e-10 3.7922200000000000e-09 9.3001754656409992e+02
4.4975537964996660e-06 3.2663399940042002e-10 4.8362200000000001e-09 9.3004045271789994e+02
4.5807460305493105e-06 3.3555999792714001e-10 4.9256699999999996e-09 9.3004228160820003e+02
4.7281205653478515e-06 3.3656599963290001e-10 5.0841300000000003e-09 9.3004248152130003e+02
6.5759177435918250e-06 5.4515600232911993e-10 7.0708799999999999e-09 9.3007696075620004e+02
9.1998724984833464e-06 8.8567000200420000e-10 9.8920399999999997e-09 9.3011730648750006e+02
1.2918168885426129e-05 1.4388700552640002e-09 1.3889600000000001e-08 9.3016406831190000e+02
1.8201380444258739e-05 2.3376200076990001e-09 1.9569300000000001e-08 9.3021808578930006e+02
2.5725895950178280e-05 3.7977398937599994e-09 2.7657999999999999e-08 9.3028025838780002e+02
3.6463989818522291e-05 6.1698799253159997e-09 3.9200400000000002e-08 9.3035162548649998e+02
5.1813630126296458e-05 1.0023700173792000e-08 5.5698400000000002e-08 9.3043332628019994e+02
7.3785560512054020e-05 1.6284700005120000e-08 7.9311899999999997e-08 9.3052664006250006e+02
1.0527189036420272e-04 2.6456400399219999e-08 1.1314700000000000e-07 9.3063298613190000e+02
1.5043483705694415e-04 4.2981499428689995e-08 1.6167299999999999e-07 9.3075400323120004e+02
1.5143539825673478e-04 4.3369399516159995e-08 1.6274800000000000e-07 9.3075639185940008e+02
1.5666718390755263e-04 4.3499599327679997e-08 1.6836899999999999e-07 9.3075719132400002e+02
1.8247319946392853e-04 5.3487099479700000e-08 1.9609400000000001e-07 9.3081203831400001e+02
2.1304949570856091e-04 6.5965099669560007e-08 2.2894200000000001e-07 9.3087079295249998e+02
2.4880173202308656e-04 8.1354199584480006e-08 2.6734800000000002e-07 9.3093285559410003e+02
2.9061049213158235e-04 1.0033299847065000e-07 3.1225699999999999e-07 9.3099838615049998e+02
3.3950651358852186e-04 1.2374000051775000e-07 3.6477499999999998e-07 9.3106758453479995e+02
3.9669496520679297e-04 1.5260700009555001e-07 4.2619500000000001e-07 9.3114063056550003e+02
4.6358813252914599e-04 1.8820900209407997e-07 4.9803199999999997e-07 9.3121772415570001e+02
5.4183717856390442e-04 2.3211699768180001e-07 5.8205699999999998e-07 9.3129908512530005e+02
6.3337419989345891e-04 2.8626699988691999e-07 6.8034199999999997e-07 9.3138494352930002e+02
7.4046361643000222e-04 3.5305100162730003e-07 7.9531500000000002e-07 9.3147551899979999e+02
7.4543957324912111e-04 3.5623800038969997e-07 8.0065699999999999e-07 9.3147951660449996e+02
7.7046470619140960e-04 3.5730600246279002e-07 8.2752300000000002e-07 9.3148080575760002e+02
7.7218701201869997e-04 3.5837800248323999e-07 8.2937200000000002e-07 9.3148210505190002e+02
7.7564281539113634e-04 3.6053199741144001e-07 8.3308200000000005e-07 9.3148469349929996e+02
7.7911352986319152e-04 3.6269800105895999e-07 8.3680799999999998e-07 9.3148728185280004e+02
7.8260009510663572e-04 3.6487800290032998e-07 8.4055099999999997e-07 9.3148988034750005e+02
7.8610250285012515e-04 3.6706999922346001e-07 8.4431100000000000e-07 9.3149248879559991e+02
7.8962075319254110e-04 3.6927600351839998e-07 8.4808799999999996e-07 9.3149508719639994e+02
7.9315485471188711e-04 3.7149499796798001e-07 8.5188199999999998e-07 9.3149769564450003e+02
7.9670479058673201e-04 3.7372699824480005e-07 8.5569300000000004e-07 9.3150031404599997e+02
8.0027057791247260e-04 3.7597299948234002e-07 8.5952100000000004e-07 9.3150293244750003e+02
8.0385221698387247e-04 3.7823200230633998e-07 8.6336599999999998e-07 9.3150555094289996e+02
8.0745063029167934e-04 3.8050499711466001e-07 8.6722899999999999e-07 9.3150817929779998e+02
8.1106395596088781e-04 3.8279099715107999e-07 8.7110800000000002e-07 9.3151080774659999e+02
8.1469498722525535e-04 3.8509200436278001e-07 8.7500600000000005e-07 9.3151343619540000e+02
8.1834093096975699e-04 3.8740599815679997e-07 8.7891999999999998e-07 9.3151607459759998e+02
8.3652972322216491e-04 3.8856800310954005e-07 8.9844600000000005e-07 9.3151737379799999e+02
8.9649746606902973e-04 4.2637900225708002e-07 9.6282100000000007e-07 9.3155798930399999e+02
9.6293679962426715e-04 4.6927300060880000e-07 1.0341400000000000e-06 9.3160093353000002e+02
1.0343084479593990e-03 5.1648199988999994e-07 1.1107499999999999e-06 9.3164493704189999e+02
1.1110033276598183e-03 5.6844100521450010e-07 1.1930700000000001e-06 9.3169002988770001e+02
1.1934040547386528e-03 6.2562700512179996e-07 1.2815100000000000e-06 9.3173623206809998e+02
1.2819398888523502e-03 6.8856500094819997e-07 1.3765300000000001e-06 9.3178357353719991e+02
1.3770588621277026e-03 7.5783499966439992e-07 1.4786100000000000e-06 9.3183208434300002e+02
1.4792742600387720e-03 8.3407400117300003e-07 1.5882999999999999e-06 9.3188178448619999e+02
1.5890902438860661e-03 9.1798299673799988e-07 1.7061399999999999e-06 9.3193271378040004e+02
1.7070948934908867e-03 1.0103300084124001e-06 1.8327600000000000e-06 9.3198488236679998e+02
1.7418302566492478e-03 1.0379399925766002e-06 1.8700300000000001e-06 9.3199978345169995e+02
1.8026805910135908e-03 1.0410599913928000e-06 1.9353200000000000e-06 9.3200143242960007e+02
2.0389359400714486e-03 1.2275099896319999e-06 2.1888000000000001e-06 9.3209187794249999e+02
2.3114099463439177e-03 1.4516999917321999e-06 2.4811100000000001e-06 9.3218792017709995e+02
2.6204004641994278e-03 1.7168400063888003e-06 2.8125600000000001e-06 9.3228811983419996e+02
2.9707928967162671e-03 2.0304000155634000e-06 3.1883800000000001e-06 9.3239264696670000e+02
3.3681648965264784e-03 2.4012300084080001e-06 3.6145400000000001e-06 9.3250170129989999e+02
3.8188055776886142e-03 2.8397900147328003e-06 4.0977700000000004e-06 9.3261546284010001e+02
4.3298558716110781e-03 3.3584500068246004e-06 4.6457100000000001e-06 9.3273413140649996e+02
4.9094492242661523e-03 3.9718300068571995e-06 5.2670599999999997e-06 9.3285792691289998e+02
5.5667590537662745e-03 4.6972400276543001e-06 5.9716300000000001e-06 9.3298704917850000e+02
6.3122329168583428e-03 5.5551399798486997e-06 6.7705900000000002e-06 9.3312173811779996e+02
6.3691536418958340e-03 5.6221100036384002e-06 6.8315900000000001e-06 9.3313158221820004e+02
6.6107787783348925e-03 5.6389700285964000e-06 7.0905299999999997e-06 9.3313397075249998e+02
7.1832281514335565e-03 6.2999099885847007e-06 7.7039700000000007e-06 9.3322329697740008e+02
7.8228640480689938e-03 7.0594400109160007e-06 8.3893400000000006e-06 9.3331767013950002e+02
8.5195476220300548e-03 7.9105299722335996e-06 9.1357600000000004e-06 9.3341477175390003e+02
9.2783521214718639e-03 8.8642300383220009e-06 9.9486500000000000e-06 9.3351470163630006e+02
1.0104791977484120e-02 9.9329099737559988e-06 1.0833900000000000e-05 9.3361751969490001e+02
1.1005037422914624e-02 1.1130399980334000e-05 1.1798100000000000e-05 9.3372332602710003e+02
1.1985504705131824e-02 1.2472300012974001e-05 1.2848100000000000e-05 9.3383220044789994e+02
1.3053499763127112e-02 1.3976000053347000e-05 1.3991700000000000e-05 9.3394422305399996e+02
1.4216706487829026e-02 1.5661000693130000e-05 1.5237100000000000e-05 9.3405949366109996e+02
1.5483652631007537e-02 1.7549100191680000e-05 1.6593399999999999e-05 9.3417811227269999e+02
1.5623499832828706e-02 1.7760599953030001e-05 1.6743099999999999e-05 9.3419079468840005e+02
1.6269961736847121e-02 1.7813900213129999e-05 1.7435099999999998e-05 9.3419395273319992e+02
1.7094324515795702e-02 1.9027400207749999e-05 1.8317499999999999e-05 9.3426180186839997e+02
1.8000874089488257e-02 2.0384500450440000e-05 1.9287799999999999e-05 9.3433394852489994e+02
1.8955614232225096e-02 2.1838399047120000e-05 2.0309599999999999e-05 9.3440734433310001e+02
1.9960983560824267e-02 2.3396100553499999e-05 2.1385500000000000e-05 9.3448202938830002e+02
2.1019794814794490e-02 2.5064799654149998e-05 2.2518500000000001e-05 9.3455801364390004e+02
2.2134768910989058e-02 2.6852600343399999e-05 2.3711500000000002e-05 9.3463531710059999e+02
2.3309000859656603e-02 2.8767899159999994e-05 2.4967799999999998e-05 9.3471396971249999e+02
2.4545494036103295e-02 3.0819700065419999e-05 2.6290599999999999e-05 9.3479400162150000e+02
2.5847718880420045e-02 3.3017999946119998e-05 2.7683600000000000e-05 9.3487541254589996e+02
2.7219055484112444e-02 3.5372998881120002e-05 2.9150400000000001e-05 9.3495825272219997e+02
2.7775365070038964e-02 3.6339601209739997e-05 2.9745400000000002e-05 9.3499105302509997e+02
2.8289610775747390e-02 3.6448598719180002e-05 3.0295400000000001e-05 9.3499466085090000e+02
2.8802930737171755e-02 3.7332599735440002e-05 3.0844399999999999e-05 9.3502356336480000e+02
2.9391538203060320e-02 3.8352800962709990e-05 3.1473899999999997e-05 9.3505628375879996e+02
2.9992229144074897e-02 3.9400800335690003e-05 3.2116300000000003e-05 9.3508923392610006e+02
3.0605097595990186e-02 4.0477499896860003e-05 3.2771700000000003e-05 9.3512239395989991e+02
3.1230612131930052e-02 4.1583600119840003e-05 3.3440600000000000e-05 9.3515578386089999e+02
3.1868867160453597e-02 4.2719998743180005e-05 3.4123099999999999e-05 9.3518940362910007e+02
3.2520144922003676e-02 4.3887298648500002e-05 3.4819500000000001e-05 9.3522325326449993e+02
3.3184820445813230e-02 4.5086601561120004e-05 3.5530200000000001e-05 9.3525732271979996e+02
3.3862987887692660e-02 4.6318701748649993e-05 3.6255299999999998e-05 9.3529163208960006e+02
3.4555116462740516e-02 4.7584401826990007e-05 3.6995300000000001e-05 9.3532617123270006e+02
3.4710848908415574e-02 4.7870299693839997e-05 3.7161800000000001e-05 9.3533387666670001e+02
3.5705765632703390e-02 4.8013899962450004e-05 3.8225500000000002e-05 9.3533768431169995e+02
3.6190650245182691e-02 4.8884701265269996e-05 3.8743900000000000e-05 9.3536029073669999e+02
3.6764595537185744e-02 4.9920498059249994e-05 3.9357499999999997e-05 9.3538680481020003e+02
3.7347724170046170e-02 5.0978398185919999e-05 3.9980900000000002e-05 9.3541345870079999e+02
3.7940129948432849e-02 5.2058599241440000e-05 4.0614200000000002e-05 9.3544024264290010e+02
3.8541907483377907e-02 5.3161699756499999e-05 4.1257500000000003e-05 9.3546717635549999e+02
3.9153244015328124e-02 5.4288198430999997e-05 4.1910999999999999e-05 9.3549425007299999e+02
3.9774234210732992e-02 5.5438601263319996e-05 4.2574799999999998e-05 9.3552146370150001e+02
4.0405159191034282e-02 5.6613297948239995e-05 4.3249199999999999e-05 9.3554882728830000e+02
4.1046019389420471e-02 5.7812899551080002e-05 4.3934199999999997e-05 9.3557633069220003e+02
4.1697190276124625e-02 5.9037997871239995e-05 4.4630199999999998e-05 9.3560397410099995e+02
4.2358578444415006e-02 6.0288999023690009e-05 4.5337100000000003e-05 9.3563177732760005e+02
4.2549448380963861e-02 6.0651299975859995e-05 4.5541099999999997e-05 9.3563974248900001e+02
4.3740238175900857e-02 6.0833198906699995e-05 4.6813800000000002e-05 9.3564365013750000e+02
4.5854886274473032e-02 6.4782902450840000e-05 4.9073799999999998e-05 9.3572599057799994e+02
4.8180087401599556e-02 6.9195997901699998e-05 5.1558599999999998e-05 9.3581365787159996e+02
5.0623240020302433e-02 7.3909702371599995e-05 5.4169200000000003e-05 9.3590278418340006e+02
5.3190452397117956e-02 7.8944498346630003e-05 5.6912100000000000e-05 9.3599338970190001e+02
5.5887837732656438e-02 8.4322299027779992e-05 5.9793799999999997e-05 9.3608550419339997e+02
5.8722166587791814e-02 9.0066499795649990e-05 6.2821499999999995e-05 9.3617915789369999e+02
6.1700398546921942e-02 9.6201898222459989e-05 6.6002599999999997e-05 9.3627437052180005e+02
6.4829683480590566e-02 1.0275499726340999e-04 6.9344700000000000e-05 9.3637116226620003e+02
6.8117831355171340e-02 1.0975499711746999e-04 7.2856100000000002e-05 9.3646956308100005e+02
7.1572933822013338e-02 1.1723199746169999e-04 7.6545399999999994e-05 9.3656960282640000e+02
7.2872355791586060e-02 1.2007500056640000e-04 7.7932800000000000e-05 9.3660639068670002e+02
7.6294350046888545e-02 1.2043499631464001e-04 8.1586400000000002e-05 9.3661091798129996e+02
7.8557740452832786e-02 1.2521799885310001e-04 8.4002899999999995e-05 9.3666865324139997e+02
8.1070439170188191e-02 1.3058099681828001e-04 8.6685400000000002e-05 9.3673145543940007e+02
8.3663493660002267e-02 1.3617299667415003e-04 8.9453500000000007e-05 9.3679492723830003e+02
8.6339540033127660e-02 1.4200499619000000e-04 9.2310000000000002e-05 9.3685905859080003e+02
8.9101308842231525e-02 1.4808700429182000e-04 9.5257800000000001e-05 9.3692387963880003e+02
9.1951438062670962e-02 1.5442999846642999e-04 9.8299699999999997e-05 9.3698938014720000e+02
9.3544637803481184e-02 1.5800363917307320e-04 1.0000000000000000e-04 9.3702641442654260e+02
9.5903757867101827e-02 1.5951943182190969e-04 1.0251739300861007e-04 9.3704370038804757e+02
9.8322373029589211e-02 1.6108640693573043e-04 1.0509822486466162e-04 9.3706111176801767e+02
1.0080198370918995e-01 1.6270629274875269e-04 1.0774409388572419e-04 9.3707864961047540e+02
1.0334412816348446e-01 1.6438087585099004e-04 1.1045663864641411e-04 9.3709631496826080e+02
1.0595038344366456e-01 1.6611200315870260e-04 1.1323753899195143e-04 9.3711410890310583e+02
1.0862236637287681e-01 1.6790158395138112e-04 1.1608851707722105e-04 9.3713203248570983e+02
1.1136173454923921e-01 1.6975159197751285e-04 1.1901133843198087e-04 9.3715008679581285e+02
1.1417018737415277e-01 1.7166406763145025e-04 1.2200781305287272e-04 9.3716827292227242e+02
1.1704946710654662e-01 1.7364112020378485e-04 1.2507979652291148e-04 9.3718659196313979e+02
1.2000135994371020e-01 1.7568493020770704e-04 1.2822919115914238e-04 9.3720504502573726e+02
1.2302769712938295e-01 1.7779775178391815e-04 1.3145794718917502e-04 9.3722363322673505e+02
1.2613035608978962e-01 1.7998191518674752e-04 1.3476806395732043e-04 9.3724235769223094e+02
1.2931126159832496e-01 1.8223982935421557e-04 1.3816159116107507e-04 9.3726121955782753e+02
1.3257238696961104e-01 1.8457398456487814e-04 1.4164063011871437e-04 9.3728021996871428e+02
1.3591575528366792e-01 1.8698695518438267e-04 1.4520733506877948e-04 9.3729936007974618e+02
1.3934344064095644e-01 1.8948140250476427e-04 1.4886391450225672e-04 9.3731864105552552e+02
1.4285756944907263e-01 1.9206007767961434e-04 1.5261263252827381e-04 9.3733806407048326e+02
1.4646032174189128e-01 1.9472582475835837e-04 1.5645581027415412e-04 9.3735763030896180e+02
1.5015393253197729e-01 1.9748158382298947e-04 1.6039582732069291e-04 9.3737734096529834e+02
1.5394069319710374e-01 2.0033039423071746e-04 1.6443512317354121e-04 9.3739719724390898e+02
1.5782295290173681e-01 2.0327539796610961e-04 1.6857619877160500e-04 9.3741720035937169e+02
1.6180312005436953e-01 2.0631984310642018e-04 1.7282161803338966e-04 9.3743735153651460e+02
1.6588366380160793e-01 2.0946708740393087e-04 1.7717400944224375e-04 9.3745765201049937e+02
1.7006711555993742e-01 2.1272060198925305e-04 1.8163606767148034e-04 9.3747810302690914e+02
1.7435607058611857e-01 2.1608397519967606e-04 1.8621055525037700e-04 9.3749870584183657e+02
1.7875318958718717e-01 2.1956091653678434e-04 1.9090030427208317e-04 9.3751946172197120e+02
1.8326120037105717e-01 2.2315526075770753e-04 1.9570821814448712e-04 9.3754037194468935e+02
1.8788289953875090e-01 2.2687097210451711e-04 2.0063727338512336e-04 9.3756143779814340e+02
1.9262115421930504e-01 2.3071214867643238e-04 2.0569052146122548e-04 9.3758266058135200e+02
1.9747890384843034e-01 2.3468302694965981e-04 2.1087109067606085e-04 9.3760404160429289e+02
2.0245916199202751e-01 2.3878798644984945e-04 2.1618218810270934e-04 9.3762558218799450e+02
2.0756501821569057e-01 2.4303155458232250e-04 2.2162710156647836e-04 9.3764728366462725e+02
2.1279964000135737e-01 2.4741841162539654e-04 2.2720920167717591e-04 9.3766914737760032e+02
2.1816627471229708e-01 2.5195339589231645e-04 2.3293194391249593e-04 9.3769117468165371e+02
2.2366825160765252e-01 2.5664150906748397e-04 2.3879887075379852e-04 9.3771336694295519e+02
2.2930898390778784e-01 2.6148792172287036e-04 2.4481361387560256e-04 9.3773572553919587e+02
2.3509197091172260e-01 2.6649797902069782e-04 2.5097989639014036e-04 9.3775825185968665e+02
2.4102080016796590e-01 2.7167720660867831e-04 2.5730153514835676e-04 9.3778094730545786e+02
2.4709914970009675e-01 2.7703131671431109e-04 2.6378244309877214e-04 9.3780381328935584e+02
2.5333079028847261e-01 2.8256621444496248e-04 2.7042663170566200e-04 9.3782685123614465e+02
2.5971958780947990e-01 2.8828800430067336e-04 2.7723821342804392e-04 9.3785006258260501e+02
2.6626950563377888e-01 2.9420299690688059e-04 2.8422140426099895e-04 9.3787344877763587e+02
2.7298460708503075e-01 3.0031771597447549e-04 2.9138052634089474e-04 9.3789701128235686e+02
2.7986905796063105e-01 3.0663890549487692e-04 2.9872001061611252e-04 9.3792075157021191e+02
2.8692712911601431e-01 3.1317353717805392e-04 3.0624439958492743e-04 9.3794467112707207e+02
2.9416319911413297e-01 3.1992881814170220e-04 3.1395835010222583e-04 9.3796877145134067e+02
3.0158175694175393e-01 3.2691219886005413e-04 3.2186663625679028e-04 9.3799305405406005e+02
3.0918740479425721e-01 3.3413138138108881e-04 3.2997415232092310e-04 9.3801752045901719e+02
3.1698486093066636e-01 3.4159432782120684e-04 3.3828591577422779e-04 9.3804217220285170e+02
3.2497896260067882e-01 3.4930926914673622e-04 3.4680707040340861e-04 9.3806701083516327e+02
3.3317466904551518e-01 3.5728471425195665e-04 3.5554288947999761e-04 9.3809203791862421e+02
3.4157706457444614e-01 3.6552945934365319e-04 3.6449877901796813e-04 9.3811725502908632e+02
3.5019136171890758e-01 3.7405259764254991e-04 3.7368028111323836e-04 9.3814266375569446e+02
3.5902290446616003e-01 3.8286352941232431e-04 3.8309307736712360e-04 9.3816826570099727e+02
3.6807717157449826e-01 3.9197197232726218e-04 3.9274299239584352e-04 9.3819406248106259e+02
3.7735977997206699e-01 4.0138797218998765e-04 4.0263599742824534e-04 9.3822005572559021e+02
3.8687648824139370e-01 4.1112191401109117e-04 4.1277821399396121e-04 9.3824624707802695e+02
3.9663320019179688e-01 4.2118453346287220e-04 4.2317591770426428e-04 9.3827263819568407e+02
4.0663596852188810e-01 4.3158692871983094e-04 4.3383554212795677e-04 9.3829923074985447e+02
4.1689099857444006e-01 4.4234057269896865e-04 4.4476368276467383e-04 9.3832602642592951e+02
4.2740465218594820e-01 4.5345732571339445e-04 4.5596710111804638e-04 9.3835302692352013e+02
4.3818345163327616e-01 4.6494944855319625e-04 4.6745272887123483e-04 9.3838023395657626e+02
4.4923408367983192e-01 4.7682961600800189e-04 4.7922767216739893e-04 9.3840764925350857e+02
4.6056340372378501e-01 4.8911093084614502e-04 4.9129921599774047e-04 9.3843527455731089e+02
4.7217844005089921e-01 5.0180693826585394e-04 5.0367482869981902e-04 9.3846311162568304e+02
4.8408639819461780e-01 5.1493164083440035e-04 5.1636216656890724e-04 9.3849116223115732e+02
4.9629466540610573e-01 5.2849951393168582e-04 5.2936907858522418e-04 9.3851942816122164e+02
5.0881081523702465e-01 5.4252552171529930e-04 5.4270361125995515e-04 9.3854791121844880e+02
5.2164261223788033e-01 5.5702513362465241e-04 5.5637401360303894e-04 9.3857661322062279e+02
5.3479801677485794e-01 5.7201434144239435e-04 5.7038874221577703e-04 9.3860553600086803e+02
5.4828518996813680e-01 5.8750967693192756e-04 5.8475646651140185e-04 9.3863468140777968e+02
5.6211249875474190e-01 6.0352823007047188e-04 5.9948607406680812e-04 9.3866405130555540e+02
5.7628852107907946e-01 6.2008766789779085e-04 6.1458667610874633e-04 9.3869364757412632e+02
5.9082205121437192e-01 6.3720625400136451e-04 6.3006761313784594e-04 9.3872347210929252e+02
6.0572210521829517e-01 6.5490286865950279e-04 6.4593846069393079e-04 9.3875352682285666e+02
6.2099792652620356e-01 6.7319702966461403e-04 6.6220903526617114e-04 9.3878381364275856e+02
6.3665899168541096e-01 6.9210891384959429e-04 6.7888940035170341e-04 9.3881433451321584e+02
6.5271501623408490e-01 7.1165937934107928e-04 6.9598987266644697e-04 9.3884509139485795e+02
6.6917596072840391e-01 7.3186998856410493e-04 7.1352102851193343e-04 9.3887608626486895e+02
6.8605203692171235e-01 7.5276303202354358e-04 7.3149371030206136e-04 9.3890732111712657e+02
7.0335371409950953e-01 7.7436155288854863e-04 7.4991903325379126e-04 9.3893879796234432e+02
7.2109172557420331e-01 7.9668937240712223e-04 7.6880839224589131e-04 9.3897051882821518e+02
7.3927707534365439e-01 8.1977111617883322e-04 7.8817346884994908e-04 9.3900248575955482e+02
7.5792104491764400e-01 8.4363224131466354e-04 8.0802623853796899e-04 9.3903470081844932e+02
7.7703520031650086e-01 8.6829906451393792e-04 8.2837897807098884e-04 9.3906716608439990e+02
7.9663139924622606e-01 8.9379879108930367e-04 8.4924427307324964e-04 9.3909988365447202e+02
8.1672179845457060e-01 9.2015954497177163e-04 8.7063502579657508e-04 9.3913285564344551e+02
8.3731886127262556e-01 9.4741039972891055e-04 8.9256446307973199e-04 9.3916608418396424e+02
8.5843536534660569e-01 9.7558141063040717e-04 9.1504614450765680e-04 9.3919957142668977e+02
8.8008441056462350e-01 1.0047036477963567e-03 9.3809397077556625e-04 9.3923331954045307e+02
9.0227942718336840e-01 1.0348092304648426e-03 9.6172219226308309e-04 9.3926733071241006e+02
9.2503418415973426e-01 1.0659313624165985e-03 9.8594541782364375e-04 9.3930160714819874e+02
9.4836279769256615e-01 1.0981043685958291e-03 1.0107786237945934e-03 9.3933615107209448e+02
9.7227973997981998e-01 1.1313637329675688e-03 1.0362371632334862e-03 9.3937096472717167e+02
9.9679984819657208e-01 1.1657461376533400e-03 1.0623367753862759e-03 9.3940605037546163e+02
1.0219383336994468e+00 1.2012895033882726e-03 1.0890935953932006e-03 9.3944141029811692e+02
1.0477107914631743e+00 1.2380330313443045e-03 1.1165241642383300e-03 9.3947704679557035e+02
1.0741332097551253e+00 1.2760172463655841e-03 1.1446454389488628e-03 9.3951296218770392e+02
1.1012219800538348e+00 1.3152840416637724e-03 1.1734748030504598e-03 9.3954915881401246e+02
1.1289939072176636e+00 1.3558767250225335e-03 1.2030300772850121e-03 9.3958563903377194e+02
1.1574662199098993e+00 1.3978400665621638e-03 1.2333295305974241e-03 9.3962240522620777e+02
1.1866565812867744e+00 1.4412203481170545e-03 1.2643918913981594e-03 9.3965945979066487e+02
1.2165830999550300e+00 1.4860654142804456e-03 1.2962363591084538e-03 9.3969680514678180e+02
1.2472643412058126e+00 1.5324247251727499e-03 1.3288826159952812e-03 9.3973444373465998e+02
1.2787193385318876e+00 1.5803494109916721e-03 1.3623508393033276e-03 9.3977237801504396e+02
1.3109676054353061e+00 1.6298923284042718e-03 1.3966617136914282e-03 9.3981061046949378e+02
1.3440291475328481e+00 1.6811081188431633e-03 1.4318364439810751e-03 9.3984914360056462e+02
1.3779244749667592e+00 1.7340532687711593e-03 1.4678967682248347e-03 9.3988797993198580e+02
1.4126746151284759e+00 1.7887861719808195e-03 1.5048649711026740e-03 9.3992712200884273e+02
1.4483011257032286e+00 1.8453671939976048e-03 1.5427638976544128e-03 9.3996657239775936e+02
1.4848261080436231e+00 1.9038587386576889e-03 1.5816169673567298e-03 9.4000633368708202e+02
1.5222722208804949e+00 1.9643253169338432e-03 1.6214481885533430e-03 9.4004640848706583e+02
1.5606626943795312e+00 2.0268336180852961e-03 1.6622821732472073e-03 9.4008679943006291e+02
1.6000213445523996e+00 2.0914525832100607e-03 1.7041441522638119e-03 9.4012750917071060e+02
1.6403725880313107e+00 2.1582534812808396e-03 1.7470599907948531e-03 9.4016854038612348e+02
1.6817414572161775e+00 2.2273099877483547e-03 1.7910562043318141e-03 9.4020989577608532e+02
1.7241536158037822e+00 2.2986982657988266e-03 1.8361599749992178e-03 9.4025157806324398e+02
1.7676353747085700e+00 2.3724970503551908e-03 1.8823991682975589e-03 9.4029358999330600e+02
1.8122137083849592e+00 2.4487877349147263e-03 1.9298023502661687e-03 9.4033593433523686e+02
1.8579162715612763e+00 2.5276544613188328e-03 1.9783988050765225e-03 9.4037861388145905e+02
1.9047714163957163e+00 2.6091842125540070e-03 2.0282185530667803e-03 9.4042163144805261e+02
1.9528082100649629e+00 2.6934669086863469e-03 2.0792923692285904e-03 9.4046498987496068e+02
2.0020564527963693e+00 2.7805955060353780e-03 2.1316518021574781e-03 9.4050869202619208e+02
2.0525466963549071e+00 2.8706660996966147e-03 2.1853291934784348e-03 9.4055274079002811e+02
2.1043102629963388e+00 2.9637780295259089e-03 2.2403576977585871e-03 9.4059713907923333e+02
2.1573792648983670e+00 3.0600339897024730e-03 2.2967713029191346e-03 9.4064188983126417e+02
2.2117866240818276e+00 3.1595401419914227e-03 2.3546048511590683e-03 9.4068699600848026e+02
2.2675660928342847e+00 3.2624062328307840e-03 2.4138940604034593e-03 9.4073246059836117e+02
2.3247522746486751e+00 3.3687457143720314e-03 2.4746755462894342e-03 9.4077828661372064e+02
2.3833806456900262e+00 3.4786758696077370e-03 2.5369868447033235e-03 9.4082447709292489e+02
2.4434875768035398e+00 3.5923179417242847e-03 2.6008664348827404e-03 9.4087103510011286e+02
2.5051103560776977e+00 3.7097972678223129e-03 2.6663537630977306e-03 9.4091796372541705e+02
2.5682872119763975e+00 3.8312434171524001e-03 2.7334892669254873e-03 9.4096526608518923e+02
2.6330573370544625e+00 3.9567903340184283e-03 2.8023144001334747e-03 9.4101294532222346e+02
2.6994609122712299e+00 4.0865764855062348e-03 2.8728716581861587e-03 9.4106100460598759e+02
2.7675391319173115e+00 4.2207450142004903e-03 2.9452046043909720e-03 9.4110944713285005e+02
2.8373342291699988e+00 4.3594438960582642e-03 3.0193578966994862e-03 9.4115827612631244e+02
2.9088895022931300e+00 4.5028261036133190e-03 3.0953773151801488e-03 9.4120749483724444e+02
2.9822493414977203e+00 4.6510497746912278e-03 3.1733097901794258e-03 9.4125710654411898e+02
3.0574592564799863e+00 4.8042783868213427e-03 3.2532034311885298e-03 9.4130711455325002e+02
3.1345659046538499e+00 4.9626809375379541e-03 3.3351075564333620e-03 9.4135752219903497e+02
3.2136171200954564e+00 5.1264321307695534e-03 3.4190727232057934e-03 9.4140833284419443e+02
3.2946619432176392e+00 5.2957125695217355e-03 3.5051507589547708e-03 9.4145954988001768e+02
3.3777506511927617e+00 5.4707089550662521e-03 3.5933947931562622e-03 9.4151117672661053e+02
3.4629347891427829e+00 5.6516142928559124e-03 3.6838592899814978e-03 9.4156321683314343e+02
3.5502672021159229e+00 5.8386281053924250e-03 3.7766000817834669e-03 9.4161567367810233e+02
3.6398020678697591e+00 6.0319566522820051e-03 3.8716744034221207e-03 9.4166855076954243e+02
3.7315949304810658e+00 6.2318131577213491e-03 3.9691409274492098e-03 9.4172185164534380e+02
3.8257027348032837e+00 6.4384180456649757e-03 4.0690598001742670e-03 9.4177557987347063e+02
3.9221838617929792e+00 6.6519991829332584e-03 4.1714926786337531e-03 9.4182973905222934e+02
4.0210981647271931e+00 6.8727921305292462e-03 4.2765027684858823e-03 9.4188433281053301e+02
4.1225070063341755e+00 7.1010404034415157e-03 4.3841548628543083e-03 9.4193936480816558e+02
4.2264732968605330e+00 7.3369957392195630e-03 4.4945153821443415e-03 9.4199483873604947e+02
4.3330615330983715e+00 7.5809183756179064e-03 4.6076524148559676e-03 9.4205075831651584e+02
4.4423378383967016e+00 7.8330773376152109e-03 4.7236357594186203e-03 9.4210712730357488e+02
4.5543700036818908e+00 8.0937507341249243e-03 4.8425369670731617e-03 9.4216394948319362e+02
4.6692275295126020e+00 8.3632260647246576e-03 4.9644293858272454e-03 9.4222122867357052e+02
4.7869816691953453e+00 8.6418005367426658e-03 5.0893882055108820e-03 9.4227896872541567e+02
4.9077054729873639e+00 8.9297813930511206e-03 5.2174905039596309e-03 9.4233717352223402e+02
5.0314738334142657e+00 9.2274862509276433e-03 5.3488152943536003e-03 9.4239584698060833e+02
5.1583635317305472e+00 9.5352434523589460e-03 5.4834435737410930e-03 9.4245499305048827e+02
5.2884532855518147e+00 9.8533924261728495e-03 5.6214583727764861e-03 9.4251461571547827e+02
5.4218237976882291e+00 1.0182284062398078e-02 5.7629448067025926e-03 9.4257471899313225e+02
5.5585578062095156e+00 1.0522281099264771e-02 5.9079901276086347e-03 9.4263530693524797e+02
5.6987401357725673e+00 1.0873758523272516e-02 6.0566837779956360e-03 9.4269638362816204e+02
5.8424577502434731e+00 1.1237103982767078e-02 6.2091174456817772e-03 9.4275795319305462e+02
5.9897998066466487e+00 1.1612718215482078e-02 6.3653851200812725e-03 9.4282001978625067e+02
6.1408577104745143e+00 1.2001015490517072e-02 6.5255831498909371e-03 9.4288258759952589e+02
6.2957251723920455e+00 1.2402424065239554e-02 6.6898103022196139e-03 9.4294566086041482e+02
6.4544982663713437e+00 1.2817386657614713e-02 6.8581678231963783e-03 9.4300924383252311e+02
6.6172754892923376e+00 1.3246360934484004e-02 7.0307595000944747e-03 9.4307334081584281e+02
6.7841578220465681e+00 1.3689820016331001e-02 7.2076917250087739e-03 9.4313795614706646e+02
6.9552487921819326e+00 1.4148252999091178e-02 7.3890735601253891e-03 9.4320309419991167e+02
7.1306545381273043e+00 1.4622165493581250e-02 7.5750168046233119e-03 9.4326875938543924e+02
7.3104838750368497e+00 1.5112080183142983e-02 7.7656360632486097e-03 9.4333495615238314e+02
7.4948483622948538e+00 1.5618537400116388e-02 7.9610488166029485e-03 9.4340168898747618e+02
7.6838623727229916e+00 1.6142095721778261e-02 8.1613754931891356e-03 9.4346896241578509e+02
7.8776431635329578e+00 1.6683332586403306e-02 8.3667395432575568e-03 9.4353678100104173e+02
8.0763109490684197e+00 1.7242844930127118e-02 8.5772675144982179e-03 9.4360514934598393e+02
8.2799889753815101e+00 1.7821249845313719e-02 8.7930891296245581e-03 9.4367407209269572e+02
8.4888035966900670e+00 1.8419185261153569e-02 9.0143373658960746e-03 9.4374355392295172e+02
8.7028843537630411e+00 1.9037310647242709e-02 9.2411485366280834e-03 9.4381359955856135e+02
8.9223640542827436e+00 1.9676307740919077e-02 9.4736623747380469e-03 9.4388421376172550e+02
9.1473788552337680e+00 2.0336881299158255e-02 9.7120221183793730e-03 9.4395540133538395e+02
9.3780683473696556e+00 2.1019759875857608e-02 9.9563745987144292e-03 9.4402716712357596e+02
9.6145756418098074e+00 2.1725696625366608e-02 1.0206870329880298e-02 9.4409951601179841e+02
9.8570474588202259e+00 2.2455470133148980e-02 1.0463663601201606e-02 9.4417245292737164e+02
1.0105634218833297e+01 2.3209885274493310e-02 1.0726912571706651e-02 9.4424598283980345e+02
1.0360490135762975e+01 2.3989774102218902e-02 1.0996779367003927e-02 9.4432011076116055e+02
1.0621773312673328e+01 2.4795996764356038e-02 1.1273430178577929e-02 9.4439484174644349e+02
1.0889645839859748e+01 2.5629442452812776e-02 1.1557035365564452e-02 9.4447018089396079e+02
1.1164273895403729e+01 2.6491030384074653e-02 1.1847769559067035e-02 9.4454613334571241e+02
1.1445827848263471e+01 2.7381710813018548e-02 1.2145811769077780e-02 9.4462270428777117e+02
1.1734482363964437e+01 2.8302466080959467e-02 1.2451345494067447e-02 9.4469989895066988e+02
1.2030416512955291e+01 2.9254311699085586e-02 1.2764558833311053e-02 9.4477772260979646e+02
1.2333813881696502e+01 3.0238297468476852e-02 1.3085644602017226e-02 9.4485618058578405e+02
1.2644862686550486e+01 3.1255508637942138e-02 1.3414800449330850e-02 9.4493527824491287e+02
1.2963755890544043e+01 3.2307067100952359e-02 1.3752228979280700e-02 9.4501502099950812e+02
1.3290691323075318e+01 3.3394132632988995e-02 1.4098137874744936e-02 9.4509541430834997e+02
1.3625871802639789e+01 3.4517904170673436e-02 1.4452740024509903e-02 9.4517646367707982e+02
1.3969505262651261e+01 3.5679621134087472e-02 1.4816253653498828e-02 9.4525817465861576e+02
1.4321804880435959e+01 3.6880564793743388e-02 1.5188902456249377e-02 9.4534055285356794e+02
1.4682989209479752e+01 3.8122059683711428e-02 1.5570915733720728e-02 9.4542360391066097e+02
1.5053282315010595e+01 3.9405475062463217e-02 1.5962528533513019e-02 9.4550733352715724e+02
1.5432913913000121e+01 4.0732226423041869e-02 1.6363981793583723e-02 9.4559174744928782e+02
1.5822119512670888e+01 4.2103777054225119e-02 1.6775522489548205e-02 9.4567685147268185e+02
1.6221140562597451e+01 4.3521639654402665e-02 1.7197403785653122e-02 9.4576265144280649e+02
1.6630224600492031e+01 4.4987377999948057e-02 1.7629885189514145e-02 9.4584915325540612e+02
1.7049625406767621e+01 4.6502608669924894e-02 1.8073232710711366e-02 9.4593636285694902e+02
1.7479603161973845e+01 4.8069002829029782e-02 1.8527719023338298e-02 9.4602428624507309e+02
1.7920424608203277e+01 4.9688288070738627e-02 1.8993623632602503e-02 9.4611292946904393e+02
1.8372363214568161e+01 5.1362250322688263e-02 1.9471233045578528e-02 9.4620229863020711e+02
1.8835699346850458e+01 5.3092735816396078e-02 1.9960840946216179e-02 9.4629239988245354e+02
1.9310720441430263e+01 5.4881653123489124e-02 2.0462748374709756e-02 9.4638323943268608e+02
1.9797721183600562e+01 5.6730975260688966e-02 2.0977263911336554e-02 9.4647482354128590e+02
2.0297003690378936e+01 5.8642741865873552e-02 2.1504703864875289e-02 9.4656715852259231e+02
2.0808877697929724e+01 6.0619061447616800e-02 2.2045392465718502e-02 9.4666025074537788e+02
2.1333660753712607e+01 6.2662113710685544e-02 2.2599662063794771e-02 9.4675410663333514e+02
2.1871678413477241e+01 6.4774151960060436e-02 2.3167853331420657e-02 9.4684873266556349e+02
2.2423264443225836e+01 6.6957505586130908e-02 2.3750315471204240e-02 9.4694413537706237e+02
2.2988761026269064e+01 6.9214582633805533e-02 2.4347406429125574e-02 9.4704032135923012e+02
2.3568518975503764e+01 7.1547872458371520e-02 2.4959493112922553e-02 9.4713729726036399e+02
2.4162897951044201e+01 7.3959948471032461e-02 2.5586951615913591e-02 9.4723506978616865e+02
2.4772266683341595e+01 7.6453470977151619e-02 2.6230167446391700e-02 9.4733364570026833e+02
2.5397003201930769e+01 7.9031190110332522e-02 2.6889535762728494e-02 9.4743303182472027e+02
2.6037495069945489e+01 8.1695948865571646e-02 2.7565461614329018e-02 9.4753323504054219e+02
2.6694139624548122e+01 8.4450686234829181e-02 2.8258360188582937e-02 9.4763426228823243e+02
2.7367344223422691e+01 8.7298440448475720e-02 2.8968657063960079e-02 9.4773612056830552e+02
2.8057526497484432e+01 9.0242352326190531e-02 2.9696788469403008e-02 9.4783881694182651e+02
2.8765114609962211e+01 9.3285668741005898e-02 3.0443201550172015e-02 9.4794235853095279e+02
2.9490547522015063e+01 9.6431746200319662e-02 3.1208354640302846e-02 9.4804675251948083e+02
3.0234275265047216e+01 9.9684054547824336e-02 3.1992717541840403e-02 9.4815200615339973e+02
3.0996759219890723e+01 1.0304618079043631e-01 3.2796771811016485e-02 9.4825812674144618e+02
3.1778472403028847e+01 1.0652183305444531e-01 3.3621011051543241e-02 9.4836512165566580e+02
3.2579899760037726e+01 1.1011484467524796e-01 3.4465941215198255e-02 9.4847299833198338e+02
3.3401538466428583e+01 1.1382917842517641e-01 3.5332080909882081e-02 9.4858176427077638e+02
3.4243898236076603e+01 1.1766893088408306e-01 3.6219961715332594e-02 9.4869142703745013e+02
3.5107501637428435e+01 1.2163833695750435e-01 3.7130128506685831e-02 9.4880199426302568e+02
3.5992884417684060e+01 1.2574177454738489e-01 3.8063139786077324e-02 9.4891347364472699e+02
3.6900595835154284e+01 1.2998376938051404e-01 3.9019568022482493e-02 9.4902587294657735e+02
3.7831198999999998e+01 1.3436899999999999e-01 4.0000000000000001e-02 9.4914101400000004e+02
4.2996681000000002e+01 1.6862099999999999e-01 4.5440000000000001e-02 9.4994244700000002e+02
4.8166497000000000e+01 2.0687800000000001e-01 5.0880000000000002e-02 9.5073636699999997e+02
5.3340617000000002e+01 2.4931400000000001e-01 5.6320000000000002e-02 9.5152755000000002e+02
5.8519041000000001e+01 2.9624699999999998e-01 6.1760000000000002e-02 9.5232187199999998e+02
6.3701805999999998e+01 3.4815800000000002e-01 6.7199999999999996e-02 9.5312624000000005e+02
6.8888985000000005e+01 4.0569699999999997e-01 7.2639999999999996e-02 9.5394839500000000e+02
7.4080698999999996e+01 4.6968799999999999e-01 7.8079999999999997e-02 9.5479667600000005e+02
7.9277112000000002e+01 5.4111699999999996e-01 8.3519999999999997e-02 9.5567978500000004e+02
8.4478437999999997e+01 6.2112800000000001e-01 8.8959999999999997e-02 9.5660659099999998e+02
8.9684938000000002e+01 7.1101099999999995e-01 9.4399999999999998e-02 9.5758595900000000e+02
9.4896923000000001e+01 8.1218400000000002e-01 9.9839999999999998e-02 9.5862661800000001e+02
1.0011474900000000e+02 9.2618400000000001e-01 1.0528000000000000e-01 9.5973705399999994e+02
1.0533880800000000e+02 1.0535300000000001e+00 1.1072000000000000e-01 9.6091519700000003e+02
1.1056939100000000e+02 1.1928570000000001e+00 1.1616000000000000e-01 9.6214230199999997e+02
1.1580685000000000e+02 1.3482950000000000e+00 1.2160000000000000e-01 9.6344864600000005e+02
1.2105165700000001e+02 1.5224640000000000e+00 1.2703999999999999e-01 9.6484840099999997e+02
1.2630435000000000e+02 1.7176469999999999e+00 1.3247999999999999e-01 9.6635134000000005e+02
1.3156551099999999e+02 1.9360189999999999e+00 1.3791999999999999e-01 9.6796524399999998e+02
1.3683576199999999e+02 2.1796989999999998e+00 1.4335999999999999e-01 9.6969661699999995e+02
1.4211575700000000e+02 2.4507770000000000e+00 1.4879999999999999e-01 9.7155100100000004e+02
1.4740618000000001e+02 2.7513100000000001e+00 1.5423999999999999e-01 9.7353315199999997e+02
1.5270773600000001e+02 3.0833279999999998e+00 1.5967999999999999e-01 9.7564715000000001e+02
1.5802115300000000e+02 3.4488319999999999e+00 1.6511999999999999e-01 9.7789647600000001e+02
1.6334717499999999e+02 3.8497859999999999e+00 1.7055999999999999e-01 9.8028406900000004e+02
1.6868656200000001e+02 4.2881169999999997e+00 1.7599999999999999e-01 9.8281237499999997e+02
1.7404008400000001e+02 4.7657140000000000e+00 1.8143999999999999e-01 9.8548338500000000e+02
1.7940852300000000e+02 5.2844170000000004e+00 1.8687999999999999e-01 9.8829867200000001e+02
1.8479266600000000e+02 5.8460190000000001e+00 1.9231999999999999e-01 9.9125941799999998e+02
1.9019330900000000e+02 6.4522649999999997e+00 1.9775999999999999e-01 9.9436644300000000e+02
1.9561124699999999e+02 7.1048410000000004e+00 2.0319999999999999e-01 9.9762023499999998e+02
2.0104728100000000e+02 7.8053809999999997e+00 2.0863999999999999e-01 1.0010209680000000e+03
2.0650220999999999e+02 8.5554590000000008e+00 2.1407999999999999e-01 1.0045685300000000e+03
2.1197683200000000e+02 9.3565889999999996e+00 2.1951999999999999e-01 1.0082625370000000e+03
2.1747194200000001e+02 1.0210224999999999e+01 2.2495999999999999e-01 1.0121023590000000e+03
2.2298833099999999e+02 1.1117755000000001e+01 2.3039999999999999e-01 1.0160871360000000e+03
2.2852678599999999e+02 1.2080508000000000e+01 2.3583999999999999e-01 1.0202157920000000e+03
2.3408808500000001e+02 1.3099743000000000e+01 2.4127999999999999e-01 1.0244870539999999e+03
2.3967300200000000e+02 1.4176657000000001e+01 2.4671999999999999e-01 1.0288994680000001e+03
2.4528229899999999e+02 1.5312381000000000e+01 2.5216000000000000e-01 1.0334514090000000e+03
2.5091673100000000e+02 1.6507977000000000e+01 2.5760000000000000e-01 1.0381410940000001e+03
2.5657704400000000e+02 1.7764444000000001e+01 2.6304000000000000e-01 1.0429665990000001e+03
2.6226396899999997e+02 1.9082711000000000e+01 2.6848000000000000e-01 1.0479258669999999e+03
2.6797823000000000e+02 2.0463643999999999e+01 2.7392000000000000e-01 1.0530167190000000e+03
2.7372053599999998e+02 2.1908038000000001e+01 2.7936000000000000e-01 1.0582368640000000e+03
2.7949158399999999e+02 2.3416627999999999e+01 2.8480000000000000e-01 1.0635839109999999e+03
2.8529205899999999e+02 2.4990079000000001e+01 2.9024000000000000e-01 1.0690553780000000e+03
2.9112262900000002e+02 2.6628993000000001e+01 2.9568000000000000e-01 1.0746487010000001e+03
2.9698395199999999e+02 2.8333908000000001e+01 3.0112000000000000e-01 1.0803612410000001e+03
3.0287666899999999e+02 3.0105301999999998e+01 3.0656000000000000e-01 1.0861902960000000e+03
3.0880140599999999e+02 3.1943587999999998e+01 3.1200000000000000e-01 1.0921331090000001e+03
3.1475877500000001e+02 3.3849119999999999e+01 3.1744000000000000e-01 1.0981868750000001e+03
3.2074937100000000e+02 3.5822195000000001e+01 3.2288000000000000e-01 1.1043487459999999e+03
3.2677377600000000e+02 3.7863050999999999e+01 3.2832000000000000e-01 1.1106158479999999e+03
3.3283255400000002e+02 3.9971874000000000e+01 3.3376000000000000e-01 1.1169852780000001e+03
3.3892625399999997e+02 4.2148794000000002e+01 3.3920000000000000e-01 1.1234541180000001e+03
3.4505540800000000e+02 4.4393891000000004e+01 3.4464000000000000e-01 1.1300194389999999e+03
3.5122053499999998e+02 4.6707197999999998e+01 3.5008000000000000e-01 1.1366783109999999e+03
3.5742213500000003e+02 4.9088697000000003e+01 3.5552000000000000e-01 1.1434278050000000e+03
3.6365926999999999e+02 5.1268439000000001e+01 3.6096000000000000e-01 1.1495133539999999e+03
3.6992745700000000e+02 5.3267567999999997e+01 3.6640000000000000e-01 1.1550100060000000e+03
3.7622496999999998e+02 5.5225985999999999e+01 3.7184000000000000e-01 1.1603152090000001e+03
3.8255102199999999e+02 5.7171852000000001e+01 3.7728000000000000e-01 1.1655097900000001e+03
3.8890512100000001e+02 5.9118166000000002e+01 3.8272000000000000e-01 1.1706311570000000e+03
3.9528693399999997e+02 6.1072381999999998e+01 3.8816000000000001e-01 1.1757007269999999e+03
4.0169621599999999e+02 6.3039290000000001e+01 3.9360000000000001e-01 1.1807321999999999e+03
4.0813214599999998e+02 6.4866495999999998e+01 3.9904000000000001e-01 1.1853431720000001e+03
4.1459177699999998e+02 6.6570787999999993e+01 4.0448000000000001e-01 1.1895848280000000e+03
4.2107430199999999e+02 6.8274806999999996e+01 4.0992000000000001e-01 1.1937690860000000e+03
4.2757951800000001e+02 6.9991911000000002e+01 4.1536000000000001e-01 1.1979298759999999e+03
4.3410733800000003e+02 7.1727458999999996e+01 4.2080000000000001e-01 1.2020806310000000e+03
4.4065772800000002e+02 7.3484335000000002e+01 4.2624000000000001e-01 1.2062284259999999e+03
4.4723068499999999e+02 7.5264341000000002e+01 4.3168000000000001e-01 1.2103775390000001e+03
4.5382622300000003e+02 7.7068707000000003e+01 4.3712000000000001e-01 1.2145307680000001e+03
4.6044437099999999e+02 7.8898325000000000e+01 4.4256000000000001e-01 1.2186900400000000e+03
4.6708516600000002e+02 8.0753872000000001e+01 4.4800000000000001e-01 1.2228567320000000e+03
4.7374865100000000e+02 8.2635883000000007e+01 4.5344000000000001e-01 1.2270318450000000e+03
4.8043487299999998e+02 8.4544784000000007e+01 4.5888000000000001e-01 1.2312161189999999e+03
4.8714388500000001e+02 8.6480930000000001e+01 4.6432000000000001e-01 1.2354101029999999e+03
4.9387573900000001e+02 8.8444615999999996e+01 4.6976000000000001e-01 1.2396142050000001e+03
5.0063049300000000e+02 9.0436093000000000e+01 4.7520000000000001e-01 1.2438287210000001e+03
5.0740820300000001e+02 9.2455573999999999e+01 4.8064000000000001e-01 1.2480538630000001e+03
5.1420892700000002e+02 9.4503246000000004e+01 4.8608000000000001e-01 1.2522897750000000e+03
5.2103272600000003e+02 9.6579267999999999e+01 4.9152000000000001e-01 1.2565365469999999e+03
5.2787965599999995e+02 9.8683781999999994e+01 4.9696000000000001e-01 1.2607942240000000e+03
5.3474977899999999e+02 1.0081691100000000e+02 5.0239999999999996e-01 1.2650628160000001e+03
5.4164315299999998e+02 1.0297876300000000e+02 5.0783999999999996e-01 1.2693423000000000e+03
5.4855983800000001e+02 1.0516943200000000e+02 5.1327999999999996e-01 1.2736326300000001e+03
5.5549989200000005e+02 1.0738900200000000e+02 5.1871999999999996e-01 1.2779337399999999e+03
5.6246337400000004e+02 1.0963754500000000e+02 5.2415999999999996e-01 1.2822455440000001e+03
5.6945034199999998e+02 1.1191512500000000e+02 5.2959999999999996e-01 1.2865679419999999e+03
5.7646085300000004e+02 1.1422179800000001e+02 5.3503999999999996e-01 1.2909008200000001e+03
5.8349496299999998e+02 1.1655761000000000e+02 5.4047999999999996e-01 1.2952440549999999e+03
5.9055272900000000e+02 1.1892260200000000e+02 5.4591999999999996e-01 1.2995975129999999e+03
5.9763420699999995e+02 1.2131680700000000e+02 5.5135999999999996e-01 1.3039610540000001e+03
6.0473945000000003e+02 1.2374025399999999e+02 5.5679999999999996e-01 1.3083345290000000e+03
6.1186851200000001e+02 1.2619296400000000e+02 5.6223999999999996e-01 1.3127177850000000e+03
6.1902144599999997e+02 1.2867495500000001e+02 5.6767999999999996e-01 1.3171106640000000e+03
6.2619830300000001e+02 1.3118623800000000e+02 5.7311999999999996e-01 1.3215130030000000e+03
6.3339913600000000e+02 1.3372682200000000e+02 5.7855999999999996e-01 1.3259246370000001e+03
6.4062399300000004e+02 1.3629670899999999e+02 5.8399999999999996e-01 1.3303453970000000e+03
6.4787292500000001e+02 1.3889589799999999e+02 5.8943999999999996e-01 1.3347751140000000e+03
6.5514597900000001e+02 1.4152438599999999e+02 5.9487999999999996e-01 1.3392136140000000e+03
6.6244320300000004e+02 1.4418216300000000e+02 6.0031999999999996e-01 1.3436607230000000e+03
6.6976464299999998e+02 1.4686921899999999e+02 6.0575999999999997e-01 1.3481162680000000e+03
6.7711034400000005e+02 1.4958553699999999e+02 6.1119999999999997e-01 1.3525800720000000e+03
6.8448035200000004e+02 1.5233110099999999e+02 6.1663999999999997e-01 1.3570519600000000e+03
6.9187470800000006e+02 1.5510588799999999e+02 6.2207999999999997e-01 1.3615317560000001e+03
6.9929345699999999e+02 1.5790987600000000e+02 6.2751999999999997e-01 1.3660192850000001e+03
7.0673663999999997e+02 1.6074303800000001e+02 6.3295999999999997e-01 1.3705143700000001e+03
7.1420429600000000e+02 1.6360534400000000e+02 6.3839999999999997e-01 1.3750168369999999e+03
7.2169646699999998e+02 1.6649676400000001e+02 6.4383999999999997e-01 1.3795265119999999e+03
7.2921319000000005e+02 1.6941726399999999e+02 6.4927999999999997e-01 1.3840432209999999e+03
7.3675450400000000e+02 1.7236680799999999e+02 6.5471999999999997e-01 1.3885667920000001e+03
7.4432044499999995e+02 1.7534535800000000e+02 6.6015999999999997e-01 1.3930970540000001e+03
7.5191104900000005e+02 1.7835287400000001e+02 6.6559999999999997e-01 1.3976338360000000e+03
7.5952635199999997e+02 1.8138931400000001e+02 6.7103999999999997e-01 1.4021769700000000e+03
7.6716638699999999e+02 1.8445463400000000e+02 6.7647999999999997e-01 1.4067262890000000e+03
7.7483118800000000e+02 1.8754879000000000e+02 6.8191999999999997e-01 1.4112816250000001e+03
7.8252078600000004e+02 1.9067173299999999e+02 6.8735999999999997e-01 1.4158428160000001e+03
7.9023521400000004e+02 1.9382341600000001e+02 6.9279999999999997e-01 1.4204096979999999e+03
7.9797450100000003e+02 1.9700378799999999e+02 6.9823999999999997e-01 1.4249821090000000e+03
8.0573867800000005e+02 2.0021279699999999e+02 7.0367999999999997e-01 1.4295598920000000e+03
8.1352777300000002e+02 2.0345039100000000e+02 7.0911999999999997e-01 1.4341428870000000e+03
8.2134181400000000e+02 2.0671651499999999e+02 7.1455999999999997e-01 1.4387309390000000e+03
8.2918082900000002e+02 2.1001111499999999e+02 7.1999999999999997e-01 1.4433238950000000e+03
8.3704484200000002e+02 2.1333413200000001e+02 7.2543999999999997e-01 1.4479216010000000e+03
8.4493388100000004e+02 2.1668550999999999e+02 7.3087999999999997e-01 1.4525239070000000e+03
8.5284797000000003e+02 2.2006519000000000e+02 7.3631999999999997e-01 1.4571306660000000e+03
8.6078713100000004e+02 2.2347311099999999e+02 7.4175999999999997e-01 1.4617417300000000e+03
8.6875139000000001e+02 2.2690921299999999e+02 7.4719999999999998e-01 1.4663569540000001e+03
8.7674076600000001e+02 2.3037343500000000e+02 7.5263999999999998e-01 1.4709761970000000e+03
8.8475528299999996e+02 2.3386571300000000e+02 7.5807999999999998e-01 1.4755993169999999e+03
8.9279496099999994e+02 2.3738598400000001e+02 7.6351999999999998e-01 1.4802261759999999e+03
9.0085981900000002e+02 2.4093418399999999e+02 7.6895999999999998e-01 1.4848566360000000e+03
9.0894987700000001e+02 2.4451024799999999e+02 7.7439999999999998e-01 1.4894905630000001e+03
9.1706515400000001e+02 2.4811411000000001e+02 7.7983999999999998e-01 1.4941278239999999e+03
9.2520566699999995e+02 2.5174570499999999e+02 7.8527999999999998e-01 1.4987682870000001e+03
9.3337143400000002e+02 2.5540496500000000e+02 7.9071999999999998e-01 1.5034118240000000e+03
9.4156246999999996e+02 2.5909182199999998e+02 7.9615999999999998e-01 1.5080583070000000e+03
9.4977879099999996e+02 2.6280620900000002e+02 8.0159999999999998e-01 1.5127076119999999e+03
9.5802041299999996e+02 2.6654805800000003e+02 8.0703999999999998e-01 1.5173596140000000e+03
9.6628734999999995e+02 2.7031729899999999e+02 8.1247999999999998e-01 1.5220141920000001e+03
9.7457961499999999e+02 2.7411386199999998e+02 8.1791999999999998e-01 1.5266712279999999e+03
9.8289722099999994e+02 2.7793767900000000e+02 8.2335999999999998e-01 1.5313306020000000e+03
9.9124018100000001e+02 2.8178867800000000e+02 8.2879999999999998e-01 1.5359921999999999e+03
9.9960850700000003e+02 2.8566678999999999e+02 8.3423999999999998e-01 1.5406559070000001e+03
1.0080022100000000e+03 2.8957194299999998e+02 8.3967999999999998e-01 1.5453216120000000e+03
1.0164213000000000e+03 2.9350406700000002e+02 8.4511999999999998e-01 1.5499892030000001e+03
1.0248657870000000e+03 2.9746308900000002e+02 8.5055999999999998e-01 1.5546585729999999e+03
1.0333356819999999e+03 3.0144893800000000e+02 8.5599999999999998e-01 1.5593296150000001e+03
1.0418309910000000e+03 3.0546154300000001e+02 8.6143999999999998e-01 1.5640022250000000e+03
1.0503517240000001e+03 3.0950083100000001e+02 8.6687999999999998e-01 1.5686762980000001e+03
1.0588978890000001e+03 3.1356673100000000e+02 8.7231999999999998e-01 1.5733517340000001e+03
1.0674694919999999e+03 3.1765916900000002e+02 8.7775999999999998e-01 1.5780284340000001e+03
1.0760665409999999e+03 3.2177807500000000e+02 8.8319999999999999e-01 1.5827062980000001e+03
1.0846890410000001e+03 3.2592337400000002e+02 8.8863999999999999e-01 1.5873852330000000e+03
1.0933369970000001e+03 3.3009499499999998e+02 8.9407999999999999e-01 1.5920651419999999e+03
1.1020104150000000e+03 3.3429286600000000e+02 8.9951999999999999e-01 1.5967459340000000e+03
1.1107093000000000e+03 3.3851691399999999e+02 9.0495999999999999e-01 1.6014275180000000e+03
1.1194336550000000e+03 3.4276706600000000e+02 9.1039999999999999e-01 1.6061098039999999e+03
1.1281834850000000e+03 3.4704325100000000e+02 9.1583999999999999e-01 1.6107927060000000e+03
1.1369587910000000e+03 3.5134539699999999e+02 9.2127999999999999e-01 1.6154761360000000e+03
1.1457595770000000e+03 3.5567343099999999e+02 9.2671999999999999e-01 1.6201600120000001e+03
1.1545858450000001e+03 3.6002728200000001e+02 9.3215999999999999e-01 1.6248442520000001e+03
1.1634375970000001e+03 3.6440687900000000e+02 9.3759999999999999e-01 1.6295287740000001e+03
1.1723148340000000e+03 3.6881215099999997e+02 9.4303999999999999e-01 1.6342135000000001e+03
1.1812175569999999e+03 3.7324302799999998e+02 9.4847999999999999e-01 1.6388983530000000e+03
1.1901457660000001e+03 3.7769943799999999e+02 9.5391999999999999e-01 1.6435832579999999e+03
1.1990994610000000e+03 3.8218131399999999e+02 9.5935999999999999e-01 1.6482681419999999e+03
1.2080786430000001e+03 3.8668858699999998e+02 9.6479999999999999e-01 1.6529529339999999e+03
1.2170833110000001e+03 3.9122118799999998e+02 9.7023999999999999e-01 1.6576375650000000e+03
1.2261134629999999e+03 3.9577905199999998e+02 9.7567999999999999e-01 1.6623219680000000e+03
1.2351690970000000e+03 4.0036211200000002e+02 9.8111999999999999e-01 1.6670060800000001e+03
1.2442502130000000e+03 4.0497030699999999e+02 9.8655999999999999e-01 1.6716898400000000e+03
1.2533568090000001e+03 4.0960357499999998e+02 9.9199999999999999e-01 1.6763731880000000e+03
1.2624888810000000e+03 4.1426185700000002e+02 9.9743999999999999e-01 1.6810560730000000e+03
1.2716464269999999e+03 4.1894510000000002e+02 1.0028800000000000e+00 1.6857384440000001e+03
1.2808294440000000e+03 4.2365325600000000e+02 1.0083200000000001e+00 1.6904202580000001e+03
1.2900379290000001e+03 4.2838628399999999e+02 1.0137600000000000e+00 1.6951014840000000e+03
1.2992718800000000e+03 4.3314416000000000e+02 1.0192000000000001e+00 1.6997821019999999e+03
1.3085312910000000e+03 4.3792688500000003e+02 1.0246400000000000e+00 1.7044621199999999e+03
1.3178161610000000e+03 4.4273452099999997e+02 1.0300800000000001e+00 1.7091416059999999e+03
1.3271264870000000e+03 4.4756746500000003e+02 1.0355200000000000e+00 1.7138209480000000e+03
1.3364622700000000e+03 4.5242549300000002e+02 1.0409600000000001e+00 1.7184999330000001e+03
1.3458235020000000e+03 4.5730748000000000e+02 1.0464000000000000e+00 1.7231774860000000e+03
1.3552101769999999e+03 4.6221334999999999e+02 1.0518400000000001e+00 1.7278535509999999e+03
1.3646222860000000e+03 4.6714303000000001e+02 1.0572800000000000e+00 1.7325280729999999e+03
1.3740598210000001e+03 4.7209644700000001e+02 1.0627200000000001e+00 1.7372009980000000e+03
1.3835227729999999e+03 4.7707352600000002e+02 1.0681600000000000e+00 1.7418722730000000e+03
1.3930111320000001e+03 4.8207419499999997e+02 1.0736000000000001e+00 1.7465418480000001e+03
1.4025248899999999e+03 4.8709838100000002e+02 1.0790400000000000e+00 1.7512096710000001e+03
1.4120640360000000e+03 4.9214601099999999e+02 1.0844800000000001e+00 1.7558756930000000e+03
1.4216285610000000e+03 4.9721701200000001e+02 1.0899200000000000e+00 1.7605398660000001e+03
1.4312184549999999e+03 5.0231131299999998e+02 1.0953599999999999e+00 1.7652021410000000e+03
1.4408337059999999e+03 5.0742884199999997e+02 1.1008000000000000e+00 1.7698624729999999e+03
1.4504743050000000e+03 5.1256952799999999e+02 1.1062399999999999e+00 1.7745208160000000e+03
1.4601402399999999e+03 5.1773329899999999e+02 1.1116800000000000e+00 1.7791771249999999e+03
1.4698315009999999e+03 5.2292008399999997e+02 1.1171199999999999e+00 1.7838313559999999e+03
1.4795480749999999e+03 5.2812981400000001e+02 1.1225600000000000e+00 1.7884834670000000e+03
1.4892899510000000e+03 5.3336241700000005e+02 1.1279999999999999e+00 1.7931334150000000e+03
1.4990571179999999e+03 5.3861782400000004e+02 1.1334400000000000e+00 1.7977811600000000e+03
1.5088495630000000e+03 5.4389596500000005e+02 1.1388799999999999e+00 1.8024266620000001e+03
1.5186672730000000e+03 5.4919677100000001e+02 1.1443200000000000e+00 1.8070698809999999e+03
1.5285102370000000e+03 5.5452017300000000e+02 1.1497599999999999e+00 1.8117107779999999e+03
1.5383784410000001e+03 5.5986610099999996e+02 1.1552000000000000e+00 1.8163493160000000e+03
1.5482718740000000e+03 5.6523448900000005e+02 1.1606399999999999e+00 1.8209854580000001e+03
1.5581905200000001e+03 5.7062526600000001e+02 1.1660800000000000e+00 1.8256191670000001e+03
1.5681343680000000e+03 5.7603836699999999e+02 1.1715199999999999e+00 1.8302504090000000e+03
1.5781034030000001e+03 5.8147372299999995e+02 1.1769600000000000e+00 1.8348791490000001e+03
1.5880976129999999e+03 5.8693126600000005e+02 1.1823999999999999e+00 1.8395053530000000e+03
1.5981169820000000e+03 5.9241093100000001e+02 1.1878400000000000e+00 1.8441289870000001e+03
1.6081614970000001e+03 5.9791265099999998e+02 1.1932799999999999e+00 1.8487500199999999e+03
1.6182311440000001e+03 6.0343635800000004e+02 1.1987200000000000e+00 1.8533684189999999e+03
1.6283259080000000e+03 6.0898198800000000e+02 1.2041599999999999e+00 1.8579841540000000e+03
1.6384457760000000e+03 6.1454947500000003e+02 1.2096000000000000e+00 1.8625971930000001e+03
1.6485907310000000e+03 6.2013875299999995e+02 1.2150399999999999e+00 1.8672075090000001e+03
1.6587607590000000e+03 6.2574975800000004e+02 1.2204800000000000e+00 1.8718150700000001e+03
1.6689558450000000e+03 6.3138242400000001e+02 1.2259199999999999e+00 1.8764198500000000e+03
1.6791759740000000e+03 6.3703668800000003e+02 1.2313600000000000e+00 1.8810218190000001e+03
1.6894211299999999e+03 6.4271248400000002e+02 1.2367999999999999e+00 1.8856209520000000e+03
1.6996912980000000e+03 6.4840975000000003e+02 1.2422400000000000e+00 1.8902172210000001e+03
1.7099864630000000e+03 6.5412842100000000e+02 1.2476799999999999e+00 1.8948106000000000e+03
1.7203066080000001e+03 6.5986843599999997e+02 1.2531200000000000e+00 1.8994010639999999e+03
1.7306517180000001e+03 6.6562973000000000e+02 1.2585599999999999e+00 1.9039885890000000e+03
1.7410217760000000e+03 6.7141224099999999e+02 1.2640000000000000e+00 1.9085731490000001e+03
1.7514167660000001e+03 6.7721556999999996e+02 1.2694399999999999e+00 1.9131544570000001e+03
1.7618365630000001e+03 6.8297927500000003e+02 1.2748800000000000e+00 1.9176850430000000e+03
1.7722809090000001e+03 6.8872754799999996e+02 1.2803199999999999e+00 1.9221842509999999e+03
1.7827496799999999e+03 6.9447708699999998e+02 1.2857600000000000e+00 1.9266653679999999e+03
1.7932427909999999e+03 7.0023344999999995e+02 1.2911999999999999e+00 1.9311328610000000e+03
1.8037601740000000e+03 7.0599962800000003e+02 1.2966400000000000e+00 1.9355891569999999e+03
1.8143017729999999e+03 7.1177751699999999e+02 1.3020799999999999e+00 1.9400358080000001e+03
1.8248675390000001e+03 7.1756842600000004e+02 1.3075200000000000e+00 1.9444739000000000e+03
1.8354574270000001e+03 7.2337331800000004e+02 1.3129599999999999e+00 1.9489042360000001e+03
1.8460713969999999e+03 7.2919292399999995e+02 1.3184000000000000e+00 1.9533274380000000e+03
1.8567094110000000e+03 7.3502782100000002e+02 1.3238399999999999e+00 1.9577440010000000e+03
1.8673714350000000e+03 7.4087846999999999e+02 1.3292800000000000e+00 1.9621543270000000e+03
1.8780574349999999e+03 7.4674525000000006e+02 1.3347199999999999e+00 1.9665587519999999e+03
1.8887673800000000e+03 7.5262847399999998e+02 1.3401600000000000e+00 1.9709575570000000e+03
1.8995012400000001e+03 7.5852840400000002e+02 1.3455999999999999e+00 1.9753509830000000e+03
1.9102589869999999e+03 7.6444526299999995e+02 1.3510400000000000e+00 1.9797392390000000e+03
1.9210405929999999e+03 7.7037923999999998e+02 1.3564799999999999e+00 1.9841225059999999e+03
1.9318460299999999e+03 7.7633049700000004e+02 1.3619200000000000e+00 1.9885009430000000e+03
1.9426752739999999e+03 7.8229917499999999e+02 1.3673599999999999e+00 1.9928746930000000e+03
1.9535282999999999e+03 7.8828539599999999e+02 1.3728000000000000e+00 1.9972438800000000e+03
1.9644050810000001e+03 7.9428926300000001e+02 1.3782399999999999e+00 2.0016086170000001e+03
1.9753055959999999e+03 8.0031086900000003e+02 1.3836800000000000e+00 2.0059690060000000e+03
1.9862298189999999e+03 8.0635029399999996e+02 1.3891199999999999e+00 2.0103251379999999e+03
1.9971777290000000e+03 8.1240760699999998e+02 1.3945600000000000e+00 2.0146770959999999e+03
2.0081493029999999e+03 8.1848286800000005e+02 1.3999999999999999e+00 2.0190249560000000e+03
