# epsilon[MeV/fm^3] P[MeV/fm^3] nB[fm^-3] muB[MeV]
4.3514892049562272e-07 9.0000000794219998e-12 4.6796200000000002e-10 9.2990010724260003e+02
5.4394952759824855e-07 1.2854500250148002e-11 5.8496400000000005e-10 9.2990743275720001e+02
6.8239664606092796e-07 1.8414700022552000e-11 7.3384599999999997e-10 9.2991587774760001e+02
8.5763463874259032e-07 2.6380199998860002e-11 9.2229000000000003e-10 9.2992551188760001e+02
1.0799253715994732e-06 3.7791099667920001e-11 1.1613300000000000e-09 9.2993648532329996e+02
1.3625442882637764e-06 5.4137899979800000e-11 1.4652400000000000e-09 9.2994894782519998e+02
1.7226605254650248e-06 7.7555599791040007e-11 1.8524800000000000e-09 9.2996308925910000e+02
2.1826057027272589e-06 1.1110299984364001e-10 2.3470600000000000e-09 9.2997909967860005e+02
2.7713348204539073e-06 1.5916099965360000e-10 2.9801100000000000e-09 9.2999716876169998e+02
3.5266032513682487e-06 2.2800800111288001e-10 3.7922200000000000e-09 9.3001754656409992e+02
4.4975537964996660e-06 3.2663399940042002e-10 4.8362200000000001e-09 9.3004045271789994e+02
4.5807460305493105e-06 3.3555999792714001e-10 4.9256699999999996e-09 9.3004228160820003e+02
4.7281205653478515e-06 3.3656599963290001e-10 5.0841300000000003e-09 9.3004248152130003e+02
6.5759177435918250e-06 5.4515600232911993e-10 7.0708799999999999e-09 9.3007696075620004e+02
9.1998724984833464e-06 8.8567000200420000e-10 9.8920399999999997e-09 9.3011730648750006e+02
1.2918168885426129e-05 1.4388700552640002e-09 1.3889600000000001e-08 9.3016406831190000e+02
1.8201380444258739e-05 2.3376200076990001e-09 1.9569300000000001e-08 9.3021808578930006e+02
2.5725895950178280e-05 3.7977398937599994e-09 2.7657999999999999e-08 9.3028025838780002e+02
3.6463989818522291e-05 6.1698799253159997e-09 3.9200400000000002e-08 9.3035162548649998e+02
5.1813630126296458e-05 1.0023700173792000e-08 5.5698400000000002e-08 9.3043332628019994e+02
7.3785560512054020e-05 1.6284700005120000e-08 7.9311899999999997e-08 9.3052664006250006e+02
1.0527189036420272e-04 2.6456400399219999e-08 1.1314700000000000e-07 9.3063298613190000e+02
1.5043483705694415e-04 4.2981499428689995e-08 1.6167299999999999e-07 9.3075400323120004e+02
1.5143539825673478e-04 4.3369399516159995e-08 1.6274800000000000e-07 9.3075639185940008e+02
1.5666718390755263e-04 4.3499599327679997e-08 1.6836899999999999e-07 9.3075719132400002e+02
1.8247319946392853e-04 5.3487099479700000e-08 1.9609400000000001e-07 9.3081203831400001e+02
2.1304949570856091e-04 6.5965099669560007e-08 2.2894200000000001e-07 9.3087079295249998e+02
2.4880173202308656e-04 8.1354199584480006e-08 2.6734800000000002e-07 9.3093285559410003e+02
2.9061049213158235e-04 1.0033299847065000e-07 3.1225699999999999e-07 9.3099838615049998e+02
3.3950651358852186e-04 1.2374000051775000e-07 3.6477499999999998e-07 9.3106758453479995e+02
3.9669496520679297e-04 1.5260700009555001e-07 4.2619500000000001e-07 9.3114063056550003e+02
4.6358813252914599e-04 1.8820900209407997e-07 4.9803199999999997e-07 9.3121772415570001e+02
5.4183717856390442e-04 2.3211699768180001e-07 5.8205699999999998e-07 9.3129908512530005e+02
6.3337419989345891e-04 2.8626699988691999e-07 6.8034199999999997e-07 9.3138494352930002e+02
7.4046361643000222e-04 3.5305100162730003e-07 7.9531500000000002e-07 9.3147551899979999e+02
7.4543957324912111e-04 3.5623800038969997e-07 8.0065699999999999e-07 9.3147951660449996e+02
7.7046470619140960e-04 3.5730600246279002e-07 8.2752300000000002e-07 9.3148080575760002e+02
7.7218701201869997e-04 3.5837800248323999e-07 8.2937200000000002e-07 9.3148210505190002e+02
7.7564281539113634e-04 3.6053199741144001e-07 8.3308200000000005e-07 9.3148469349929996e+02
7.7911352986319152e-04 3.6269800105895999e-07 8.3680799999999998e-07 9.3148728185280004e+02
7.8260009510663572e-04 3.6487800290032998e-07 8.4055099999999997e-07 9.3148988034750005e+02
7.8610250285012515e-04 3.6706999922346001e-07 8.4431100000000000e-07 9.3149248879559991e+02
7.8962075319254110e-04 3.6927600351839998e-07 8.4808799999999996e-07 9.3149508719639994e+02
7.9315485471188711e-04 3.7149499796798001e-07 8.5188199999999998e-07 9.3149769564450003e+02
7.9670479058673201e-04 3.7372699824480005e-07 8.5569300000000004e-07 9.3150031404599997e+02
8.0027057791247260e-04 3.7597299948234002e-07 8.5952100000000004e-07 9.3150293244750003e+02
8.0385221698387247e-04 3.7823200230633998e-07 8.6336599999999998e-07 9.3150555094289996e+02
8.0745063029167934e-04 3.8050499711466001e-07 8.6722899999999999e-07 9.3150817929779998e+02
8.1106395596088781e-04 3.8279099715107999e-07 8.7110800000000002e-07 9.3151080774659999e+02
8.1469498722525535e-04 3.8509200436278001e-07 8.7500600000000005e-07 9.3151343619540000e+02
8.1834093096975699e-04 3.8740599815679997e-07 8.7891999999999998e-07 9.3151607459759998e+02
8.3652972322216491e-04 3.8856800310954005e-07 8.9844600000000005e-07 9.3151737379799999e+02
8.9649746606902973e-04 4.2637900225708002e-07 9.6282100000000007e-07 9.3155798930399999e+02
9.6293679962426715e-04 4.6927300060880000e-07 1.0341400000000000e-06 9.3160093353000002e+02
1.0343084479593990e-03 5.1648199988999994e-07 1.1107499999999999e-06 9.3164493704189999e+02
1.1110033276598183e-03 5.6844100521450010e-07 1.1930700000000001e-06 9.3169002988770001e+02
1.1934040547386528e-03 6.2562700512179996e-07 1.2815100000000000e-06 9.3173623206809998e+02
1.2819398888523502e-03 6.8856500094819997e-07 1.3765300000000001e-06 9.3178357353719991e+02
1.3770588621277026e-03 7.5783499966439992e-07 1.4786100000000000e-06 9.3183208434300002e+02
1.4792742600387720e-03 8.3407400117300003e-07 1.5882999999999999e-06 9.3188178448619999e+02
1.5890902438860661e-03 9.1798299673799988e-07 1.7061399999999999e-06 9.3193271378040004e+02
1.7070948934908867e-03 1.0103300084124001e-06 1.8327600000000000e-06 9.3198488236679998e+02
1.7418302566492478e-03 1.0379399925766002e-06 1.8700300000000001e-06 9.3199978345169995e+02
1.8026805910135908e-03 1.0410599913928000e-06 1.9353200000000000e-06 9.3200143242960007e+02
2.0389359400714486e-03 1.2275099896319999e-06 2.1888000000000001e-06 9.3209187794249999e+02
2.3114099463439177e-03 1.4516999917321999e-06 2.4811100000000001e-06 9.3218792017709995e+02
2.6204004641994278e-03 1.7168400063888003e-06 2.8125600000000001e-06 9.3228811983419996e+02
2.9707928967162671e-03 2.0304000155634000e-06 3.1883800000000001e-06 9.3239264696670000e+02
3.3681648965264784e-03 2.4012300084080001e-06 3.6145400000000001e-06 9.3250170129989999e+02
3.8188055776886142e-03 2.8397900147328003e-06 4.0977700000000004e-06 9.3261546284010001e+02
4.3298558716110781e-03 3.3584500068246004e-06 4.6457100000000001e-06 9.3273413140649996e+02
4.9094492242661523e-03 3.9718300068571995e-06 5.2670599999999997e-06 9.3285792691289998e+02
5.5667590537662745e-03 4.6972400276543001e-06 5.9716300000000001e-06 9.3298704917850000e+02
6.3122329168583428e-03 5.5551399798486997e-06 6.7705900000000002e-06 9.3312173811779996e+02
6.3691536418958340e-03 5.6221100036384002e-06 6.8315900000000001e-06 9.3313158221820004e+02
6.6107787783348925e-03 5.6389700285964000e-06 7.0905299999999997e-06 9.3313397075249998e+02
7.1832281514335565e-03 6.2999099885847007e-06 7.7039700000000007e-06 9.3322329697740008e+02
7.8228640480689938e-03 7.0594400109160007e-06 8.3893400000000006e-06 9.3331767013950002e+02
8.5195476220300548e-03 7.9105299722335996e-06 9.1357600000000004e-06 9.3341477175390003e+02
9.2783521214718639e-03 8.8642300383220009e-06 9.9486500000000000e-06 9.3351470163630006e+02
1.0104791977484120e-02 9.9329099737559988e-06 1.0833900000000000e-05 9.3361751969490001e+02
1.1005037422914624e-02 1.1130399980334000e-05 1.1798100000000000e-05 9.3372332602710003e+02
1.1985504705131824e-02 1.2472300012974001e-05 1.2848100000000000e-05 9.3383220044789994e+02
1.3053499763127112e-02 1.3976000053347000e-05 1.3991700000000000e-05 9.3394422305399996e+02
1.4216706487829026e-02 1.5661000693130000e-05 1.5237100000000000e-05 9.3405949366109996e+02
1.5483652631007537e-02 1.7549100191680000e-05 1.6593399999999999e-05 9.3417811227269999e+02
1.5623499832828706e-02 1.7760599953030001e-05 1.6743099999999999e-05 9.3419079468840005e+02
1.6269961736847121e-02 1.7813900213129999e-05 1.7435099999999998e-05 9.3419395273319992e+02
1.7094324515795702e-02 1.9027400207749999e-05 1.8317499999999999e-05 9.3426180186839997e+02
1.8000874089488257e-02 2.0384500450440000e-05 1.9287799999999999e-05 9.3433394852489994e+02
1.8955614232225096e-02 2.1838399047120000e-05 2.0309599999999999e-05 9.3440734433310001e+02
1.9960983560824267e-02 2.3396100553499999e-05 2.1385500000000000e-05 9.3448202938830002e+02
2.1019794814794490e-02 2.5064799654149998e-05 2.2518500000000001e-05 9.3455801364390004e+02
2.2134768910989058e-02 2.6852600343399999e-05 2.3711500000000002e-05 9.3463531710059999e+02
2.3309000859656603e-02 2.8767899159999994e-05 2.4967799999999998e-05 9.3471396971249999e+02
2.4545494036103295e-02 3.0819700065419999e-05 2.6290599999999999e-05 9.3479400162150000e+02
2.5847718880420045e-02 3.3017999946119998e-05 2.7683600000000000e-05 9.3487541254589996e+02
2.7219055484112444e-02 3.5372998881120002e-05 2.9150400000000001e-05 9.3495825272219997e+02
2.7775365070038964e-02 3.6339601209739997e-05 2.9745400000000002e-05 9.3499105302509997e+02
2.8289610775747390e-02 3.6448598719180002e-05 3.0295400000000001e-05 9.3499466085090000e+02
2.8802930737171755e-02 3.7332599735440002e-05 3.0844399999999999e-05 9.3502356336480000e+02
2.9391538203060320e-02 3.8352800962709990e-05 3.1473899999999997e-05 9.3505628375879996e+02
2.9992229144074897e-02 3.9400800335690003e-05 3.2116300000000003e-05 9.3508923392610006e+02
3.0605097595990186e-02 4.0477499896860003e-05 3.2771700000000003e-05 9.3512239395989991e+02
3.1230612131930052e-02 4.1583600119840003e-05 3.3440600000000000e-05 9.3515578386089999e+02
3.1868867160453597e-02 4.2719998743180005e-05 3.4123099999999999e-05 9.3518940362910007e+02
3.2520144922003676e-02 4.3887298648500002e-05 3.4819500000000001e-05 9.3522325326449993e+02
3.3184820445813230e-02 4.5086601561120004e-05 3.5530200000000001e-05 9.3525732271979996e+02
3.3862987887692660e-02 4.6318701748649993e-05 3.6255299999999998e-05 9.3529163208960006e+02
3.4555116462740516e-02 4.7584401826990007e-05 3.6995300000000001e-05 9.3532617123270006e+02
3.4710848908415574e-02 4.7870299693839997e-05 3.7161800000000001e-05 9.3533387666670001e+02
3.5705765632703390e-02 4.8013899962450004e-05 3.8225500000000002e-05 9.3533768431169995e+02
3.6190650245182691e-02 4.8884701265269996e-05 3.8743900000000000e-05 9.3536029073669999e+02
3.6764595537185744e-02 4.9920498059249994e-05 3.9357499999999997e-05 9.3538680481020003e+02
3.7347724170046170e-02 5.0978398185919999e-05 3.9980900000000002e-05 9.3541345870079999e+02
3.7940129948432849e-02 5.2058599241440000e-05 4.0614200000000002e-05 9.3544024264290010e+02
3.8541907483377907e-02 5.3161699756499999e-05 4.1257500000000003e-05 9.3546717635549999e+02
3.9153244015328124e-02 5.4288198430999997e-05 4.1910999999999999e-05 9.3549425007299999e+02
3.9774234210732992e-02 5.5438601263319996e-05 4.2574799999999998e-05 9.3552146370150001e+02
4.0405159191034282e-02 5.6613297948239995e-05 4.3249199999999999e-05 9.3554882728830000e+02
4.1046019389420471e-02 5.7812899551080002e-05 4.3934199999999997e-05 9.3557633069220003e+02
4.1697190276124625e-02 5.9037997871239995e-05 4.4630199999999998e-05 9.3560397410099995e+02
4.2358578444415006e-02 6.0288999023690009e-05 4.5337100000000003e-05 9.3563177732760005e+02
4.2549448380963861e-02 6.0651299975859995e-05 4.5541099999999997e-05 9.3563974248900001e+02
4.3740238175900857e-02 6.0833198906699995e-05 4.6813800000000002e-05 9.3564365013750000e+02
4.5854886274473032e-02 6.4782902450840000e-05 4.9073799999999998e-05 9.3572599057799994e+02
4.8180087401599556e-02 6.9195997901699998e-05 5.1558599999999998e-05 9.3581365787159996e+02
5.0623240020302433e-02 7.3909702371599995e-05 5.4169200000000003e-05 9.3590278418340006e+02
5.3190452397117956e-02 7.8944498346630003e-05 5.6912100000000000e-05 9.3599338970190001e+02
5.5887837732656438e-02 8.4322299027779992e-05 5.9793799999999997e-05 9.3608550419339997e+02
5.8722166587791814e-02 9.0066499795649990e-05 6.2821499999999995e-05 9.3617915789369999e+02
6.1700398546921942e-02 9.6201898222459989e-05 6.6002599999999997e-05 9.3627437052180005e+02
6.4829683480590566e-02 1.0275499726340999e-04 6.9344700000000000e-05 9.3637116226620003e+02
6.8117831355171340e-02 1.0975499711746999e-04 7.2856100000000002e-05 9.3646956308100005e+02
7.1572933822013338e-02 1.1723199746169999e-04 7.6545399999999994e-05 9.3656960282640000e+02
7.2872355791586060e-02 1.2007500056640000e-04 7.7932800000000000e-05 9.3660639068670002e+02
7.6294350046888545e-02 1.2043499631464001e-04 8.1586400000000002e-05 9.3661091798129996e+02
7.8557740452832786e-02 1.2521799885310001e-04 8.4002899999999995e-05 9.3666865324139997e+02
8.1070439170188191e-02 1.3058099681828001e-04 8.6685400000000002e-05 9.3673145543940007e+02
8.3663493660002267e-02 1.3617299667415003e-04 8.9453500000000007e-05 9.3679492723830003e+02
8.6339540033127660e-02 1.4200499619000000e-04 9.2310000000000002e-05 9.3685905859080003e+02
8.9101308842231525e-02 1.4808700429182000e-04 9.5257800000000001e-05 9.3692387963880003e+02
9.1951438062670962e-02 1.5442999846642999e-04 9.8299699999999997e-05 9.3698938014720000e+02
9.3544637803481184e-02 1.5800363917307320e-04 1.0000000000000000e-04 9.3702641442654260e+02
9.5904540197996560e-02 1.5971200006670487e-04 1.0251786042048506e-04 9.3704893765874738e+02
9.8323977157425621e-02 1.6147806492002197e-04 1.0509917807407596e-04 9.3707160252891003e+02
1.0080445059321506e-01 1.6330378282175385e-04 1.0774555186276974e-04 9.3709441021411760e+02
1.0334750030636368e-01 1.6519116869574574e-04 1.1045862096186460e-04 9.3711736190149225e+02
1.0595470494328288e-01 1.6714230552469667e-04 1.1324006583391316e-04 9.3714045878827267e+02
1.0862768297577163e-01 1.6915934664900946e-04 1.1609160926818835e-04 9.3716370208189858e+02
1.1136809370571343e-01 1.7124451814328986e-04 1.1901501744630361e-04 9.3718709300009380e+02
1.1417763829511954e-01 1.7340012127311738e-04 1.2201210103464488e-04 9.3721063277095038e+02
1.1705806082215756e-01 1.7562853503479971e-04 1.2508471630428818e-04 9.3723432263301481e+02
1.2001114936382118e-01 1.7793221878091328e-04 1.2823476627909421e-04 9.3725816383537335e+02
1.2303873710591283e-01 1.8031371493452774e-04 1.3146420191268774e-04 9.3728215763773915e+02
1.2614270348102857e-01 1.8277565179510957e-04 1.3477502329504827e-04 9.3730630531054021e+02
1.2932497533525178e-01 1.8532074643920238e-04 1.3816928088945649e-04 9.3733060813500788e+02
1.3258752812427912e-01 1.8795180771908381e-04 1.4164907680055898e-04 9.3735506740326480e+02
1.3593238713972250e-01 1.9067173936270992e-04 1.4521656607433380e-04 9.3737968441841701e+02
1.3936162876634708e-01 1.9348354317836718e-04 1.4887395803075864e-04 9.3740446049464310e+02
1.4287738177102680e-01 1.9639032236756928e-04 1.5262351763000383e-04 9.3742939695728705e+02
1.4648182862421655e-01 1.9939528494985510e-04 1.5646756687299194e-04 9.3745449514294990e+02
1.5017720685476232e-01 2.0250174730326704e-04 1.6040848623718874e-04 9.3747975639958315e+02
1.5396581043888988e-01 2.0571313782441798e-04 1.6444871614851048e-04 9.3750518208658400e+02
1.5784999122423377e-01 2.0903300071218510e-04 1.6859075849025483e-04 9.3753077357488928e+02
1.6183216038979159e-01 2.1246499987920742e-04 1.7283717814998675e-04 9.3755653224707089e+02
1.6591478994270914e-01 2.1601292299550329e-04 1.7719060460533200e-04 9.3758245949743457e+02
1.7010041425282585e-01 2.1968068566867094e-04 1.8165373354965745e-04 9.3760855673211506e+02
1.7439163162593277e-01 2.2347233576528475e-04 1.8622932855863862e-04 9.3763482536917616e+02
1.7879110591672068e-01 2.2739205787825767e-04 1.9092022279874402e-04 9.3766126683870914e+02
1.8330156818241791e-01 2.3144417794509871e-04 1.9572932077868699e-04 9.3768788258293478e+02
1.8792581837814654e-01 2.3563316802216374e-04 2.0065960014492782e-04 9.3771467405630108e+02
1.9266672709504729e-01 2.3996365122016757e-04 2.0571411352232941e-04 9.3774164272558892e+02
1.9752723734225372e-01 2.4444040680640482e-04 2.1089599040110380e-04 9.3776879007001276e+02
2.0251036637382117e-01 2.4906837547931059e-04 2.1620843907121132e-04 9.3779611758132523e+02
2.0761920756174412e-01 2.5385266482118182e-04 2.2165474860540396e-04 9.3782362676392188e+02
2.1285693231622610e-01 2.5879855493507735e-04 2.2723829089213676e-04 9.3785131913494661e+02
2.1822679205439233e-01 2.6391150427211758e-04 2.3296252271959766e-04 9.3787919622439858e+02
2.2373212021866901e-01 2.6919715565561534e-04 2.3883098791214235e-04 9.3790725957523966e+02
2.2937633434608090e-01 2.7466134250868623e-04 2.4484731952044853e-04 9.3793551074350307e+02
2.3516293818975223e-01 2.8031009529221041e-04 2.5101524206673986e-04 9.3796395129840300e+02
2.4109552389392830e-01 2.8614964816025352e-04 2.5733857384646343e-04 9.3799258282244432e+02
2.4717777422386697e-01 2.9218644584028846e-04 2.6382122928783668e-04 9.3802140691153511e+02
2.5341346485198518e-01 2.9842715074581457e-04 2.7046722137071954e-04 9.3805042517509855e+02
2.5980646670167945e-01 3.0487865032922154e-04 2.7728066410630053e-04 9.3807963923618684e+02
2.6636074835027496e-01 3.1154806468301413e-04 2.8426577507912427e-04 9.3810905073159370e+02
2.7308037849259531e-01 3.1844275439778664e-04 2.9142687805302570e-04 9.3813866131197290e+02
2.7996952846668238e-01 3.2557032868561872e-04 2.9876840564257729e-04 9.3816847264195246e+02
2.8703247484323319e-01 3.3293865377785815e-04 3.0629490205169206e-04 9.3819848640025248e+02
2.9427360208036285e-01 3.4055586160655984e-04 3.1401102588107083e-04 9.3822870427980513e+02
3.0169740524533983e-01 3.4843035877915926e-04 3.2192155300622162e-04 9.3825912798787203e+02
3.0930849280498462e-01 3.5657083585628871e-04 3.3003137952782274e-04 9.3828975924616623e+02
3.1711158948646267e-01 3.6498627694297249e-04 3.3834552479624611e-04 9.3832059979097437e+02
3.2511153921024927e-01 3.7368596960378898e-04 3.4686913451210477e-04 9.3835165137327760e+02
3.3331330809708432e-01 3.8267951511293920e-04 3.5560748390472854e-04 9.3838291575887752e+02
3.4172198755078653e-01 3.9197683905053737e-04 3.6456598099052987e-04 9.3841439472851948e+02
3.5034279741883895e-01 4.0158820225681544e-04 3.7375016991326120e-04 9.3844609007802046e+02
3.5918108923270881e-01 4.1152421215633322e-04 3.8316573436822230e-04 9.3847800361839404e+02
3.6824234952991169e-01 4.2179583446468890e-04 3.9281850111252254e-04 9.3851013717597993e+02
3.7753220325988418e-01 4.3241440529065276e-04 4.0271444356355972e-04 9.3854249259257404e+02
3.8705641727577833e-01 4.4339164364707966e-04 4.1285968548793043e-04 9.3857507172555756e+02
3.9682090391434499e-01 4.5473966438440661e-04 4.2326050478303927e-04 9.3860787644802917e+02
4.0683172466612894e-01 4.6647099156100938e-04 4.3392333735373518e-04 9.3864090864893865e+02
4.1709509393825506e-01 4.7859857226517720e-04 4.4485478108636031e-04 9.3867417023322048e+02
4.2761738291213858e-01 4.9113579090395492e-04 4.5606159992265421e-04 9.3870766312192825e+02
4.3840512349851768e-01 5.0409648397462599e-04 4.6755072803602075e-04 9.3874138925237253e+02
4.4946501239226083e-01 5.1749495533513811e-04 4.7932927411272603e-04 9.3877535057825730e+02
4.6080391522946762e-01 5.3134599199032313e-04 4.9140452574066061e-04 9.3880954906981924e+02
4.7242887084944230e-01 5.4566488041133342e-04 5.0378395390836338e-04 9.3884398671396775e+02
4.8434709566418727e-01 5.6046742340630788e-04 5.1647521761707623e-04 9.3887866551442653e+02
4.9656598813812808e-01 5.7576995756088351e-04 5.2948616860866383e-04 9.3891358749187611e+02
5.0909313338085038e-01 5.9158937126780253e-04 5.4282485621230572e-04 9.3894875468409646e+02
5.2193630785570078e-01 6.0794312336551128e-04 5.5649953231293951e-04 9.3898416914611357e+02
5.3510348420717446e-01 6.2484926240632412e-04 5.7051865644451171e-04 9.3901983295034529e+02
5.4860283621008565e-01 6.4232644657541459e-04 5.8489090101116533e-04 9.3905574818674813e+02
5.6244274384359316e-01 6.6039396428261600e-04 5.9962515663957252e-04 9.3909191696296750e+02
5.7663179849323210e-01 6.7907175544976313e-04 6.1473053766570457e-04 9.3912834140448740e+02
5.9117880828417968e-01 6.9838043351706162e-04 6.3021638775940961e-04 9.3916502365478141e+02
6.0609280354906547e-01 7.1834130819277441e-04 6.4609228569025186e-04 9.3920196587546684e+02
6.2138304243372255e-01 7.3897640897133674e-04 6.6236805123816181e-04 9.3923917024645721e+02
6.3705901664435782e-01 7.6030850944584761e-04 6.7905375125252155e-04 9.3927663896611932e+02
6.5313045733970754e-01 7.8236115244177500e-04 6.9615970586341081e-04 9.3931437425143008e+02
6.6960734117184029e-01 8.0515867599961354e-04 7.1369649484883139e-04 9.3935237833813449e+02
6.8649989647935217e-01 8.2872624023516434e-04 7.3167496416181742e-04 9.3939065348090480e+02
7.0381860963680354e-01 8.5308985510708954e-04 7.5010623262144267e-04 9.3942920195350314e+02
7.2157423156433387e-01 8.7827640912237887e-04 7.6900169877183158e-04 9.3946802604894276e+02
7.3977778440149999e-01 9.0431369901141181e-04 7.8837304791338993e-04 9.3950712807965272e+02
7.5844056834947948e-01 9.3123046040536868e-04 8.0823225931056996e-04 9.3954651037764370e+02
7.7757416868588414e-01 9.5905639954984071e-04 8.2859161358059600e-04 9.3958617529467324e+02
7.9719046295654084e-01 9.8782222608964436e-04 8.4946370026768396e-04 9.3962612520241612e+02
8.1730162834870557e-01 1.0175596869610227e-03 8.7086142560741184e-04 9.3966636249263433e+02
8.3792014925028135e-01 1.0483016014286328e-03 8.9279802048599928e-04 9.3970688957734603e+02
8.5905882499974084e-01 1.0800818973059937e-03 9.1528704859938426e-04 9.3974770888900082e+02
8.8073077783155751e-01 1.1129356483993657e-03 9.3834241481710514e-04 9.3978882288065324e+02
9.0294946102208373e-01 1.1468991132163871e-03 9.6197837375612116e-04 9.3983023402613924e+02
9.2572866724092562e-01 1.1820097749821827e-03 9.8620953856982788e-04 9.3987194482025234e+02
9.4908253711300561e-01 1.2183063830071177e-03 1.0110508899576650e-03 9.3991395777892455e+02
9.7302556799662465e-01 1.2558289954518436e-03 1.0365177854008412e-03 9.3995627543940634e+02
9.9757262298297100e-01 1.2946190235368332e-03 1.0626259686298426e-03 9.3999890036044792e+02
1.0227389401226679e+00 1.3347192772452008e-03 1.0893915793295293e-03 9.4004183512248517e+02
1.0485401418850822e+00 1.3761740125692449e-03 1.1168311630877779e-03 9.4008508232782253e+02
1.0749922448562688e+00 1.4190289803528505e-03 1.1449616815937616e-03 9.4012864460082255e+02
1.1021116696815723e+00 1.4633314767836672e-03 1.1738005230921328e-03 9.4017252458809401e+02
1.1299152512590518e+00 1.5091303955907744e-03 1.2033655130995083e-03 9.4021672495868108e+02
1.1584202491900657e+00 1.5564762820054485e-03 1.2336749253898304e-03 9.4026124840425746e+02
1.1876443584934959e+00 1.6054213885445875e-03 1.2647474932553412e-03 9.4030609763931875e+02
1.2176057205902675e+00 1.6560197326783487e-03 1.2966024210500663e-03 9.4035127540137910e+02
1.2483229345649809e+00 1.7083271564456522e-03 1.3292593960228891e-03 9.4039678445116806e+02
1.2798150687116443e+00 1.7624013880833346e-03 1.3627386004474590e-03 9.4044262757282877e+02
1.3121016723706844e+00 1.8183021057369851e-03 1.3970607240563785e-03 9.4048880757412087e+02
1.3452027880645652e+00 1.8760910033237511e-03 1.4322469767872694e-03 9.4053532728662174e+02
1.3791389639395673e+00 1.9358318586198298e-03 1.4683191018485477e-03 9.4058218956593021e+02
1.4139312665214401e+00 1.9975906036477742e-03 1.5052993891128926e-03 9.4062939729187508e+02
1.4496012937928473e+00 2.0614353974412933e-03 1.5432106888466257e-03 9.4067695336872066e+02
1.4861711886007249e+00 2.1274367012678631e-03 1.5820764257834000e-03 9.4072486072537799e+02
1.5236636524018730e+00 2.1956673563921533e-03 1.6219206135508182e-03 9.4077312231561734e+02
1.5621019593553196e+00 2.2662026644661121e-03 1.6627678694588258e-03 9.4082174111828022e+02
1.6015099707701927e+00 2.3391204706343983e-03 1.7046434296589066e-03 9.4087072013749639e+02
1.6419121499180838e+00 2.4145012494469148e-03 1.7475731646833920e-03 9.4092006240290004e+02
1.6833335772190867e+00 2.4924281936732316e-03 1.7915835953743681e-03 9.4096977096985017e+02
1.7257999658109469e+00 2.5729873061169375e-03 1.8367019092119477e-03 9.4101984891965219e+02
1.7693376775109768e+00 2.6562674945312249e-03 1.8829559770518897e-03 9.4107029935977960e+02
1.8139737391806605e+00 2.7423606697405001e-03 1.9303743702828112e-03 9.4112112542410171e+02
1.8597358595030840e+00 2.8313618470762513e-03 1.9789863784134844e-03 9.4117233027310920e+02
1.9066524461836312e+00 2.9233692512391817e-03 2.0288220271009842e-03 9.4122391709414421e+02
1.9547526235846056e+00 3.0184844247033021e-03 2.0799120966307088e-03 9.4127588910163138e+02
2.0040662508047307e+00 3.1168123397816256e-03 2.1322881408595740e-03 9.4132824953731199e+02
2.0546239402147539e+00 3.2184615144771568e-03 2.1859825066339708e-03 9.4138100167047867e+02
2.1064570764606549e+00 3.3235441322470123e-03 2.2410283536943485e-03 9.4143414879821410e+02
2.1595978359462653e+00 3.4321761658118797e-03 2.2974596750786136e-03 9.4148769424562954e+02
2.2140792068073765e+00 3.5444775051474094e-03 2.3553113180367824e-03 9.4154164136610814e+02
2.2699350093897555e+00 3.6605720897988419e-03 2.4146190054697069e-03 9.4159599354154841e+02
2.3271999172437661e+00 3.7805880456648687e-03 2.4754193579049530e-03 9.4165075418260994e+02
2.3859094786486330e+00 3.9046578264016947e-03 2.5377499160232631e-03 9.4170592672896294e+02
2.4461001386797125e+00 4.0329183596033592e-03 2.6016491637493745e-03 9.4176151464953853e+02
2.5078092618324637e+00 4.1655111979196453e-03 2.6671565519212894e-03 9.4181752144278107e+02
2.5710751552171724e+00 4.3025826752783655e-03 2.7343125225524636e-03 9.4187395063690519e+02
2.6359370923388123e+00 4.4442840683844081e-03 2.8031585337017157e-03 9.4193080579015145e+02
2.7024353374768220e+00 4.5907717636738139e-03 2.8737370849660705e-03 9.4198809049104671e+02
2.7706111706799215e+00 4.7422074299071273e-03 2.9460917436120700e-03 9.4204580835866750e+02
2.8405069133914855e+00 4.8987581965924823e-03 3.0202671713615344e-03 9.4210396304290225e+02
2.9121659547213836e+00 5.0605968384353720e-03 3.0963091518480985e-03 9.4216255822472044e+02
2.9856327783805932e+00 5.2279019660186332e-03 3.1742646187612987e-03 9.4222159761644025e+02
3.0609529902953132e+00 5.4008582229231215e-03 3.2541816846953756e-03 9.4228108496200275e+02
3.1381733469177004e+00 5.5796564895065756e-03 3.3361096707203979e-03 9.4234102403724239e+02
3.2173417842508321e+00 5.7644940935656329e-03 3.4200991366937490e-03 9.4240141865016619e+02
3.2985074476058864e+00 5.9555750281134259e-03 3.5062019123304569e-03 9.4246227264123308e+02
3.3817207221100314e+00 6.1531101765131694e-03 3.5944711290513340e-03 9.4252358988363460e+02
3.4670332639839447e+00 6.3573175452161304e-03 3.6849612526283319e-03 9.4258537428357863e+02
3.5544980326084019e+00 6.5684225043609245e-03 3.7777281166470238e-03 9.4264762978057774e+02
3.6441693233998076e+00 6.7866580364995734e-03 3.8728289568066071e-03 9.4271036034773704e+02
3.7361028015151145e+00 7.0122649937249303e-03 3.9703224460783436e-03 9.4277356999204767e+02
3.8303555364070228e+00 7.2454923634831525e-03 4.0702687307438597e-03 9.4283726275467984e+02
3.9269860372509280e+00 7.4865975433646573e-03 4.1727294673352643e-03 9.4290144271128031e+02
4.0260542892656046e+00 7.7358466251767812e-03 4.2777678604995831e-03 9.4296611397227412e+02
4.1276217909501636e+00 7.9935146886116557e-03 4.3854487018106002e-03 9.4303128068316539e+02
4.2317515922604274e+00 8.2598861048334693e-03 4.4958384095517270e-03 9.4309694702484342e+02
4.3385083337483712e+00 8.5352548503200270e-03 4.6090050694941138e-03 9.4316311721389013e+02
4.4479582866889835e+00 8.8199248313051426e-03 4.7250184766948616e-03 9.4322979550289358e+02
4.5601693942194164e+00 9.1142102191797830e-03 4.8439501783407706e-03 9.4329698618075849e+02
4.6752113135159767e+00 9.4184357972222268e-03 4.9658735176636836e-03 9.4336469357302474e+02
4.7931554590351446e+00 9.7329373190398333e-03 5.0908636789541864e-03 9.4343292204218665e+02
4.9140750468454497e+00 1.0058061879118042e-02 5.2189977337010205e-03 9.4350167598801545e+02
5.0380451400777444e+00 1.0394168295885580e-02 5.3503546878843093e-03 9.4357095984788521e+02
5.1651426955220554e+00 1.0741627507718536e-02 5.4850155304513393e-03 9.4364077809709886e+02
5.2954466113999832e+00 1.1100822982320494e-02 5.6230632830043962e-03 9.4371113524922339e+02
5.4290377763422679e+00 1.1472151139930413e-02 5.7645830507308754e-03 9.4378203585642007e+02
5.5659991196019414e+00 1.1856021790825368e-02 5.9096620746066017e-03 9.4385348450978506e+02
5.7064156625342424e+00 1.2252858587601004e-02 6.0583897849041356e-03 9.4392548583968869e+02
5.8503745713752267e+00 1.2663099492728796e-02 6.2108578560385432e-03 9.4399804451611817e+02
5.9979652113518824e+00 1.3087197261906266e-02 6.3671602627840031e-03 9.4407116524902597e+02
6.1492792021572686e+00 1.3525619943733358e-02 6.5273933378953413e-03 9.4414485278867915e+02
6.3044104748251968e+00 1.3978851396266711e-02 6.6916558311695858e-03 9.4421911192601169e+02
6.4634553300396993e+00 1.4447391821021721e-02 6.8600489699833355e-03 9.4429394749298081e+02
6.6265124979155061e+00 1.4931758315011780e-02 7.0326765213427206e-03 9.4436936436292865e+02
6.7936831992866384e+00 1.5432485441433991e-02 7.2096448554836634e-03 9.4444536745094342e+02
6.9650712085411755e+00 1.5950125819631171e-02 7.3910630110610182e-03 9.4452196171422599e+02
7.1407829180411575e+00 1.6485250734981121e-02 7.5770427619661473e-03 9.4459915215245769e+02
7.3209274041676800e+00 1.7038450769386513e-02 7.7676986858134737e-03 9.4467694380817716e+02
7.5056164950321218e+00 1.7610336453060923e-02 7.9631482341376118e-03 9.4475534176715337e+02
7.6949648398955741e+00 1.8201538938330621e-02 8.1635118043435727e-03 9.4483435115876819e+02
7.8890899803395440e+00 1.8812710696195542e-02 8.3689128134537671e-03 9.4491397715639800e+02
8.0881124232321202e+00 1.9444526236418260e-02 8.5794777736964561e-03 9.4499422497779938e+02
8.2921557155349177e+00 2.0097682851935778e-02 8.7953363699814959e-03 9.4507509988550237e+02
8.5013465209971724e+00 2.0772901388415432e-02 9.0166215393103020e-03 9.4515660718720380e+02
8.7158146987846905e+00 2.1470927039804546e-02 9.2434695521682545e-03 9.4523875223616403e+02
8.9356933840923887e+00 2.2192530170751595e-02 9.4760200959487367e-03 9.4532154043160881e+02
9.1611190707904875e+00 2.2938507166806586e-02 9.7144163604593811e-03 9.4540497721913505e+02
9.3922316961556795e+00 2.3709681313339025e-02 9.9588051255623707e-03 9.4548906809111827e+02
9.6291747277398585e+00 2.4506903704143428e-02 1.0209336851001755e-02 9.4557381858712677e+02
9.8720952524303129e+00 2.5331054180735092e-02 1.0466165768472228e-02 9.4565923429433701e+02
1.0121144067756711e+01 2.6183042303372903e-02 1.0729449975985076e-02 9.4574532084795453e+02
1.0376475775501538e+01 2.7063808354880689e-02 1.0999351534588420e-02 9.4583208393163727e+02
1.0638248877672076e+01 2.7974324378375059e-02 1.1276036567500185e-02 9.4591952927792556e+02
1.0906625874893551e+01 2.8915595250044977e-02 1.1559675361713897e-02 9.4600766266867174e+02
1.1181773367284469e+01 2.9888659788166988e-02 1.1850442472138579e-02 9.4609648993547955e+02
1.1463862157876811e+01 3.0894591899580132e-02 1.2148516828335905e-02 9.4618601696014071e+02
1.1753067358645261e+01 3.1934501764885721e-02 1.2454081843918951e-02 9.4627624967508132e+02
1.2049568499211279e+01 3.3009537063680094e-02 1.2767325528678732e-02 9.4636719406381144e+02
1.2353549638289527e+01 3.4120884241172475e-02 1.3088440603506337e-02 9.4645885616137468e+02
1.2665199477945853e+01 3.5269769817586137e-02 1.3417624618180005e-02 9.4655124205480706e+02
1.2984711480737603e+01 3.6457461741787142e-02 1.3755080072088186e-02 9.4664435788359765e+02
1.3312283989809240e+01 3.7685270790635710e-02 1.4101014537961712e-02 9.4673820984015526e+02
1.3648120352017596e+01 3.8954552015603675e-02 1.4455640788689593e-02 9.4683280417027675e+02
1.3992429044163300e+01 4.0266706238255033e-02 1.4819176927295031e-02 9.4692814717362080e+02
1.4345423802406710e+01 4.1623181596239796e-02 1.5191846520150041e-02 9.4702424520418720e+02
1.4707323754948698e+01 4.3025475141507633e-02 1.5573878733509058e-02 9.4712110467080174e+02
1.5078353558058637e+01 4.4475134492504773e-02 1.5965508473443937e-02 9.4721873203760106e+02
1.5458743535534049e+01 4.5973759542178007e-02 1.6366976529264571e-02 9.4731713382452756e+02
1.5848729821678482e+01 4.7523004223670437e-02 1.6778529720511789e-02 9.4741631660782218e+02
1.6248554507886357e+01 4.9124578335657913e-02 1.7200421047610832e-02 9.4751628702053142e+02
1.6658465792925803e+01 5.0780249429340465e-02 1.7632909846276475e-02 9.4761705175301051e+02
1.7078718137012736e+01 5.2491844759171388e-02 1.8076261945762638e-02 9.4771861755343355e+02
1.7509572419771949e+01 5.4261253299477154e-02 1.8530749831051831e-02 9.4782099122831221e+02
1.7951296102182983e+01 5.6090427829192727e-02 1.8996652809081950e-02 9.4792417964301467e+02
1.8404163392611675e+01 5.7981387087014523e-02 1.9474257179110770e-02 9.4802818972228988e+02
1.8868455417030205e+01 5.9936217999348528e-02 1.9963856407320291e-02 9.4813302845080284e+02
1.9344460393531367e+01 6.1957077983512535e-02 2.0465751305766326e-02 9.4823870287366503e+02
1.9832473811245446e+01 6.4046197328734789e-02 2.0980250215780632e-02 9.4834522009697935e+02
2.0332798613770681e+01 6.6205881657576224e-02 2.1507669195936118e-02 9.4845258728838257e+02
2.0845745387231279e+01 6.8438514470493442e-02 2.2048332214687955e-02 9.4856081167759953e+02
2.1371632553079646e+01 7.0746559776350096e-02 2.2602571347806473e-02 9.4866990055699694e+02
2.1910786565762546e+01 7.3132564811780196e-02 2.3170726980720334e-02 9.4877986128214638e+02
2.2463542115373897e+01 7.5599162852404325e-02 2.3753148015891616e-02 9.4889070127239120e+02
2.3030242335420020e+01 7.8149076119001473e-02 2.4350192085347333e-02 9.4900242801141746e+02
2.3611239015826261e+01 8.0785118781843648e-02 2.4962225768494856e-02 9.4911504904783419e+02
2.4206892821317261e+01 8.3510200066509027e-02 2.5589624815352072e-02 9.4922857199575446e+02
2.4817573515306513e+01 8.6327327464601755e-02 2.6232774375326270e-02 9.4934300453538560e+02
2.5443660189433906e+01 8.9239610052920609e-02 2.6892069231678646e-02 9.4945835441362294e+02
2.6085541498894123e+01 9.2250261924741214e-02 2.7567914041815435e-02 9.4957462944465033e+02
2.6743615903701741e+01 9.5362605736997882e-02 2.8260723583549485e-02 9.4969183751054629e+02
2.7418291916042840e+01 9.8580076377279710e-02 2.8970923007479801e-02 9.4980998656189615e+02
2.8109988353866694e+01 1.0190622475468843e-01 2.9698948095640491e-02 9.4992908461840796e+02
2.8819134600874992e+01 1.0534472171874142e-01 3.0445245526573701e-02 9.5004913976953844e+02
2.9546170873069894e+01 1.0889936211064495e-01 3.1210273146985556e-02 9.5017016017512083e+02
3.0291548492026511e+01 1.1257406895140912e-01 3.1994500250147523e-02 9.5029215406600179e+02
3.1055730165059312e+01 1.1637289777142591e-01 3.2798407861209855e-02 9.5041512974468128e+02
3.1839190272456499e+01 1.2030004108628936e-01 3.3622489029597705e-02 9.5053909558596365e+02
3.2642415161960578e+01 1.2435983302379727e-01 3.4467249128665001e-02 9.5066406003760790e+02
3.3465903450677921e+01 1.2855675410724052e-01 3.5333206162784771e-02 9.5079003162099207e+02
3.4310166334604936e+01 1.3289543620026031e-01 3.6220891082060128e-02 9.5091701893177674e+02
3.5175727905962489e+01 1.3738066761872819e-01 3.7130848104843017e-02 9.5104503064058190e+02
3.6063125478536257e+01 1.4201739841529351e-01 3.8063635048254330e-02 9.5117407549366430e+02
3.6972909921224421e+01 1.4681074584242837e-01 3.9019823666902098e-02 9.5130416231360425e+02
3.7905645999999997e+01 1.5176600000000001e-01 4.0000000000000001e-02 9.5143711800000005e+02
4.3082737000000002e+01 1.7122000000000001e-01 4.5440000000000001e-02 9.5189347099999998e+02
4.8261968000000003e+01 1.8740299999999999e-01 5.0880000000000002e-02 9.5223001799999997e+02
5.3442765000000001e+01 2.0057000000000000e-01 5.6320000000000002e-02 9.5247579299999995e+02
5.8624713000000000e+01 2.1143200000000001e-01 6.1760000000000002e-02 9.5265957900000001e+02
6.3807549000000002e+01 2.2110199999999999e-01 6.7199999999999996e-02 9.5280910200000005e+02
6.8991161000000005e+01 2.3103499999999999e-01 7.2639999999999996e-02 9.5295051200000000e+02
7.4175568999999996e+01 2.4297099999999999e-01 7.8079999999999997e-02 9.5310808899999995e+02
7.9360923999999997e+01 2.5888499999999998e-01 8.3519999999999997e-02 9.5330409099999997e+02
8.4547490999999994e+01 2.8093499999999999e-01 8.8959999999999997e-02 9.5355870900000002e+02
8.9735636999999997e+01 3.1141900000000000e-01 9.4399999999999998e-02 9.5389007000000004e+02
9.4925826000000001e+01 3.5273700000000002e-01 9.9839999999999998e-02 9.5431428800000003e+02
1.0011860100000000e+02 4.0735100000000002e-01 1.0528000000000000e-01 9.5484552699999995e+02
1.0531457500000000e+02 4.7720800000000002e-01 1.1072000000000000e-01 9.5549112700000001e+02
1.1051435400000000e+02 5.6344799999999995e-01 1.1616000000000000e-01 9.5625003900000002e+02
1.1571861199999999e+02 6.6971000000000003e-01 1.2160000000000000e-01 9.5714254600000004e+02
1.2092810799999999e+02 7.9875300000000005e-01 1.2703999999999999e-01 9.5817916900000000e+02
1.2614364399999999e+02 9.5305600000000001e-01 1.3247999999999999e-01 9.5936692200000005e+02
1.3136605900000001e+02 1.1349250000000000e+00 1.3791999999999999e-01 9.6071071900000004e+02
1.3659621000000001e+02 1.3465290000000001e+00 1.4335999999999999e-01 9.6221391500000004e+02
1.4183497100000000e+02 1.5899110000000001e+00 1.4879999999999999e-01 9.6387861799999996e+02
1.4708322300000000e+02 1.8669920000000000e+00 1.5423999999999999e-01 9.6570592099999999e+02
1.5234185400000001e+02 2.1795830000000000e+00 1.5967999999999999e-01 9.6769608700000003e+02
1.5761174700000001e+02 2.5293890000000001e+00 1.6511999999999999e-01 9.6984870899999999e+02
1.6289378400000001e+02 2.9180169999999999e+00 1.7055999999999999e-01 9.7216283799999997e+02
1.6818884100000000e+02 3.3469869999999999e+00 1.7599999999999999e-01 9.7463709900000003e+02
1.7349778400000000e+02 3.8177360000000000e+00 1.8143999999999999e-01 9.7726978799999995e+02
1.7882147000000001e+02 4.3316280000000003e+00 1.8687999999999999e-01 9.8005895799999996e+02
1.8416074399999999e+02 4.8899629999999998e+00 1.9231999999999999e-01 9.8300247700000000e+02
1.8951644099999999e+02 5.4939790000000004e+00 1.9775999999999999e-01 9.8609809099999995e+02
1.9488938200000001e+02 6.1448630000000000e+00 2.0319999999999999e-01 9.8934346400000004e+02
2.0028037399999999e+02 6.8437520000000003e+00 2.0863999999999999e-01 9.9273621000000003e+02
2.0569021400000000e+02 7.5917409999999999e+00 2.1407999999999999e-01 9.9627391899999998e+02
2.1111968300000001e+02 8.3898829999999993e+00 2.1951999999999999e-01 9.9995417599999996e+02
2.1656955099999999e+02 9.2391930000000002e+00 2.2495999999999999e-01 1.0037745730000000e+03
2.2204057299999999e+02 1.0140651000000000e+01 2.3039999999999999e-01 1.0077327150000000e+03
2.2753349299999999e+02 1.1095200999999999e+01 2.3583999999999999e-01 1.0118262260000000e+03
2.3304904099999999e+02 1.2103754000000000e+01 2.4127999999999999e-01 1.0160527509999999e+03
2.3858793499999999e+02 1.3167185999999999e+01 2.4671999999999999e-01 1.0204099510000000e+03
2.4415087800000001e+02 1.4286341000000000e+01 2.5216000000000000e-01 1.0248955070000000e+03
2.4973856400000000e+02 1.5462027000000001e+01 2.5760000000000000e-01 1.0295071140000000e+03
2.5535167200000001e+02 1.6695018999999998e+01 2.6304000000000000e-01 1.0342424790000000e+03
2.6099086899999998e+02 1.7986053999999999e+01 2.6848000000000000e-01 1.0390993160000000e+03
2.6665681000000001e+02 1.9335837000000001e+01 2.7392000000000000e-01 1.0440753420000001e+03
2.7235013700000002e+02 2.0745031999999998e+01 2.7936000000000000e-01 1.0491682780000001e+03
2.7807148100000001e+02 2.2214268000000001e+01 2.8480000000000000e-01 1.0543758430000000e+03
2.8382145900000000e+02 2.3744133999999999e+01 2.9024000000000000e-01 1.0596957490000000e+03
2.8960067600000002e+02 2.5335180999999999e+01 2.9568000000000000e-01 1.0651257049999999e+03
2.9540972499999998e+02 2.6987919999999999e+01 3.0112000000000000e-01 1.0706634120000001e+03
3.0124918600000001e+02 2.8702822000000001e+01 3.0656000000000000e-01 1.0763065630000001e+03
3.0711962599999998e+02 3.0480318000000000e+01 3.1200000000000000e-01 1.0820528400000001e+03
3.1302159999999998e+02 3.2320798000000003e+01 3.1744000000000000e-01 1.0878999209999999e+03
3.1895565099999999e+02 3.4224612000000000e+01 3.2288000000000000e-01 1.0938454720000000e+03
3.2492230799999999e+02 3.6192068999999996e+01 3.2832000000000000e-01 1.0998871529999999e+03
3.3092208799999997e+02 3.8223438000000002e+01 3.3376000000000000e-01 1.1060226210000001e+03
3.3695549399999999e+02 4.0318950999999998e+01 3.3920000000000000e-01 1.1122495269999999e+03
3.4302301899999998e+02 4.2478797000000000e+01 3.4464000000000000e-01 1.1185655190000000e+03
3.4912513899999999e+02 4.4703128999999997e+01 3.5008000000000000e-01 1.1249682490000000e+03
3.5526232199999998e+02 4.6992063999999999e+01 3.5552000000000000e-01 1.1314553690000000e+03
3.6143501900000001e+02 4.9345680000000002e+01 3.6096000000000000e-01 1.1380245359999999e+03
3.6764367199999998e+02 5.1764020000000002e+01 3.6640000000000000e-01 1.1446734190000000e+03
3.7388673399999999e+02 5.3914225000000002e+01 3.7184000000000000e-01 1.1504991860000000e+03
3.8015987600000000e+02 5.5918666999999999e+01 3.7728000000000000e-01 1.1558503280000000e+03
3.8646158500000001e+02 5.7883029999999998e+01 3.8272000000000000e-01 1.1610192649999999e+03
3.9279109499999998e+02 5.9833204000000002e+01 3.8816000000000001e-01 1.1660783870000000e+03
3.9914791300000002e+02 6.1781720999999997e+01 3.9360000000000001e-01 1.1710628310000000e+03
4.0553169200000002e+02 6.3735956000000002e+01 3.9904000000000001e-01 1.1759932690000001e+03
4.1194217200000003e+02 6.5688280000000006e+01 4.0448000000000001e-01 1.1808523720000001e+03
4.1837734100000000e+02 6.7400593000000001e+01 4.0992000000000001e-01 1.1850572290000000e+03
4.2483494899999999e+02 6.9082961999999995e+01 4.1536000000000001e-01 1.1891338710000000e+03
4.3131460900000002e+02 7.0770527000000001e+01 4.2080000000000001e-01 1.1931698630000001e+03
4.3781616900000000e+02 7.2472134999999994e+01 4.2624000000000001e-01 1.1971871610000001e+03
4.4433955600000002e+02 7.4191946000000002e+01 4.3168000000000001e-01 1.2011959390000000e+03
4.5088474300000001e+02 7.5932383999999999e+01 4.3712000000000001e-01 1.2052019929999999e+03
4.5745172300000002e+02 7.7695037999999997e+01 4.4256000000000001e-01 1.2092090109999999e+03
4.6404051099999998e+02 7.9481039999999993e+01 4.4800000000000001e-01 1.2132195039999999e+03
4.7065113000000002e+02 8.1291235000000000e+01 4.5344000000000001e-01 1.2172352690000000e+03
4.7728361200000001e+02 8.3126283999999998e+01 4.5888000000000001e-01 1.2212576290000000e+03
4.8393799700000000e+02 8.4986720000000005e+01 4.6432000000000001e-01 1.2252875830000000e+03
4.9061432700000000e+02 8.6872981999999993e+01 4.6976000000000001e-01 1.2293258940000001e+03
4.9731265000000002e+02 8.8785441000000006e+01 4.7520000000000001e-01 1.2333731560000001e+03
5.0403301599999998e+02 9.0724413999999996e+01 4.8064000000000001e-01 1.2374298249999999e+03
5.1077547800000002e+02 9.2690173000000001e+01 4.8608000000000001e-01 1.2414962570000000e+03
5.1754008799999997e+02 9.4682959999999994e+01 4.9152000000000001e-01 1.2455727270000000e+03
5.2432690200000002e+02 9.6702984999999998e+01 4.9696000000000001e-01 1.2496594410000000e+03
5.3113597700000003e+02 9.8750437000000005e+01 5.0239999999999996e-01 1.2537565529999999e+03
5.3796736999999996e+02 1.0082548500000000e+02 5.0783999999999996e-01 1.2578641720000001e+03
5.4482113600000002e+02 1.0292827800000001e+02 5.1327999999999996e-01 1.2619823690000001e+03
5.5169733599999995e+02 1.0505895300000000e+02 5.1871999999999996e-01 1.2661111840000001e+03
5.5859602500000005e+02 1.0721763199999999e+02 5.2415999999999996e-01 1.2702506310000001e+03
5.6551726299999996e+02 1.0940442500000000e+02 5.2959999999999996e-01 1.2744006999999999e+03
5.7246110599999997e+02 1.1161943300000000e+02 5.3503999999999996e-01 1.2785613619999999e+03
5.7942761299999995e+02 1.1386274500000000e+02 5.4047999999999996e-01 1.2827325710000000e+03
5.8641683999999998e+02 1.1613444400000000e+02 5.4591999999999996e-01 1.2869142649999999e+03
5.9342884400000003e+02 1.1843460399999999e+02 5.5135999999999996e-01 1.2911063710000001e+03
6.0046368199999995e+02 1.2076329000000000e+02 5.5679999999999996e-01 1.2953088049999999e+03
6.0752141099999994e+02 1.2312056100000000e+02 5.6223999999999996e-01 1.2995214710000000e+03
6.1460208399999999e+02 1.2550647200000000e+02 5.6767999999999996e-01 1.3037442659999999e+03
6.2170575699999995e+02 1.2792106900000000e+02 5.7311999999999996e-01 1.3079770810000000e+03
6.2883248400000002e+02 1.3036439400000000e+02 5.7855999999999996e-01 1.3122197980000001e+03
6.3598231899999996e+02 1.3283648299999999e+02 5.8399999999999996e-01 1.3164722939999999e+03
6.4315531499999997e+02 1.3533736700000000e+02 5.8943999999999996e-01 1.3207344419999999e+03
6.5035152400000004e+02 1.3786707400000000e+02 5.9487999999999996e-01 1.3250061100000000e+03
6.5757099600000004e+02 1.4042562599999999e+02 6.0031999999999996e-01 1.3292871620000001e+03
6.6481378400000006e+02 1.4301304200000001e+02 6.0575999999999997e-01 1.3335774590000001e+03
6.7207993599999998e+02 1.4562933500000000e+02 6.1119999999999997e-01 1.3378768590000000e+03
6.7936950200000001e+02 1.4827451600000001e+02 6.1663999999999997e-01 1.3421852200000001e+03
6.8668253000000004e+02 1.5094859299999999e+02 6.2207999999999997e-01 1.3465023930000000e+03
6.9401906899999994e+02 1.5365156899999999e+02 6.2751999999999997e-01 1.3508282330000000e+03
7.0137916399999995e+02 1.5638344400000000e+02 6.3295999999999997e-01 1.3551625899999999e+03
7.0876286100000004e+02 1.5914421600000000e+02 6.3839999999999997e-01 1.3595053140000000e+03
7.1617020600000001e+02 1.6193387999999999e+02 6.4383999999999997e-01 1.3638562540000000e+03
7.2360124299999995e+02 1.6475242700000001e+02 6.4927999999999997e-01 1.3682152599999999e+03
7.3105601500000000e+02 1.6759984499999999e+02 6.5471999999999997e-01 1.3725821800000001e+03
7.3853456500000004e+02 1.7047612200000000e+02 6.6015999999999997e-01 1.3769568609999999e+03
7.4603693499999997e+02 1.7338123999999999e+02 6.6559999999999997e-01 1.3813391529999999e+03
7.5356316600000002e+02 1.7631518299999999e+02 6.7103999999999997e-01 1.3857289029999999e+03
7.6111329799999999e+02 1.7927792800000000e+02 6.7647999999999997e-01 1.3901259610000000e+03
7.6868736999999999e+02 1.8226945300000000e+02 6.8191999999999997e-01 1.3945301760000000e+03
7.7628542100000004e+02 1.8528973300000001e+02 6.8735999999999997e-01 1.3989413979999999e+03
7.8390748799999994e+02 1.8833874100000000e+02 6.9279999999999997e-01 1.4033594760000001e+03
7.9155360900000005e+02 1.9141644900000000e+02 6.9823999999999997e-01 1.4077842639999999e+03
7.9922382000000005e+02 1.9452282600000001e+02 7.0367999999999997e-01 1.4122156120000000e+03
8.0691815499999996e+02 1.9765783900000000e+02 7.0911999999999997e-01 1.4166533740000000e+03
8.1463665000000003e+02 2.0082145499999999e+02 7.1455999999999997e-01 1.4210974040000001e+03
8.2237933799999996e+02 2.0401363699999999e+02 7.1999999999999997e-01 1.4255475590000001e+03
8.3014625200000000e+02 2.0723435000000001e+02 7.2543999999999997e-01 1.4300036930000001e+03
8.3793742399999996e+02 2.1048355400000000e+02 7.3087999999999997e-01 1.4344656649999999e+03
8.4575288499999999e+02 2.1376121000000001e+02 7.3631999999999997e-01 1.4389333340000001e+03
8.5359266700000001e+02 2.1706727599999999e+02 7.4175999999999997e-01 1.4434065610000000e+03
8.6145679800000005e+02 2.2040171000000001e+02 7.4719999999999998e-01 1.4478852070000000e+03
8.6934530900000004e+02 2.2376446799999999e+02 7.5263999999999998e-01 1.4523691360000000e+03
8.7725822700000003e+02 2.2715550600000000e+02 7.5807999999999998e-01 1.4568582110000000e+03
8.8519557999999995e+02 2.3057477700000001e+02 7.6351999999999998e-01 1.4613522989999999e+03
8.9315739499999995e+02 2.3402223499999999e+02 7.6895999999999998e-01 1.4658512690000000e+03
9.0114369799999997e+02 2.3749783199999999e+02 7.7439999999999998e-01 1.4703549880000000e+03
9.0915451499999995e+02 2.4100152000000000e+02 7.7983999999999998e-01 1.4748633270000000e+03
9.1718987000000004e+02 2.4453324699999999e+02 7.8527999999999998e-01 1.4793761589999999e+03
9.2524978799999997e+02 2.4809296399999999e+02 7.9071999999999998e-01 1.4838933580000000e+03
9.3333429200000000e+02 2.5168061900000001e+02 7.9615999999999998e-01 1.4884147980000000e+03
9.4144340399999999e+02 2.5529615999999999e+02 8.0159999999999998e-01 1.4929403569999999e+03
9.4957714699999997e+02 2.5893953499999998e+02 8.0703999999999998e-01 1.4974699129999999e+03
9.5773554300000001e+02 2.6261068899999998e+02 8.1247999999999998e-01 1.5020033460000000e+03
9.6591861100000006e+02 2.6630956800000001e+02 8.1791999999999998e-01 1.5065405380000000e+03
9.7412637199999995e+02 2.7003611799999999e+02 8.2335999999999998e-01 1.5110813730000000e+03
9.8235884599999997e+02 2.7379028399999999e+02 8.2879999999999998e-01 1.5156257360000000e+03
9.9061605199999997e+02 2.7757200799999998e+02 8.3423999999999998e-01 1.5201735120000001e+03
9.9889800700000001e+02 2.8138123600000000e+02 8.3967999999999998e-01 1.5247245909999999e+03
1.0072047290000000e+03 2.8521791000000002e+02 8.4511999999999998e-01 1.5292788610000000e+03
1.0155362360000000e+03 2.8908197200000001e+02 8.5055999999999998e-01 1.5338362159999999e+03
1.0238925430000000e+03 2.9297336500000000e+02 8.5599999999999998e-01 1.5383965459999999e+03
1.0322736680000000e+03 2.9689203199999997e+02 8.6143999999999998e-01 1.5429597490000001e+03
1.0406796240000001e+03 3.0083791300000001e+02 8.6687999999999998e-01 1.5475257180000001e+03
1.0491104280000000e+03 3.0481094999999999e+02 8.7231999999999998e-01 1.5520943530000000e+03
1.0575660929999999e+03 3.0881108399999999e+02 8.7775999999999998e-01 1.5566655539999999e+03
1.0660466320000000e+03 3.1283825600000000e+02 8.8319999999999999e-01 1.5612392199999999e+03
1.0745520590000001e+03 3.1689240699999999e+02 8.8863999999999999e-01 1.5658152550000000e+03
1.0830823869999999e+03 3.2097347700000000e+02 8.9407999999999999e-01 1.5703935640000000e+03
1.0916376279999999e+03 3.2508140600000002e+02 8.9951999999999999e-01 1.5749740520000000e+03
1.1002177930000000e+03 3.2921613600000001e+02 9.0495999999999999e-01 1.5795566269999999e+03
1.1088228930000000e+03 3.3337760600000001e+02 9.1039999999999999e-01 1.5841411980000000e+03
1.1174529399999999e+03 3.3756575700000002e+02 9.1583999999999999e-01 1.5887276770000001e+03
1.1261079420000001e+03 3.4178052900000000e+02 9.2127999999999999e-01 1.5933159750000000e+03
1.1347879100000000e+03 3.4602186399999999e+02 9.2671999999999999e-01 1.5979060079999999e+03
1.1434928540000001e+03 3.5028970099999998e+02 9.3215999999999999e-01 1.6024976919999999e+03
1.1522227809999999e+03 3.5458398299999999e+02 9.3759999999999999e-01 1.6070909440000000e+03
1.1609776999999999e+03 3.5890465100000000e+02 9.4303999999999999e-01 1.6116856840000000e+03
1.1697576190000000e+03 3.6325164799999999e+02 9.4847999999999999e-01 1.6162818350000000e+03
1.1785625450000000e+03 3.6762491499999999e+02 9.5391999999999999e-01 1.6208793189999999e+03
1.1873924860000000e+03 3.7202439800000002e+02 9.5935999999999999e-01 1.6254780639999999e+03
1.1962474480000001e+03 3.7645004100000000e+02 9.6479999999999999e-01 1.6300779970000001e+03
1.2051274370000001e+03 3.8090179000000001e+02 9.7023999999999999e-01 1.6346790510000001e+03
1.2140324599999999e+03 3.8537959400000000e+02 9.7567999999999999e-01 1.6392811580000000e+03
1.2229625209999999e+03 3.8988340399999998e+02 9.8111999999999999e-01 1.6438842580000000e+03
1.2319176270000000e+03 3.9441317299999997e+02 9.8655999999999999e-01 1.6484882920000000e+03
1.2408977809999999e+03 3.9896886200000000e+02 9.9199999999999999e-01 1.6530932100000000e+03
1.2499029889999999e+03 4.0355043499999999e+02 9.9743999999999999e-01 1.6576989670000000e+03
1.2589332549999999e+03 4.0815787000000000e+02 1.0028800000000000e+00 1.6623055310000000e+03
1.2679885839999999e+03 4.1279116499999998e+02 1.0083200000000001e+00 1.6669128920000001e+03
1.2770689800000000e+03 4.1745035799999999e+02 1.0137600000000000e+00 1.6715210770000001e+03
1.2861744470000001e+03 4.2213561700000002e+02 1.0192000000000001e+00 1.6761302439999999e+03
1.2953049930000000e+03 4.2684745600000002e+02 1.0246400000000000e+00 1.6807408869999999e+03
1.3044606220000001e+03 4.3158455600000002e+02 1.0300800000000001e+00 1.6853517039999999e+03
1.3136413350000000e+03 4.3634664900000001e+02 1.0355200000000000e+00 1.6899624349999999e+03
1.3228471300000001e+03 4.4113366800000000e+02 1.0409600000000001e+00 1.6945730160000001e+03
1.3320780070000001e+03 4.4594554599999998e+02 1.0464000000000000e+00 1.6991833850000000e+03
1.3413339639999999e+03 4.5078221800000000e+02 1.0518400000000001e+00 1.7037934809999999e+03
1.3506150000000000e+03 4.5564361600000001e+02 1.0572800000000000e+00 1.7084032430000000e+03
1.3599211120000000e+03 4.6052967500000000e+02 1.0627200000000001e+00 1.7130126130000001e+03
1.3692522990000000e+03 4.6544032900000002e+02 1.0681600000000000e+00 1.7176215330000000e+03
1.3786085570000000e+03 4.7037551000000002e+02 1.0736000000000001e+00 1.7222299450000000e+03
1.3879898840000001e+03 4.7533515499999999e+02 1.0790400000000000e+00 1.7268377940000000e+03
1.3973962770000001e+03 4.8031919699999997e+02 1.0844800000000001e+00 1.7314450250000000e+03
1.4068277320000000e+03 4.8532757099999998e+02 1.0899200000000000e+00 1.7360515840000000e+03
1.4162842459999999e+03 4.9036021199999999e+02 1.0953599999999999e+00 1.7406574180000000e+03
1.4257658130000000e+03 4.9541705600000000e+02 1.1008000000000000e+00 1.7452624750000000e+03
1.4352724310000001e+03 5.0049803600000001e+02 1.1062399999999999e+00 1.7498667040000000e+03
1.4448040930000000e+03 5.0560309000000001e+02 1.1116800000000000e+00 1.7544700550000000e+03
1.4543607959999999e+03 5.1073215199999999e+02 1.1171199999999999e+00 1.7590724800000000e+03
1.4639425340000000e+03 5.1588515900000004e+02 1.1225600000000000e+00 1.7636739290000000e+03
1.4735493019999999e+03 5.2106204700000001e+02 1.1279999999999999e+00 1.7682743559999999e+03
1.4831810929999999e+03 5.2626275199999998e+02 1.1334400000000000e+00 1.7728737140000001e+03
1.4928379030000001e+03 5.3148721000000000e+02 1.1388799999999999e+00 1.7774719580000001e+03
1.5025197240000000e+03 5.3673535900000002e+02 1.1443200000000000e+00 1.7820690420000001e+03
1.5122265510000000e+03 5.4200713599999995e+02 1.1497599999999999e+00 1.7866649230000000e+03
1.5219583769999999e+03 5.4730247699999995e+02 1.1552000000000000e+00 1.7912595580000000e+03
1.5317151940000001e+03 5.5262131999999997e+02 1.1606399999999999e+00 1.7958529040000001e+03
1.5414969960000001e+03 5.5796360300000003e+02 1.1660800000000000e+00 1.8004449199999999e+03
1.5513037760000000e+03 5.6332926499999996e+02 1.1715199999999999e+00 1.8050355660000000e+03
1.5611355249999999e+03 5.6871824200000003e+02 1.1769600000000000e+00 1.8096248000000001e+03
1.5709922360000000e+03 5.7413047300000005e+02 1.1823999999999999e+00 1.8142125850000000e+03
1.5808739020000000e+03 5.7956589799999995e+02 1.1878400000000000e+00 1.8187988809999999e+03
1.5907805129999999e+03 5.8502445399999999e+02 1.1932799999999999e+00 1.8233836510000001e+03
1.6007120609999999e+03 5.9050608099999999e+02 1.1987200000000000e+00 1.8279668580000000e+03
1.6106685390000000e+03 5.9601071800000000e+02 1.2041599999999999e+00 1.8325484650000001e+03
1.6206499360000000e+03 6.0153830600000003e+02 1.2096000000000000e+00 1.8371284360000000e+03
1.6306562440000000e+03 6.0708878200000004e+02 1.2150399999999999e+00 1.8417067380000001e+03
1.6406874539999999e+03 6.1266208900000004e+02 1.2204800000000000e+00 1.8462833340000000e+03
1.6507435570000000e+03 6.1825816499999996e+02 1.2259199999999999e+00 1.8508581930000000e+03
1.6608245420000001e+03 6.2387695199999996e+02 1.2313600000000000e+00 1.8554312789999999e+03
1.6709304010000001e+03 6.2951838899999996e+02 1.2367999999999999e+00 1.8600025630000000e+03
1.6810611230000000e+03 6.3518241899999998e+02 1.2422400000000000e+00 1.8645720100000001e+03
1.6912166980000000e+03 6.4086898199999996e+02 1.2476799999999999e+00 1.8691395910000001e+03
1.7013971160000001e+03 6.4657801900000004e+02 1.2531200000000000e+00 1.8737052739999999e+03
1.7116023660000001e+03 6.5230947300000003e+02 1.2585599999999999e+00 1.8782690299999999e+03
1.7218324379999999e+03 6.5806328599999995e+02 1.2640000000000000e+00 1.8828308290000000e+03
1.7320873220000001e+03 6.6383939799999996e+02 1.2694399999999999e+00 1.8873906430000000e+03
1.7423670059999999e+03 6.6963775399999997e+02 1.2748800000000000e+00 1.8919484430000000e+03
1.7526714790000001e+03 6.7545829500000002e+02 1.2803199999999999e+00 1.8965042000000001e+03
1.7630006450000001e+03 6.8124419300000000e+02 1.2857600000000000e+00 1.9010136680000001e+03
1.7733542080000000e+03 6.8700124800000003e+02 1.2911999999999999e+00 1.9054816960000001e+03
1.7837320190000000e+03 6.9275619900000004e+02 1.2966400000000000e+00 1.9099293100000000e+03
1.7941339840000001e+03 6.9851616600000000e+02 1.3020799999999999e+00 1.9143621639999999e+03
1.8045600320000001e+03 7.0428485000000001e+02 1.3075200000000000e+00 1.9187832149999999e+03
1.8150101020000000e+03 7.1006455000000005e+02 1.3129599999999999e+00 1.9231943190000000e+03
1.8254841460000000e+03 7.1585684500000002e+02 1.3184000000000000e+00 1.9275967570000000e+03
1.8359821179999999e+03 7.2166288599999996e+02 1.3238399999999999e+00 1.9319914719999999e+03
1.8465039780000000e+03 7.2748354500000005e+02 1.3292800000000000e+00 1.9363791850000000e+03
1.8570496900000001e+03 7.3331951100000003e+02 1.3347199999999999e+00 1.9407604699999999e+03
1.8676192209999999e+03 7.3917133200000001e+02 1.3401600000000000e+00 1.9451357889999999e+03
1.8782125380000000e+03 7.4503945999999996e+02 1.3455999999999999e+00 1.9495055270000000e+03
1.8888296130000001e+03 7.5092426899999998e+02 1.3510400000000000e+00 1.9538700070000000e+03
1.8994704170000000e+03 7.5682607399999995e+02 1.3564799999999999e+00 1.9582295030000000e+03
1.9101349250000001e+03 7.6274514199999999e+02 1.3619200000000000e+00 1.9625842520000001e+03
1.9208231100000000e+03 7.6868170099999998e+02 1.3673599999999999e+00 1.9669344590000001e+03
1.9315349490000001e+03 7.7463594999999998e+02 1.3728000000000000e+00 1.9712803039999999e+03
1.9422704180000001e+03 7.8060805800000003e+02 1.3782399999999999e+00 1.9756219470000001e+03
1.9530294940000001e+03 7.8659817699999996e+02 1.3836800000000000e+00 1.9799595290000000e+03
1.9638121570000001e+03 7.9260643500000003e+02 1.3891199999999999e+00 1.9842931750000000e+03
1.9746183850000000e+03 7.9863294800000006e+02 1.3945600000000000e+00 1.9886229989999999e+03
1.9854481570000000e+03 8.0467781800000000e+02 1.3999999999999999e+00 1.9929491020000000e+03
