# epsilon[MeV/fm^3] P[MeV/fm^3] nB[fm^-3] muB[MeV]
4.3514892049562272e-07 9.0000000794219998e-12 4.6796200000000002e-10 9.2990010724260003e+02
5.4394952759824855e-07 1.2854500250148002e-11 5.8496400000000005e-10 9.2990743275720001e+02
6.8239664606092796e-07 1.8414700022552000e-11 7.3384599999999997e-10 9.2991587774760001e+02
8.5763463874259032e-07 2.6380199998860002e-11 9.2229000000000003e-10 9.2992551188760001e+02
1.0799253715994732e-06 3.7791099667920001e-11 1.1613300000000000e-09 9.2993648532329996e+02
1.3625442882637764e-06 5.4137899979800000e-11 1.4652400000000000e-09 9.2994894782519998e+02
1.7226605254650248e-06 7.7555599791040007e-11 1.8524800000000000e-09 9.2996308925910000e+02
2.1826057027272589e-06 1.1110299984364001e-10 2.3470600000000000e-09 9.2997909967860005e+02
2.7713348204539073e-06 1.5916099965360000e-10 2.9801100000000000e-09 9.2999716876169998e+02
3.5266032513682487e-06 2.2800800111288001e-10 3.7922200000000000e-09 9.3001754656409992e+02
4.4975537964996660e-06 3.2663399940042002e-10 4.8362200000000001e-09 9.3004045271789994e+02
4.5807460305493105e-06 3.3555999792714001e-10 4.9256699999999996e-09 9.3004228160820003e+02
4.7281205653478515e-06 3.3656599963290001e-10 5.0841300000000003e-09 9.3004248152130003e+02
6.5759177435918250e-06 5.4515600232911993e-10 7.0708799999999999e-09 9.3007696075620004e+02
9.1998724984833464e-06 8.8567000200420000e-10 9.8920399999999997e-09 9.3011730648750006e+02
1.2918168885426129e-05 1.4388700552640002e-09 1.3889600000000001e-08 9.3016406831190000e+02
1.8201380444258739e-05 2.3376200076990001e-09 1.9569300000000001e-08 9.3021808578930006e+02
2.5725895950178280e-05 3.7977398937599994e-09 2.7657999999999999e-08 9.3028025838780002e+02
3.6463989818522291e-05 6.1698799253159997e-09 3.9200400000000002e-08 9.3035162548649998e+02
5.1813630126296458e-05 1.0023700173792000e-08 5.5698400000000002e-08 9.3043332628019994e+02
7.3785560512054020e-05 1.6284700005120000e-08 7.9311899999999997e-08 9.3052664006250006e+02
1.0527189036420272e-04 2.6456400399219999e-08 1.1314700000000000e-07 9.3063298613190000e+02
1.5043483705694415e-04 4.2981499428689995e-08 1.6167299999999999e-07 9.3075400323120004e+02
1.5143539825673478e-04 4.3369399516159995e-08 1.6274800000000000e-07 9.3075639185940008e+02
1.5666718390755263e-04 4.3499599327679997e-08 1.6836899999999999e-07 9.3075719132400002e+02
1.8247319946392853e-04 5.3487099479700000e-08 1.9609400000000001e-07 9.3081203831400001e+02
2.1304949570856091e-04 6.5965099669560007e-08 2.2894200000000001e-07 9.3087079295249998e+02
2.4880173202308656e-04 8.1354199584480006e-08 2.6734800000000002e-07 9.3093285559410003e+02
2.9061049213158235e-04 1.0033299847065000e-07 3.1225699999999999e-07 9.3099838615049998e+02
3.3950651358852186e-04 1.2374000051775000e-07 3.6477499999999998e-07 9.3106758453479995e+02
3.9669496520679297e-04 1.5260700009555001e-07 4.2619500000000001e-07 9.3114063056550003e+02
4.6358813252914599e-04 1.8820900209407997e-07 4.9803199999999997e-07 9.3121772415570001e+02
5.4183717856390442e-04 2.3211699768180001e-07 5.8205699999999998e-07 9.3129908512530005e+02
6.3337419989345891e-04 2.8626699988691999e-07 6.8034199999999997e-07 9.3138494352930002e+02
7.4046361643000222e-04 3.5305100162730003e-07 7.9531500000000002e-07 9.3147551899979999e+02
7.4543957324912111e-04 3.5623800038969997e-07 8.0065699999999999e-07 9.3147951660449996e+02
7.7046470619140960e-04 3.5730600246279002e-07 8.2752300000000002e-07 9.3148080575760002e+02
7.7218701201869997e-04 3.5837800248323999e-07 8.2937200000000002e-07 9.3148210505190002e+02
7.7564281539113634e-04 3.6053199741144001e-07 8.3308200000000005e-07 9.3148469349929996e+02
7.7911352986319152e-04 3.6269800105895999e-07 8.3680799999999998e-07 9.3148728185280004e+02
7.8260009510663572e-04 3.6487800290032998e-07 8.4055099999999997e-07 9.3148988034750005e+02
7.8610250285012515e-04 3.6706999922346001e-07 8.4431100000000000e-07 9.3149248879559991e+02
7.8962075319254110e-04 3.6927600351839998e-07 8.4808799999999996e-07 9.3149508719639994e+02
7.9315485471188711e-04 3.7149499796798001e-07 8.5188199999999998e-07 9.3149769564450003e+02
7.9670479058673201e-04 3.7372699824480005e-07 8.5569300000000004e-07 9.3150031404599997e+02
8.0027057791247260e-04 3.7597299948234002e-07 8.5952100000000004e-07 9.3150293244750003e+02
8.0385221698387247e-04 3.7823200230633998e-07 8.6336599999999998e-07 9.3150555094289996e+02
8.0745063029167934e-04 3.8050499711466001e-07 8.6722899999999999e-07 9.3150817929779998e+02
8.1106395596088781e-04 3.8279099715107999e-07 8.7110800000000002e-07 9.3151080774659999e+02
8.1469498722525535e-04 3.8509200436278001e-07 8.7500600000000005e-07 9.3151343619540000e+02
8.1834093096975699e-04 3.8740599815679997e-07 8.7891999999999998e-07 9.3151607459759998e+02
8.3652972322216491e-04 3.8856800310954005e-07 8.9844600000000005e-07 9.3151737379799999e+02
8.9649746606902973e-04 4.2637900225708002e-07 9.6282100000000007e-07 9.3155798930399999e+02
9.6293679962426715e-04 4.6927300060880000e-07 1.0341400000000000e-06 9.3160093353000002e+02
1.0343084479593990e-03 5.1648199988999994e-07 1.1107499999999999e-06 9.3164493704189999e+02
1.1110033276598183e-03 5.6844100521450010e-07 1.1930700000000001e-06 9.3169002988770001e+02
1.1934040547386528e-03 6.2562700512179996e-07 1.2815100000000000e-06 9.3173623206809998e+02
1.2819398888523502e-03 6.8856500094819997e-07 1.3765300000000001e-06 9.3178357353719991e+02
1.3770588621277026e-03 7.5783499966439992e-07 1.4786100000000000e-06 9.3183208434300002e+02
1.4792742600387720e-03 8.3407400117300003e-07 1.5882999999999999e-06 9.3188178448619999e+02
1.5890902438860661e-03 9.1798299673799988e-07 1.7061399999999999e-06 9.3193271378040004e+02
1.7070948934908867e-03 1.0103300084124001e-06 1.8327600000000000e-06 9.3198488236679998e+02
1.7418302566492478e-03 1.0379399925766002e-06 1.8700300000000001e-06 9.3199978345169995e+02
1.8026805910135908e-03 1.0410599913928000e-06 1.9353200000000000e-06 9.3200143242960007e+02
2.0389359400714486e-03 1.2275099896319999e-06 2.1888000000000001e-06 9.3209187794249999e+02
2.3114099463439177e-03 1.4516999917321999e-06 2.4811100000000001e-06 9.3218792017709995e+02
2.6204004641994278e-03 1.7168400063888003e-06 2.8125600000000001e-06 9.3228811983419996e+02
2.9707928967162671e-03 2.0304000155634000e-06 3.1883800000000001e-06 9.3239264696670000e+02
3.3681648965264784e-03 2.4012300084080001e-06 3.6145400000000001e-06 9.3250170129989999e+02
3.8188055776886142e-03 2.8397900147328003e-06 4.0977700000000004e-06 9.3261546284010001e+02
4.3298558716110781e-03 3.3584500068246004e-06 4.6457100000000001e-06 9.3273413140649996e+02
4.9094492242661523e-03 3.9718300068571995e-06 5.2670599999999997e-06 9.3285792691289998e+02
5.5667590537662745e-03 4.6972400276543001e-06 5.9716300000000001e-06 9.3298704917850000e+02
6.3122329168583428e-03 5.5551399798486997e-06 6.7705900000000002e-06 9.3312173811779996e+02
6.3691536418958340e-03 5.6221100036384002e-06 6.8315900000000001e-06 9.3313158221820004e+02
6.6107787783348925e-03 5.6389700285964000e-06 7.0905299999999997e-06 9.3313397075249998e+02
7.1832281514335565e-03 6.2999099885847007e-06 7.7039700000000007e-06 9.3322329697740008e+02
7.8228640480689938e-03 7.0594400109160007e-06 8.3893400000000006e-06 9.3331767013950002e+02
8.5195476220300548e-03 7.9105299722335996e-06 9.1357600000000004e-06 9.3341477175390003e+02
9.2783521214718639e-03 8.8642300383220009e-06 9.9486500000000000e-06 9.3351470163630006e+02
1.0104791977484120e-02 9.9329099737559988e-06 1.0833900000000000e-05 9.3361751969490001e+02
1.1005037422914624e-02 1.1130399980334000e-05 1.1798100000000000e-05 9.3372332602710003e+02
1.1985504705131824e-02 1.2472300012974001e-05 1.2848100000000000e-05 9.3383220044789994e+02
1.3053499763127112e-02 1.3976000053347000e-05 1.3991700000000000e-05 9.3394422305399996e+02
1.4216706487829026e-02 1.5661000693130000e-05 1.5237100000000000e-05 9.3405949366109996e+02
1.5483652631007537e-02 1.7549100191680000e-05 1.6593399999999999e-05 9.3417811227269999e+02
1.5623499832828706e-02 1.7760599953030001e-05 1.6743099999999999e-05 9.3419079468840005e+02
1.6269961736847121e-02 1.7813900213129999e-05 1.7435099999999998e-05 9.3419395273319992e+02
1.7094324515795702e-02 1.9027400207749999e-05 1.8317499999999999e-05 9.3426180186839997e+02
1.8000874089488257e-02 2.0384500450440000e-05 1.9287799999999999e-05 9.3433394852489994e+02
1.8955614232225096e-02 2.1838399047120000e-05 2.0309599999999999e-05 9.3440734433310001e+02
1.9960983560824267e-02 2.3396100553499999e-05 2.1385500000000000e-05 9.3448202938830002e+02
2.1019794814794490e-02 2.5064799654149998e-05 2.2518500000000001e-05 9.3455801364390004e+02
2.2134768910989058e-02 2.6852600343399999e-05 2.3711500000000002e-05 9.3463531710059999e+02
2.3309000859656603e-02 2.8767899159999994e-05 2.4967799999999998e-05 9.3471396971249999e+02
2.4545494036103295e-02 3.0819700065419999e-05 2.6290599999999999e-05 9.3479400162150000e+02
2.5847718880420045e-02 3.3017999946119998e-05 2.7683600000000000e-05 9.3487541254589996e+02
2.7219055484112444e-02 3.5372998881120002e-05 2.9150400000000001e-05 9.3495825272219997e+02
2.7775365070038964e-02 3.6339601209739997e-05 2.9745400000000002e-05 9.3499105302509997e+02
2.8289610775747390e-02 3.6448598719180002e-05 3.0295400000000001e-05 9.3499466085090000e+02
2.8802930737171755e-02 3.7332599735440002e-05 3.0844399999999999e-05 9.3502356336480000e+02
2.9391538203060320e-02 3.8352800962709990e-05 3.1473899999999997e-05 9.3505628375879996e+02
2.9992229144074897e-02 3.9400800335690003e-05 3.2116300000000003e-05 9.3508923392610006e+02
3.0605097595990186e-02 4.0477499896860003e-05 3.2771700000000003e-05 9.3512239395989991e+02
3.1230612131930052e-02 4.1583600119840003e-05 3.3440600000000000e-05 9.3515578386089999e+02
3.1868867160453597e-02 4.2719998743180005e-05 3.4123099999999999e-05 9.3518940362910007e+02
3.2520144922003676e-02 4.3887298648500002e-05 3.4819500000000001e-05 9.3522325326449993e+02
3.3184820445813230e-02 4.5086601561120004e-05 3.5530200000000001e-05 9.3525732271979996e+02
3.3862987887692660e-02 4.6318701748649993e-05 3.6255299999999998e-05 9.3529163208960006e+02
3.4555116462740516e-02 4.7584401826990007e-05 3.6995300000000001e-05 9.3532617123270006e+02
3.4710848908415574e-02 4.7870299693839997e-05 3.7161800000000001e-05 9.3533387666670001e+02
3.5705765632703390e-02 4.8013899962450004e-05 3.8225500000000002e-05 9.3533768431169995e+02
3.6190650245182691e-02 4.8884701265269996e-05 3.8743900000000000e-05 9.3536029073669999e+02
3.6764595537185744e-02 4.9920498059249994e-05 3.9357499999999997e-05 9.3538680481020003e+02
3.7347724170046170e-02 5.0978398185919999e-05 3.9980900000000002e-05 9.3541345870079999e+02
3.7940129948432849e-02 5.2058599241440000e-05 4.0614200000000002e-05 9.3544024264290010e+02
3.8541907483377907e-02 5.3161699756499999e-05 4.1257500000000003e-05 9.3546717635549999e+02
3.9153244015328124e-02 5.4288198430999997e-05 4.1910999999999999e-05 9.3549425007299999e+02
3.9774234210732992e-02 5.5438601263319996e-05 4.2574799999999998e-05 9.3552146370150001e+02
4.0405159191034282e-02 5.6613297948239995e-05 4.3249199999999999e-05 9.3554882728830000e+02
4.1046019389420471e-02 5.7812899551080002e-05 4.3934199999999997e-05 9.3557633069220003e+02
4.1697190276124625e-02 5.9037997871239995e-05 4.4630199999999998e-05 9.3560397410099995e+02
4.2358578444415006e-02 6.0288999023690009e-05 4.5337100000000003e-05 9.3563177732760005e+02
4.2549448380963861e-02 6.0651299975859995e-05 4.5541099999999997e-05 9.3563974248900001e+02
4.3740238175900857e-02 6.0833198906699995e-05 4.6813800000000002e-05 9.3564365013750000e+02
4.5854886274473032e-02 6.4782902450840000e-05 4.9073799999999998e-05 9.3572599057799994e+02
4.8180087401599556e-02 6.9195997901699998e-05 5.1558599999999998e-05 9.3581365787159996e+02
5.0623240020302433e-02 7.3909702371599995e-05 5.4169200000000003e-05 9.3590278418340006e+02
5.3190452397117956e-02 7.8944498346630003e-05 5.6912100000000000e-05 9.3599338970190001e+02
5.5887837732656438e-02 8.4322299027779992e-05 5.9793799999999997e-05 9.3608550419339997e+02
5.8722166587791814e-02 9.0066499795649990e-05 6.2821499999999995e-05 9.3617915789369999e+02
6.1700398546921942e-02 9.6201898222459989e-05 6.6002599999999997e-05 9.3627437052180005e+02
6.4829683480590566e-02 1.0275499726340999e-04 6.9344700000000000e-05 9.3637116226620003e+02
6.8117831355171340e-02 1.0975499711746999e-04 7.2856100000000002e-05 9.3646956308100005e+02
7.1572933822013338e-02 1.1723199746169999e-04 7.6545399999999994e-05 9.3656960282640000e+02
7.2872355791586060e-02 1.2007500056640000e-04 7.7932800000000000e-05 9.3660639068670002e+02
7.6294350046888545e-02 1.2043499631464001e-04 8.1586400000000002e-05 9.3661091798129996e+02
7.8557740452832786e-02 1.2521799885310001e-04 8.4002899999999995e-05 9.3666865324139997e+02
8.1070439170188191e-02 1.3058099681828001e-04 8.6685400000000002e-05 9.3673145543940007e+02
8.3663493660002267e-02 1.3617299667415003e-04 8.9453500000000007e-05 9.3679492723830003e+02
8.6339540033127660e-02 1.4200499619000000e-04 9.2310000000000002e-05 9.3685905859080003e+02
8.9101308842231525e-02 1.4808700429182000e-04 9.5257800000000001e-05 9.3692387963880003e+02
9.1951438062670962e-02 1.5442999846642999e-04 9.8299699999999997e-05 9.3698938014720000e+02
9.3544637803481184e-02 1.5800363917307320e-04 1.0000000000000000e-04 9.3702641442654260e+02
9.5905107447781510e-02 1.6019455271253864e-04 1.0251903102135330e-04 9.3704847815509470e+02
9.8325140281084369e-02 1.6245948743893513e-04 1.0510156526294784e-04 9.3707072318211999e+02
1.0080623929814024e-01 1.6480094419769355e-04 1.0774920308862083e-04 9.3709315102119103e+02
1.0334994541969494e-01 1.6722150832664668e-04 1.1046358517616344e-04 9.3711576319866901e+02
1.0595783844949944e-01 1.6972385251065011e-04 1.1324639353226505e-04 9.3713856125381392e+02
1.0863153805546882e-01 1.7231073973264816e-04 1.1609935253299066e-04 9.3716154673889241e+02
1.1137270477559956e-01 1.7498502632444326e-04 1.1902422999043261e-04 9.3718472121928801e+02
1.1418304104926932e-01 1.7774966512053704e-04 1.2202283824619380e-04 9.3720808627361248e+02
1.1706429227456047e-01 1.8060770871852571e-04 1.2509703529237746e-04 9.3723164349381739e+02
1.2001824789226359e-01 1.8356231284964950e-04 1.2824872592077406e-04 9.3725539448530799e+02
1.2304674249723443e-01 1.8661673986321829e-04 1.3147986290095459e-04 9.3727934086705625e+02
1.2615165697779432e-01 1.8977436232875999e-04 1.3479244818799581e-04 9.3730348427171486e+02
1.2933491968388167e-01 1.9303866675986968e-04 1.3818853416058171e-04 9.3732782634573607e+02
1.3259850762468031e-01 1.9641325746387074e-04 1.4167022489024585e-04 9.3735236874948487e+02
1.3594444769646849e-01 1.9990186052153946e-04 1.4523967744253552e-04 9.3737711315735964e+02
1.3937481794145054e-01 2.0350832790128593e-04 1.4889910321089992e-04 9.3740206125790962e+02
1.4289174883835368e-01 2.0723664171233525e-04 1.5265076928412506e-04 9.3742721475395535e+02
1.4649742462559118e-01 2.1109091860160471e-04 1.5649699984815753e-04 9.3745257536270924e+02
1.5019408465781386e-01 2.1507541429913180e-04 1.6044017762318125e-04 9.3747814481589728e+02
1.5398402479669213e-01 2.1919452831707187e-04 1.6448274533683262e-04 9.3750392485988289e+02
1.5786959883679227e-01 2.2345280880745367e-04 1.6862720723446144e-04 9.3752991725579079e+02
1.6185321996743335e-01 2.2785495758405745e-04 1.7287613062736909e-04 9.3755612377963166e+02
1.6593736227143149e-01 2.3240583531395929e-04 1.7723214747997684e-04 9.3758254622242737e+02
1.7012456226166334e-01 2.3711046688447497e-04 1.8169795603690218e-04 9.3760918639034116e+02
1.7441742045640202e-01 2.4197404695142831e-04 1.8627632249094552e-04 9.3763604610480354e+02
1.7881860299440502e-01 2.4700194567487137e-04 1.9097008269301516e-04 9.3766312720264284e+02
1.8333084329075655e-01 2.5219971464858872e-04 1.9578214390504300e-04 9.3769043153621521e+02
1.8795694373449257e-01 2.5757309302993335e-04 2.0071548659697055e-04 9.3771796097353683e+02
1.9269977742906294e-01 2.6312801387676205e-04 2.0577316628891208e-04 9.3774571739841747e+02
1.9756228997671210e-01 2.6887061069846765e-04 2.1095831543962960e-04 9.3777370271059237e+02
2.0254750130788607e-01 2.7480722422834191e-04 2.1627414538248171e-04 9.3780191882586030e+02
2.0765850755680174e-01 2.8094440942474561e-04 2.2172394831003884e-04 9.3783036767621797e+02
2.1289848298434350e-01 2.8728894270881706e-04 2.2731109930858634e-04 9.3785905120999757e+02
2.1827068194948207e-01 2.9384782944671077e-04 2.3303905844376775e-04 9.3788797139200744e+02
2.2377844093043889e-01 3.0062831168462770e-04 2.3891137289865332e-04 9.3791713020366888e+02
2.2942518059685185e-01 3.0763787614517684e-04 2.4493167916554709e-04 9.3794652964316106e+02
2.3521440793422929e-01 3.1488426249389877e-04 2.5110370529288456e-04 9.3797617172556045e+02
2.4114971842201174e-01 3.2237547188507828e-04 2.5743127318860165e-04 9.3800605848298517e+02
2.4723479826659411e-01 3.3011977579628141e-04 2.6391830098139305e-04 9.3803619196474131e+02
2.5347342669069484e-01 3.3812572516137229e-04 2.7056880544131293e-04 9.3806657423746731e+02
2.5986947828049428e-01 3.4640215981209373e-04 2.7738690446120696e-04 9.3809720738528233e+02
2.6642692539199969e-01 3.5495821823863653e-04 2.8437681960050278e-04 9.3812809350993473e+02
2.7314984061813219e-01 3.6380334767997568e-04 2.9154287869292376e-04 9.3815923473095222e+02
2.8004239931806629e-01 3.7294731455511280e-04 2.9888951851972931e-04 9.3819063318579219e+02
2.8710888221039432e-01 3.8240021524674412e-04 3.0642128755012642e-04 9.3822229102999700e+02
2.9435367803172574e-01 3.9217248724926094e-04 3.1414284875053904e-04 9.3825421043734411e+02
3.0178128626237277e-01 4.0227492069339088e-04 3.2205898246446093e-04 9.3828639360000454e+02
3.0939631992081429e-01 4.1271867026020499e-04 3.3017458936466349e-04 9.3831884272869911e+02
3.1720350842867479e-01 4.2351526749764661e-04 3.3849469347957547e-04 9.3835156005285444e+02
3.2520770054799658e-01 4.3467663355317980e-04 3.4702444529569233e-04 9.3838454782076417e+02
3.3341386739263085e-01 4.4621509233661890e-04 3.5576912493792500e-04 9.3841780829974982e+02
3.4182710551561585e-01 4.5814338412766890e-04 3.6473414542984148e-04 9.3845134377632303e+02
3.5045264007446175e-01 4.7047467964320599e-04 3.7392505603580685e-04 9.3848515655634685e+02
3.5929582807630656e-01 4.8322259457982722e-04 3.8334754568707298e-04 9.3851924896520518e+02
3.6836216170495945e-01 4.9640120464772915e-04 3.9300744649392762e-04 9.3855362334796484e+02
3.7765727173189723e-01 5.1002506111251381e-04 4.0291073734605658e-04 9.3858828206954706e+02
3.8718693101333218e-01 5.2410920686208132e-04 4.1306354760333477e-04 9.3862322751489432e+02
3.9695705807552439e-01 5.3866919301635374e-04 4.2347216087931149e-04 9.3865846208914320e+02
4.0697372079056410e-01 5.5372109609816596e-04 4.3414301891971601e-04 9.3869398821779600e+02
4.1724314014490710e-01 5.6928153578428395e-04 4.4508272557836445e-04 9.3872980834689429e+02
4.2777169410300414e-01 5.8536769325615143e-04 4.5629805089291028e-04 9.3876592494319573e+02
4.3856592156842356e-01 6.0199733017062484e-04 4.6779593526294306e-04 9.3880234049434955e+02
4.4963252644492796e-01 6.1918880827164862e-04 4.7958349373299986e-04 9.3883905750907638e+02
4.6097838180002576e-01 6.3696110966451620e-04 4.9166802038311914e-04 9.3887607851734765e+02
4.7261053413358417e-01 6.5533385777511127e-04 5.0405699282963373e-04 9.3891340607056804e+02
4.8453620775415546e-01 6.7432733901726701e-04 5.1675807683896615e-04 9.3895104274175799e+02
4.9676280926573346e-01 6.9396252519216993e-04 5.2977913105725822e-04 9.3898899112573906e+02
5.0929793216772701e-01 7.1426109664453742e-04 5.4312821185873762e-04 9.3902725383932136e+02
5.2214936157100700e-01 7.3524546620114034e-04 5.5681357831579789e-04 9.3906583352148994e+02
5.3532507903295723e-01 7.5693880391810187e-04 5.7084369729384129e-04 9.3910473283359670e+02
5.4883326751453076e-01 7.7936506266429667e-04 5.8522724867401271e-04 9.3914395445955051e+02
5.6268231646239031e-01 8.0254900456909841e-04 5.9997313070702621e-04 9.3918350110601125e+02
5.7688082701928967e-01 8.2651622836367889e-04 6.1509046550137030e-04 9.3922337550258510e+02
5.9143761736593203e-01 8.5129319764604768e-04 6.3058860464926074e-04 9.3926358040201933e+02
6.0636172819762335e-01 8.7690727010104256e-04 6.4647713499378743e-04 9.3930411858040407e+02
6.2166242833911989e-01 9.0338672770753003e-04 6.6276588454079711e-04 9.3934499283736875e+02
6.3734922050115983e-01 9.3076080796617431e-04 6.7946492851913209e-04 9.3938620599628723e+02
6.5343184718225267e-01 9.5905973618225335e-04 6.9658459559294702e-04 9.3942776090448001e+02
6.6992029671939302e-01 9.8831475883916654e-04 7.1413547422990986e-04 9.3946966043341922e+02
6.8682480949145419e-01 1.0185581780994841e-03 7.3212841922918790e-04 9.3951190747893770e+02
7.0415588427911657e-01 1.0498233874716328e-03 7.5057455841322663e-04 9.3955450496143681e+02
7.2192428478528037e-01 1.0821449086816002e-03 7.6948529948741825e-04 9.3959745582609901e+02
7.4014104632001188e-01 1.1155584297903687e-03 7.8887233707186763e-04 9.3964076304309867e+02
7.5881748265417492e-01 1.1501008445991699e-03 8.0874765990956120e-04 9.3968442960781863e+02
7.7796519304600353e-01 1.1858102933860605e-03 8.2912355825535565e-04 9.3972845854106663e+02
7.9759606944498151e-01 1.2227262050188122e-03 8.5001263145031698e-04 9.3977285288929397e+02
8.1772230387750222e-01 1.2608893404906047e-03 8.7142779568604790e-04 9.3981761572481514e+02
8.3835639601889411e-01 1.3003418379265957e-03 8.9338229196375598e-04 9.3986275014603166e+02
8.5951116095651592e-01 1.3411272591110613e-03 9.1588969425294151e-04 9.3990825927765616e+02
8.8119973714874367e-01 1.3832906375864803e-03 9.3896391785469916e-04 9.3995414627093930e+02
9.0343559458479217e-01 1.4268785283776779e-03 9.6261922797475686e-04 9.4000041430389797e+02
9.2623254315043668e-01 1.4719390593959172e-03 9.8687024851149669e-04 9.4004706658154475e+02
9.4960474120483251e-01 1.5185219845797104e-03 1.0117319710643356e-03 9.4009410633612436e+02
9.7356670437375925e-01 1.5666787388310178e-03 1.0372197641679909e-03 9.4014153682734400e+02
9.9813331456475241e-01 1.6164624948075070e-03 1.0633493827582722e-03 9.4018936134261128e+02
1.0233198292097134e+00 1.6679282216335457e-03 1.0901369778751849e-03 9.4023758319727676e+02
1.0491418907407508e+00 1.7211327455948027e-03 1.1175991066093073e-03 9.4028620573486967e+02
1.0756155363051279e+00 1.7761348128834320e-03 1.1457527422974992e-03 9.4033523232734490e+02
1.1027572077253522e+00 1.8329951544631389e-03 1.1746152849741924e-03 9.4038466637532679e+02
1.1305837617106007e+00 1.8917765531257591e-03 1.2042045720846587e-03 9.4043451130835797e+02
1.1591124803258051e+00 1.9525439128133567e-03 1.2345388894667911e-03 9.4048477058514800e+02
1.1883610817249206e+00 2.0153643302824307e-03 1.2656369826081336e-03 9.4053544769382529e+02
1.2183477311550299e+00 2.0803071691893223e-03 1.2975180681850270e-03 9.4058654615219223e+02
1.2490910522381180e+00 2.1474441366786390e-03 1.3302018458909270e-03 9.4063806950798266e+02
1.2806101385375306e+00 2.2168493625592581e-03 1.3637085105611332e-03 9.4069002133911840e+02
1.3129245654162947e+00 2.2885994811553409e-03 1.3980587646013275e-03 9.4074240525397238e+02
1.3460544021946670e+00 2.3627737159227168e-03 1.4332738307275227e-03 9.4079522489163128e+02
1.3800202246144644e+00 2.4394539669240914e-03 1.4693754650252067e-03 9.4084848392216270e+02
1.4148431276179085e+00 2.5187249012596329e-03 1.5063859703356528e-03 9.4090218604688130e+02
1.4505447384489318e+00 2.6006740465528188e-03 1.5443282099775794e-03 9.4095633499862140e+02
1.4871472300850779e+00 2.6853918875947521e-03 1.5832256218125393e-03 9.4101093454200998e+02
1.5246733350083308e+00 2.7729719662536439e-03 1.6231022326626192e-03 9.4106598847374153e+02
1.5631463593234385e+00 2.8635109847598055e-03 1.6639826730892615e-03 9.4112150062285684e+02
1.6025901972324910e+00 2.9571089124801734e-03 1.7058921925422305e-03 9.4117747485102279e+02
1.6430293458747414e+00 3.0538690963002667e-03 1.7488566748879557e-03 9.4123391505281677e+02
1.6844889205408973e+00 3.1538983747354688e-03 1.7929026543267528e-03 9.4129082515601169e+02
1.7269946702713110e+00 3.2573071958976003e-03 1.8380573317086073e-03 9.4134820912186365e+02
1.7705729938477810e+00 3.3642097394470734e-03 1.8843485912574975e-03 9.4140607094540417e+02
1.8152509561888792e+00 3.4747240426652630e-03 1.9318050177144521e-03 9.4146441465573298e+02
1.8610563051589888e+00 3.5889721307862856e-03 1.9804559139097897e-03 9.4152324431631359e+02
1.9080174888015002e+00 3.7070801517321275e-03 2.0303313187752690e-03 9.4158256402527331e+02
1.9561636730068597e+00 3.8291785153998573e-03 2.0814620258071239e-03 9.4164237791570451e+02
2.0055247596264474e+00 3.9554020376547320e-03 2.1338796019912455e-03 9.4170269015596796e+02
2.0561314050435375e+00 4.0858900891882072e-03 2.1876164072020424e-03 9.4176350495000167e+02
2.1080150392128627e+00 4.2207867494051593e-03 2.2427056140868025e-03 9.4182482653762838e+02
2.1612078851806218e+00 4.3602409655102911e-03 2.2991812284476666e-03 9.4188665919487096e+02
2.2157429790970524e+00 4.5044067169693796e-03 2.3570781101336629e-03 9.4194900723426520e+02
2.2716541907339796e+00 4.6534431855268761e-03 2.4164319944554725e-03 9.4201187500517995e+02
2.3289762445201090e+00 4.8075149309677011e-03 2.4772795141360252e-03 9.4207526689413805e+02
2.3877447411071113e+00 4.9667920728172100e-03 2.5396582218102618e-03 9.4213918732513935e+02
2.4479961794798961e+00 5.1314504781800009e-03 2.6036066130877633e-03 9.4220364075998964e+02
2.5097679796248147e+00 5.3016719559249694e-03 2.6691641501923064e-03 9.4226863169862941e+02
2.5730985057698508e+00 5.4776444574309736e-03 2.7363712861927028e-03 9.4233416467946790e+02
2.6380270902112573e+00 5.6595622841148384e-03 2.8052694898396992e-03 9.4240024427971787e+02
2.7045940577414238e+00 5.8476263019707868e-03 2.8759012710240337e-03 9.4246687511573612e+02
2.7728407506931396e+00 6.0420441633581993e-03 2.9483102068711287e-03 9.4253406184336541e+02
2.8428095546158212e+00 6.2430305362825862e-03 3.0225409684883141e-03 9.4260180915827971e+02
2.9145439245996432e+00 6.4508073414229622e-03 3.0986393483808301e-03 9.4267012179633275e+02
2.9880884122639184e+00 6.6656039971672923e-03 3.1766522885532784e-03 9.4273900453391036e+02
3.0634886934265015e+00 6.8876576729266174e-03 3.2566279093136290e-03 9.4280846218828378e+02
3.1407915964713768e+00 7.1172135510075025e-03 3.3386155387972391e-03 9.4287849961797099e+02
3.2200451314320753e+00 7.3545250973320042e-03 3.4226657432288913e-03 9.4294912172309500e+02
3.3012985198089719e+00 7.5998543413040714e-03 3.5088303579411929e-03 9.4302033344575068e+02
3.3846022251389707e+00 7.8534721651313498e-03 3.5971625191681816e-03 9.4309213977037200e+02
3.4700079843365814e+00 8.1156586029218891e-03 3.6877166966334703e-03 9.4316454572410487e+02
3.5575688398258460e+00 8.3867031498860208e-03 3.7805487269527084e-03 9.4323755637718023e+02
3.6473391724830631e+00 8.6669050819847375e-03 3.8757158478706284e-03 9.4331117684329411e+02
3.7393747354107898e+00 8.9565737863776303e-03 3.9732767333534877e-03 9.4338541227998883e+02
3.8337326885640617e+00 9.2560291030350898e-03 4.0732915295581644e-03 9.4346026788903839e+02
3.9304716342503783e+00 9.5656016778921590e-03 4.1758218916997693e-03 9.4353574891683832e+02
4.0296516535254776e+00 9.8856333279338342e-03 4.2809310218401373e-03 9.4361186065479649e+02
4.1313343435074943e+00 1.0216477418614938e-02 4.3886837076200771e-03 9.4368860843973084e+02
4.2355828556327069e+00 1.0558499254031383e-02 4.4991463619589210e-03 9.4376599765426954e+02
4.3424619348766029e+00 1.0912076480273539e-02 4.6123870637454203e-03 9.4384403372725274e+02
4.4520379599646400e+00 1.1277599502407126e-02 4.7284755995446433e-03 9.4392272213414174e+02
4.5643789845976750e+00 1.1655471915542044e-02 4.8474835063461851e-03 9.4400206839742839e+02
4.6795547797176402e+00 1.2046110950465051e-02 4.9694841153795338e-03 9.4408207808705208e+02
4.7976368768397553e+00 1.2449947934328409e-02 5.0945525970232100e-03 9.4416275682081641e+02
4.9186986124781669e+00 1.2867428766903175e-02 5.2227660068348393e-03 9.4424411026481232e+02
5.0428151736925892e+00 1.3299014412922880e-02 5.3542033327300060e-03 9.4432614413384567e+02
5.1700636447842738e+00 1.3745181411061388e-02 5.4889455433385203e-03 9.4440886419186575e+02
5.3005230551702720e+00 1.4206422400106784e-02 5.6270756375672963e-03 9.4449227625240314e+02
5.4342744284657432e+00 1.4683246662912359e-02 5.7686786953999132e-03 9.4457638617900295e+02
5.5714008328048008e+00 1.5176180688725303e-02 5.9138419299634981e-03 9.4466119988567368e+02
5.7119874324311004e+00 1.5685768754513867e-02 6.0626547408945148e-03 9.4474672333732872e+02
5.8561215405902791e+00 1.6212573525935074e-02 6.2152087690356822e-03 9.4483296255023993e+02
6.0038926737570604e+00 1.6757176678606454e-02 6.3715979524971251e-03 9.4491992359249275e+02
6.1553926072306728e+00 1.7320179540367669e-02 6.5319185841155921e-03 9.4500761258444436e+02
6.3107154321331800e+00 1.7902203755241389e-02 6.6962693703465437e-03 9.4509603569918875e+02
6.4699576138460646e+00 1.8503891969826432e-02 6.8647514916246330e-03 9.4518519916302353e+02
6.6332180519213795e+00 1.9125908542881001e-02 7.0374686642290735e-03 9.4527510925592139e+02
6.8005981415046923e+00 1.9768940278879675e-02 7.2145272036912315e-03 9.4536577231201068e+02
6.9722018363079190e+00 2.0433697186353891e-02 7.3960360897827532e-03 9.4545719472005305e+02
7.1481357131712162e+00 2.1120913261853443e-02 7.5821070331234452e-03 9.4554938292393081e+02
7.3285090382540110e+00 2.1831347300394578e-02 7.7728545434491304e-03 9.4564234342313603e+02
7.5134338348962331e+00 2.2565783733289387e-02 7.9683959995805794e-03 9.4573608277326866e+02
7.7030249531919672e+00 2.3325033494281819e-02 8.1688517211358919e-03 9.4583060758653210e+02
7.8974001413186867e+00 2.4109934914946549e-02 8.3743450420293974e-03 9.4592592453223949e+02
8.0966801186663737e+00 2.4921354650339303e-02 8.5850023858014875e-03 9.4602204033732357e+02
8.3009886508119823e+00 2.5760188635920941e-02 8.8009533428248035e-03 9.4611896178684924e+02
8.5104526263857263e+00 2.6627363076811468e-02 9.0223307494332033e-03 9.4621669572453322e+02
8.7252021358770264e+00 2.7523835470466766e-02 9.2492707690213036e-03 9.4631524905326648e+02
8.9453705524290168e+00 2.8450595663906956e-02 9.4819129751633532e-03 9.4641462873564535e+02
9.1710946146717465e+00 2.9408666946663640e-02 9.7204004368015400e-03 9.4651484179450119e+02
9.4025145116456024e+00 3.0399107180653091e-02 9.9648798055549503e-03 9.4661589531344384e+02
9.6397739698676670e+00 3.1423009968222899e-02 1.0215501405201879e-02 9.4671779643740047e+02
9.8830203425949943e+00 3.2481505859661301e-02 1.0472419323389040e-02 9.4682055237316854e+02
1.0132404701340453e+01 3.3575763601503453e-02 1.0735791505623243e-02 9.4692417038996814e+02
1.0388081929697741e+01 3.4706991427011953e-02 1.1005779851601684e-02 9.4702865782000106e+02
1.0650210819533937e+01 3.5876438390256907e-02 1.1282550313938919e-02 9.4713402205901718e+02
1.0918954169609462e+01 3.7085395745269104e-02 1.1566272999350011e-02 9.4724027056688237e+02
1.1194478886686403e+01 3.8335198371787893e-02 1.1857122272350286e-02 9.4734741086815609e+02
1.1476956089188329e+01 3.9627226249179442e-02 1.2155276861534375e-02 9.4745545055267098e+02
1.1766561213475732e+01 4.0962905980151683e-02 1.2460919968498102e-02 9.4756439727612099e+02
1.2063474122803141e+01 4.2343712365948610e-02 1.2774239379468666e-02 9.4767425876065124e+02
1.2367879219025772e+01 4.3771170034764113e-02 1.3095427579710267e-02 9.4778504279545950e+02
1.2679965557124735e+01 4.5246855125171619e-02 1.3424681870773556e-02 9.4789675723739549e+02
1.2999926962622336e+01 4.6772397026430317e-02 1.3762204490659522e-02 9.4800941001157389e+02
1.3327962151960039e+01 4.8349480177587875e-02 1.4108202736969626e-02 9.4812300911198804e+02
1.3664274855914019e+01 4.9979845927366838e-02 1.4462889093116132e-02 9.4823756260213111e+02
1.4009073946125046e+01 5.1665294456888819e-02 1.4826481357668371e-02 9.4835307861562251e+02
1.4362573564821059e+01 5.3407686767358471e-02 1.5199202776912162e-02 9.4846956535684410e+02
1.4724993257813102e+01 5.5208946734902266e-02 1.5581282180702000e-02 9.4858703110157626e+02
1.5096558110847365e+01 5.7071063234831881e-02 1.5972954121687401e-02 9.4870548419764384e+02
1.5477498889397747e+01 5.8996092337676234e-02 1.6374459017996498e-02 9.4882493306556864e+02
1.5868052181985886e+01 6.0986159579407603e-02 1.6786043299462386e-02 9.4894538619922776e+02
1.6268460547117829e+01 6.3043462308369422e-02 1.7207959557479904e-02 9.4906685216651783e+02
1.6678972663928217e+01 6.5170272111495037e-02 1.7640466698582043e-02 9.4918933961002404e+02
1.7099843486625993e+01 6.7368937322498795e-02 1.8083830101828190e-02 9.4931285724770032e+02
1.7531334402837182e+01 6.9641885614806803e-02 1.8538321780098056e-02 9.4943741387354919e+02
1.7973713395943228e+01 7.1991626682091414e-02 1.9004220545387512e-02 9.4956301835831766e+02
1.8427255211515899e+01 7.4420755009369732e-02 1.9481812178205663e-02 9.4968967965018805e+02
1.8892241527951651e+01 7.6931952737723894e-02 1.9971389601173273e-02 9.4981740677548942e+02
1.9368961131412011e+01 7.9527992625808661e-02 2.0473253056927355e-02 9.4994620883940104e+02
1.9857710095178167e+01 8.2211741111414632e-02 2.0987710290437025e-02 9.5007609502667549e+02
2.0358791963531271e+01 8.4986161476467384e-02 2.1515076735839911e-02 9.5020707460236019e+02
2.0872517940272946e+01 8.7854317118959246e-02 2.2055675707910543e-02 9.5033915691253151e+02
2.1399207082002626e+01 9.0819374935423899e-02 2.2609838598274517e-02 9.5047235138503265e+02
2.1939186496271976e+01 9.3884608817689452e-02 2.3177905076485501e-02 9.5060666753022065e+02
2.2492791544739703e+01 9.7053403267772773e-02 2.3760223296085136e-02 9.5074211494171857e+02
2.3060366051452455e+01 1.0032925713490332e-01 2.4357150105767951e-02 9.5087870329717828e+02
2.3642262516381418e+01 1.0371578747880464e-01 2.4969051265777319e-02 9.5101644235904769e+02
2.4238842334347442e+01 1.0721673356350012e-01 2.5596301669661394e-02 9.5115534197534760e+02
2.4850476019470097e+01 1.1083596098604967e-01 2.6239285571520325e-02 9.5129541208045441e+02
2.5477543435280733e+01 1.1457746594477984e-01 2.6898396818880548e-02 9.5143666269589221e+02
2.6120434030641892e+01 1.1844537965171718e-01 2.7574039091333952e-02 9.5157910393113355e+02
2.6779547081619821e+01 1.2244397289409797e-01 2.8266626145084076e-02 9.5172274598440231e+02
2.7455291939460551e+01 1.2657766074999244e-01 2.8976582063544538e-02 9.5186759914349295e+02
2.8148088284822919e+01 1.3085100746324649e-01 2.9704341514138081e-02 9.5201367378659165e+02
2.8858366388427228e+01 1.3526873148312868e-01 3.0450350011449284e-02 9.5216098038310884e+02
2.9586567378280709e+01 1.3983571067424219e-01 3.1215064186886417e-02 9.5230952949451694e+02
3.0333143513646075e+01 1.4455698770245690e-01 3.1998952065012569e-02 9.5245933177520021e+02
3.1098558465923546e+01 1.4943777560280946e-01 3.2802493346710086e-02 9.5261039797331023e+02
3.1883287606620275e+01 1.5448346353551637e-01 3.3626179699345712e-02 9.5276273893162988e+02
3.2687818302586273e+01 1.5969962273645660e-01 3.4470515054108204e-02 9.5291636558844948e+02
3.3512650218700507e+01 1.6509201266869680e-01 3.5336015910695226e-02 9.5307128897844677e+02
3.4358295628194568e+01 1.7066658738184692e-01 3.6223211649528818e-02 9.5322752023357816e+02
3.5225279730806911e+01 1.7642950208626998e-01 3.7132644851684604e-02 9.5338507058397988e+02
3.6114140978965636e+01 1.8238711994940762e-01 3.8064871626724346e-02 9.5354395135887466e+02
3.7025431412201527e+01 1.8854601912171925e-01 3.9020461948624380e-02 9.5370417398749373e+02
3.7959716999999998e+01 1.9491300000000000e-01 4.0000000000000001e-02 9.5386754800000006e+02
4.3150494999999999e+01 2.2148899999999999e-01 4.5440000000000001e-02 9.5449089000000004e+02
4.8344223000000000e+01 2.4404200000000001e-01 5.0880000000000002e-02 9.5495984299999998e+02
5.3540152999999997e+01 2.6270300000000002e-01 5.6320000000000002e-02 9.5530819099999997e+02
5.8737718000000001e+01 2.7809099999999998e-01 6.1760000000000002e-02 9.5556864800000005e+02
6.3936525000000003e+01 2.9123900000000003e-01 6.7199999999999996e-02 9.5577207899999996e+02
6.9136341000000002e+01 3.0352699999999999e-01 7.2639999999999996e-02 9.5594710099999998e+02
7.4337085999999999e+01 3.1662000000000001e-01 7.8079999999999997e-02 9.5611993399999994e+02
7.9538810999999995e+01 3.3241900000000002e-01 8.3519999999999997e-02 9.5631438800000001e+02
8.4741695000000007e+01 3.5300700000000002e-01 8.8959999999999997e-02 9.5655192299999999e+02
8.9945976999999999e+01 3.7840200000000002e-01 9.4399999999999998e-02 9.5682780600000001e+02
9.5151897000000005e+01 4.1132600000000002e-01 9.9839999999999998e-02 9.5716544599999997e+02
1.0035988600000000e+02 4.5550000000000002e-01 1.0528000000000000e-01 9.5759469600000000e+02
1.0557049100000000e+02 5.1374900000000001e-01 1.1072000000000000e-01 9.5813251500000001e+02
1.1078433800000001e+02 5.8869099999999996e-01 1.1616000000000000e-01 9.5879157699999996e+02
1.1600211400000001e+02 6.8281899999999995e-01 1.2160000000000000e-01 9.5958176700000001e+02
1.2122455400000000e+02 7.9852299999999998e-01 1.2703999999999999e-01 9.6051083400000005e+02
1.2645243200000000e+02 9.3809200000000004e-01 1.3247999999999999e-01 9.6158477600000003e+02
1.3168654799999999e+02 1.1037110000000001e+00 1.3791999999999999e-01 9.6280811800000004e+02
1.3692772400000001e+02 1.2974680000000001e+00 1.4335999999999999e-01 9.6418413299999997e+02
1.4217679699999999e+02 1.5213460000000001e+00 1.4879999999999999e-01 9.6571503199999995e+02
1.4743461400000001e+02 1.7772269999999999e+00 1.5423999999999999e-01 9.6740212899999995e+02
1.5270202699999999e+02 2.0669029999999999e+00 1.5967999999999999e-01 9.6924600099999998e+02
1.5797988699999999e+02 2.3920740000000000e+00 1.6511999999999999e-01 9.7124661800000001e+02
1.6326904800000000e+02 2.7543590000000000e+00 1.7055999999999999e-01 9.7340347499999996e+02
1.6857035700000000e+02 3.1553070000000001e+00 1.7599999999999999e-01 9.7571569299999999e+02
1.7388465600000001e+02 3.5964010000000002e+00 1.8143999999999999e-01 9.7818212200000005e+02
1.7921278000000001e+02 4.0790720000000000e+00 1.8687999999999999e-01 9.8080141200000003e+02
1.8455555799999999e+02 4.6047010000000004e+00 1.9231999999999999e-01 9.8357208600000001e+02
1.8991380799999999e+02 5.1746330000000000e+00 1.9775999999999999e-01 9.8649258899999995e+02
1.9528834200000000e+02 5.7901769999999999e+00 2.0319999999999999e-01 9.8956132800000000e+02
2.0067996199999999e+02 6.4526180000000002e+00 2.0863999999999999e-01 9.9277670200000000e+02
2.0608946100000000e+02 7.1632129999999998e+00 2.1407999999999999e-01 9.9613712199999998e+02
2.1151762500000001e+02 7.9232019999999999e+00 2.1951999999999999e-01 9.9964102000000003e+02
2.1696522999999999e+02 8.7338020000000007e+00 2.2495999999999999e-01 1.0032868570000001e+03
2.2243304499999999e+02 9.5962139999999998e+00 2.3039999999999999e-01 1.0070731210000000e+03
2.2792182900000000e+02 1.0511618000000000e+01 2.3583999999999999e-01 1.0109983220000000e+03
2.3343233499999999e+02 1.1481173000000000e+01 2.4127999999999999e-01 1.0150609860000000e+03
2.3896530600000000e+02 1.2506016000000001e+01 2.4671999999999999e-01 1.0192596400000000e+03
2.4452148000000000e+02 1.3587256999999999e+01 2.5216000000000000e-01 1.0235928080000000e+03
2.5010158300000001e+02 1.4725978000000000e+01 2.5760000000000000e-01 1.0280589910000001e+03
2.5570633699999999e+02 1.5923227000000001e+01 2.6304000000000000e-01 1.0326566590000000e+03
2.6133645100000001e+02 1.7180015000000001e+01 2.6848000000000000e-01 1.0373842390000000e+03
2.6699263000000002e+02 1.8497316000000001e+01 2.7392000000000000e-01 1.0422401030000001e+03
2.7267556500000001e+02 1.9876054000000000e+01 2.7936000000000000e-01 1.0472225550000001e+03
2.7838594300000000e+02 2.1317108999999999e+01 2.8480000000000000e-01 1.0523298279999999e+03
2.8412443700000000e+02 2.2821304000000001e+01 2.9024000000000000e-01 1.0575600680000000e+03
2.8989171099999999e+02 2.4389410000000002e+01 2.9568000000000000e-01 1.0629113390000000e+03
2.9568841900000001e+02 2.6022137000000001e+01 3.0112000000000000e-01 1.0683816059999999e+03
3.0151520299999999e+02 2.7720132000000000e+01 3.0656000000000000e-01 1.0739687449999999e+03
3.0737269199999997e+02 2.9483979999999999e+01 3.1200000000000000e-01 1.0796705310000000e+03
3.1326150500000000e+02 3.1314198000000001e+01 3.1744000000000000e-01 1.0854846460000001e+03
3.1918224600000002e+02 3.3211233999999997e+01 3.2288000000000000e-01 1.0914086769999999e+03
3.2513550700000002e+02 3.5175469999999997e+01 3.2832000000000000e-01 1.0974401240000000e+03
3.3112186600000001e+02 3.7207217999999997e+01 3.3376000000000000e-01 1.1035763979999999e+03
3.3714188600000000e+02 3.9306719999999999e+01 3.3920000000000000e-01 1.1098148320000000e+03
3.4319611600000002e+02 4.1474150999999999e+01 3.4464000000000000e-01 1.1161526879999999e+03
3.4928508799999997e+02 4.3709617999999999e+01 3.5008000000000000e-01 1.1225871609999999e+03
3.5540932299999997e+02 4.6013164000000003e+01 3.5552000000000000e-01 1.1291153919999999e+03
3.6156932000000000e+02 4.8384766999999997e+01 3.6096000000000000e-01 1.1357344720000001e+03
3.6776401600000003e+02 5.0531700000000001e+01 3.6640000000000000e-01 1.1416385210000001e+03
3.7398874400000000e+02 5.2490146000000003e+01 3.7184000000000000e-01 1.1469436780000001e+03
3.8024173400000001e+02 5.4402723000000002e+01 3.7728000000000000e-01 1.1520491780000000e+03
3.8652215799999999e+02 5.6298772000000000e+01 3.8272000000000000e-01 1.1570380330000000e+03
3.9282949800000000e+02 5.8191966999999998e+01 3.8816000000000001e-01 1.1619490420000000e+03
3.9916339599999998e+02 6.0090204000000000e+01 3.9360000000000001e-01 1.1668045850000001e+03
4.0552323799999999e+02 6.1884766999999997e+01 3.9904000000000001e-01 1.1713329480000000e+03
4.1190606500000001e+02 6.3515255000000003e+01 4.0448000000000001e-01 1.1753906810000001e+03
4.1831074999999998e+02 6.5140288999999996e+01 4.0992000000000001e-01 1.1793807340000001e+03
4.2473706199999998e+02 6.6776334000000006e+01 4.1536000000000001e-01 1.1833448500000000e+03
4.3118490700000001e+02 6.8429507999999998e+01 4.2080000000000001e-01 1.1872983460000000e+03
4.3765424899999999e+02 7.0103026999999997e+01 4.2624000000000001e-01 1.1912490949999999e+03
4.4414508799999999e+02 7.1798878999999999e+01 4.3168000000000001e-01 1.1952018000000000e+03
4.5065744200000000e+02 7.3518416999999999e+01 4.3712000000000001e-01 1.1991595310000000e+03
4.5719134700000001e+02 7.5262623000000005e+01 4.4256000000000001e-01 1.2031243979999999e+03
4.6374684300000001e+02 7.7032246000000001e+01 4.4800000000000001e-01 1.2070979060000000e+03
4.7032398300000000e+02 7.8827872999999997e+01 4.5344000000000001e-01 1.2110811510000001e+03
4.7692282100000000e+02 8.0649979000000002e+01 4.5888000000000001e-01 1.2150749430000001e+03
4.8354341499999998e+02 8.2498954999999995e+01 4.6432000000000001e-01 1.2190798789999999e+03
4.9018582900000001e+02 8.4375127000000006e+01 4.6976000000000001e-01 1.2230963990000000e+03
4.9685012599999999e+02 8.6278771000000006e+01 4.7520000000000001e-01 1.2271248200000000e+03
5.0353637199999997e+02 8.8210121000000001e+01 4.8064000000000001e-01 1.2311653600000000e+03
5.1024463200000002e+02 9.0169377999999995e+01 4.8608000000000001e-01 1.2352181639999999e+03
5.1697497399999997e+02 9.2156715000000005e+01 4.9152000000000001e-01 1.2392833120000000e+03
5.2372746600000005e+02 9.4172279000000003e+01 4.9696000000000001e-01 1.2433608300000001e+03
5.3050217399999997e+02 9.6216198000000006e+01 5.0239999999999996e-01 1.2474507050000000e+03
5.3729916500000002e+02 9.8288580999999994e+01 5.0783999999999996e-01 1.2515528850000001e+03
5.4411850700000002e+02 1.0038952000000000e+02 5.1327999999999996e-01 1.2556672910000000e+03
5.5096026500000005e+02 1.0251909300000000e+02 5.1871999999999996e-01 1.2597938150000000e+03
5.5782450500000004e+02 1.0467736499999999e+02 5.2415999999999996e-01 1.2639323290000000e+03
5.6471129299999996e+02 1.0686438900000000e+02 5.2959999999999996e-01 1.2680826850000001e+03
5.7162069199999996e+02 1.0908020700000000e+02 5.3503999999999996e-01 1.2722447219999999e+03
5.7855276400000002e+02 1.1132485100000000e+02 5.4047999999999996e-01 1.2764182630000000e+03
5.8550757299999998e+02 1.1359834499999999e+02 5.4591999999999996e-01 1.2806031200000000e+03
5.9248518000000001e+02 1.1590070299999999e+02 5.5135999999999996e-01 1.2847990940000000e+03
5.9948564299999998e+02 1.1823193200000000e+02 5.5679999999999996e-01 1.2890059810000000e+03
6.0650902299999996e+02 1.2059203100000001e+02 5.6223999999999996e-01 1.2932235659999999e+03
6.1355537600000002e+02 1.2298099200000000e+02 5.6767999999999996e-01 1.2974516320000000e+03
6.2062475900000004e+02 1.2539880300000000e+02 5.7311999999999996e-01 1.3016899519999999e+03
6.2771722799999998e+02 1.2784544300000000e+02 5.7855999999999996e-01 1.3059383009999999e+03
6.3483283500000005e+02 1.3032088700000000e+02 5.8399999999999996e-01 1.3101964470000000e+03
6.4197163499999999e+02 1.3282510500000001e+02 5.8943999999999996e-01 1.3144641549999999e+03
6.4913367800000003e+02 1.3535806099999999e+02 5.9487999999999996e-01 1.3187411910000001e+03
6.5631901400000004e+02 1.3791971500000000e+02 6.0031999999999996e-01 1.3230273190000000e+03
6.6352769200000000e+02 1.4051002299999999e+02 6.0575999999999997e-01 1.3273223000000000e+03
6.7075976000000003e+02 1.4312893700000001e+02 6.1119999999999997e-01 1.3316258969999999e+03
6.7801526400000000e+02 1.4577640500000001e+02 6.1663999999999997e-01 1.3359378720000000e+03
6.8529424900000004e+02 1.4845237100000000e+02 6.2207999999999997e-01 1.3402579880000001e+03
6.9259675800000002e+02 1.5115677500000001e+02 6.2751999999999997e-01 1.3445860100000000e+03
6.9992283399999997e+02 1.5388955600000000e+02 6.3295999999999997e-01 1.3489217010000000e+03
7.0727251799999999e+02 1.5665064799999999e+02 6.3839999999999997e-01 1.3532648280000001e+03
7.1464585000000000e+02 1.5943998400000001e+02 6.4383999999999997e-01 1.3576151580000001e+03
7.2204286800000000e+02 1.6225749300000001e+02 6.4927999999999997e-01 1.3619724620000000e+03
7.2946361000000002e+02 1.6510310100000001e+02 6.5471999999999997e-01 1.3663365110000000e+03
7.3690811199999996e+02 1.6797673399999999e+02 6.6015999999999997e-01 1.3707070790000000e+03
7.4437640799999997e+02 1.7087831399999999e+02 6.6559999999999997e-01 1.3750839420000000e+03
7.5186853199999996e+02 1.7380776200000000e+02 6.7103999999999997e-01 1.3794668780000000e+03
7.5938451699999996e+02 1.7676499600000000e+02 6.7647999999999997e-01 1.3838556690000000e+03
7.6692439400000001e+02 1.7974993400000000e+02 6.8191999999999997e-01 1.3882500990000001e+03
7.7448819300000002e+02 1.8276249000000001e+02 6.8735999999999997e-01 1.3926499550000001e+03
7.8207594200000005e+02 1.8580257900000001e+02 6.9279999999999997e-01 1.3970550249999999e+03
7.8968767100000002e+02 1.8887011200000001e+02 6.9823999999999997e-01 1.4014651030000000e+03
7.9732340499999998e+02 1.9196500200000000e+02 7.0367999999999997e-01 1.4058799839999999e+03
8.0498316999999997e+02 1.9508715699999999e+02 7.0911999999999997e-01 1.4102994670000000e+03
8.1266699000000006e+02 1.9823648700000001e+02 7.1455999999999997e-01 1.4147233520000000e+03
8.2037488900000005e+02 2.0141290000000001e+02 7.1999999999999997e-01 1.4191514450000000e+03
8.2810689000000002e+02 2.0461630199999999e+02 7.2543999999999997e-01 1.4235835540000000e+03
8.3586301300000002e+02 2.0784659900000000e+02 7.3087999999999997e-01 1.4280194890000000e+03
8.4364327900000001e+02 2.1110369600000001e+02 7.3631999999999997e-01 1.4324590630000000e+03
8.5144770700000004e+02 2.1438749899999999e+02 7.4175999999999997e-01 1.4369020960000000e+03
8.5927631499999995e+02 2.1769791000000001e+02 7.4719999999999998e-01 1.4413484060000001e+03
8.6712912100000005e+02 2.2103483299999999e+02 7.5263999999999998e-01 1.4457978160000000e+03
8.7500614199999995e+02 2.2439817099999999e+02 7.5807999999999998e-01 1.4502501549999999e+03
8.8290739199999996e+02 2.2778782600000000e+02 7.6351999999999998e-01 1.4547052510000001e+03
8.9083288600000003e+02 2.3120369900000000e+02 7.6895999999999998e-01 1.4591629359999999e+03
8.9878263800000002e+02 2.3464569299999999e+02 7.7439999999999998e-01 1.4636230470000000e+03
9.0675666000000001e+02 2.3811370900000000e+02 7.7983999999999998e-01 1.4680854230000000e+03
9.1475496499999997e+02 2.4160764599999999e+02 7.8527999999999998e-01 1.4725499060000000e+03
9.2277756399999998e+02 2.4512740700000001e+02 7.9071999999999998e-01 1.4770163399999999e+03
9.3082446600000003e+02 2.4867289199999999e+02 7.9615999999999998e-01 1.4814845730000000e+03
9.3889568099999997e+02 2.5224400000000000e+02 8.0159999999999998e-01 1.4859544559999999e+03
9.4699121800000000e+02 2.5584063300000000e+02 8.0703999999999998e-01 1.4904258430000000e+03
9.5511108400000001e+02 2.5946269100000001e+02 8.1247999999999998e-01 1.4948985909999999e+03
9.6325528599999996e+02 2.6311007300000000e+02 8.1791999999999998e-01 1.4993725580000000e+03
9.7142383099999995e+02 2.6678268100000003e+02 8.2335999999999998e-01 1.5038476069999999e+03
9.7961672399999998e+02 2.7048041300000000e+02 8.2879999999999998e-01 1.5083236039999999e+03
9.8783397000000002e+02 2.7420317200000000e+02 8.3423999999999998e-01 1.5128004149999999e+03
9.9607557299999996e+02 2.7795085699999998e+02 8.3967999999999998e-01 1.5172779120000000e+03
1.0043415360000000e+03 2.8172336799999999e+02 8.4511999999999998e-01 1.5217559670000001e+03
1.0126318630000000e+03 2.8552060699999998e+02 8.5055999999999998e-01 1.5262344570000000e+03
1.0209465540000000e+03 2.8934247399999998e+02 8.5599999999999998e-01 1.5307132590000001e+03
1.0292856119999999e+03 2.9318887100000001e+02 8.6143999999999998e-01 1.5351922540000000e+03
1.0376490369999999e+03 2.9705969900000002e+02 8.6687999999999998e-01 1.5396713259999999e+03
1.0460368289999999e+03 3.0095485900000000e+02 8.7231999999999998e-01 1.5441503600000001e+03
1.0544489880000001e+03 3.0487425300000001e+02 8.7775999999999998e-01 1.5486292460000000e+03
1.0628855129999999e+03 3.0881778400000002e+02 8.8319999999999999e-01 1.5531078729999999e+03
1.0713464010000000e+03 3.1278535299999999e+02 8.8863999999999999e-01 1.5575861350000000e+03
1.0798316510000000e+03 3.1677686399999999e+02 8.9407999999999999e-01 1.5620639260000000e+03
1.0883412599999999e+03 3.2079221999999999e+02 8.9951999999999999e-01 1.5665411449999999e+03
1.0968752239999999e+03 3.2483132400000000e+02 9.0495999999999999e-01 1.5710176910000000e+03
1.1054335400000000e+03 3.2889407899999998e+02 9.1039999999999999e-01 1.5754934670000000e+03
1.1140162020000000e+03 3.3298039100000000e+02 9.1583999999999999e-01 1.5799683769999999e+03
1.1226232070000001e+03 3.3709016400000002e+02 9.2127999999999999e-01 1.5844423270000000e+03
1.1312545480000001e+03 3.4122330199999999e+02 9.2671999999999999e-01 1.5889152250000000e+03
1.1399102190000001e+03 3.4537971099999999e+02 9.3215999999999999e-01 1.5933869830000001e+03
1.1485902149999999e+03 3.4955929800000001e+02 9.3759999999999999e-01 1.5978575129999999e+03
1.1572945279999999e+03 3.5376196800000002e+02 9.4303999999999999e-01 1.6023267289999999e+03
1.1660231500000000e+03 3.5798762900000003e+02 9.4847999999999999e-01 1.6067945480000001e+03
1.1747760750000000e+03 3.6223618699999997e+02 9.5391999999999999e-01 1.6112608900000000e+03
1.1835532929999999e+03 3.6650755199999998e+02 9.5935999999999999e-01 1.6157256740000000e+03
1.1923547960000001e+03 3.7080163099999999e+02 9.6479999999999999e-01 1.6201888230000000e+03
1.2011805750000001e+03 3.7511833300000001e+02 9.7023999999999999e-01 1.6246502610000000e+03
1.2100306200000000e+03 3.7945756899999998e+02 9.7567999999999999e-01 1.6291099150000000e+03
1.2189049219999999e+03 3.8381924800000002e+02 9.8111999999999999e-01 1.6335677129999999e+03
1.2278034700000001e+03 3.8820328200000000e+02 9.8655999999999999e-01 1.6380235849999999e+03
1.2367262539999999e+03 3.9260958199999999e+02 9.9199999999999999e-01 1.6424774629999999e+03
1.2456732620000000e+03 3.9703805999999997e+02 9.9743999999999999e-01 1.6469292809999999e+03
1.2546444830000000e+03 4.0148863100000000e+02 1.0028800000000000e+00 1.6513789740000000e+03
1.2636399050000000e+03 4.0596120800000000e+02 1.0083200000000001e+00 1.6558264799999999e+03
1.2726595159999999e+03 4.1045570600000002e+02 1.0137600000000000e+00 1.6602717390000000e+03
1.2817033050000000e+03 4.1497204199999999e+02 1.0192000000000001e+00 1.6647146920000000e+03
1.2907712570000001e+03 4.1951013200000000e+02 1.0246400000000000e+00 1.6691552830000001e+03
1.2998633609999999e+03 4.2406989600000003e+02 1.0300800000000001e+00 1.6735934580000001e+03
1.3089796020000001e+03 4.2865125499999999e+02 1.0355200000000000e+00 1.6780291649999999e+03
1.3181199680000000e+03 4.3325412899999998e+02 1.0409600000000001e+00 1.6824623549999999e+03
1.3272844439999999e+03 4.3787844500000000e+02 1.0464000000000000e+00 1.6868929830000000e+03
1.3364730159999999e+03 4.4252413100000001e+02 1.0518400000000001e+00 1.6913210059999999e+03
1.3456856710000000e+03 4.4719111700000002e+02 1.0572800000000000e+00 1.6957463869999999e+03
1.3549223930000001e+03 4.5187934200000001e+02 1.0627200000000001e+00 1.7001690940000001e+03
1.3641831680000000e+03 4.5658875399999999e+02 1.0681600000000000e+00 1.7045891050000000e+03
1.3734679819999999e+03 4.6131931500000002e+02 1.0736000000000001e+00 1.7090064139999999e+03
1.3827768189999999e+03 4.6607102400000002e+02 1.0790400000000000e+00 1.7134210450000000e+03
1.3921096660000001e+03 4.7084399500000001e+02 1.0844800000000001e+00 1.7178331310000001e+03
1.4014665090000001e+03 4.7563852200000002e+02 1.0899200000000000e+00 1.7222429689999999e+03
1.4108473329999999e+03 4.8045351499999998e+02 1.0953599999999999e+00 1.7266495820000000e+03
1.4202521220000001e+03 4.8528881400000000e+02 1.1008000000000000e+00 1.7310528580000000e+03
1.4296808559999999e+03 4.9014433800000000e+02 1.1062399999999999e+00 1.7354527559999999e+03
1.4391335170000000e+03 4.9502000900000002e+02 1.1116800000000000e+00 1.7398492380000000e+03
1.4486100859999999e+03 4.9991574500000002e+02 1.1171199999999999e+00 1.7442422650000001e+03
1.4581105439999999e+03 5.0483146900000003e+02 1.1225600000000000e+00 1.7486318000000001e+03
1.4676348730000000e+03 5.0976710100000003e+02 1.1279999999999999e+00 1.7530178069999999e+03
1.4771830520000001e+03 5.1472256300000004e+02 1.1334400000000000e+00 1.7574002510000000e+03
1.4867550630000001e+03 5.1969777799999997e+02 1.1388799999999999e+00 1.7617790980000000e+03
1.4963508859999999e+03 5.2469266900000002e+02 1.1443200000000000e+00 1.7661543150000000e+03
1.5059705010000000e+03 5.2970716000000004e+02 1.1497599999999999e+00 1.7705258690000001e+03
1.5156138880000001e+03 5.3474117500000000e+02 1.1552000000000000e+00 1.7748937300000000e+03
1.5252810260000001e+03 5.3979463799999996e+02 1.1606399999999999e+00 1.7792578670000000e+03
1.5349718960000000e+03 5.4486747400000002e+02 1.1660800000000000e+00 1.7836182510000001e+03
1.5446864770000000e+03 5.4995961000000000e+02 1.1715199999999999e+00 1.7879748520000001e+03
1.5544247479999999e+03 5.5507097099999999e+02 1.1769600000000000e+00 1.7923276440000000e+03
1.5641866880000000e+03 5.6020148400000005e+02 1.1823999999999999e+00 1.7966765980000000e+03
1.5739722770000001e+03 5.6535107600000003e+02 1.1878400000000000e+00 1.8010216900000000e+03
1.5837814930000000e+03 5.7051967600000000e+02 1.1932799999999999e+00 1.8053628920000001e+03
1.5936143150000000e+03 5.7570721000000003e+02 1.1987200000000000e+00 1.8097001820000000e+03
1.6034707229999999e+03 5.8091360899999995e+02 1.2041599999999999e+00 1.8140335339999999e+03
1.6133506930000001e+03 5.8613880099999994e+02 1.2096000000000000e+00 1.8183629269999999e+03
1.6232542050000000e+03 5.9138271599999996e+02 1.2150399999999999e+00 1.8226883359999999e+03
1.6331812370000000e+03 5.9664528299999995e+02 1.2204800000000000e+00 1.8270097410000001e+03
1.6431317680000000e+03 6.0192643499999997e+02 1.2259199999999999e+00 1.8313271199999999e+03
1.6531057740000001e+03 6.0722610099999997e+02 1.2313600000000000e+00 1.8356404530000000e+03
1.6631032350000000e+03 6.1254421300000001e+02 1.2367999999999999e+00 1.8399497210000000e+03
1.6731241270000000e+03 6.1788070400000004e+02 1.2422400000000000e+00 1.8442549030000000e+03
1.6831684290000001e+03 6.2323550599999999e+02 1.2476799999999999e+00 1.8485559820000001e+03
1.6932361189999999e+03 6.2860855200000003e+02 1.2531200000000000e+00 1.8528529400000000e+03
1.7033271729999999e+03 6.3399977500000000e+02 1.2585599999999999e+00 1.8571457590000000e+03
1.7134415690000001e+03 6.3940911000000006e+02 1.2640000000000000e+00 1.8614344229999999e+03
1.7235792850000000e+03 6.4483649000000003e+02 1.2694399999999999e+00 1.8657189149999999e+03
1.7337402979999999e+03 6.5028185099999996e+02 1.2748800000000000e+00 1.8699992199999999e+03
1.7439245840000001e+03 6.5574512800000002e+02 1.2803199999999999e+00 1.8742753240000000e+03
1.7541321220000000e+03 6.6122625600000003e+02 1.2857600000000000e+00 1.8785472100000000e+03
1.7643628880000001e+03 6.6672517100000005e+02 1.2911999999999999e+00 1.8828148670000000e+03
1.7746168590000000e+03 6.7224181099999998e+02 1.2966400000000000e+00 1.8870782790000001e+03
1.7848940120000000e+03 6.7777611100000001e+02 1.3020799999999999e+00 1.8913374340000000e+03
1.7951943240000001e+03 6.8332800999999995e+02 1.3075200000000000e+00 1.8955923200000000e+03
1.8055177710000000e+03 6.8889744499999995e+02 1.3129599999999999e+00 1.8998429240000000e+03
1.8158643300000001e+03 6.9448435500000005e+02 1.3184000000000000e+00 1.9040892349999999e+03
1.8262339780000000e+03 7.0008867699999996e+02 1.3238399999999999e+00 1.9083312420000000e+03
1.8366266909999999e+03 7.0571035199999994e+02 1.3292800000000000e+00 1.9125689339999999e+03
1.8470424459999999e+03 7.1134931800000004e+02 1.3347199999999999e+00 1.9168023009999999e+03
1.8574812199999999e+03 7.1700551599999994e+02 1.3401600000000000e+00 1.9210313329999999e+03
1.8679429880000000e+03 7.2267888600000003e+02 1.3455999999999999e+00 1.9252560209999999e+03
1.8784277259999999e+03 7.2836936700000001e+02 1.3510400000000000e+00 1.9294763559999999e+03
1.8889354129999999e+03 7.3407690300000002e+02 1.3564799999999999e+00 1.9336923290000000e+03
1.8994660220000001e+03 7.3980143199999998e+02 1.3619200000000000e+00 1.9379039330000001e+03
1.9100195280000000e+03 7.4553526599999998e+02 1.3673599999999999e+00 1.9421055730000000e+03
1.9205957870000000e+03 7.5123950900000000e+02 1.3728000000000000e+00 1.9462689330000001e+03
1.9311946370000001e+03 7.5693937600000004e+02 1.3782399999999999e+00 1.9504126440000000e+03
1.9418159909999999e+03 7.6264293899999996e+02 1.3836800000000000e+00 1.9545427070000001e+03
1.9524597830000000e+03 7.6835360700000001e+02 1.3891199999999999e+00 1.9586616890000000e+03
1.9631259550000000e+03 7.7407334300000002e+02 1.3945600000000000e+00 1.9627710870000001e+03
1.9738144600000001e+03 7.7980343300000004e+02 1.3999999999999999e+00 1.9668718970000000e+03
