# epsilon[MeV/fm^3] P[MeV/fm^3] nB[fm^-3] muB[MeV]
4.3514892049562272e-07 9.0000000794219998e-12 4.6796200000000002e-10 9.2990010724260003e+02
5.4394952759824855e-07 1.2854500250148002e-11 5.8496400000000005e-10 9.2990743275720001e+02
6.8239664606092796e-07 1.8414700022552000e-11 7.3384599999999997e-10 9.2991587774760001e+02
8.5763463874259032e-07 2.6380199998860002e-11 9.2229000000000003e-10 9.2992551188760001e+02
1.0799253715994732e-06 3.7791099667920001e-11 1.1613300000000000e-09 9.2993648532329996e+02
1.3625442882637764e-06 5.4137899979800000e-11 1.4652400000000000e-09 9.2994894782519998e+02
1.7226605254650248e-06 7.7555599791040007e-11 1.8524800000000000e-09 9.2996308925910000e+02
2.1826057027272589e-06 1.1110299984364001e-10 2.3470600000000000e-09 9.2997909967860005e+02
2.7713348204539073e-06 1.5916099965360000e-10 2.9801100000000000e-09 9.2999716876169998e+02
3.5266032513682487e-06 2.2800800111288001e-10 3.7922200000000000e-09 9.3001754656409992e+02
4.4975537964996660e-06 3.2663399940042002e-10 4.8362200000000001e-09 9.3004045271789994e+02
4.5807460305493105e-06 3.3555999792714001e-10 4.9256699999999996e-09 9.3004228160820003e+02
4.7281205653478515e-06 3.3656599963290001e-10 5.0841300000000003e-09 9.3004248152130003e+02
6.5759177435918250e-06 5.4515600232911993e-10 7.0708799999999999e-09 9.3007696075620004e+02
9.1998724984833464e-06 8.8567000200420000e-10 9.8920399999999997e-09 9.3011730648750006e+02
1.2918168885426129e-05 1.4388700552640002e-09 1.3889600000000001e-08 9.3016406831190000e+02
1.8201380444258739e-05 2.3376200076990001e-09 1.9569300000000001e-08 9.3021808578930006e+02
2.5725895950178280e-05 3.7977398937599994e-09 2.7657999999999999e-08 9.3028025838780002e+02
3.6463989818522291e-05 6.1698799253159997e-09 3.9200400000000002e-08 9.3035162548649998e+02
5.1813630126296458e-05 1.0023700173792000e-08 5.5698400000000002e-08 9.3043332628019994e+02
7.3785560512054020e-05 1.6284700005120000e-08 7.9311899999999997e-08 9.3052664006250006e+02
1.0527189036420272e-04 2.6456400399219999e-08 1.1314700000000000e-07 9.3063298613190000e+02
1.5043483705694415e-04 4.2981499428689995e-08 1.6167299999999999e-07 9.3075400323120004e+02
1.5143539825673478e-04 4.3369399516159995e-08 1.6274800000000000e-07 9.3075639185940008e+02
1.5666718390755263e-04 4.3499599327679997e-08 1.6836899999999999e-07 9.3075719132400002e+02
1.8247319946392853e-04 5.3487099479700000e-08 1.9609400000000001e-07 9.3081203831400001e+02
2.1304949570856091e-04 6.5965099669560007e-08 2.2894200000000001e-07 9.3087079295249998e+02
2.4880173202308656e-04 8.1354199584480006e-08 2.6734800000000002e-07 9.3093285559410003e+02
2.9061049213158235e-04 1.0033299847065000e-07 3.1225699999999999e-07 9.3099838615049998e+02
3.3950651358852186e-04 1.2374000051775000e-07 3.6477499999999998e-07 9.3106758453479995e+02
3.9669496520679297e-04 1.5260700009555001e-07 4.2619500000000001e-07 9.3114063056550003e+02
4.6358813252914599e-04 1.8820900209407997e-07 4.9803199999999997e-07 9.3121772415570001e+02
5.4183717856390442e-04 2.3211699768180001e-07 5.8205699999999998e-07 9.3129908512530005e+02
6.3337419989345891e-04 2.8626699988691999e-07 6.8034199999999997e-07 9.3138494352930002e+02
7.4046361643000222e-04 3.5305100162730003e-07 7.9531500000000002e-07 9.3147551899979999e+02
7.4543957324912111e-04 3.5623800038969997e-07 8.0065699999999999e-07 9.3147951660449996e+02
7.7046470619140960e-04 3.5730600246279002e-07 8.2752300000000002e-07 9.3148080575760002e+02
7.7218701201869997e-04 3.5837800248323999e-07 8.2937200000000002e-07 9.3148210505190002e+02
7.7564281539113634e-04 3.6053199741144001e-07 8.3308200000000005e-07 9.3148469349929996e+02
7.7911352986319152e-04 3.6269800105895999e-07 8.3680799999999998e-07 9.3148728185280004e+02
7.8260009510663572e-04 3.6487800290032998e-07 8.4055099999999997e-07 9.3148988034750005e+02
7.8610250285012515e-04 3.6706999922346001e-07 8.4431100000000000e-07 9.3149248879559991e+02
7.8962075319254110e-04 3.6927600351839998e-07 8.4808799999999996e-07 9.3149508719639994e+02
7.9315485471188711e-04 3.7149499796798001e-07 8.5188199999999998e-07 9.3149769564450003e+02
7.9670479058673201e-04 3.7372699824480005e-07 8.5569300000000004e-07 9.3150031404599997e+02
8.0027057791247260e-04 3.7597299948234002e-07 8.5952100000000004e-07 9.3150293244750003e+02
8.0385221698387247e-04 3.7823200230633998e-07 8.6336599999999998e-07 9.3150555094289996e+02
8.0745063029167934e-04 3.8050499711466001e-07 8.6722899999999999e-07 9.3150817929779998e+02
8.1106395596088781e-04 3.8279099715107999e-07 8.7110800000000002e-07 9.3151080774659999e+02
8.1469498722525535e-04 3.8509200436278001e-07 8.7500600000000005e-07 9.3151343619540000e+02
8.1834093096975699e-04 3.8740599815679997e-07 8.7891999999999998e-07 9.3151607459759998e+02
8.3652972322216491e-04 3.8856800310954005e-07 8.9844600000000005e-07 9.3151737379799999e+02
8.9649746606902973e-04 4.2637900225708002e-07 9.6282100000000007e-07 9.3155798930399999e+02
9.6293679962426715e-04 4.6927300060880000e-07 1.0341400000000000e-06 9.3160093353000002e+02
1.0343084479593990e-03 5.1648199988999994e-07 1.1107499999999999e-06 9.3164493704189999e+02
1.1110033276598183e-03 5.6844100521450010e-07 1.1930700000000001e-06 9.3169002988770001e+02
1.1934040547386528e-03 6.2562700512179996e-07 1.2815100000000000e-06 9.3173623206809998e+02
1.2819398888523502e-03 6.8856500094819997e-07 1.3765300000000001e-06 9.3178357353719991e+02
1.3770588621277026e-03 7.5783499966439992e-07 1.4786100000000000e-06 9.3183208434300002e+02
1.4792742600387720e-03 8.3407400117300003e-07 1.5882999999999999e-06 9.3188178448619999e+02
1.5890902438860661e-03 9.1798299673799988e-07 1.7061399999999999e-06 9.3193271378040004e+02
1.7070948934908867e-03 1.0103300084124001e-06 1.8327600000000000e-06 9.3198488236679998e+02
1.7418302566492478e-03 1.0379399925766002e-06 1.8700300000000001e-06 9.3199978345169995e+02
1.8026805910135908e-03 1.0410599913928000e-06 1.9353200000000000e-06 9.3200143242960007e+02
2.0389359400714486e-03 1.2275099896319999e-06 2.1888000000000001e-06 9.3209187794249999e+02
2.3114099463439177e-03 1.4516999917321999e-06 2.4811100000000001e-06 9.3218792017709995e+02
2.6204004641994278e-03 1.7168400063888003e-06 2.8125600000000001e-06 9.3228811983419996e+02
2.9707928967162671e-03 2.0304000155634000e-06 3.1883800000000001e-06 9.3239264696670000e+02
3.3681648965264784e-03 2.4012300084080001e-06 3.6145400000000001e-06 9.3250170129989999e+02
3.8188055776886142e-03 2.8397900147328003e-06 4.0977700000000004e-06 9.3261546284010001e+02
4.3298558716110781e-03 3.3584500068246004e-06 4.6457100000000001e-06 9.3273413140649996e+02
4.9094492242661523e-03 3.9718300068571995e-06 5.2670599999999997e-06 9.3285792691289998e+02
5.5667590537662745e-03 4.6972400276543001e-06 5.9716300000000001e-06 9.3298704917850000e+02
6.3122329168583428e-03 5.5551399798486997e-06 6.7705900000000002e-06 9.3312173811779996e+02
6.3691536418958340e-03 5.6221100036384002e-06 6.8315900000000001e-06 9.3313158221820004e+02
6.6107787783348925e-03 5.6389700285964000e-06 7.0905299999999997e-06 9.3313397075249998e+02
7.1832281514335565e-03 6.2999099885847007e-06 7.7039700000000007e-06 9.3322329697740008e+02
7.8228640480689938e-03 7.0594400109160007e-06 8.3893400000000006e-06 9.3331767013950002e+02
8.5195476220300548e-03 7.9105299722335996e-06 9.1357600000000004e-06 9.3341477175390003e+02
9.2783521214718639e-03 8.8642300383220009e-06 9.9486500000000000e-06 9.3351470163630006e+02
1.0104791977484120e-02 9.9329099737559988e-06 1.0833900000000000e-05 9.3361751969490001e+02
1.1005037422914624e-02 1.1130399980334000e-05 1.1798100000000000e-05 9.3372332602710003e+02
1.1985504705131824e-02 1.2472300012974001e-05 1.2848100000000000e-05 9.3383220044789994e+02
1.3053499763127112e-02 1.3976000053347000e-05 1.3991700000000000e-05 9.3394422305399996e+02
1.4216706487829026e-02 1.5661000693130000e-05 1.5237100000000000e-05 9.3405949366109996e+02
1.5483652631007537e-02 1.7549100191680000e-05 1.6593399999999999e-05 9.3417811227269999e+02
1.5623499832828706e-02 1.7760599953030001e-05 1.6743099999999999e-05 9.3419079468840005e+02
1.6269961736847121e-02 1.7813900213129999e-05 1.7435099999999998e-05 9.3419395273319992e+02
1.7094324515795702e-02 1.9027400207749999e-05 1.8317499999999999e-05 9.3426180186839997e+02
1.8000874089488257e-02 2.0384500450440000e-05 1.9287799999999999e-05 9.3433394852489994e+02
1.8955614232225096e-02 2.1838399047120000e-05 2.0309599999999999e-05 9.3440734433310001e+02
1.9960983560824267e-02 2.3396100553499999e-05 2.1385500000000000e-05 9.3448202938830002e+02
2.1019794814794490e-02 2.5064799654149998e-05 2.2518500000000001e-05 9.3455801364390004e+02
2.2134768910989058e-02 2.6852600343399999e-05 2.3711500000000002e-05 9.3463531710059999e+02
2.3309000859656603e-02 2.8767899159999994e-05 2.4967799999999998e-05 9.3471396971249999e+02
2.4545494036103295e-02 3.0819700065419999e-05 2.6290599999999999e-05 9.3479400162150000e+02
2.5847718880420045e-02 3.3017999946119998e-05 2.7683600000000000e-05 9.3487541254589996e+02
2.7219055484112444e-02 3.5372998881120002e-05 2.9150400000000001e-05 9.3495825272219997e+02
2.7775365070038964e-02 3.6339601209739997e-05 2.9745400000000002e-05 9.3499105302509997e+02
2.8289610775747390e-02 3.6448598719180002e-05 3.0295400000000001e-05 9.3499466085090000e+02
2.8802930737171755e-02 3.7332599735440002e-05 3.0844399999999999e-05 9.3502356336480000e+02
2.9391538203060320e-02 3.8352800962709990e-05 3.1473899999999997e-05 9.3505628375879996e+02
2.9992229144074897e-02 3.9400800335690003e-05 3.2116300000000003e-05 9.3508923392610006e+02
3.0605097595990186e-02 4.0477499896860003e-05 3.2771700000000003e-05 9.3512239395989991e+02
3.1230612131930052e-02 4.1583600119840003e-05 3.3440600000000000e-05 9.3515578386089999e+02
3.1868867160453597e-02 4.2719998743180005e-05 3.4123099999999999e-05 9.3518940362910007e+02
3.2520144922003676e-02 4.3887298648500002e-05 3.4819500000000001e-05 9.3522325326449993e+02
3.3184820445813230e-02 4.5086601561120004e-05 3.5530200000000001e-05 9.3525732271979996e+02
3.3862987887692660e-02 4.6318701748649993e-05 3.6255299999999998e-05 9.3529163208960006e+02
3.4555116462740516e-02 4.7584401826990007e-05 3.6995300000000001e-05 9.3532617123270006e+02
3.4710848908415574e-02 4.7870299693839997e-05 3.7161800000000001e-05 9.3533387666670001e+02
3.5705765632703390e-02 4.8013899962450004e-05 3.8225500000000002e-05 9.3533768431169995e+02
3.6190650245182691e-02 4.8884701265269996e-05 3.8743900000000000e-05 9.3536029073669999e+02
3.6764595537185744e-02 4.9920498059249994e-05 3.9357499999999997e-05 9.3538680481020003e+02
3.7347724170046170e-02 5.0978398185919999e-05 3.9980900000000002e-05 9.3541345870079999e+02
3.7940129948432849e-02 5.2058599241440000e-05 4.0614200000000002e-05 9.3544024264290010e+02
3.8541907483377907e-02 5.3161699756499999e-05 4.1257500000000003e-05 9.3546717635549999e+02
3.9153244015328124e-02 5.4288198430999997e-05 4.1910999999999999e-05 9.3549425007299999e+02
3.9774234210732992e-02 5.5438601263319996e-05 4.2574799999999998e-05 9.3552146370150001e+02
4.0405159191034282e-02 5.6613297948239995e-05 4.3249199999999999e-05 9.3554882728830000e+02
4.1046019389420471e-02 5.7812899551080002e-05 4.3934199999999997e-05 9.3557633069220003e+02
4.1697190276124625e-02 5.9037997871239995e-05 4.4630199999999998e-05 9.3560397410099995e+02
4.2358578444415006e-02 6.0288999023690009e-05 4.5337100000000003e-05 9.3563177732760005e+02
4.2549448380963861e-02 6.0651299975859995e-05 4.5541099999999997e-05 9.3563974248900001e+02
4.3740238175900857e-02 6.0833198906699995e-05 4.6813800000000002e-05 9.3564365013750000e+02
4.5854886274473032e-02 6.4782902450840000e-05 4.9073799999999998e-05 9.3572599057799994e+02
4.8180087401599556e-02 6.9195997901699998e-05 5.1558599999999998e-05 9.3581365787159996e+02
5.0623240020302433e-02 7.3909702371599995e-05 5.4169200000000003e-05 9.3590278418340006e+02
5.3190452397117956e-02 7.8944498346630003e-05 5.6912100000000000e-05 9.3599338970190001e+02
5.5887837732656438e-02 8.4322299027779992e-05 5.9793799999999997e-05 9.3608550419339997e+02
5.8722166587791814e-02 9.0066499795649990e-05 6.2821499999999995e-05 9.3617915789369999e+02
6.1700398546921942e-02 9.6201898222459989e-05 6.6002599999999997e-05 9.3627437052180005e+02
6.4829683480590566e-02 1.0275499726340999e-04 6.9344700000000000e-05 9.3637116226620003e+02
6.8117831355171340e-02 1.0975499711746999e-04 7.2856100000000002e-05 9.3646956308100005e+02
7.1572933822013338e-02 1.1723199746169999e-04 7.6545399999999994e-05 9.3656960282640000e+02
7.2872355791586060e-02 1.2007500056640000e-04 7.7932800000000000e-05 9.3660639068670002e+02
7.6294350046888545e-02 1.2043499631464001e-04 8.1586400000000002e-05 9.3661091798129996e+02
7.8557740452832786e-02 1.2521799885310001e-04 8.4002899999999995e-05 9.3666865324139997e+02
8.1070439170188191e-02 1.3058099681828001e-04 8.6685400000000002e-05 9.3673145543940007e+02
8.3663493660002267e-02 1.3617299667415003e-04 8.9453500000000007e-05 9.3679492723830003e+02
8.6339540033127660e-02 1.4200499619000000e-04 9.2310000000000002e-05 9.3685905859080003e+02
8.9101308842231525e-02 1.4808700429182000e-04 9.5257800000000001e-05 9.3692387963880003e+02
9.1951438062670962e-02 1.5442999846642999e-04 9.8299699999999997e-05 9.3698938014720000e+02
9.3544637803481184e-02 1.5800363917307320e-04 1.0000000000000000e-04 9.3702641442654260e+02
9.5904865627662567e-02 1.6004893362764317e-04 1.0251867775005336e-04 9.3704792794442972e+02
9.8324644437478639e-02 1.6216332234193727e-04 1.0510084483707305e-04 9.3706961073904279e+02
1.0080547676580094e-01 1.6434913946237448e-04 1.0774810118352706e-04 9.3709146422248011e+02
1.0334890305595711e-01 1.6660879798764775e-04 1.1046208701356183e-04 9.3711348981878075e+02
1.0595650261825094e-01 1.6894479243251650e-04 1.1324448386764773e-04 9.3713568896402489e+02
1.0862989461061626e-01 1.7135970158158701e-04 1.1609701564275079e-04 9.3715806310643518e+02
1.1137073904401386e-01 1.7385619133612160e-04 1.1902144965867306e-04 9.3718061370647877e+02
1.1418073781319549e-01 1.7643701765701853e-04 1.2201959775121816e-04 9.3720334223697137e+02
1.1706163575347520e-01 1.7910502960721223e-04 1.2509331739285760e-04 9.3722625018318092e+02
1.2001522172416410e-01 1.8186317249685183e-04 1.2824451284158776e-04 9.3724933904293209e+02
1.2304332971934119e-01 1.8471449113473010e-04 1.3147513631868668e-04 9.3727261032671322e+02
1.2614784000665027e-01 1.8766213318955290e-04 1.3478718921609671e-04 9.3729606555778253e+02
1.2933068029482975e-01 1.9070935266475868e-04 1.3818272333417756e-04 9.3731970627227622e+02
1.3259382693070032e-01 1.9385951349072493e-04 1.4166384215059260e-04 9.3734353401931617e+02
1.3593930612635424e-01 1.9711609323832651e-04 1.4523270212111130e-04 9.3736755036112163e+02
1.3936919521730742e-01 2.0048268695794583e-04 1.4889151401312900e-04 9.3739175687311729e+02
1.4288562395239643e-01 2.0396301114817265e-04 1.5264254427272699e-04 9.3741615514404623e+02
1.4649077581622041e-01 2.0756090785857439e-04 1.5648811642611415e-04 9.3744074677608239e+02
1.5018688938495017e-01 2.1128034893106725e-04 1.6043061251631578e-04 9.3746553338494391e+02
1.5397625971634524e-01 2.1512544038456864e-04 1.6447247457599372e-04 9.3749051660000669e+02
1.5786123977484268e-01 2.1910042694777299e-04 1.6861620613730572e-04 9.3751569806442080e+02
1.6184424189260257e-01 2.2320969674505370e-04 1.7286437377973536e-04 9.3754107943522695e+02
1.6592773926741677e-01 2.2745778614066434e-04 1.7721960871684508e-04 9.3756666238347282e+02
1.7011426749841169e-01 2.3184938474658735e-04 1.8168460842293090e-04 9.3759244859433250e+02
1.7440642616049845e-01 2.3638934059955801e-04 1.8626213830058095e-04 9.3761843976722616e+02
1.7880688041854811e-01 2.4108266551297884e-04 1.9095503339016526e-04 9.3764463761593936e+02
1.8331836268229387e-01 2.4593454060963264e-04 1.9576620012230945e-04 9.3767104386874485e+02
1.8794367430298858e-01 2.5095032204130259e-04 2.0069861811443252e-04 9.3769766026852653e+02
1.9268568731287045e-01 2.5613554690161189e-04 2.0575534201245542e-04 9.3772448857290090e+02
1.9754734620851716e-01 2.6149593933861193e-04 2.1093950337881367e-04 9.3775153055434419e+02
2.0253166977919629e-01 2.6703741687386662e-04 2.1625431262793914e-04 9.3777878800031579e+02
2.0764175298134624e-01 2.7276609693500735e-04 2.2170306101040001e-04 9.3780626271338690e+02
2.1288076886035290e-01 2.7868830360897230e-04 2.2728912264692355e-04 9.3783395651136789e+02
2.1825197052081438e-01 2.8481057462338298e-04 2.3301595661355260e-04 9.3786187122743718e+02
2.2375869314651756e-01 2.9113966856376700e-04 2.3888710907922012e-04 9.3789000871027145e+02
2.2940435607138074e-01 2.9768257233459287e-04 2.4490621549705773e-04 9.3791837082417760e+02
2.3519246490264858e-01 3.0444650887235429e-04 2.5107700285078818e-04 9.3794695944922410e+02
2.4112661369765703e-01 3.1143894511921795e-04 2.5740329195758280e-04 9.3797577648137678e+02
2.4721048719552055e-01 3.1866760026603796e-04 2.6388899982880410e-04 9.3800482383263102e+02
2.5344786310512701e-01 3.2614045427383582e-04 2.7053814209008397e-04 9.3803410343114945e+02
2.5984261445086115e-01 3.3386575668315442e-04 2.7735483546222897e-04 9.3806361722139843e+02
2.6639871197751308e-01 3.4185203572100907e-04 2.8434330030447839e-04 9.3809336716428675e+02
2.7312022661586477e-01 3.5010810771549051e-04 2.9150786322168037e-04 9.3812335523730519e+02
2.8001133201048622e-01 3.5864308682841307e-04 2.9885295973699127e-04 9.3815358343466710e+02
2.8707630711131066e-01 3.6746639511675132e-04 3.0638313703174139e-04 9.3818405376745045e+02
2.9431953883059725e-01 3.7658777293397253e-04 3.1410305675415399e-04 9.3821476826374089e+02
3.0174552476693234e-01 3.8601728968274811e-04 3.2201749789864437e-04 9.3824572896877658e+02
3.0935887599795936e-01 3.9576535493091296e-04 3.3013135975747088e-04 9.3827693794509480e+02
3.1716431994357358e-01 4.0584272990294663e-04 3.3844966494655496e-04 9.3830839727267710e+02
3.2516670330135622e-01 4.1626053935965769e-04 3.4697756250732744e-04 9.3834010904909815e+02
3.3337099505607426e-01 4.2703028387919073e-04 3.5572033108651206e-04 9.3837207538967721e+02
3.4178228956511231e-01 4.3816385255290977e-04 3.6468338219580162e-04 9.3840429842762660e+02
3.5040580972175317e-01 4.4967353611017507e-04 3.7387226355342835e-04 9.3843678031420541e+02
3.5924691019827137e-01 4.6157204048650200e-04 3.8329266250968663e-04 9.3846952321887272e+02
3.6831108077085323e-01 4.7387250085008056e-04 3.9295040955851160e-04 9.3850252932944204e+02
3.7760394972840805e-01 4.8658849610213863e-04 4.0285148193727364e-04 9.3853580085223837e+02
3.8713128736738706e-01 4.9973406386715847e-04 4.1300200731700067e-04 9.3856934001225591e+02
3.9689900957478069e-01 5.1332371598949327e-04 4.2340826758529828e-04 9.3860314905331643e+02
4.0691318150151795e-01 5.2737245455349089e-04 4.3407670272429074e-04 9.3863723023822911e+02
4.1718002132854970e-01 5.4189578844481088e-04 4.4501391478596618e-04 9.3867158584895481e+02
4.2770590412795456e-01 5.5690975047121682e-04 4.5622667196737156e-04 9.3870621818676636e+02
4.3849736582146359e-01 5.7243091506174390e-04 4.6772191278815706e-04 9.3874112957241550e+02
4.4956110723886350e-01 5.8847641656378162e-04 4.7950675037304060e-04 9.3877632234629777e+02
4.6090399827879719e-01 6.0506396815826859e-04 4.9158847684182107e-04 9.3881179886862105e+02
4.7253308217454532e-01 6.2221188141388275e-04 5.0397456780963809e-04 9.3884756151957254e+02
4.8445557986743859e-01 6.3993908650181132e-04 5.1667268700024058e-04 9.3888361269949326e+02
4.9667889449061509e-01 6.5826515309341804e-04 5.2969069097510177e-04 9.3891995482904565e+02
5.0921061596590811e-01 6.7721031196387631e-04 5.4303663398127958e-04 9.3895659034939001e+02
5.2205852571671740e-01 6.9679547732561800e-04 5.5671877292100323e-04 9.3899352172235888e+02
5.3523060149979174e-01 7.1704226991625090e-04 5.7074557244603621e-04 9.3903075143063256e+02
5.4873502235892213e-01 7.3797304086643605e-04 5.8512571017994212e-04 9.3906828197791992e+02
5.6258017370362179e-01 7.5961089637406826e-04 5.9986808207146219e-04 9.3910611588913525e+02
5.7677465251594617e-01 7.8197972321200312e-04 6.1498180788228734e-04 9.3914425571058086e+02
5.9132727268868701e-01 8.0510421509748709e-04 6.3047623681259496e-04 9.3918270401013081e+02
6.0624707049825399e-01 8.2900989995240103e-04 6.4636095326780303e-04 9.3922146337741412e+02
6.2154331021564346e-01 8.5372316808441132e-04 6.6264578277007999e-04 9.3926053642400177e+02
6.3722548985897687e-01 8.7927130132013805e-04 6.7934079801823663e-04 9.3929992578359372e+02
6.5330334709118254e-01 9.0568250312250199e-04 6.9645632509971985e-04 9.3933963411220975e+02
6.6978686526648124e-01 9.3298592972549570e-04 7.1400294985851794e-04 9.3937966408837951e+02
6.8668627962943185e-01 9.6121172232075617e-04 7.3199152442288563e-04 9.3942001841333536e+02
7.0401208367038393e-01 9.9039104033145885e-04 7.5043317389688767e-04 9.3946069981120718e+02
7.2177503564128676e-01 1.0205560958102802e-03 7.6933930321987170e-04 9.3950171102921956e+02
7.3998616523589689e-01 1.0517401889993882e-03 7.8872160419807236e-04 9.3954305483788767e+02
7.5865678043853579e-01 1.0839777450917252e-03 8.0859206271265767e-04 9.3958473403121934e+02
7.7779847454564843e-01 1.1173043522341632e-03 8.2896296610864147e-04 9.3962675142691489e+02
7.9742313336452242e-01 1.1517568008144827e-03 8.4984691076918611e-04 9.3966910986657172e+02
8.1754294259363880e-01 1.1873731240755470e-03 8.7125680987994278e-04 9.3971181221588790e+02
8.3817039538923677e-01 1.2241926401015059e-03 8.9320590138818555e-04 9.3975486136487029e+02
8.5931830012279009e-01 1.2622559952223836e-03 9.1570775616161670e-04 9.3979826022804309e+02
8.8099978833421333e-01 1.3016052088849579e-03 9.3877628635184534e-04 9.3984201174465898e+02
9.0322832288573540e-01 1.3422837200394743e-03 9.6242575396766265e-04 9.3988611887890977e+02
9.2601770632150349e-01 1.3843364350933957e-03 9.8667077966336321e-04 9.3993058462014255e+02
9.4938208943810909e-01 1.4278097774851309e-03 1.0115263517474994e-03 9.3997541198307658e+02
9.7333598007135580e-01 1.4727517389324638e-03 1.0370078354175875e-03 9.4002060400801838e+02
9.9789425210472893e-01 1.5192119324122632e-03 1.0631309822264163e-03 9.4006616376108468e+02
1.0230721547051549e+00 1.5672416469299510e-03 1.0899119397857590e-03 9.4011209433442423e+02
1.0488853217917928e+00 1.6168939041392057e-03 1.1173672617134330e-03 9.4015839884643981e+02
1.0753497817437270e+00 1.6682235168743796e-03 1.1455139178297824e-03 9.4020508044201767e+02
1.1024819673526005e+00 1.7212871496602796e-03 1.1743693046098493e-03 9.4025214229275252e+02
1.1302987260263615e+00 1.7761433812660816e-03 1.2039512558976091e-03 9.4029958759717897e+02
1.1588173302504605e+00 1.8328527693724506e-03 1.2342780538888384e-03 9.4034741958100437e+02
1.1880554883129948e+00 1.8914779174232436e-03 1.2653684403893344e-03 9.4039564149734110e+02
1.2180313553004594e+00 1.9520835437356072e-03 1.2972416283553714e-03 9.4044425662694505e+02
1.2487635443709322e+00 2.0147365529447534e-03 1.3299173137234605e-03 9.4049326827845221e+02
1.2802711383116927e+00 2.0795061098622856e-03 1.3634156875366381e-03 9.4054267978862117e+02
1.3125737013884524e+00 2.1464637158296151e-03 1.3977574483747157e-03 9.4059249452257427e+02
1.3456912914935526e+00 2.2156832876507491e-03 1.4329638150960770e-03 9.4064271587404266e+02
1.3796444726006736e+00 2.2872412391915934e-03 1.4690565398988230e-03 9.4069334726561431e+02
1.4144543275337904e+00 2.3612165657358477e-03 1.5060579217092483e-03 9.4074439214898223e+02
1.4501424710583009e+00 2.4376909311906148e-03 1.5439908199058310e-03 9.4079585400519750e+02
1.4867310633024577e+00 2.5167487582379968e-03 1.5828786683871323e-03 9.4084773634492069e+02
1.5242428235174363e+00 2.5984773215321976e-03 1.6227454899921904e-03 9.4090004270867928e+02
1.5627010441845832e+00 2.6829668440450146e-03 1.6636159112822302e-03 9.4095277666712764e+02
1.6021296054786061e+00 2.7703105966660809e-03 1.7055151776927261e-03 9.4100594182130385e+02
1.6425529900956835e+00 2.8606050011678072e-03 1.7484691690650544e-03 9.4105954180289655e+02
1.6839962984557042e+00 2.9539497366486934e-03 1.7925044155672439e-03 9.4111358027450763e+02
1.7264852642880746e+00 3.0504478495725126e-03 1.8376481140135361e-03 9.4116806092992147e+02
1.7700462706107714e+00 3.1502058675248463e-03 1.8839281445927219e-03 9.4122298749437482e+02
1.8147063661125631e+00 3.2533339168125527e-03 1.9313730880154761e-03 9.4127836372482807e+02
1.8604932819485720e+00 3.3599458440359800e-03 1.9800122430911442e-03 9.4133419341024285e+02
1.9074354489596042e+00 3.4701593417681459e-03 2.0298756447447268e-03 9.4139048037185751e+02
1.9555620153259425e+00 3.5840960784796166e-03 2.0809940824850453e-03 9.4144722846346735e+02
2.0049028646665628e+00 3.7018818328525163e-03 2.1333991193353630e-03 9.4150444157170830e+02
2.0554886345950112e+00 3.8236466326319390e-03 2.1871231112380149e-03 9.4156212361634061e+02
2.1073507357434660e+00 3.9495248981680506e-03 2.2421992269448781e-03 9.4162027855053668e+02
2.1605213712667957e+00 4.0796555908073299e-03 2.2986614684058150e-03 9.4167891036117351e+02
2.2150335568387258e+00 4.2141823662967884e-03 2.3565446916675396e-03 9.4173802306912216e+02
2.2709211411525283e+00 4.3532537333704803e-03 2.4158846282956209e-03 9.4179762072954566e+02
2.3282188269389650e+00 4.4970232176934077e-03 2.4767179073327127e-03 9.4185770743219734e+02
2.3869621925145355e+00 4.6456495313437788e-03 2.5390820778063827e-03 9.4191828730171949e+02
2.4471877138734102e+00 4.7992967480207311e-03 2.6030156318002542e-03 9.4197936449794906e+02
2.5089327873367644e+00 4.9581344841709285e-03 2.6685580281025313e-03 9.4204094321622392e+02
2.5722357527735795e+00 5.1223380862339954e-03 2.7357497164463133e-03 9.4210302768769088e+02
2.6371359174073277e+00 5.2920888242134739e-03 2.8046321623564591e-03 9.4216562217961825e+02
2.7036735802233269e+00 5.4675740917870209e-03 2.8752478726181471e-03 9.4222873099571075e+02
2.7718900569919147e+00 5.6489876131767328e-03 2.9476404213826324e-03 9.4229235847642758e+02
2.8418277059229848e+00 5.8365296570079758e-03 3.0218544769261037e-03 9.4235650899930135e+02
2.9135299539678141e+00 6.0304072573928100e-03 3.0979358290779239e-03 9.4242118697926378e+02
2.9870413237845113e+00 6.2308344424820607e-03 3.1759314173349625e-03 9.4248639686897116e+02
3.0624074613838315e+00 6.4380324707383630e-03 3.2558893596791229e-03 9.4255214315913156e+02
3.1396751644725245e+00 6.6522300751909831e-03 3.3378589821155906e-03 9.4261843037884137e+02
3.2188924115118143e+00 6.8736637159420777e-03 3.4218908489498019e-03 9.4268526309591743e+02
3.3001083915090526e+00 7.1025778412031320e-03 3.5080367938215180e-03 9.4275264591723658e+02
3.3833735345610489e+00 7.3392251571497468e-03 3.5963499515149059e-03 9.4282058348907742e+02
3.4687395431680401e+00 7.5838669068926797e-03 3.6868847905639534e-03 9.4288908049746453e+02
3.5562594243377403e+00 7.8367731588730935e-03 3.7796971466730524e-03 9.4295814166851585e+02
3.6459875224994160e+00 8.0982231050004093e-03 3.8748442569730580e-03 9.4302777176879533e+02
3.7379795532484081e+00 8.3685053688618352e-03 3.9723847951336462e-03 9.4309797560566597e+02
3.8322926379420728e+00 8.6479183243438930e-03 4.0723789073533198e-03 9.4316875802764696e+02
3.9289853391686060e+00 8.9367704250176046e-03 4.1748882492489044e-03 9.4324012392477493e+02
4.0281176971107877e+00 9.2353805446509889e-03 4.2799760236669629e-03 9.4331207822896829e+02
4.1297512668272169e+00 9.5440783292247960e-03 4.3877070194400809e-03 9.4338462591439406e+02
4.2339491564741962e+00 9.8632045608400259e-03 4.4981476511115753e-03 9.4345777199783834e+02
4.3407760664919905e+00 1.0193111533919035e-02 4.6113659996527088e-03 9.4353152153908184e+02
4.4502983297797920e+00 1.0534163444115426e-02 4.7274318541971712e-03 9.4360587964127546e+02
4.5625839528843501e+00 1.0886736790362197e-02 4.8464167548181057e-03 9.4368085145132397e+02
4.6777026582278252e+00 1.1251220790501837e-02 4.9683940363736941e-03 9.4375644216026728e+02
4.7957259274010964e+00 1.1628017810957287e-02 5.0934388734478293e-03 9.4383265700367178e+02
4.9167270455494076e+00 1.2017543810918088e-02 5.2216283264132080e-03 9.4390950126201972e+02
5.0407811468779062e+00 1.2420228801532027e-02 5.3530413886447113e-03 9.4398698026110594e+02
5.1679652613053300e+00 1.2836517320609215e-02 5.4877590349117419e-03 9.4406509937243641e+02
5.2983583622948300e+00 1.3266868923362712e-02 5.6258642709788439e-03 9.4414386401363060e+02
5.4320414158915895e+00 1.3711758689727276e-02 5.7674421844446377e-03 9.4422327964882800e+02
5.5690974309977355e+00 1.4171677748816478e-02 5.9125799968499171e-03 9.4430335178909809e+02
5.7096115109157255e+00 1.4647133821096997e-02 6.0613671170864350e-03 9.4438408599285560e+02
5.8536709061922334e+00 1.5138651778878728e-02 6.2138951961387698e-03 9.4446548786627591e+02
6.0013650687953382e+00 1.5646774225739367e-02 6.3702581831923833e-03 9.4454756306371871e+02
6.1527857076586558e+00 1.6172062095523139e-02 6.5305523831418449e-03 9.4463031728815213e+02
6.3080268456269186e+00 1.6715095271575012e-02 6.6948765155340605e-03 9.4471375629158399e+02
6.4671848778383341e+00 1.7276473226893806e-02 6.8633317749821430e-03 9.4479788587549365e+02
6.6303586315800045e+00 1.7856815685911093e-02 7.0360218930864936e-03 9.4488271189127033e+02
6.7976494276535533e+00 1.8456763308626299e-02 7.2130532019005498e-03 9.4496824024065438e+02
6.9691611432890737e+00 1.9076978397853297e-02 7.3945346989795768e-03 9.4505447687618300e+02
7.1450002766464573e+00 1.9718145630359288e-02 7.5805781140518280e-03 9.4514142780164116e+02
7.3252760129441601e+00 2.0380972812703013e-02 7.7712979773524038e-03 9.4522909907251403e+02
7.5101002922564666e+00 2.1066191662606749e-02 7.9668116896610807e-03 9.4531749679644554e+02
7.6995878790213448e+00 2.1774558616724692e-02 8.1672395940864083e-03 9.4540662713370364e+02
7.8938564333020631e+00 2.2506855665699370e-02 8.3727050496395332e-03 9.4549649629764303e+02
8.0930265838468038e+00 2.3263891217428029e-02 8.5833345066420545e-03 9.4558711055518006e+02
8.2972220029916492e+00 2.4046500989491886e-02 8.7992575840135437e-03 9.4567847622726595e+02
8.5065694834534522e+00 2.4855548931733543e-02 9.0206071484853455e-03 9.4577059968936817e+02
8.7211990170602611e+00 2.5691928180000906e-02 9.2475193957884533e-03 9.4586348737195510e+02
8.9412438754681975e+00 2.6556562042110557e-02 9.4801339338644718e-03 9.4595714576098635e+02
9.1668406929149153e+00 2.7450405017119043e-02 9.7185938681498933e-03 9.4605158139840353e+02
9.3981295510609986e+00 2.8374443849027188e-02 9.9630458889850212e-03 9.4614680088263083e+02
9.6352540659719939e+00 2.9329698616080684e-02 1.0213640361200330e-02 9.4624281086907899e+02
9.8783614772951207e+00 3.0317223856869659e-02 1.0470531415934270e-02 9.4633961807065100e+02
1.0127602739685956e+01 3.1338109734469995e-02 1.0733877044737779e-02 9.4643722925825659e+02
1.0383132616541952e+01 3.2393483239911897e-02 1.1003839196022248e-02 9.4653565126132946e+02
1.0645109776100908e+01 3.3484509436304016e-02 1.1280583873909055e-02 9.4663489096834883e+02
1.0913696889964140e+01 3.4612392744986696e-02 1.1564281239540107e-02 9.4673495532736820e+02
1.1189060734105459e+01 3.5778378275134075e-02 1.1855105714910502e-02 9.4683585134654641e+02
1.1471372292428773e+01 3.6983753198273094e-02 1.2153236089285735e-02 9.4693758609468523e+02
1.1760806862938447e+01 3.8229848169236143e-02 1.2458855628267398e-02 9.4704016670177327e+02
1.2057544166588549e+01 3.9518038795116894e-02 1.2772152185573210e-02 9.4714360035953132e+02
1.2361768458878437e+01 4.0849747153850209e-02 1.3093318317598343e-02 9.4724789432196826e+02
1.2673668644264014e+01 4.2226443364092883e-02 1.3422551400827164e-02 9.4735305590593532e+02
1.2993438393455705e+01 4.3649647208138208e-02 1.3760053752165696e-02 9.4745909249169426e+02
1.3321276263675982e+01 4.5120929809655909e-02 1.4106032752267435e-02 9.4756601152348048e+02
1.3657385821951110e+01 4.6641915368109584e-02 1.4460700971926248e-02 9.4767382051008303e+02
1.4001975771513663e+01 4.8214282951766337e-02 1.4824276301612593e-02 9.4778252702541999e+02
1.4355260081394331e+01 4.9839768351278041e-02 1.5196982084230610e-02 9.4789213870912499e+02
1.4717458119283426e+01 5.1520165995880274e-02 1.5579047251175829e-02 9.4800266326714029e+02
1.5088794787744650e+01 5.3257330934324491e-02 1.5970706461775234e-02 9.4811410847230923e+02
1.5469500663865668e+01 5.5053180882730160e-02 1.6372200246193170e-02 9.4822648216498180e+02
1.5859812142432204e+01 5.6909698341617500e-02 1.6783775151888933e-02 9.4833979225362009e+02
1.6259971582714574e+01 5.8828932784457999e-02 1.7205683893713738e-02 9.4845404671541496e+02
1.6670227458957786e+01 6.0813002920158662e-02 1.7638185507737155e-02 9.4856925359690308e+02
1.7090834514668682e+01 6.2864099031977691e-02 1.8081545508895094e-02 9.4868542101459263e+02
1.7522053920795869e+01 6.4984485395453387e-02 1.8536036052553696e-02 9.4880255715559895e+02
1.7964153437900737e+01 6.7176502778015942e-02 1.9001936100086179e-02 9.4892067027827625e+02
1.8417407582420164e+01 6.9442571023040953e-02 1.9479531588561329e-02 9.4903976871286579e+02
1.8882097797124263e+01 7.1785191721197850e-02 1.9969115604645548e-02 9.4915986086214525e+02
1.9358512625874905e+01 7.4206950972041816e-02 2.0470988562822375e-02 9.4928095520208331e+02
1.9846947892793601e+01 7.6710522238898085e-02 2.0985458388035946e-02 9.4940306028250541e+02
2.0347706885949975e+01 7.9298669300189972e-02 2.1512840702867849e-02 9.4952618472775976e+02
2.0861100545684888e+01 8.1974249300469024e-02 2.2053459019358984e-02 9.4965033723739623e+02
2.1387447657685122e+01 8.4740215904515026e-02 2.2607644935591292e-02 9.4977552658684488e+02
2.1927075050929595e+01 8.7599622557988241e-02 2.3175738337146520e-02 9.4990176162810906e+02
2.2480317800629901e+01 9.0555625858233069e-02 2.3758087603562603e-02 9.5002905129045644e+02
2.3047519436291285e+01 9.3611489038954346e-02 2.4355049819910605e-02 9.5015740458112441e+02
2.3629032155023207e+01 9.6770585572613310e-02 2.4966990993618685e-02 9.5028683058602860e+02
2.4225217040231950e+01 1.0003640289451994e-01 2.5594286276672370e-02 9.5041733847047942e+02
2.4836444285831057e+01 1.0341254625273261e-01 2.6237320193323661e-02 9.5054893747990229e+02
2.5463093426108848e+01 1.0690274268801545e-01 2.6896486873444581e-02 9.5068163694057057e+02
2.6105553571395710e+01 1.1051084514824681e-01 2.7572190291664366e-02 9.5081544626034326e+02
2.6764223649677550e+01 1.1424083674182105e-01 2.8264844512432816e-02 9.5095037492940673e+02
2.7439512654305361e+01 1.1809683513473875e-01 2.8974873941155485e-02 9.5108643252102911e+02
2.8131839897954787e+01 1.2208309709623984e-01 2.9702713581550487e-02 9.5122362869231722e+02
2.8841635272993347e+01 1.2620402319799759e-01 3.0448809299379827e-02 9.5136197318498603e+02
2.9569339518416982e+01 1.3046416267206101e-01 3.1213618092712416e-02 9.5150147582612954e+02
3.0315404493521694e+01 1.3486821843290864e-01 3.1997608368879195e-02 9.5164214652900353e+02
3.1080293458480192e+01 1.3942105226915738e-01 3.2801260228285077e-02 9.5178399529381693e+02
3.1864481361997811e+01 1.4412769021065844e-01 3.3625065755246590e-02 9.5192703220852729e+02
3.2668455136226235e+01 1.4899332807690430e-01 3.4469529316027613e-02 9.5207126744964603e+02
3.3492713999118237e+01 1.5402333721287256e-01 3.5335167864250429e-02 9.5221671128305138e+02
3.4337769764411135e+01 1.5922327041863865e-01 3.6222511253863193e-02 9.5236337406481186e+02
3.5204147159431422e+01 1.6459886807930241e-01 3.7132102559849764e-02 9.5251126624201117e+02
3.6092384150918001e+01 1.7015606450199702e-01 3.8064498406871733e-02 9.5266039835358947e+02
3.7003032279066169e+01 1.7590099446697430e-01 3.9020269306037823e-02 9.5281078103118671e+02
3.7936656999999997e+01 1.8184000000000000e-01 4.0000000000000001e-02 9.5296425299999999e+02
4.3122486000000002e+01 2.0801600000000001e-01 4.5440000000000001e-02 9.5357799999999997e+02
4.8311269000000003e+01 2.3108999999999999e-01 5.0880000000000002e-02 9.5405761199999995e+02
5.3502361999999998e+01 2.5128000000000000e-01 5.6320000000000002e-02 9.5443435699999998e+02
5.8695287000000000e+01 2.6927699999999999e-01 6.1760000000000002e-02 9.5473890400000005e+02
6.3889733999999997e+01 2.8617999999999999e-01 6.7199999999999996e-02 9.5500049500000000e+02
6.9085542000000004e+01 3.0343300000000001e-01 7.2639999999999996e-02 9.5524647200000004e+02
7.4282696999999999e+01 3.2276600000000000e-01 7.8079999999999997e-02 9.5550205600000004e+02
7.9481313999999998e+01 3.4614299999999998e-01 8.3519999999999997e-02 9.5579027099999996e+02
8.4681627000000006e+01 3.7571599999999999e-01 8.8959999999999997e-02 9.5613196000000005e+02
8.9883972999999997e+01 4.1298000000000001e-01 9.4399999999999998e-02 9.5653726700000004e+02
9.5088665000000006e+01 4.5843000000000000e-01 9.9839999999999998e-02 9.5700389600000005e+02
1.0029614200000000e+02 5.1638600000000001e-01 1.0528000000000000e-01 9.5756754500000000e+02
1.0550698500000000e+02 5.8993300000000004e-01 1.1072000000000000e-01 9.5824701700000003e+02
1.1072186200000000e+02 6.8183499999999997e-01 1.1616000000000000e-01 9.5905559300000004e+02
1.1594150500000001e+02 7.9470600000000002e-01 1.2160000000000000e-01 9.6000346200000001e+02
1.2116669400000001e+02 9.3104900000000002e-01 1.2703999999999999e-01 9.6109856300000001e+02
1.2639824600000000e+02 1.0932610000000000e+00 1.3247999999999999e-01 9.6234703200000001e+02
1.3163701100000000e+02 1.2836360000000000e+00 1.3791999999999999e-01 9.6375349800000004e+02
1.3688385600000001e+02 1.5043620000000000e+00 1.4335999999999999e-01 9.6532131000000004e+02
1.4213966600000001e+02 1.7575259999999999e+00 1.4879999999999999e-01 9.6705272900000000e+02
1.4740533500000001e+02 2.0451090000000001e+00 1.5423999999999999e-01 9.6894908499999997e+02
1.5268176299999999e+02 2.3689909999999998e+00 1.5967999999999999e-01 9.7101093500000002e+02
1.5796985000000001e+02 2.7309589999999999e+00 1.6511999999999999e-01 9.7323818600000004e+02
1.6327049400000001e+02 3.1327069999999999e+00 1.7055999999999999e-01 9.7563022100000001e+02
1.6858458899999999e+02 3.5758489999999998e+00 1.7599999999999999e-01 9.7818600300000003e+02
1.7391302300000001e+02 4.0619220000000000e+00 1.8143999999999999e-01 9.8090416400000004e+02
1.7925667400000000e+02 4.5923930000000004e+00 1.8687999999999999e-01 9.8378308400000003e+02
1.8461641200000000e+02 5.1686699999999997e+00 1.9231999999999999e-01 9.8682096200000001e+02
1.8999309800000000e+02 5.7921050000000003e+00 1.9775999999999999e-01 9.9001586399999997e+02
1.9538758100000001e+02 6.4640000000000004e+00 2.0319999999999999e-01 9.9336576600000001e+02
2.0080069700000001e+02 7.1856140000000002e+00 2.0863999999999999e-01 9.9686859100000004e+02
2.0623327300000000e+02 7.9581640000000000e+00 2.1407999999999999e-01 1.0005222280000000e+03
2.1168612500000000e+02 8.7828300000000006e+00 2.1951999999999999e-01 1.0043245510000000e+03
2.1716005500000000e+02 9.6607559999999992e+00 2.2495999999999999e-01 1.0082734310000000e+03
2.2265585600000000e+02 1.0593052000000000e+01 2.3039999999999999e-01 1.0123667380000001e+03
2.2817430700000000e+02 1.1580792000000001e+01 2.3583999999999999e-01 1.0166023440000000e+03
2.3371617800000001e+02 1.2625017000000000e+01 2.4127999999999999e-01 1.0209781230000000e+03
2.3928222400000001e+02 1.3726732000000000e+01 2.4671999999999999e-01 1.0254919460000001e+03
2.4487319199999999e+02 1.4886906000000000e+01 2.5216000000000000e-01 1.0301416740000000e+03
2.5048981599999999e+02 1.6106469000000001e+01 2.5760000000000000e-01 1.0349251569999999e+03
2.5613281699999999e+02 1.7386310000000002e+01 2.6304000000000000e-01 1.0398402229999999e+03
2.6180290500000001e+02 1.8727277000000001e+01 2.6848000000000000e-01 1.0448846750000000e+03
2.6750078000000002e+02 2.0130172999999999e+01 2.7392000000000000e-01 1.0500562849999999e+03
2.7322712600000000e+02 2.1595753999999999e+01 2.7936000000000000e-01 1.0553527870000000e+03
2.7898261700000000e+02 2.3124728000000001e+01 2.8480000000000000e-01 1.0607718740000000e+03
2.8476791400000002e+02 2.4717752000000001e+01 2.9024000000000000e-01 1.0663111939999999e+03
2.9058366500000000e+02 2.6375432000000000e+01 2.9568000000000000e-01 1.0719683490000000e+03
2.9643050499999998e+02 2.8098317999999999e+01 3.0112000000000000e-01 1.0777408909999999e+03
3.0230905400000000e+02 2.9886907999999998e+01 3.0656000000000000e-01 1.0836263250000000e+03
3.0821992000000000e+02 3.1741641999999999e+01 3.1200000000000000e-01 1.0896221069999999e+03
3.1416369800000001e+02 3.3662906000000000e+01 3.1744000000000000e-01 1.0957256460000001e+03
3.2014096499999999e+02 3.5651027999999997e+01 3.2288000000000000e-01 1.1019343070000000e+03
3.2615228800000000e+02 3.7706280000000000e+01 3.2832000000000000e-01 1.1082454130000001e+03
3.3219821600000000e+02 3.9828878000000003e+01 3.3376000000000000e-01 1.1146562530000001e+03
3.3827928400000002e+02 4.2018982999999999e+01 3.3920000000000000e-01 1.1211640780000000e+03
3.4439601399999998e+02 4.4276702000000000e+01 3.4464000000000000e-01 1.1277661160000000e+03
3.5054890899999998e+02 4.6602088000000002e+01 3.5008000000000000e-01 1.1344595690000001e+03
3.5673840500000000e+02 4.8952916000000002e+01 3.5552000000000000e-01 1.1411226959999999e+03
3.6296149600000001e+02 5.0987174000000003e+01 3.6096000000000000e-01 1.1468010290000000e+03
3.6921441700000003e+02 5.2930112000000001e+01 3.6640000000000000e-01 1.1521429240000000e+03
3.7549592400000000e+02 5.4842984999999999e+01 3.7184000000000000e-01 1.1573245370000000e+03
3.8180533000000003e+02 5.6746715999999999e+01 3.7728000000000000e-01 1.1624064440000000e+03
3.8814218499999998e+02 5.8652051000000000e+01 3.8272000000000000e-01 1.1674197910000000e+03
3.9450617199999999e+02 6.0565494000000001e+01 3.8816000000000001e-01 1.1723834030000000e+03
4.0089705500000002e+02 6.2491380999999997e+01 3.9360000000000001e-01 1.1773097600000001e+03
4.0731465800000001e+02 6.4432789000000000e+01 3.9904000000000001e-01 1.1822076509999999e+03
4.1375845500000003e+02 6.6276926000000003e+01 4.0448000000000001e-01 1.1867980720000000e+03
4.2022581400000001e+02 6.7985569999999996e+01 4.0992000000000001e-01 1.1909936000000000e+03
4.2671580999999998e+02 6.9692631000000006e+01 4.1536000000000001e-01 1.1951299150000000e+03
4.3322823599999998e+02 7.1412464000000000e+01 4.2080000000000001e-01 1.1992429390000000e+03
4.3976300700000002e+02 7.3150559999999999e+01 4.2624000000000001e-01 1.2033462469999999e+03
4.4632009099999999e+02 7.4909834000000004e+01 4.3168000000000001e-01 1.2074468859999999e+03
4.5289948600000002e+02 7.6692098000000001e+01 4.3712000000000001e-01 1.2115490940000000e+03
4.5950120800000002e+02 7.8498588999999996e+01 4.4256000000000001e-01 1.2156556439999999e+03
4.6612528700000001e+02 8.0330206000000004e+01 4.4800000000000001e-01 1.2197684529999999e+03
4.7277176100000003e+02 8.2187635999999998e+01 4.5344000000000001e-01 1.2238888930000001e+03
4.7944067300000000e+02 8.4071420000000003e+01 4.5888000000000001e-01 1.2280179680000001e+03
4.8613207399999999e+02 8.5981997000000007e+01 4.6432000000000001e-01 1.2321564240000000e+03
4.9284601500000002e+02 8.7919726999999995e+01 4.6976000000000001e-01 1.2363048180000001e+03
4.9958255200000002e+02 8.9884916000000004e+01 4.7520000000000001e-01 1.2404635659999999e+03
5.0634174300000001e+02 9.1877820000000000e+01 4.8064000000000001e-01 1.2446329699999999e+03
5.1312364500000001e+02 9.3898662999999999e+01 4.8608000000000001e-01 1.2488132499999999e+03
5.1992831899999999e+02 9.5947632999999996e+01 4.9152000000000001e-01 1.2530045530000000e+03
5.2675582399999996e+02 9.8024897999999993e+01 4.9696000000000001e-01 1.2572069730000001e+03
5.3360622200000000e+02 1.0013060200000000e+02 5.0239999999999996e-01 1.2614205569999999e+03
5.4047957299999996e+02 1.0226486900000000e+02 5.0783999999999996e-01 1.2656453120000001e+03
5.4737593800000002e+02 1.0442780900000000e+02 5.1327999999999996e-01 1.2698812129999999e+03
5.5429537800000003e+02 1.0661951700000000e+02 5.1871999999999996e-01 1.2741282120000001e+03
5.6123795199999995e+02 1.0884007500000000e+02 5.2415999999999996e-01 1.2783862320000001e+03
5.6820371999999998e+02 1.1108955400000001e+02 5.2959999999999996e-01 1.2826551800000000e+03
5.7519274199999995e+02 1.1336801300000000e+02 5.3503999999999996e-01 1.2869349470000000e+03
5.8220507599999996e+02 1.1567550300000001e+02 5.4047999999999996e-01 1.2912254069999999e+03
5.8924077999999997e+02 1.1801206700000000e+02 5.4591999999999996e-01 1.2955264230000000e+03
5.9629991099999995e+02 1.2037773700000000e+02 5.5135999999999996e-01 1.2998378459999999e+03
6.0338252499999999e+02 1.2277254000000001e+02 5.5679999999999996e-01 1.3041595210000000e+03
6.1048867700000005e+02 1.2519649500000000e+02 5.6223999999999996e-01 1.3084912820000000e+03
6.1761842200000001e+02 1.2764961500000000e+02 5.6767999999999996e-01 1.3128329580000000e+03
6.2477181399999995e+02 1.3013190700000001e+02 5.7311999999999996e-01 1.3171843710000001e+03
6.3194890499999997e+02 1.3264337200000000e+02 5.7855999999999996e-01 1.3215453399999999e+03
6.3914974600000005e+02 1.3518400500000001e+02 5.8399999999999996e-01 1.3259156770000000e+03
6.4637438799999995e+02 1.3775379699999999e+02 5.8943999999999996e-01 1.3302951940000000e+03
6.5362288000000001e+02 1.4035273400000000e+02 5.9487999999999996e-01 1.3346836969999999e+03
6.6089526999999998e+02 1.4298079799999999e+02 6.0031999999999996e-01 1.3390809930000000e+03
6.6819160699999998e+02 1.4563796500000001e+02 6.0575999999999997e-01 1.3434868850000000e+03
6.7551193599999999e+02 1.4832420999999999e+02 6.1119999999999997e-01 1.3479011750000000e+03
6.8285630200000003e+02 1.5103950100000000e+02 6.1663999999999997e-01 1.3523236660000000e+03
6.9022474899999997e+02 1.5378380400000000e+02 6.2207999999999997e-01 1.3567541560000000e+03
6.9761732099999995e+02 1.5655708200000001e+02 6.2751999999999997e-01 1.3611924489999999e+03
7.0503405899999996e+02 1.5935929400000001e+02 6.3295999999999997e-01 1.3656383430000001e+03
7.1247500400000001e+02 1.6219039699999999e+02 6.3839999999999997e-01 1.3700916410000000e+03
7.1994019600000001e+02 1.6505034400000000e+02 6.4383999999999997e-01 1.3745521440000000e+03
7.2742967299999998e+02 1.6793908600000000e+02 6.4927999999999997e-01 1.3790196539999999e+03
7.3494347300000004e+02 1.7085657000000000e+02 6.5471999999999997e-01 1.3834939760000000e+03
7.4248163299999999e+02 1.7380274299999999e+02 6.6015999999999997e-01 1.3879749130000000e+03
7.5004418899999996e+02 1.7677754700000000e+02 6.6559999999999997e-01 1.3924622720000000e+03
7.5763117299999999e+02 1.7978092500000000e+02 6.7103999999999997e-01 1.3969558600000000e+03
7.6524261999999999e+02 1.8281281400000000e+02 6.7647999999999997e-01 1.4014554869999999e+03
7.7287856299999999e+02 1.8587315300000000e+02 6.8191999999999997e-01 1.4059609620000001e+03
7.8053903200000002e+02 1.8896187699999999e+02 6.8735999999999997e-01 1.4104720980000000e+03
7.8822405700000002e+02 1.9207891799999999e+02 6.9279999999999997e-01 1.4149887110000000e+03
7.9593366900000001e+02 1.9522421000000000e+02 6.9823999999999997e-01 1.4195106160000000e+03
8.0366789500000004e+02 1.9839768100000001e+02 7.0367999999999997e-01 1.4240376320000000e+03
8.1142676300000005e+02 2.0159926300000001e+02 7.0911999999999997e-01 1.4285695790000000e+03
8.1921029899999996e+02 2.0482888100000000e+02 7.1455999999999997e-01 1.4331062810000001e+03
8.2701852799999995e+02 2.0808646100000001e+02 7.1999999999999997e-01 1.4376475610000000e+03
8.3485147400000005e+02 2.1137192999999999e+02 7.2543999999999997e-01 1.4421932489999999e+03
8.4270916299999999e+02 2.1468521100000001e+02 7.3087999999999997e-01 1.4467431720000000e+03
8.5059161500000005e+02 2.1802622600000001e+02 7.3631999999999997e-01 1.4512971630000000e+03
8.5849885200000006e+02 2.2139489800000001e+02 7.4175999999999997e-01 1.4558550570000000e+03
8.6643089599999996e+02 2.2479114700000000e+02 7.4719999999999998e-01 1.4604166889999999e+03
8.7438776600000006e+02 2.2821489199999999e+02 7.5263999999999998e-01 1.4649818990000001e+03
8.8236948099999995e+02 2.3166605400000000e+02 7.5807999999999998e-01 1.4695505280000000e+03
8.9037606000000005e+02 2.3514455100000001e+02 7.6351999999999998e-01 1.4741224210000000e+03
8.9840751999999998e+02 2.3865029899999999e+02 7.6895999999999998e-01 1.4786974220000000e+03
9.0646387700000002e+02 2.4218321700000001e+02 7.7439999999999998e-01 1.4832753809999999e+03
9.1454514600000005e+02 2.4574322000000001e+02 7.7983999999999998e-01 1.4878561480000001e+03
9.2265134399999999e+02 2.4933022500000001e+02 7.8527999999999998e-01 1.4924395770000001e+03
9.3078248299999996e+02 2.5294414599999999e+02 7.9071999999999998e-01 1.4970255250000000e+03
9.3893857800000001e+02 2.5658489900000001e+02 7.9615999999999998e-01 1.5016138480000000e+03
9.4711964000000000e+02 2.6025239800000003e+02 8.0159999999999998e-01 1.5062044080000001e+03
9.5532568200000003e+02 2.6394655699999998e+02 8.0703999999999998e-01 1.5107970660000001e+03
9.6355671400000006e+02 2.6766728899999998e+02 8.1247999999999998e-01 1.5153916899999999e+03
9.7181274699999994e+02 2.7141450900000001e+02 8.1791999999999998e-01 1.5199881450000000e+03
9.8009379000000001e+02 2.7518812900000000e+02 8.2335999999999998e-01 1.5245863030000000e+03
9.8839985300000001e+02 2.7898806200000001e+02 8.2879999999999998e-01 1.5291860340000001e+03
9.9673094400000002e+02 2.8281421999999998e+02 8.3423999999999998e-01 1.5337872139999999e+03
1.0050870700000000e+03 2.8666651700000000e+02 8.3967999999999998e-01 1.5383897179999999e+03
1.0134682370000000e+03 2.9054486400000002e+02 8.4511999999999998e-01 1.5429934270000001e+03
1.0218744530000000e+03 2.9444917400000003e+02 8.5055999999999998e-01 1.5475982200000001e+03
1.0303057229999999e+03 2.9837936000000002e+02 8.5599999999999998e-01 1.5522039810000001e+03
1.0387620509999999e+03 3.0233533199999999e+02 8.6143999999999998e-01 1.5568105960000000e+03
1.0472434420000000e+03 3.0631700300000000e+02 8.6687999999999998e-01 1.5614179520000000e+03
1.0557499000000000e+03 3.1032428599999997e+02 8.7231999999999998e-01 1.5660259380000000e+03
1.0642814289999999e+03 3.1435709300000002e+02 8.7775999999999998e-01 1.5706344460000000e+03
1.0728380290000000e+03 3.1841533399999997e+02 8.8319999999999999e-01 1.5752433710000000e+03
1.0814197039999999e+03 3.2249892399999999e+02 8.8863999999999999e-01 1.5798526070000000e+03
1.0900264549999999e+03 3.2660777400000001e+02 8.9407999999999999e-01 1.5844620540000001e+03
1.0986582820000001e+03 3.3074179600000002e+02 8.9951999999999999e-01 1.5890716090000001e+03
1.1073151860000000e+03 3.3490090300000003e+02 9.0495999999999999e-01 1.5936811760000001e+03
1.1159971680000001e+03 3.3908500900000001e+02 9.1039999999999999e-01 1.5982906579999999e+03
1.1247042250000000e+03 3.4329402499999998e+02 9.1583999999999999e-01 1.6028999610000001e+03
1.1334363570000000e+03 3.4752786500000002e+02 9.2127999999999999e-01 1.6075089920000000e+03
1.1421935619999999e+03 3.5178644300000002e+02 9.2671999999999999e-01 1.6121176610000000e+03
1.1509758380000001e+03 3.5606967200000003e+02 9.3215999999999999e-01 1.6167258790000001e+03
1.1597831819999999e+03 3.6037746600000003e+02 9.3759999999999999e-01 1.6213335600000000e+03
1.1686155920000001e+03 3.6470974000000001e+02 9.4303999999999999e-01 1.6259406180000001e+03
1.1774730620000000e+03 3.6906640800000002e+02 9.4847999999999999e-01 1.6305469700000001e+03
1.1863555899999999e+03 3.7344738500000000e+02 9.5391999999999999e-01 1.6351525360000001e+03
1.1952631710000001e+03 3.7785258700000003e+02 9.5935999999999999e-01 1.6397572359999999e+03
1.2041958000000000e+03 3.8228192899999999e+02 9.6479999999999999e-01 1.6443609910000000e+03
1.2131534710000001e+03 3.8673532899999998e+02 9.7023999999999999e-01 1.6489637279999999e+03
1.2221361790000001e+03 3.9121270299999998e+02 9.7567999999999999e-01 1.6535653709999999e+03
1.2311439180000000e+03 3.9571396900000002e+02 9.8111999999999999e-01 1.6581658490000000e+03
1.2401766809999999e+03 4.0023904599999997e+02 9.8655999999999999e-01 1.6627650920000001e+03
1.2492344610000000e+03 4.0478785199999999e+02 9.9199999999999999e-01 1.6673630310000001e+03
1.2583172509999999e+03 4.0936030799999997e+02 9.9743999999999999e-01 1.6719596019999999e+03
1.2674250430000000e+03 4.1395633500000002e+02 1.0028800000000000e+00 1.6765547389999999e+03
1.2765578290000001e+03 4.1857585599999999e+02 1.0083200000000001e+00 1.6811483810000000e+03
1.2857156020000000e+03 4.2321879400000000e+02 1.0137600000000000e+00 1.6857404690000001e+03
1.2948983519999999e+03 4.2788507600000003e+02 1.0192000000000001e+00 1.6903309480000000e+03
1.3041060700000000e+03 4.3257463000000001e+02 1.0246400000000000e+00 1.6949197630000001e+03
1.3133387479999999e+03 4.3728738600000003e+02 1.0300800000000001e+00 1.6995068659999999e+03
1.3225963750000001e+03 4.4202328199999999e+02 1.0355200000000000e+00 1.7040922120000000e+03
1.3318789429999999e+03 4.4678225700000002e+02 1.0409600000000001e+00 1.7086757640000001e+03
1.3411864410000001e+03 4.5156426299999998e+02 1.0464000000000000e+00 1.7132574920000000e+03
1.3505188599999999e+03 4.5636926599999998e+02 1.0518400000000001e+00 1.7178373830000000e+03
1.3598761880000000e+03 4.6119726400000002e+02 1.0572800000000000e+00 1.7224154540000000e+03
1.3692584179999999e+03 4.6604834499999998e+02 1.0627200000000001e+00 1.7269918080000000e+03
1.3786655400000000e+03 4.7092294800000002e+02 1.0681600000000000e+00 1.7315668730000000e+03
1.3880975450000001e+03 4.7582004899999998e+02 1.0736000000000001e+00 1.7361397079999999e+03
1.3975544199999999e+03 4.8073927800000001e+02 1.0790400000000000e+00 1.7407099890000000e+03
1.4070361519999999e+03 4.8568055399999997e+02 1.0844800000000001e+00 1.7452776690000001e+03
1.4165427250000000e+03 4.9064379600000001e+02 1.0899200000000000e+00 1.7498426990000000e+03
1.4260741250000001e+03 4.9562892499999998e+02 1.0953599999999999e+00 1.7544050319999999e+03
1.4356303379999999e+03 5.0063586199999997e+02 1.1008000000000000e+00 1.7589646240000000e+03
1.4452113480000000e+03 5.0566452800000002e+02 1.1062399999999999e+00 1.7635214300000000e+03
1.4548171400000001e+03 5.1071484400000003e+02 1.1116800000000000e+00 1.7680754059999999e+03
1.4644476990000001e+03 5.1578673300000003e+02 1.1171199999999999e+00 1.7726265100000001e+03
1.4741030080000000e+03 5.2088011600000004e+02 1.1225600000000000e+00 1.7771747000000000e+03
1.4837830520000000e+03 5.2599491699999999e+02 1.1279999999999999e+00 1.7817199370000001e+03
1.4934878150000000e+03 5.3113105900000005e+02 1.1334400000000000e+00 1.7862621810000001e+03
1.5032172800000001e+03 5.3628846599999997e+02 1.1388799999999999e+00 1.7908013930000000e+03
1.5129714309999999e+03 5.4146706200000006e+02 1.1443200000000000e+00 1.7953375370000001e+03
1.5227502500000001e+03 5.4666677100000004e+02 1.1497599999999999e+00 1.7998705749999999e+03
1.5325537210000000e+03 5.5188751999999999e+02 1.1552000000000000e+00 1.8044004709999999e+03
1.5423818269999999e+03 5.5712923200000000e+02 1.1606399999999999e+00 1.8089271910000000e+03
1.5522345510000000e+03 5.6239183500000001e+02 1.1660800000000000e+00 1.8134507020000001e+03
1.5621118739999999e+03 5.6767525499999999e+02 1.1715199999999999e+00 1.8179709690000000e+03
1.5720137790000001e+03 5.7297941800000001e+02 1.1769600000000000e+00 1.8224879610000000e+03
1.5819402480000001e+03 5.7830425200000002e+02 1.1823999999999999e+00 1.8270016459999999e+03
1.5918912630000000e+03 5.8364968399999998e+02 1.1878400000000000e+00 1.8315119930000001e+03
1.6018668050000001e+03 5.8901564299999995e+02 1.1932799999999999e+00 1.8360189740000001e+03
1.6118668580000001e+03 5.9440205700000001e+02 1.1987200000000000e+00 1.8405225570000000e+03
1.6218914000000000e+03 5.9980885499999999e+02 1.2041599999999999e+00 1.8450227159999999e+03
1.6319404150000000e+03 6.0523596599999996e+02 1.2096000000000000e+00 1.8495194220000001e+03
1.6420138840000000e+03 6.1068332099999998e+02 1.2150399999999999e+00 1.8540126479999999e+03
1.6521117859999999e+03 6.1615084899999999e+02 1.2204800000000000e+00 1.8585023690000000e+03
1.6622341030000000e+03 6.2163848099999996e+02 1.2259199999999999e+00 1.8629885580000000e+03
1.6723808170000000e+03 6.2714614800000004e+02 1.2313600000000000e+00 1.8674711920000000e+03
1.6825519059999999e+03 6.3267378099999996e+02 1.2367999999999999e+00 1.8719502450000000e+03
1.6927473530000000e+03 6.3822131300000001e+02 1.2422400000000000e+00 1.8764256940000000e+03
1.7029671360000000e+03 6.4378867600000001e+02 1.2476799999999999e+00 1.8808975170000001e+03
1.7132112370000000e+03 6.4937580200000002e+02 1.2531200000000000e+00 1.8853656900000001e+03
1.7234796349999999e+03 6.5498262499999998e+02 1.2585599999999999e+00 1.8898301930000000e+03
1.7337723109999999e+03 6.6060907699999996e+02 1.2640000000000000e+00 1.8942910039999999e+03
1.7440892440000000e+03 6.6625509399999999e+02 1.2694399999999999e+00 1.8987481029999999e+03
1.7544304139999999e+03 6.7192060800000002e+02 1.2748800000000000e+00 1.9032014690000001e+03
1.7647958010000000e+03 6.7760555499999998e+02 1.2803199999999999e+00 1.9076510840000001e+03
1.7751853830000000e+03 6.8330987000000005e+02 1.2857600000000000e+00 1.9120969279999999e+03
1.7855991420000000e+03 6.8903348800000003e+02 1.2911999999999999e+00 1.9165389840000000e+03
1.7960370550000000e+03 6.9477634499999999e+02 1.2966400000000000e+00 1.9209772340000000e+03
1.8064991030000001e+03 7.0053837799999997e+02 1.3020799999999999e+00 1.9254116590000001e+03
1.8169852630000000e+03 7.0631952200000001e+02 1.3075200000000000e+00 1.9298422450000000e+03
1.8274955170000001e+03 7.1211971500000004e+02 1.3129599999999999e+00 1.9342689740000001e+03
1.8380298410000000e+03 7.1793889500000000e+02 1.3184000000000000e+00 1.9386918300000000e+03
1.8485882160000001e+03 7.2377699800000005e+02 1.3238399999999999e+00 1.9431107990000000e+03
1.8591706200000001e+03 7.2963396399999999e+02 1.3292800000000000e+00 1.9475258660000000e+03
1.8697770320000000e+03 7.3550972999999999e+02 1.3347199999999999e+00 1.9519370170000000e+03
1.8804074300000000e+03 7.4140423499999997e+02 1.3401600000000000e+00 1.9563442359999999e+03
1.8910617840000000e+03 7.4730356900000004e+02 1.3455999999999999e+00 1.9607372120000000e+03
1.9017399129999999e+03 7.5316858200000001e+02 1.3510400000000000e+00 1.9650870050000001e+03
1.9124416440000000e+03 7.5902927699999998e+02 1.3564799999999999e+00 1.9694161270000000e+03
1.9231668860000000e+03 7.6489394400000003e+02 1.3619200000000000e+00 1.9737308430000000e+03
1.9339155679999999e+03 7.7076625600000000e+02 1.3673599999999999e+00 1.9780339600000000e+03
1.9446876319999999e+03 7.7664835600000004e+02 1.3728000000000000e+00 1.9823271370000000e+03
1.9554830270000000e+03 7.8254166199999997e+02 1.3782399999999999e+00 1.9866114809999999e+03
1.9663017070000001e+03 7.8844718300000000e+02 1.3836800000000000e+00 1.9908877930000001e+03
1.9771436309999999e+03 7.9436567100000002e+02 1.3891199999999999e+00 1.9951566789999999e+03
1.9880087579999999e+03 8.0029770799999994e+02 1.3945600000000000e+00 1.9994186159999999e+03
1.9988970540000000e+03 8.0624375599999996e+02 1.3999999999999999e+00 2.0036739869999999e+03
