# epsilon[MeV/fm^3] P[MeV/fm^3] nB[fm^-3] muB[MeV]
4.3514892049562272e-07 9.0000000794219998e-12 4.6796200000000002e-10 9.2990010724260003e+02
5.4394952759824855e-07 1.2854500250148002e-11 5.8496400000000005e-10 9.2990743275720001e+02
6.8239664606092796e-07 1.8414700022552000e-11 7.3384599999999997e-10 9.2991587774760001e+02
8.5763463874259032e-07 2.6380199998860002e-11 9.2229000000000003e-10 9.2992551188760001e+02
1.0799253715994732e-06 3.7791099667920001e-11 1.1613300000000000e-09 9.2993648532329996e+02
1.3625442882637764e-06 5.4137899979800000e-11 1.4652400000000000e-09 9.2994894782519998e+02
1.7226605254650248e-06 7.7555599791040007e-11 1.8524800000000000e-09 9.2996308925910000e+02
2.1826057027272589e-06 1.1110299984364001e-10 2.3470600000000000e-09 9.2997909967860005e+02
2.7713348204539073e-06 1.5916099965360000e-10 2.9801100000000000e-09 9.2999716876169998e+02
3.5266032513682487e-06 2.2800800111288001e-10 3.7922200000000000e-09 9.3001754656409992e+02
4.4975537964996660e-06 3.2663399940042002e-10 4.8362200000000001e-09 9.3004045271789994e+02
4.5807460305493105e-06 3.3555999792714001e-10 4.9256699999999996e-09 9.3004228160820003e+02
4.7281205653478515e-06 3.3656599963290001e-10 5.0841300000000003e-09 9.3004248152130003e+02
6.5759177435918250e-06 5.4515600232911993e-10 7.0708799999999999e-09 9.3007696075620004e+02
9.1998724984833464e-06 8.8567000200420000e-10 9.8920399999999997e-09 9.3011730648750006e+02
1.2918168885426129e-05 1.4388700552640002e-09 1.3889600000000001e-08 9.3016406831190000e+02
1.8201380444258739e-05 2.3376200076990001e-09 1.9569300000000001e-08 9.3021808578930006e+02
2.5725895950178280e-05 3.7977398937599994e-09 2.7657999999999999e-08 9.3028025838780002e+02
3.6463989818522291e-05 6.1698799253159997e-09 3.9200400000000002e-08 9.3035162548649998e+02
5.1813630126296458e-05 1.0023700173792000e-08 5.5698400000000002e-08 9.3043332628019994e+02
7.3785560512054020e-05 1.6284700005120000e-08 7.9311899999999997e-08 9.3052664006250006e+02
1.0527189036420272e-04 2.6456400399219999e-08 1.1314700000000000e-07 9.3063298613190000e+02
1.5043483705694415e-04 4.2981499428689995e-08 1.6167299999999999e-07 9.3075400323120004e+02
1.5143539825673478e-04 4.3369399516159995e-08 1.6274800000000000e-07 9.3075639185940008e+02
1.5666718390755263e-04 4.3499599327679997e-08 1.6836899999999999e-07 9.3075719132400002e+02
1.8247319946392853e-04 5.3487099479700000e-08 1.9609400000000001e-07 9.3081203831400001e+02
2.1304949570856091e-04 6.5965099669560007e-08 2.2894200000000001e-07 9.3087079295249998e+02
2.4880173202308656e-04 8.1354199584480006e-08 2.6734800000000002e-07 9.3093285559410003e+02
2.9061049213158235e-04 1.0033299847065000e-07 3.1225699999999999e-07 9.3099838615049998e+02
3.3950651358852186e-04 1.2374000051775000e-07 3.6477499999999998e-07 9.3106758453479995e+02
3.9669496520679297e-04 1.5260700009555001e-07 4.2619500000000001e-07 9.3114063056550003e+02
4.6358813252914599e-04 1.8820900209407997e-07 4.9803199999999997e-07 9.3121772415570001e+02
5.4183717856390442e-04 2.3211699768180001e-07 5.8205699999999998e-07 9.3129908512530005e+02
6.3337419989345891e-04 2.8626699988691999e-07 6.8034199999999997e-07 9.3138494352930002e+02
7.4046361643000222e-04 3.5305100162730003e-07 7.9531500000000002e-07 9.3147551899979999e+02
7.4543957324912111e-04 3.5623800038969997e-07 8.0065699999999999e-07 9.3147951660449996e+02
7.7046470619140960e-04 3.5730600246279002e-07 8.2752300000000002e-07 9.3148080575760002e+02
7.7218701201869997e-04 3.5837800248323999e-07 8.2937200000000002e-07 9.3148210505190002e+02
7.7564281539113634e-04 3.6053199741144001e-07 8.3308200000000005e-07 9.3148469349929996e+02
7.7911352986319152e-04 3.6269800105895999e-07 8.3680799999999998e-07 9.3148728185280004e+02
7.8260009510663572e-04 3.6487800290032998e-07 8.4055099999999997e-07 9.3148988034750005e+02
7.8610250285012515e-04 3.6706999922346001e-07 8.4431100000000000e-07 9.3149248879559991e+02
7.8962075319254110e-04 3.6927600351839998e-07 8.4808799999999996e-07 9.3149508719639994e+02
7.9315485471188711e-04 3.7149499796798001e-07 8.5188199999999998e-07 9.3149769564450003e+02
7.9670479058673201e-04 3.7372699824480005e-07 8.5569300000000004e-07 9.3150031404599997e+02
8.0027057791247260e-04 3.7597299948234002e-07 8.5952100000000004e-07 9.3150293244750003e+02
8.0385221698387247e-04 3.7823200230633998e-07 8.6336599999999998e-07 9.3150555094289996e+02
8.0745063029167934e-04 3.8050499711466001e-07 8.6722899999999999e-07 9.3150817929779998e+02
8.1106395596088781e-04 3.8279099715107999e-07 8.7110800000000002e-07 9.3151080774659999e+02
8.1469498722525535e-04 3.8509200436278001e-07 8.7500600000000005e-07 9.3151343619540000e+02
8.1834093096975699e-04 3.8740599815679997e-07 8.7891999999999998e-07 9.3151607459759998e+02
8.3652972322216491e-04 3.8856800310954005e-07 8.9844600000000005e-07 9.3151737379799999e+02
8.9649746606902973e-04 4.2637900225708002e-07 9.6282100000000007e-07 9.3155798930399999e+02
9.6293679962426715e-04 4.6927300060880000e-07 1.0341400000000000e-06 9.3160093353000002e+02
1.0343084479593990e-03 5.1648199988999994e-07 1.1107499999999999e-06 9.3164493704189999e+02
1.1110033276598183e-03 5.6844100521450010e-07 1.1930700000000001e-06 9.3169002988770001e+02
1.1934040547386528e-03 6.2562700512179996e-07 1.2815100000000000e-06 9.3173623206809998e+02
1.2819398888523502e-03 6.8856500094819997e-07 1.3765300000000001e-06 9.3178357353719991e+02
1.3770588621277026e-03 7.5783499966439992e-07 1.4786100000000000e-06 9.3183208434300002e+02
1.4792742600387720e-03 8.3407400117300003e-07 1.5882999999999999e-06 9.3188178448619999e+02
1.5890902438860661e-03 9.1798299673799988e-07 1.7061399999999999e-06 9.3193271378040004e+02
1.7070948934908867e-03 1.0103300084124001e-06 1.8327600000000000e-06 9.3198488236679998e+02
1.7418302566492478e-03 1.0379399925766002e-06 1.8700300000000001e-06 9.3199978345169995e+02
1.8026805910135908e-03 1.0410599913928000e-06 1.9353200000000000e-06 9.3200143242960007e+02
2.0389359400714486e-03 1.2275099896319999e-06 2.1888000000000001e-06 9.3209187794249999e+02
2.3114099463439177e-03 1.4516999917321999e-06 2.4811100000000001e-06 9.3218792017709995e+02
2.6204004641994278e-03 1.7168400063888003e-06 2.8125600000000001e-06 9.3228811983419996e+02
2.9707928967162671e-03 2.0304000155634000e-06 3.1883800000000001e-06 9.3239264696670000e+02
3.3681648965264784e-03 2.4012300084080001e-06 3.6145400000000001e-06 9.3250170129989999e+02
3.8188055776886142e-03 2.8397900147328003e-06 4.0977700000000004e-06 9.3261546284010001e+02
4.3298558716110781e-03 3.3584500068246004e-06 4.6457100000000001e-06 9.3273413140649996e+02
4.9094492242661523e-03 3.9718300068571995e-06 5.2670599999999997e-06 9.3285792691289998e+02
5.5667590537662745e-03 4.6972400276543001e-06 5.9716300000000001e-06 9.3298704917850000e+02
6.3122329168583428e-03 5.5551399798486997e-06 6.7705900000000002e-06 9.3312173811779996e+02
6.3691536418958340e-03 5.6221100036384002e-06 6.8315900000000001e-06 9.3313158221820004e+02
6.6107787783348925e-03 5.6389700285964000e-06 7.0905299999999997e-06 9.3313397075249998e+02
7.1832281514335565e-03 6.2999099885847007e-06 7.7039700000000007e-06 9.3322329697740008e+02
7.8228640480689938e-03 7.0594400109160007e-06 8.3893400000000006e-06 9.3331767013950002e+02
8.5195476220300548e-03 7.9105299722335996e-06 9.1357600000000004e-06 9.3341477175390003e+02
9.2783521214718639e-03 8.8642300383220009e-06 9.9486500000000000e-06 9.3351470163630006e+02
1.0104791977484120e-02 9.9329099737559988e-06 1.0833900000000000e-05 9.3361751969490001e+02
1.1005037422914624e-02 1.1130399980334000e-05 1.1798100000000000e-05 9.3372332602710003e+02
1.1985504705131824e-02 1.2472300012974001e-05 1.2848100000000000e-05 9.3383220044789994e+02
1.3053499763127112e-02 1.3976000053347000e-05 1.3991700000000000e-05 9.3394422305399996e+02
1.4216706487829026e-02 1.5661000693130000e-05 1.5237100000000000e-05 9.3405949366109996e+02
1.5483652631007537e-02 1.7549100191680000e-05 1.6593399999999999e-05 9.3417811227269999e+02
1.5623499832828706e-02 1.7760599953030001e-05 1.6743099999999999e-05 9.3419079468840005e+02
1.6269961736847121e-02 1.7813900213129999e-05 1.7435099999999998e-05 9.3419395273319992e+02
1.7094324515795702e-02 1.9027400207749999e-05 1.8317499999999999e-05 9.3426180186839997e+02
1.8000874089488257e-02 2.0384500450440000e-05 1.9287799999999999e-05 9.3433394852489994e+02
1.8955614232225096e-02 2.1838399047120000e-05 2.0309599999999999e-05 9.3440734433310001e+02
1.9960983560824267e-02 2.3396100553499999e-05 2.1385500000000000e-05 9.3448202938830002e+02
2.1019794814794490e-02 2.5064799654149998e-05 2.2518500000000001e-05 9.3455801364390004e+02
2.2134768910989058e-02 2.6852600343399999e-05 2.3711500000000002e-05 9.3463531710059999e+02
2.3309000859656603e-02 2.8767899159999994e-05 2.4967799999999998e-05 9.3471396971249999e+02
2.4545494036103295e-02 3.0819700065419999e-05 2.6290599999999999e-05 9.3479400162150000e+02
2.5847718880420045e-02 3.3017999946119998e-05 2.7683600000000000e-05 9.3487541254589996e+02
2.7219055484112444e-02 3.5372998881120002e-05 2.9150400000000001e-05 9.3495825272219997e+02
2.7775365070038964e-02 3.6339601209739997e-05 2.9745400000000002e-05 9.3499105302509997e+02
2.8289610775747390e-02 3.6448598719180002e-05 3.0295400000000001e-05 9.3499466085090000e+02
2.8802930737171755e-02 3.7332599735440002e-05 3.0844399999999999e-05 9.3502356336480000e+02
2.9391538203060320e-02 3.8352800962709990e-05 3.1473899999999997e-05 9.3505628375879996e+02
2.9992229144074897e-02 3.9400800335690003e-05 3.2116300000000003e-05 9.3508923392610006e+02
3.0605097595990186e-02 4.0477499896860003e-05 3.2771700000000003e-05 9.3512239395989991e+02
3.1230612131930052e-02 4.1583600119840003e-05 3.3440600000000000e-05 9.3515578386089999e+02
3.1868867160453597e-02 4.2719998743180005e-05 3.4123099999999999e-05 9.3518940362910007e+02
3.2520144922003676e-02 4.3887298648500002e-05 3.4819500000000001e-05 9.3522325326449993e+02
3.3184820445813230e-02 4.5086601561120004e-05 3.5530200000000001e-05 9.3525732271979996e+02
3.3862987887692660e-02 4.6318701748649993e-05 3.6255299999999998e-05 9.3529163208960006e+02
3.4555116462740516e-02 4.7584401826990007e-05 3.6995300000000001e-05 9.3532617123270006e+02
3.4710848908415574e-02 4.7870299693839997e-05 3.7161800000000001e-05 9.3533387666670001e+02
3.5705765632703390e-02 4.8013899962450004e-05 3.8225500000000002e-05 9.3533768431169995e+02
3.6190650245182691e-02 4.8884701265269996e-05 3.8743900000000000e-05 9.3536029073669999e+02
3.6764595537185744e-02 4.9920498059249994e-05 3.9357499999999997e-05 9.3538680481020003e+02
3.7347724170046170e-02 5.0978398185919999e-05 3.9980900000000002e-05 9.3541345870079999e+02
3.7940129948432849e-02 5.2058599241440000e-05 4.0614200000000002e-05 9.3544024264290010e+02
3.8541907483377907e-02 5.3161699756499999e-05 4.1257500000000003e-05 9.3546717635549999e+02
3.9153244015328124e-02 5.4288198430999997e-05 4.1910999999999999e-05 9.3549425007299999e+02
3.9774234210732992e-02 5.5438601263319996e-05 4.2574799999999998e-05 9.3552146370150001e+02
4.0405159191034282e-02 5.6613297948239995e-05 4.3249199999999999e-05 9.3554882728830000e+02
4.1046019389420471e-02 5.7812899551080002e-05 4.3934199999999997e-05 9.3557633069220003e+02
4.1697190276124625e-02 5.9037997871239995e-05 4.4630199999999998e-05 9.3560397410099995e+02
4.2358578444415006e-02 6.0288999023690009e-05 4.5337100000000003e-05 9.3563177732760005e+02
4.2549448380963861e-02 6.0651299975859995e-05 4.5541099999999997e-05 9.3563974248900001e+02
4.3740238175900857e-02 6.0833198906699995e-05 4.6813800000000002e-05 9.3564365013750000e+02
4.5854886274473032e-02 6.4782902450840000e-05 4.9073799999999998e-05 9.3572599057799994e+02
4.8180087401599556e-02 6.9195997901699998e-05 5.1558599999999998e-05 9.3581365787159996e+02
5.0623240020302433e-02 7.3909702371599995e-05 5.4169200000000003e-05 9.3590278418340006e+02
5.3190452397117956e-02 7.8944498346630003e-05 5.6912100000000000e-05 9.3599338970190001e+02
5.5887837732656438e-02 8.4322299027779992e-05 5.9793799999999997e-05 9.3608550419339997e+02
5.8722166587791814e-02 9.0066499795649990e-05 6.2821499999999995e-05 9.3617915789369999e+02
6.1700398546921942e-02 9.6201898222459989e-05 6.6002599999999997e-05 9.3627437052180005e+02
6.4829683480590566e-02 1.0275499726340999e-04 6.9344700000000000e-05 9.3637116226620003e+02
6.8117831355171340e-02 1.0975499711746999e-04 7.2856100000000002e-05 9.3646956308100005e+02
7.1572933822013338e-02 1.1723199746169999e-04 7.6545399999999994e-05 9.3656960282640000e+02
7.2872355791586060e-02 1.2007500056640000e-04 7.7932800000000000e-05 9.3660639068670002e+02
7.6294350046888545e-02 1.2043499631464001e-04 8.1586400000000002e-05 9.3661091798129996e+02
7.8557740452832786e-02 1.2521799885310001e-04 8.4002899999999995e-05 9.3666865324139997e+02
8.1070439170188191e-02 1.3058099681828001e-04 8.6685400000000002e-05 9.3673145543940007e+02
8.3663493660002267e-02 1.3617299667415003e-04 8.9453500000000007e-05 9.3679492723830003e+02
8.6339540033127660e-02 1.4200499619000000e-04 9.2310000000000002e-05 9.3685905859080003e+02
8.9101308842231525e-02 1.4808700429182000e-04 9.5257800000000001e-05 9.3692387963880003e+02
9.1951438062670962e-02 1.5442999846642999e-04 9.8299699999999997e-05 9.3698938014720000e+02
9.3544637803481184e-02 1.5800363917307320e-04 1.0000000000000000e-04 9.3702641442654260e+02
9.5903826317948290e-02 1.5933592944179033e-04 1.0251694790238383e-04 9.3704664655897659e+02
9.8322513383882176e-02 1.6071320731935262e-04 1.0509731718559453e-04 9.3706698922948726e+02
1.0080219955013896e-01 1.6213699190786352e-04 1.0774270561212839e-04 9.3708744335339452e+02
1.0334442320930050e-01 1.6360885360513347e-04 1.1045475118609570e-04 9.3710800985386174e+02
1.0595076155209041e-01 1.6513041583678827e-04 1.1323513316640136e-04 9.3712868966195947e+02
1.0862283154586007e-01 1.6670335684686586e-04 1.1608557310542234e-04 9.3714948371672710e+02
1.1136229093775211e-01 1.6832941154887641e-04 1.1900783591382379e-04 9.3717039296523956e+02
1.1417083928316366e-01 1.7001037343936727e-04 1.2200373095217133e-04 9.3719141836266988e+02
1.1705021900014712e-01 1.7174809657610356e-04 1.2507511315001292e-04 9.3721256087235543e+02
1.2000221645040318e-01 1.7354449762304626e-04 1.2822388415312141e-04 9.3723382146586414e+02
1.2302866304753618e-01 1.7540155796438341e-04 1.3145199349960619e-04 9.3725520112305992e+02
1.2613143639325955e-01 1.7732132588994570e-04 1.3476143982561907e-04 9.3727670083217174e+02
1.2931246144225644e-01 1.7930591885441781e-04 1.3815427210139977e-04 9.3729832158986039e+02
1.3257371169641785e-01 1.8135752581283624e-04 1.4163259089842287e-04 9.3732006440128578e+02
1.3591721042919955e-01 1.8347840963495063e-04 1.4519854968842903e-04 9.3734193028017864e+02
1.3934503194085696e-01 1.8567090960111085e-04 1.4885435617514162e-04 9.3736392024890847e+02
1.4285930284533721e-01 1.8793744398243323e-04 1.5260227365949136e-04 9.3738603533855394e+02
1.4646220338962643e-01 1.9028051270809132e-04 1.5644462243919063e-04 9.3740827658897467e+02
1.5015596880637050e-01 1.9270270012267349e-04 1.6038378124352140e-04 9.3743064504888275e+02
1.5394289070060957e-01 1.9520667783664880e-04 1.6442218870422299e-04 9.3745314177591513e+02
1.5782531847148523e-01 1.9779520767308453e-04 1.6856234486338587e-04 9.3747576783670604e+02
1.6180566076980329e-01 2.0047114471386597e-04 1.7280681271928292e-04 9.3749852430696126e+02
1.6588638699235617e-01 2.0323744044877865e-04 1.7715821981109133e-04 9.3752141227153265e+02
1.7007002881393202e-01 2.0609714603092542e-04 1.8161925984348364e-04 9.3754443282449222e+02
1.7435918175796086e-01 2.0905341564207003e-04 1.8619269435208891e-04 9.3756758706921005e+02
1.7875650680677257e-01 2.1210950997161871e-04 1.9088135441085356e-04 9.3759087611842710e+02
1.8326473205246485e-01 2.1526879981307638e-04 1.9568814238235196e-04 9.3761430109433638e+02
1.8788665438940691e-01 2.1853476978194567e-04 2.0061603371213050e-04 9.3763786312865795e+02
1.9262514124942706e-01 2.2191102215916815e-04 2.0566807876818842e-04 9.3766156336271820e+02
1.9748313238076198e-01 2.2540128086434748e-04 2.1084740472673177e-04 9.3768540294752961e+02
2.0246364167187111e-01 2.2900939556313711e-04 2.1615721750536371e-04 9.3770938304387016e+02
2.0756975902124722e-01 2.3273934591332276e-04 2.2160080374490282e-04 9.3773350482236390e+02
2.1280465225438347e-01 2.3659524595428234e-04 2.2718153284105160e-04 9.3775776946356314e+02
2.1817156908908655e-01 2.4058134864466597e-04 2.3290285902716922e-04 9.3778217815802941e+02
2.2367383915035435e-01 2.4470205055329979e-04 2.3876832350943131e-04 9.3780673210641737e+02
2.2931487603606929e-01 2.4896189670848862e-04 2.4478155665569508e-04 9.3783143251955755e+02
2.3509817943478750e-01 2.5336558561106520e-04 2.5094628023941766e-04 9.3785628061854197e+02
2.4102733729693954e-01 2.5791797441671597e-04 2.5726630974001377e-04 9.3788127763480747e+02
2.4710602806078755e-01 2.6262408429329905e-04 2.6374555670106813e-04 9.3790642481022337e+02
2.5333802293452146e-01 2.6748910595906291e-04 2.7038803114785858e-04 9.3793172339717682e+02
2.5972718823590962e-01 2.7251840540787591e-04 2.7719784406568038e-04 9.3795717465866039e+02
2.6627748779095461e-01 2.7771752982777895e-04 2.8417920994049730e-04 9.3798277986836172e+02
2.7299298539304367e-01 2.8309221371939166e-04 2.9133644936348919e-04 9.3800854031074959e+02
2.7987784732411830e-01 2.8864838522091931e-04 2.9867399170109793e-04 9.3803445728116719e+02
2.8693634493942749e-01 2.9439217264673662e-04 3.0619637783222054e-04 9.3806053208592016e+02
2.9417285731746856e-01 3.0032991124676110e-04 3.1390826295423440e-04 9.3808676604236905e+02
3.0159187397675929e-01 3.0646815019407105e-04 3.2181441945958579e-04 9.3811316047902096e+02
3.0919799766112616e-01 3.1281365980847500e-04 3.2991973988471266e-04 9.3813971673562253e+02
3.1699594719523833e-01 3.1937343902400039e-04 3.3822923993312058e-04 9.3816643616325530e+02
3.2499056041215746e-01 3.2615472310853827e-04 3.4674806157447476e-04 9.3819332012442783e+02
3.3318679715471994e-01 3.3316499164415763e-04 3.5548147622161606e-04 9.3822036999317334e+02
3.4158974235261386e-01 3.4041197677689178e-04 3.6443488798746114e-04 9.3824758715514440e+02
3.5020460917706020e-01 3.4790367174509758e-04 3.7361383702379101e-04 9.3827497300771222e+02
3.5903674227505389e-01 3.5564833969579137e-04 3.8302400294398732e-04 9.3830252896006243e+02
3.6809162108517274e-01 3.6365452279868768e-04 3.9267120833182297e-04 9.3833025643329540e+02
3.7737486323701092e-01 3.7193105166799333e-04 4.0256142233847025e-04 9.3835815686052649e+02
3.8689222803634549e-01 3.8048705510234759e-04 4.1270076436994196e-04 9.3838623168698416e+02
3.9664962003819848e-01 3.8933197015365238e-04 4.2309550786723483e-04 9.3841448237011514e+02
4.0665309271001238e-01 3.9847555253589862e-04 4.3375208418150815e-04 9.3844291037968424e+02
4.1690885218720902e-01 4.0792788738546729e-04 4.4467708654667948e-04 9.3847151719787826e+02
4.2742326112346468e-01 4.1769940038477622e-04 4.5587727415188683e-04 9.3850030431941127e+02
4.3820284263808817e-01 4.2780086926153958e-04 4.6735957631632499e-04 9.3852927325162898e+02
4.4925428436295134e-01 4.3824343567632439e-04 4.7913109676902621e-04 9.3855842551461456e+02
4.6058444259148384e-01 4.4903861751151644e-04 4.9119911803622131e-04 9.3858776264129710e+02
4.7220034653230403e-01 4.6019832157524792e-04 5.0357110593898292e-04 9.3861728617755716e+02
4.8410920267012675e-01 4.7173485673430104e-04 5.1625471420391721e-04 9.3864699768233936e+02
4.9631839923665289e-01 4.8366094749047195e-04 5.2925778918974935e-04 9.3867689872775782e+02
5.0883551079421374e-01 4.9598974801536846e-04 5.4258837473270297e-04 9.3870699089921095e+02
5.2166830293501598e-01 5.0873485665912444e-04 5.5625471711366636e-04 9.3873727579549188e+02
5.3482473709889944e-01 5.2191033094902935e-04 5.7026527015019597e-04 9.3876775502889973e+02
5.4831297551259983e-01 5.3553070309462060e-04 5.8462870041649402e-04 9.3879843022535590e+02
5.6214138625357846e-01 5.4961099601633654e-04 5.9935389259457308e-04 9.3882930302451791e+02
5.7631854844156116e-01 5.6416673991541155e-04 6.1444995495990010e-04 9.3886037507989533e+02
5.9085325756100870e-01 5.7921398940328941e-04 6.2992622500489866e-04 9.3889164805896542e+02
6.0575453091781806e-01 5.9476934120944664e-04 6.4579227520376414e-04 9.3892312364329337e+02
6.2103161323364187e-01 6.1084995248715914e-04 6.6205791892214527e-04 9.3895480352864888e+02
6.3669398238129660e-01 6.2747355973740088e-04 6.7873321647532480e-04 9.3898668942512791e+02
6.5275135526481620e-01 6.4465849837174849e-04 6.9582848133862717e-04 9.3901878305727280e+02
6.6921369384780094e-01 6.6242372293586914e-04 7.1335428651387364e-04 9.3905108616419420e+02
6.8609121133380124e-01 6.8078882801589781e-04 7.3132147105580368e-04 9.3908360049969440e+02
7.0339437850256947e-01 6.9977406985076180e-04 7.4974114676247300e-04 9.3911632783239213e+02
7.2113393020611161e-01 7.1940038867429168e-04 7.6862470503374751e-04 9.3914926994584687e+02
7.3932087202856933e-01 7.3968943181176134e-04 7.8798382390210823e-04 9.3918242863868659e+02
7.5796648711406256e-01 7.6066357755632998e-04 8.0783047524009386e-04 9.3921580572473317e+02
7.7708234316673219e-01 7.8234595985172712e-04 8.2817693214881269e-04 9.3924940303313315e+02
7.9668029962732045e-01 8.0476049380839539e-04 8.4903577653206417e-04 9.3928322240848649e+02
8.1677251503074610e-01 8.2793190208124473e-04 8.7041990686073244e-04 9.3931726571097795e+02
8.3737145454923578e-01 8.5188574213810328e-04 8.9234254613222231e-04 9.3935153481650832e+02
8.5848989772569384e-01 8.7664843444894985e-04 9.1481725002983121e-04 9.3938603161682806e+02
8.8014094640210561e-01 9.0224729162701129e-04 9.3785791528707373e-04 9.3942075801967258e+02
9.0233803284789627e-01 9.2871054855387476e-04 9.6147878826210174e-04 9.3945571594889645e+02
9.2509492809328420e-01 9.5606739352183470e-04 9.8569447372748829e-04 9.3949090734461026e+02
9.4842575047280320e-01 9.8434800042783107e-04 1.0105199438807783e-03 9.3952633416331946e+02
9.7234497438428846e-01 1.0135835620544795e-03 1.0359705475813429e-03 9.3956199837806321e+02
9.9686743926876786e-01 1.0438063244749129e-03 1.0620620198192180e-03 9.3959790197855409e+02
1.0220083588168209e+00 1.0750496226193667e-03 1.0888104914217383e-03 9.3963404697132046e+02
1.0477833304071249e+00 1.1073479170427541e-03 1.1162324990039384e-03 9.3967043537984898e+02
1.0742083447830379e+00 1.1407368319337706e-03 1.1443449951688272e-03 9.3970706924472870e+02
1.1012997959732260e+00 1.1752531944074582e-03 1.1731653589638084e-03 9.3974395062379620e+02
1.1290744914624880e+00 1.2109350751245691e-03 1.2027114065996675e-03 9.3978108159228373e+02
1.1575496626190858e+00 1.2478218302825232e-03 1.2330014024387089e-03 9.3981846424296396e+02
1.1867429753850540e+00 1.2859541450242853e-03 1.2640540702587920e-03 9.3985610068630297e+02
1.2166725412361148e+00 1.3253740783130284e-03 1.2958886048001854e-03 9.3989399305060817e+02
1.2473569284180053e+00 1.3661251093220938e-03 1.3285246836023331e-03 9.3993214348218100e+02
1.2788151734661803e+00 1.4082521853913987e-03 1.3619824791377916e-03 9.3997055414547049e+02
1.3110667930160438e+00 1.4518017716031984e-03 1.3962826712507993e-03 9.4000922722322707e+02
1.3441317959110313e+00 1.4968219020318767e-03 1.4314464599081067e-03 9.4004816491665872e+02
1.3780306956160586e+00 1.5433622327242964e-03 1.4674955782699004e-03 9.4008736944558825e+02
1.4127845229440374e+00 1.5914740964691433e-03 1.5044523060888406e-03 9.4012684304861250e+02
1.4484148391033500e+00 1.6412105594156708e-03 1.5423394834454399e-03 9.4016658798326171e+02
1.4849437490743838e+00 1.6926264796043025e-03 1.5811805248282125e-03 9.4020660652616095e+02
1.5223939153234172e+00 1.7457785674736364e-03 1.6209994335672302e-03 9.4024690097319387e+02
1.5607885718623726e+00 1.8007254484106055e-03 1.6618208166299516e-03 9.4028747363966568e+02
1.6001515386631504e+00 1.8575277274127679e-03 1.7036698997883930e-03 9.4032832686046947e+02
1.6405072364354971e+00 1.9162480559340668e-03 1.7465725431669544e-03 9.4036946299025396e+02
1.6818807017775665e+00 1.9769512009877722e-03 1.7905552571804352e-03 9.4041088440359204e+02
1.7242976027085766e+00 2.0397041165828313e-03 1.8356452188720172e-03 9.4045259349514924e+02
1.7677842545932005e+00 2.1045760175724196e-03 1.8818702886612313e-03 9.4049459267985878e+02
1.8123676364675685e+00 2.1716384559961458e-03 1.9292590275121954e-03 9.4053688439309087e+02
1.8580754077770110e+00 2.2409654000001126e-03 1.9778407145326308e-03 9.4057947109083000e+02
1.9049359255359257e+00 2.3126333154218806e-03 2.0276453650144620e-03 9.4062235524985124e+02
1.9529782619204152e+00 2.3867212501303223e-03 2.0787037489270657e-03 9.4066553936789592e+02
2.0022322223046114e+00 2.4633109212133927e-03 2.1310474098744903e-03 9.4070902596385349e+02
2.0527283637518678e+00 2.5424868051099679e-03 2.1847086845282826e-03 9.4075281757794050e+02
2.1044980139723104e+00 2.6243362307851966e-03 2.2397207225478303e-03 9.4079691677188430e+02
2.1575732907584855e+00 2.7089494760521018e-03 2.2961175070004250e-03 9.4084132612910639e+02
2.2119871219111777e+00 2.7964198671456848e-03 2.3539338752935606e-03 9.4088604825490950e+02
2.2677732656677549e+00 2.8868438816593658e-03 2.4132055406323031e-03 9.4093108577666396e+02
2.3249663316457152e+00 2.9803212549572929e-03 2.4739691140148712e-03 9.4097644134399616e+02
2.3836018023144265e+00 3.0769550901798811e-03 2.5362621267799022e-03 9.4102211762898094e+02
2.4437160550083843e+00 3.1768519719639274e-03 2.6001230537192280e-03 9.4106811732633241e+02
2.5053463844956410e+00 3.2801220840027309e-03 2.6655913367703019e-03 9.4111444315360029e+02
2.5685310261154068e+00 3.3868793305758664e-03 2.7327074093028065e-03 9.4116109785136268e+02
2.6333091794991859e+00 3.4972414621826878e-03 2.8015127210143020e-03 9.4120808418342619e+02
2.6997210328901455e+00 3.6113302054180886e-03 2.8720497634501596e-03 9.4125540493702385e+02
2.7678077880758352e+00 3.7292713972338228e-03 2.9443620961634247e-03 9.4130306292301793e+02
2.8376116859496916e+00 3.8511951237334210e-03 3.0184943735306067e-03 9.4135106097610003e+02
2.9091760327172085e+00 3.9772358636538194e-03 3.0944923722398092e-03 9.4139940195499889e+02
2.9825452267630261e+00 4.1075326366919523e-03 3.1724030194680525e-03 9.4144808874268415e+02
3.0577647861956043e+00 4.2422291568399041e-03 3.2522744217650008e-03 9.4149712424657605e+02
3.1348813770865696e+00 4.3814739908977504e-03 3.3341558946607913e-03 9.4154651139875625e+02
3.2139428424222576e+00 4.5254207223389175e-03 3.4180979930160818e-03 9.4159625315617859e+02
3.2949982317854105e+00 4.6742281207088109e-03 3.5041525421328759e-03 9.4164635250088293e+02
3.3780978317854480e+00 4.8280603167435441e-03 3.5923726696451682e-03 9.4169681244021251e+02
3.4632931972561751e+00 4.9870869834019067e-03 3.6828128382089061e-03 9.4174763600702977e+02
3.5506371832403159e+00 5.1514835230103053e-03 3.7755288790112859e-03 9.4179882625993741e+02
3.6401839777806715e+00 5.3214312607269987e-03 3.8705780261198424e-03 9.4185038628349946e+02
3.7319891355382837e+00 5.4971176445390985e-03 3.9680189516923658e-03 9.4190231918846541e+02
3.8261096122584384e+00 5.6787364520128770e-03 4.0679118020691633e-03 9.4195462811199423e+02
3.9226038001059038e+00 5.8664880040254462e-03 4.1703182347697177e-03 9.4200731621788498e+02
4.0215315638913172e+00 6.0605793857135323e-03 4.2753014564163947e-03 9.4206038669680220e+02
4.1229542782111981e+00 6.2612246748830636e-03 4.3829262616083223e-03 9.4211384276651256e+02
4.2269348655246359e+00 6.4686451781314899e-03 4.4932590727692710e-03 9.4216768767211317e+02
4.3335378351902589e+00 6.6830696749432686e-03 4.6063679809938045e-03 9.4222192468627259e+02
4.4428293234877225e+00 6.9047346700277581e-03 4.7223227879167303e-03 9.4227655710946567e+02
4.5548771346485220e+00 7.1338846541778257e-03 4.8411950486313780e-03 9.4233158827021350e+02
4.6697507829216214e+00 7.3707723739369277e-03 4.9630581156829522e-03 9.4238702152532687e+02
4.7875215356999528e+00 7.6156591103720330e-03 5.0879871841638001e-03 9.4244286026015129e+02
4.9082624577345761e+00 7.8688149672599406e-03 5.2160593379381786e-03 9.4249910788881118e+02
5.0320484564639063e+00 8.1305191690047851e-03 5.3473535970246840e-03 9.4255576785446033e+02
5.1589563284861519e+00 8.4010603686153987e-03 5.4819509661653389e-03 9.4261284362953143e+02
5.2890648072037729e+00 8.6807369660821445e-03 5.6199344846109113e-03 9.4267033871599256e+02
5.4224546116695382e+00 8.9698574375044488e-03 5.7613892771529425e-03 9.4272825664559923e+02
5.5592084966644704e+00 9.2687406753320118e-03 5.9064026064335508e-03 9.4278660098015280e+02
5.6994113040387546e+00 9.5777163400949678e-03 6.0550639265649605e-03 9.4284537531176170e+02
5.8431500153474643e+00 9.8971252240110056e-03 6.2074649380914832e-03 9.4290458326310329e+02
5.9905138058137410e+00 1.0227319626870388e-02 6.3636996443274529e-03 9.4296422848768805e+02
6.1415940996529494e+00 1.0568663744613604e-02 6.5238644091055063e-03 9.4302431467012843e+02
6.2964846267920782e+00 1.0921534071030114e-02 6.6880580159704101e-03 9.4308484552640789e+02
6.4552814810196075e+00 1.1286319813021327e-02 6.8563817288545496e-03 9.4314582480415015e+02
6.6180831796019159e+00 1.1663423319885804e-02 7.0289393542720350e-03 9.4320725628289676e+02
6.7849907244032028e+00 1.2053260527100207e-02 7.2058373050693748e-03 9.4326914377438391e+02
6.9561076645468534e+00 1.2456261415085426e-02 7.3871846657715817e-03 9.4333149112282024e+02
7.1315401606571189e+00 1.2872870483463942e-02 7.5730932595634952e-03 9.4339430220517033e+02
7.3113970507209647e+00 1.3303547241331483e-02 7.7636777169471918e-03 9.4345758093143661e+02
7.4957899176109528e+00 1.3748766714083760e-02 7.9590555461172361e-03 9.4352133124494992e+02
7.6848331583110436e+00 1.4209019967357250e-02 8.1593472050967477e-03 9.4358555712265604e+02
7.8786440548882553e+00 1.4684814648661971e-02 8.3646761756780985e-03 9.4365026257541047e+02
8.0773428472542577e+00 1.5176675547303672e-02 8.5751690392134247e-03 9.4371545164827035e+02
8.2810528077619665e+00 1.5685145173212917e-02 8.7909555543009277e-03 9.4378112842079440e+02
8.4899003176834853e+00 1.6210784355319613e-02 9.0121687364143888e-03 9.4384729700734317e+02
8.7040149456168034e+00 1.6754172860132907e-02 9.2389449395243409e-03 9.4391396155738073e+02
8.9235295278699081e+00 1.7315910031208734e-02 9.4714239397605399e-03 9.4398112625578062e+02
9.1485802508721736e+00 1.7896615450210349e-02 9.7097490211666693e-03 9.4404879532313510e+02
9.3793067356641728e+00 1.8496929620291022e-02 9.9540670635994977e-03 9.4411697301606455e+02
9.6158521245183035e+00 1.9117514672552523e-02 1.0204528632825853e-02 9.4418566362753461e+02
9.8583631697439529e+00 1.9759055096358651e-02 1.0461288072872324e-02 9.4425487148716911e+02
1.0106990324732417e+01 2.0422258494309588e-02 1.0724503600683831e-02 9.4432460096157445e+02
1.0361887837297811e+01 2.1107856362709142e-02 1.0994337403148506e-02 9.4439485645465891e+02
1.0623213845372215e+01 2.1816604898386622e-02 1.1270955736548127e-02 9.4446564240795931e+02
1.0891130475114050e+01 2.2549285832762257e-02 1.1554529028494204e-02 9.4453696330096898e+02
1.1165803941490932e+01 2.3306707294077106e-02 1.1845231982412024e-02 9.4460882365147143e+02
1.1447404651399042e+01 2.4089704698737540e-02 1.2143243684635846e-02 9.4468122801587242e+02
1.1736107309383272e+01 2.4899141672758120e-02 1.2448747714180525e-02 9.4475418098954003e+02
1.2032091026023632e+01 2.5735911004319049e-02 1.2761932255256205e-02 9.4482768720714239e+02
1.2335539429055030e+01 2.6600935628488333e-02 1.3082990212594179e-02 9.4490175134299625e+02
1.2646640777289660e+01 2.7495169645195692e-02 1.3412119329654457e-02 9.4497637811140669e+02
1.2965588077412319e+01 2.8419599371580020e-02 1.3749522309786101e-02 9.4505157226702545e+02
1.3292579203721484e+01 2.9375244429872108e-02 1.4095406940414643e-02 9.4512733860519995e+02
1.3627817020890049e+01 3.0363158872011461e-02 1.4449986220331305e-02 9.4520368196232857e+02
1.3971509509822290e+01 3.1384432342238838e-02 1.4813478490161713e-02 9.4528060721622353e+02
1.4323869896684712e+01 3.2440191278945464e-02 1.5186107566092887e-02 9.4535811928647354e+02
1.4685116785191267e+01 3.3531600157106031e-02 1.5568102876940061e-02 9.4543622313480955e+02
1.5055474292224583e+01 3.4659862772664314e-02 1.5959699604635974e-02 9.4551492376547390e+02
1.5435172186877697e+01 3.5826223570289320e-02 1.6361138828228192e-02 9.4559422622559566e+02
1.5824446033002411e+01 3.7031969015965914e-02 1.6772667671471661e-02 9.4567413560556554e+02
1.6223537335352542e+01 3.8278429015933362e-02 1.7194539454105730e-02 9.4575465703941609e+02
1.6632693689413152e+01 3.9566978383538225e-02 1.7627013846907739e-02 9.4583579570520737e+02
1.7052168935008165e+01 4.0899038355617624e-02 1.8070357030616629e-02 9.4591755682541168e+02
1.7482223313782267e+01 4.2276078160087452e-02 1.8524841858823384e-02 9.4599994566730572e+02
1.7923123630654182e+01 4.3699616636462553e-02 1.8990748024926382e-02 9.4608296754336470e+02
1.8375143419342059e+01 4.5171223911098068e-02 1.9468362233253309e-02 9.4616662781165974e+02
1.8838563112063166e+01 4.6692523128998104e-02 1.9957978374452758e-02 9.4625093187625998e+02
1.9313670213513610e+01 4.8265192244103285e-02 2.0459897705262055e-02 9.4633588518763906e+02
1.9800759479235602e+01 4.9890965870030557e-02 2.0974429032759846e-02 9.4642149324308230e+02
2.0300133098483276e+01 5.1571637193307492e-02 2.1501888903215041e-02 9.4650776158710050e+02
2.0812100881700385e+01 5.3309059951211178e-02 2.2042601795646422e-02 9.4659469581184692e+02
2.1336980452725992e+01 5.5105150476392389e-02 2.2596900320209699e-02 9.4668230155753804e+02
2.1875097445847832e+01 5.6961889810541691e-02 2.3165125421532450e-02 9.4677058451287655e+02
2.2426785707825054e+01 5.8881325889427016e-02 2.3747626587119229e-02 9.4685955041548289e+02
2.2992387505006288e+01 6.0865575801714783e-02 2.4344762060953609e-02 9.4694920505232415e+02
2.3572253735670852e+01 6.2916828124063628e-02 2.4956899062425316e-02 9.4703955426015352e+02
2.4166744147725556e+01 6.5037345335068858e-02 2.5584414010715654e-02 9.4713060392594878e+02
2.4776227561891449e+01 6.7229466310717606e-02 2.6227692754775944e-02 9.4722235998735675e+02
2.5401082100519673e+01 6.9495608904109524e-02 2.6887130809038477e-02 9.4731482843314393e+02
2.6041695422177675e+01 7.1838272612286036e-02 2.7563133595001788e-02 9.4740801530364843e+02
2.6698464962151927e+01 7.4260041333111620e-02 2.8256116688836565e-02 9.4750192669123624e+02
2.7371798179016100e+01 7.6763586215247023e-02 2.8966506075161290e-02 9.4759656874076450e+02
2.8062112807417403e+01 7.9351668604356912e-02 2.9694738407140674e-02 9.4769194765004568e+02
2.8769837117238577e+01 8.2027143088803975e-02 3.0441261273064266e-02 9.4778806967031778e+02
2.9495410179295490e+01 8.4792960648185672e-02 3.1206533469565142e-02 9.4788494110672116e+02
3.0239282137736076e+01 8.7652171908189788e-02 3.1991025281644596e-02 9.4798256831877370e+02
3.1001914489308668e+01 9.0607930505355261e-02 3.2795218769670273e-02 9.4808095772085721e+02
3.1783780369673941e+01 9.3663496565453183e-02 3.3619608063521947e-02 9.4818011578270477e+02
3.2585364846937161e+01 9.6822240299320808e-02 3.4464699664061210e-02 9.4828004902989233e+02
3.3407165222583615e+01 1.0008764572011800e-01 3.5331012752107288e-02 9.4838076404433718e+02
3.4249691340003594e+01 1.0346331448610452e-01 3.6219079505104876e-02 9.4848226746479895e+02
3.5113465900798040e+01 1.0695296987317558e-01 3.7129445421674276e-02 9.4858456598738564e+02
3.5999024789061899e+01 1.1056046088154060e-01 3.8062669654239947e-02 9.4868766636606790e+02
3.6906917403845299e+01 1.1428976648107042e-01 3.9019325349936761e-02 9.4879157541319125e+02
3.7837707000000002e+01 1.1814500000000000e-01 4.0000000000000001e-02 9.4889812099999995e+02
4.3001165000000000e+01 1.4095900000000000e-01 4.5440000000000001e-02 9.4943233999999995e+02
4.8167397000000001e+01 1.6448800000000000e-01 5.0880000000000002e-02 9.4992090599999995e+02
5.3336185000000000e+01 1.8887599999999999e-01 5.6320000000000002e-02 9.5037574099999995e+02
5.8507381000000002e+01 2.1452599999999999e-01 6.1760000000000002e-02 9.5080985599999997e+02
6.3680909000000000e+01 2.4210400000000001e-01 6.7199999999999996e-02 9.5123709099999996e+02
6.8856770999999995e+01 2.7253899999999998e-01 7.2639999999999996e-02 9.5167177800000002e+02
7.4035045999999994e+01 3.0700300000000003e-01 7.8079999999999997e-02 9.5212840600000004e+02
7.9215892999999994e+01 3.4689599999999998e-01 8.3519999999999997e-02 9.5262134300000002e+02
8.4399546000000001e+01 3.9382200000000001e-01 8.8959999999999997e-02 9.5316460099999995e+02
8.9586318000000006e+01 4.4956400000000002e-01 9.4399999999999998e-02 9.5377166399999999e+02
9.4776589000000001e+01 5.1606200000000002e-01 9.9839999999999998e-02 9.5445536100000004e+02
9.9970810999999998e+01 5.9538899999999995e-01 1.0528000000000000e-01 9.5522777900000006e+02
1.0516949600000000e+02 6.8972999999999995e-01 1.1072000000000000e-01 9.5610020699999995e+02
1.1037321700000000e+02 8.0135900000000004e-01 1.1616000000000000e-01 9.5708311000000003e+02
1.1558260199999999e+02 9.3262199999999995e-01 1.2160000000000000e-01 9.5818611299999998e+02
1.2079831500000000e+02 1.0846140000000000e+00 1.2703999999999999e-01 9.5940763100000004e+02
1.2602096899999999e+02 1.2582120000000001e+00 1.3247999999999999e-01 9.6074429999999995e+02
1.3125124900000000e+02 1.4573320000000001e+00 1.3791999999999999e-01 9.6221587499999998e+02
1.3648991899999999e+02 1.6848209999999999e+00 1.4335999999999999e-01 9.6383218199999999e+02
1.4173778700000000e+02 1.9433110000000000e+00 1.4879999999999999e-01 9.6560045700000001e+02
1.4699569500000001e+02 2.2353329999999998e+00 1.5423999999999999e-01 9.6752649799999995e+02
1.5226451599999999e+02 2.5633520000000001e+00 1.5967999999999999e-01 9.6961507099999994e+02
1.5754514399999999e+02 2.9297749999999998e+00 1.6511999999999999e-01 9.7187012000000004e+02
1.6283849499999999e+02 3.3369580000000001e+00 1.7055999999999999e-01 9.7429489300000000e+02
1.6814549900000000e+02 3.7872070000000000e+00 1.7599999999999999e-01 9.7689203499999996e+02
1.7346709999999999e+02 4.2827729999999997e+00 1.8143999999999999e-01 9.7966365800000005e+02
1.7880425199999999e+02 4.8258549999999998e+00 1.8687999999999999e-01 9.8261139200000002e+02
1.8415791800000000e+02 5.4185949999999998e+00 1.9231999999999999e-01 9.8573643300000003e+02
1.8952906300000001e+02 6.0630759999999997e+00 1.9775999999999999e-01 9.8903957500000001e+02
1.9491865799999999e+02 6.7613219999999998e+00 2.0319999999999999e-01 9.9252124100000003e+02
2.0032767600000000e+02 7.5152890000000001e+00 2.0863999999999999e-01 9.9618150400000002e+02
2.0575708599999999e+02 8.3268649999999997e+00 2.1407999999999999e-01 1.0000201100000000e+03
2.1120785900000001e+02 9.1978679999999997e+00 2.1951999999999999e-01 1.0040364900000000e+03
2.1668095900000000e+02 1.0130038000000001e+01 2.2495999999999999e-01 1.0082297730000000e+03
2.2217734700000000e+02 1.1125036000000000e+01 2.3039999999999999e-01 1.0125988000000000e+03
2.2769797399999999e+02 1.2184437000000001e+01 2.3583999999999999e-01 1.0171421319999999e+03
2.3324378400000001e+02 1.3309729000000001e+01 2.4127999999999999e-01 1.0218580590000000e+03
2.3881571199999999e+02 1.4502310000000000e+01 2.4671999999999999e-01 1.0267446070000001e+03
2.4441467900000001e+02 1.5763477999999999e+01 2.5216000000000000e-01 1.0317995530000001e+03
2.5004159700000000e+02 1.7094438000000000e+01 2.5760000000000000e-01 1.0370204260000000e+03
2.5569735900000001e+02 1.8496289999999998e+01 2.6304000000000000e-01 1.0424045249999999e+03
2.6138284800000002e+02 1.9970033999999998e+01 2.6848000000000000e-01 1.0479489269999999e+03
2.6709892500000001e+02 2.1516563999999999e+01 2.7392000000000000e-01 1.0536505010000001e+03
2.7284643899999998e+02 2.3136668000000000e+01 2.7936000000000000e-01 1.0595059170000000e+03
2.7862621700000000e+02 2.4831030999999999e+01 2.8480000000000000e-01 1.0655116690000000e+03
2.8443906600000003e+02 2.6600231999999998e+01 2.9024000000000000e-01 1.0716640829999999e+03
2.9028577400000000e+02 2.8444747000000000e+01 2.9568000000000000e-01 1.0779593379999999e+03
2.9616710899999998e+02 3.0364951000000001e+01 3.0112000000000000e-01 1.0843934819999999e+03
3.0208381500000002e+02 3.2361119000000002e+01 3.0656000000000000e-01 1.0909624500000000e+03
3.0803661299999999e+02 3.4433430000000001e+01 3.1200000000000000e-01 1.0976620789999999e+03
3.1402620500000000e+02 3.6581972000000000e+01 3.1744000000000000e-01 1.1044881330000001e+03
3.2005326500000001e+02 3.8806745999999997e+01 3.2288000000000000e-01 1.1114363140000000e+03
3.2611844700000000e+02 4.1107666000000002e+01 3.2832000000000000e-01 1.1185022830000000e+03
3.3222237999999999e+02 4.3484569000000000e+01 3.3376000000000000e-01 1.1256816750000000e+03
3.3836559699999998e+02 4.5887872999999999e+01 3.3920000000000000e-01 1.1328244340000001e+03
3.4454455200000001e+02 4.7937322999999999e+01 3.4464000000000000e-01 1.1388186590000000e+03
3.5075492800000001e+02 4.9889457000000000e+01 3.5008000000000000e-01 1.1444383600000001e+03
3.5699535900000001e+02 5.1811107999999997e+01 3.5552000000000000e-01 1.1498848820000001e+03
3.6326511499999998e+02 5.3724871999999998e+01 3.6096000000000000e-01 1.1552266230000000e+03
3.6956372900000002e+02 5.5642251999999999e+01 3.6640000000000000e-01 1.1604983749999999e+03
3.7589088099999998e+02 5.7570160999999999e+01 3.7184000000000000e-01 1.1657209390000000e+03
3.8224634200000003e+02 5.9513167000000003e+01 3.7728000000000000e-01 1.1709079460000000e+03
3.8862994600000002e+02 6.1474485999999999e+01 3.8272000000000000e-01 1.1760688820000000e+03
3.9504086400000000e+02 6.3301631000000000e+01 3.8816000000000001e-01 1.1808098570000000e+03
4.0147637600000002e+02 6.5032460000000000e+01 3.9360000000000001e-01 1.1852375609999999e+03
4.0793582900000001e+02 6.6769249000000002e+01 3.9904000000000001e-01 1.1896194750000000e+03
4.1441906999999998e+02 6.8523572000000001e+01 4.0448000000000001e-01 1.1939856780000000e+03
4.2092605099999997e+02 7.0300177000000005e+01 4.0992000000000001e-01 1.1983482670000001e+03
4.2745677000000001e+02 7.2101652999999999e+01 4.1536000000000001e-01 1.2027136100000000e+03
4.3401125300000001e+02 7.3929620000000000e+01 4.2080000000000001e-01 1.2070855150000000e+03
4.4058954499999999e+02 7.5785189000000003e+01 4.2624000000000001e-01 1.2114664339999999e+03
4.4719169699999998e+02 7.7669161000000003e+01 4.3168000000000001e-01 1.2158580110000000e+03
4.5381777199999999e+02 7.9582143000000002e+01 4.3712000000000001e-01 1.2202613750000000e+03
4.6046783599999998e+02 8.1524607000000003e+01 4.4256000000000001e-01 1.2246773060000000e+03
4.6714195799999999e+02 8.3496926000000002e+01 4.4800000000000001e-01 1.2291063369999999e+03
4.7384021200000001e+02 8.5499403000000001e+01 4.5344000000000001e-01 1.2335488240000000e+03
4.8056267100000002e+02 8.7532284000000004e+01 4.5888000000000001e-01 1.2380049850000000e+03
4.8730940900000002e+02 8.9595771999999997e+01 4.6432000000000001e-01 1.2424749370000000e+03
4.9408050200000002e+02 9.1690033999999997e+01 4.6976000000000001e-01 1.2469587180000001e+03
5.0087602600000002e+02 9.3815207999999998e+01 4.7520000000000001e-01 1.2514562989999999e+03
5.0769605400000000e+02 9.5971406000000002e+01 4.8064000000000001e-01 1.2559676030000001e+03
5.1454066200000000e+02 9.8158721000000000e+01 4.8608000000000001e-01 1.2604925120000000e+03
5.2140992200000005e+02 1.0037722599999999e+02 4.9152000000000001e-01 1.2650308740000000e+03
5.2830390899999998e+02 1.0262697900000001e+02 4.9696000000000001e-01 1.2695825100000000e+03
5.3522269200000005e+02 1.0490802499999999e+02 5.0239999999999996e-01 1.2741472180000001e+03
5.4216634399999998e+02 1.0722039400000000e+02 5.0783999999999996e-01 1.2787247800000000e+03
5.4913493300000005e+02 1.0956410800000000e+02 5.1327999999999996e-01 1.2833149630000000e+03
5.5612852699999996e+02 1.1193917600000000e+02 5.1871999999999996e-01 1.2879175190000001e+03
5.6314719300000002e+02 1.1434560000000000e+02 5.2415999999999996e-01 1.2925321930000000e+03
5.7019099500000004e+02 1.1678337300000000e+02 5.2959999999999996e-01 1.2971587219999999e+03
5.7725999899999999e+02 1.1925248000000001e+02 5.3503999999999996e-01 1.3017968360000000e+03
5.8435426500000005e+02 1.2175289900000000e+02 5.4047999999999996e-01 1.3064462599999999e+03
5.9147385599999996e+02 1.2428460400000000e+02 5.4591999999999996e-01 1.3111067169999999e+03
5.9861882900000001e+02 1.2684755900000000e+02 5.5135999999999996e-01 1.3157779260000000e+03
6.0578924400000005e+02 1.2944172599999999e+02 5.5679999999999996e-01 1.3204596050000000e+03
6.1298515499999996e+02 1.3206706000000000e+02 5.6223999999999996e-01 1.3251514709999999e+03
6.2020661800000005e+02 1.3472351200000000e+02 5.6767999999999996e-01 1.3298532399999999e+03
6.2745368599999995e+02 1.3741102900000001e+02 5.7311999999999996e-01 1.3345646320000001e+03
6.3472640999999999e+02 1.4012955299999999e+02 5.7855999999999996e-01 1.3392853620000001e+03
6.4202484100000004e+02 1.4287902199999999e+02 5.8399999999999996e-01 1.3440151519999999e+03
6.4934902599999998e+02 1.4565937299999999e+02 5.8943999999999996e-01 1.3487537230000000e+03
6.5669901300000004e+02 1.4847053600000001e+02 5.9487999999999996e-01 1.3535007989999999e+03
6.6407484799999997e+02 1.5131244100000001e+02 6.0031999999999996e-01 1.3582561049999999e+03
6.7147657400000003e+02 1.5418501400000000e+02 6.0575999999999997e-01 1.3630193710000001e+03
6.7890423499999997e+02 1.5708817900000000e+02 6.1119999999999997e-01 1.3677903280000000e+03
6.8635787000000005e+02 1.6002185499999999e+02 6.1663999999999997e-01 1.3725687100000000e+03
6.9383752000000004e+02 1.6298596100000000e+02 6.2207999999999997e-01 1.3773542570000000e+03
7.0134322399999996e+02 1.6598041499999999e+02 6.2751999999999997e-01 1.3821467100000000e+03
7.0887501699999996e+02 1.6900513000000001e+02 6.3295999999999997e-01 1.3869458130000000e+03
7.1643293600000004e+02 1.7206002000000001e+02 6.3839999999999997e-01 1.3917513160000001e+03
7.2401701400000002e+02 1.7514499400000000e+02 6.4383999999999997e-01 1.3965629700000000e+03
7.3162728500000003e+02 1.7825996200000000e+02 6.4927999999999997e-01 1.4013805319999999e+03
7.3926377900000000e+02 1.8140483300000000e+02 6.5471999999999997e-01 1.4062037620000001e+03
7.4692652799999996e+02 1.8457951199999999e+02 6.6015999999999997e-01 1.4110324240000000e+03
7.5461555999999996e+02 1.8778390500000000e+02 6.6559999999999997e-01 1.4158662850000001e+03
7.6233090200000004e+02 1.9101791499999999e+02 6.7103999999999997e-01 1.4207051170000000e+03
7.7007258100000001e+02 1.9428144599999999e+02 6.7647999999999997e-01 1.4255486969999999e+03
7.7784062200000005e+02 1.9757439900000000e+02 6.8191999999999997e-01 1.4303968020000000e+03
7.8563504999999998e+02 2.0089667600000001e+02 6.8735999999999997e-01 1.4352492179999999e+03
7.9345588699999996e+02 2.0424817700000000e+02 6.9279999999999997e-01 1.4401057310000001e+03
8.0130315499999995e+02 2.0762880100000001e+02 6.9823999999999997e-01 1.4449661329999999e+03
8.0917687400000000e+02 2.1103844699999999e+02 7.0367999999999997e-01 1.4498302180000001e+03
8.1707706399999995e+02 2.1447701300000000e+02 7.0911999999999997e-01 1.4546977870000001e+03
8.2500374299999999e+02 2.1794439700000001e+02 7.1455999999999997e-01 1.4595686420000000e+03
8.3295693000000006e+02 2.2144049600000000e+02 7.1999999999999997e-01 1.4644425890000000e+03
8.4093663900000001e+02 2.2496520699999999e+02 7.2543999999999997e-01 1.4693194400000000e+03
8.4894288600000004e+02 2.2851842500000001e+02 7.3087999999999997e-01 1.4741990080000000e+03
8.5697568600000000e+02 2.3210004799999999e+02 7.3631999999999997e-01 1.4790811120000001e+03
8.6503505199999995e+02 2.3570997000000000e+02 7.4175999999999997e-01 1.4839655720000001e+03
8.7312099599999999e+02 2.3934808699999999e+02 7.4719999999999998e-01 1.4888522149999999e+03
8.8123352899999998e+02 2.4301429500000000e+02 7.5263999999999998e-01 1.4937408680000001e+03
8.8937266299999999e+02 2.4670848799999999e+02 7.5807999999999998e-01 1.4986313640000001e+03
8.9753840600000001e+02 2.5043056200000001e+02 7.6351999999999998e-01 1.5035235379999999e+03
9.0573076700000001e+02 2.5418041099999999e+02 7.6895999999999998e-01 1.5084172300000000e+03
9.1394975499999998e+02 2.5795793099999997e+02 7.7439999999999998e-01 1.5133122820000001e+03
9.2219537500000001e+02 2.6176301500000000e+02 7.7983999999999998e-01 1.5182085390000000e+03
9.3046763499999997e+02 2.6559555999999998e+02 7.8527999999999998e-01 1.5231058510000000e+03
9.3876653999999996e+02 2.6945546000000002e+02 7.9071999999999998e-01 1.5280040700000000e+03
9.4709209299999998e+02 2.7334260999999998e+02 7.9615999999999998e-01 1.5329030510000000e+03
9.5544430000000000e+02 2.7725690600000001e+02 8.0159999999999998e-01 1.5378026520000001e+03
9.6382316200000002e+02 2.8119824199999999e+02 8.0703999999999998e-01 1.5427027350000001e+03
9.7222868200000005e+02 2.8516651400000001e+02 8.1247999999999998e-01 1.5476031640000001e+03
9.8066086199999995e+02 2.8916161799999998e+02 8.1791999999999998e-01 1.5525038070000001e+03
9.8911970299999996e+02 2.9318344999999999e+02 8.2335999999999998e-01 1.5574045349999999e+03
9.9760520299999996e+02 2.9723190599999998e+02 8.2879999999999998e-01 1.5623052190000001e+03
1.0061173640000000e+03 3.0130688199999997e+02 8.3423999999999998e-01 1.5672057359999999e+03
1.0146561840000001e+03 3.0540827600000000e+02 8.3967999999999998e-01 1.5721059660000001e+03
1.0232216600000000e+03 3.0953598299999999e+02 8.4511999999999998e-01 1.5770057890000000e+03
1.0318137899999999e+03 3.1368990200000002e+02 8.5055999999999998e-01 1.5819050890000001e+03
1.0404325719999999e+03 3.1786993000000001e+02 8.5599999999999998e-01 1.5868037540000000e+03
1.0490780010000001e+03 3.2207596500000000e+02 8.6143999999999998e-01 1.5917016730000000e+03
1.0577500729999999e+03 3.2630790700000000e+02 8.6687999999999998e-01 1.5965987379999999e+03
1.0664487819999999e+03 3.3056565300000000e+02 8.7231999999999998e-01 1.6014948429999999e+03
1.0751741250000000e+03 3.3484910400000001e+02 8.7775999999999998e-01 1.6063898859999999e+03
1.0839260939999999e+03 3.3915815900000001e+02 8.8319999999999999e-01 1.6112837649999999e+03
1.0927046820000000e+03 3.4349271900000002e+02 8.8863999999999999e-01 1.6161763840000001e+03
1.1015098840000001e+03 3.4785268500000001e+02 8.9407999999999999e-01 1.6210676450000001e+03
1.1103416900000000e+03 3.5223795799999999e+02 8.9951999999999999e-01 1.6259574570000000e+03
1.1192000940000000e+03 3.5664844199999999e+02 9.0495999999999999e-01 1.6308457289999999e+03
1.1280850860000000e+03 3.6108403800000002e+02 9.1039999999999999e-01 1.6357323710000001e+03
1.1369966569999999e+03 3.6554465099999999e+02 9.1583999999999999e-01 1.6406172979999999e+03
1.1459347969999999e+03 3.7003018600000001e+02 9.2127999999999999e-01 1.6455004269999999e+03
1.1548994980000000e+03 3.7454054700000000e+02 9.2671999999999999e-01 1.6503816760000000e+03
1.1638907469999999e+03 3.7907564200000002e+02 9.3215999999999999e-01 1.6552609669999999e+03
1.1729085350000000e+03 3.8363537900000000e+02 9.3759999999999999e-01 1.6601382240000000e+03
1.1819528499999999e+03 3.8821966500000002e+02 9.4303999999999999e-01 1.6650133740000001e+03
1.1910236809999999e+03 3.9282841300000001e+02 9.4847999999999999e-01 1.6698863469999999e+03
1.2001210140000001e+03 3.9746153399999997e+02 9.5391999999999999e-01 1.6747570750000000e+03
1.2092448390000000e+03 4.0211894300000000e+02 9.5935999999999999e-01 1.6796254939999999e+03
1.2183951420000001e+03 4.0680055800000002e+02 9.6479999999999999e-01 1.6844915470000001e+03
1.2275719099999999e+03 4.1150630000000001e+02 9.7023999999999999e-01 1.6893551769999999e+03
1.2367751310000001e+03 4.1623609599999997e+02 9.7567999999999999e-01 1.6942163360000000e+03
1.2460047890000001e+03 4.2098988000000003e+02 9.8111999999999999e-01 1.6990749840000001e+03
1.2552608720000001e+03 4.2576759800000002e+02 9.8655999999999999e-01 1.7039310960000000e+03
1.2645433660000001e+03 4.3056921799999998e+02 9.9199999999999999e-01 1.7087846660000000e+03
1.2738522570000000e+03 4.3539476000000002e+02 9.9743999999999999e-01 1.7136357399999999e+03
1.2831875319999999e+03 4.4024447700000002e+02 1.0028800000000000e+00 1.7184846010000001e+03
1.2925491790000001e+03 4.4511835500000001e+02 1.0083200000000001e+00 1.7233312579999999e+03
1.3019371839999999e+03 4.5001524400000000e+02 1.0137600000000000e+00 1.7281745980000001e+03
1.3113515279999999e+03 4.5493505299999998e+02 1.0192000000000001e+00 1.7330145660000001e+03
1.3207921930000000e+03 4.5987769100000003e+02 1.0246400000000000e+00 1.7378511090000000e+03
1.3302591590000000e+03 4.6484306700000002e+02 1.0300800000000001e+00 1.7426841750000001e+03
1.3397524089999999e+03 4.6983109200000001e+02 1.0355200000000000e+00 1.7475137139999999e+03
1.3492719210000000e+03 4.7484167600000001e+02 1.0409600000000001e+00 1.7523396769999999e+03
1.3588176779999999e+03 4.7987473000000000e+02 1.0464000000000000e+00 1.7571620150000001e+03
1.3683896580000001e+03 4.8493016599999999e+02 1.0518400000000001e+00 1.7619806830000000e+03
1.3779878420000000e+03 4.9000789700000001e+02 1.0572800000000000e+00 1.7667956349999999e+03
1.3876122100000000e+03 4.9510783500000002e+02 1.0627200000000001e+00 1.7716068270000001e+03
1.3972627399999999e+03 5.0022989400000000e+02 1.0681600000000000e+00 1.7764142159999999e+03
1.4069394130000001e+03 5.0537398899999999e+02 1.0736000000000001e+00 1.7812177620000000e+03
1.4166422070000001e+03 5.1054003299999999e+02 1.0790400000000000e+00 1.7860174219999999e+03
1.4263711010000000e+03 5.1572794199999998e+02 1.0844800000000001e+00 1.7908131590000000e+03
1.4361260729999999e+03 5.2093763200000001e+02 1.0899200000000000e+00 1.7956049340000000e+03
1.4459071019999999e+03 5.2616901900000005e+02 1.0953599999999999e+00 1.8003927090000000e+03
1.4557141660000000e+03 5.3142201999999997e+02 1.1008000000000000e+00 1.8051764490000000e+03
1.4655472430000000e+03 5.3669655200000000e+02 1.1062399999999999e+00 1.8099561189999999e+03
1.4754063100000001e+03 5.4199253399999998e+02 1.1116800000000000e+00 1.8147316840000001e+03
1.4852913460000000e+03 5.4730988300000001e+02 1.1171199999999999e+00 1.8195031120000001e+03
1.4952023270000000e+03 5.5264851899999996e+02 1.1225600000000000e+00 1.8242703700000000e+03
1.5051392310000001e+03 5.5800836200000003e+02 1.1279999999999999e+00 1.8290334270000001e+03
1.5151020349999999e+03 5.6338933099999997e+02 1.1334400000000000e+00 1.8337922530000001e+03
1.5250907159999999e+03 5.6879134799999997e+02 1.1388799999999999e+00 1.8385468189999999e+03
1.5351052500000001e+03 5.7421433200000001e+02 1.1443200000000000e+00 1.8432970960000000e+03
1.5451456140000000e+03 5.7965820699999995e+02 1.1497599999999999e+00 1.8480430560000000e+03
1.5552117850000000e+03 5.8512289299999998e+02 1.1552000000000000e+00 1.8527846730000001e+03
1.5653037390000000e+03 5.9060831499999995e+02 1.1606399999999999e+00 1.8575219210000000e+03
1.5754214509999999e+03 5.9611439399999995e+02 1.1660800000000000e+00 1.8622547740000000e+03
1.5855648990000000e+03 6.0164105600000005e+02 1.1715199999999999e+00 1.8669832090000000e+03
1.5957340580000000e+03 6.0718822299999999e+02 1.1769600000000000e+00 1.8717072020000001e+03
1.6059289030000000e+03 6.1275582099999997e+02 1.1823999999999999e+00 1.8764267290000000e+03
1.6161494110000001e+03 6.1834377500000005e+02 1.1878400000000000e+00 1.8811417690000001e+03
1.6263955570000001e+03 6.2395201099999997e+02 1.1932799999999999e+00 1.8858523000000000e+03
1.6366673160000000e+03 6.2958045400000003e+02 1.1987200000000000e+00 1.8905583019999999e+03
1.6469646630000000e+03 6.3522903199999996e+02 1.2041599999999999e+00 1.8952597550000000e+03
1.6572875750000001e+03 6.4089767099999995e+02 1.2096000000000000e+00 1.8999566390000000e+03
1.6676360250000000e+03 6.4658630000000005e+02 1.2150399999999999e+00 1.9046489349999999e+03
1.6780099889999999e+03 6.5229484600000001e+02 1.2204800000000000e+00 1.9093366260000000e+03
1.6884094419999999e+03 6.5802323799999999e+02 1.2259199999999999e+00 1.9140196940000001e+03
1.6988343580000001e+03 6.6377140499999996e+02 1.2313600000000000e+00 1.9186981220000000e+03
1.7092847130000000e+03 6.6953927599999997e+02 1.2367999999999999e+00 1.9233718940000001e+03
1.7197604799999999e+03 6.7532678199999998e+02 1.2422400000000000e+00 1.9280409940000000e+03
1.7302616350000001e+03 6.8113385300000004e+02 1.2476799999999999e+00 1.9327054080000000e+03
1.7407881520000001e+03 6.8696041900000000e+02 1.2531200000000000e+00 1.9373651210000000e+03
1.7513400050000000e+03 6.9280641300000002e+02 1.2585599999999999e+00 1.9420201179999999e+03
1.7619171690000001e+03 6.9867176500000005e+02 1.2640000000000000e+00 1.9466703869999999e+03
1.7725196180000000e+03 7.0455640800000003e+02 1.2694399999999999e+00 1.9513159149999999e+03
1.7831473249999999e+03 7.1046027500000002e+02 1.2748800000000000e+00 1.9559566880000000e+03
1.7938002660000000e+03 7.1638329899999997e+02 1.2803199999999999e+00 1.9605926959999999e+03
1.8044784139999999e+03 7.2232541300000003e+02 1.2857600000000000e+00 1.9652239259999999e+03
1.8151817160000001e+03 7.2826126799999997e+02 1.2911999999999999e+00 1.9698307660000000e+03
1.8259099540000000e+03 7.3417031699999995e+02 1.2966400000000000e+00 1.9743975089999999e+03
1.8366629790000000e+03 7.4007898699999998e+02 1.3020799999999999e+00 1.9789448370000000e+03
1.8474407020000001e+03 7.4599369000000002e+02 1.3075200000000000e+00 1.9834778300000000e+03
1.8582430509999999e+03 7.5191752699999995e+02 1.3129599999999999e+00 1.9879989730000000e+03
1.8690699669999999e+03 7.5785236599999996e+02 1.3184000000000000e+00 1.9925097850000000e+03
1.8799213970000001e+03 7.6379946500000005e+02 1.3238399999999999e+00 1.9970113019999999e+03
1.8907972910000001e+03 7.6975972500000000e+02 1.3292800000000000e+00 2.0015042800000001e+03
1.9016976060000000e+03 7.7573382600000002e+02 1.3347199999999999e+00 2.0059893000000000e+03
1.9126222990000001e+03 7.8172229100000004e+02 1.3401600000000000e+00 2.0104668180000001e+03
1.9235713310000001e+03 7.8772554000000002e+02 1.3455999999999999e+00 2.0149372049999999e+03
1.9345446629999999e+03 7.9374390900000003e+02 1.3510400000000000e+00 2.0194007710000001e+03
1.9455422590000001e+03 7.9977767500000004e+02 1.3564799999999999e+00 2.0238577730000000e+03
1.9565640840000001e+03 8.0582706700000006e+02 1.3619200000000000e+00 2.0283084349999999e+03
1.9676101040000001e+03 8.1189227900000003e+02 1.3673599999999999e+00 2.0327529460000001e+03
1.9786802860000000e+03 8.1797347100000002e+02 1.3728000000000000e+00 2.0371914740000000e+03
1.9897745980000000e+03 8.2407078200000001e+02 1.3782399999999999e+00 2.0416241669999999e+03
2.0008930089999999e+03 8.3018432700000005e+02 1.3836800000000000e+00 2.0460511530000001e+03
2.0120354870000001e+03 8.3631420500000002e+02 1.3891199999999999e+00 2.0504725509999998e+03
2.0232020030000001e+03 8.4246050300000002e+02 1.3945600000000000e+00 2.0548884640000001e+03
2.0343925270000000e+03 8.4862329000000000e+02 1.3999999999999999e+00 2.0592989870000001e+03
