# epsilon[MeV/fm^3] P[MeV/fm^3] nB[fm^-3] muB[MeV]
4.3514892049562272e-07 9.0000000794219998e-12 4.6796200000000002e-10 9.2990010724260003e+02
5.4394952759824855e-07 1.2854500250148002e-11 5.8496400000000005e-10 9.2990743275720001e+02
6.8239664606092796e-07 1.8414700022552000e-11 7.3384599999999997e-10 9.2991587774760001e+02
8.5763463874259032e-07 2.6380199998860002e-11 9.2229000000000003e-10 9.2992551188760001e+02
1.0799253715994732e-06 3.7791099667920001e-11 1.1613300000000000e-09 9.2993648532329996e+02
1.3625442882637764e-06 5.4137899979800000e-11 1.4652400000000000e-09 9.2994894782519998e+02
1.7226605254650248e-06 7.7555599791040007e-11 1.8524800000000000e-09 9.2996308925910000e+02
2.1826057027272589e-06 1.1110299984364001e-10 2.3470600000000000e-09 9.2997909967860005e+02
2.7713348204539073e-06 1.5916099965360000e-10 2.9801100000000000e-09 9.2999716876169998e+02
3.5266032513682487e-06 2.2800800111288001e-10 3.7922200000000000e-09 9.3001754656409992e+02
4.4975537964996660e-06 3.2663399940042002e-10 4.8362200000000001e-09 9.3004045271789994e+02
4.5807460305493105e-06 3.3555999792714001e-10 4.9256699999999996e-09 9.3004228160820003e+02
4.7281205653478515e-06 3.3656599963290001e-10 5.0841300000000003e-09 9.3004248152130003e+02
6.5759177435918250e-06 5.4515600232911993e-10 7.0708799999999999e-09 9.3007696075620004e+02
9.1998724984833464e-06 8.8567000200420000e-10 9.8920399999999997e-09 9.3011730648750006e+02
1.2918168885426129e-05 1.4388700552640002e-09 1.3889600000000001e-08 9.3016406831190000e+02
1.8201380444258739e-05 2.3376200076990001e-09 1.9569300000000001e-08 9.3021808578930006e+02
2.5725895950178280e-05 3.7977398937599994e-09 2.7657999999999999e-08 9.3028025838780002e+02
3.6463989818522291e-05 6.1698799253159997e-09 3.9200400000000002e-08 9.3035162548649998e+02
5.1813630126296458e-05 1.0023700173792000e-08 5.5698400000000002e-08 9.3043332628019994e+02
7.3785560512054020e-05 1.6284700005120000e-08 7.9311899999999997e-08 9.3052664006250006e+02
1.0527189036420272e-04 2.6456400399219999e-08 1.1314700000000000e-07 9.3063298613190000e+02
1.5043483705694415e-04 4.2981499428689995e-08 1.6167299999999999e-07 9.3075400323120004e+02
1.5143539825673478e-04 4.3369399516159995e-08 1.6274800000000000e-07 9.3075639185940008e+02
1.5666718390755263e-04 4.3499599327679997e-08 1.6836899999999999e-07 9.3075719132400002e+02
1.8247319946392853e-04 5.3487099479700000e-08 1.9609400000000001e-07 9.3081203831400001e+02
2.1304949570856091e-04 6.5965099669560007e-08 2.2894200000000001e-07 9.3087079295249998e+02
2.4880173202308656e-04 8.1354199584480006e-08 2.6734800000000002e-07 9.3093285559410003e+02
2.9061049213158235e-04 1.0033299847065000e-07 3.1225699999999999e-07 9.3099838615049998e+02
3.3950651358852186e-04 1.2374000051775000e-07 3.6477499999999998e-07 9.3106758453479995e+02
3.9669496520679297e-04 1.5260700009555001e-07 4.2619500000000001e-07 9.3114063056550003e+02
4.6358813252914599e-04 1.8820900209407997e-07 4.9803199999999997e-07 9.3121772415570001e+02
5.4183717856390442e-04 2.3211699768180001e-07 5.8205699999999998e-07 9.3129908512530005e+02
6.3337419989345891e-04 2.8626699988691999e-07 6.8034199999999997e-07 9.3138494352930002e+02
7.4046361643000222e-04 3.5305100162730003e-07 7.9531500000000002e-07 9.3147551899979999e+02
7.4543957324912111e-04 3.5623800038969997e-07 8.0065699999999999e-07 9.3147951660449996e+02
7.7046470619140960e-04 3.5730600246279002e-07 8.2752300000000002e-07 9.3148080575760002e+02
7.7218701201869997e-04 3.5837800248323999e-07 8.2937200000000002e-07 9.3148210505190002e+02
7.7564281539113634e-04 3.6053199741144001e-07 8.3308200000000005e-07 9.3148469349929996e+02
7.7911352986319152e-04 3.6269800105895999e-07 8.3680799999999998e-07 9.3148728185280004e+02
7.8260009510663572e-04 3.6487800290032998e-07 8.4055099999999997e-07 9.3148988034750005e+02
7.8610250285012515e-04 3.6706999922346001e-07 8.4431100000000000e-07 9.3149248879559991e+02
7.8962075319254110e-04 3.6927600351839998e-07 8.4808799999999996e-07 9.3149508719639994e+02
7.9315485471188711e-04 3.7149499796798001e-07 8.5188199999999998e-07 9.3149769564450003e+02
7.9670479058673201e-04 3.7372699824480005e-07 8.5569300000000004e-07 9.3150031404599997e+02
8.0027057791247260e-04 3.7597299948234002e-07 8.5952100000000004e-07 9.3150293244750003e+02
8.0385221698387247e-04 3.7823200230633998e-07 8.6336599999999998e-07 9.3150555094289996e+02
8.0745063029167934e-04 3.8050499711466001e-07 8.6722899999999999e-07 9.3150817929779998e+02
8.1106395596088781e-04 3.8279099715107999e-07 8.7110800000000002e-07 9.3151080774659999e+02
8.1469498722525535e-04 3.8509200436278001e-07 8.7500600000000005e-07 9.3151343619540000e+02
8.1834093096975699e-04 3.8740599815679997e-07 8.7891999999999998e-07 9.3151607459759998e+02
8.3652972322216491e-04 3.8856800310954005e-07 8.9844600000000005e-07 9.3151737379799999e+02
8.9649746606902973e-04 4.2637900225708002e-07 9.6282100000000007e-07 9.3155798930399999e+02
9.6293679962426715e-04 4.6927300060880000e-07 1.0341400000000000e-06 9.3160093353000002e+02
1.0343084479593990e-03 5.1648199988999994e-07 1.1107499999999999e-06 9.3164493704189999e+02
1.1110033276598183e-03 5.6844100521450010e-07 1.1930700000000001e-06 9.3169002988770001e+02
1.1934040547386528e-03 6.2562700512179996e-07 1.2815100000000000e-06 9.3173623206809998e+02
1.2819398888523502e-03 6.8856500094819997e-07 1.3765300000000001e-06 9.3178357353719991e+02
1.3770588621277026e-03 7.5783499966439992e-07 1.4786100000000000e-06 9.3183208434300002e+02
1.4792742600387720e-03 8.3407400117300003e-07 1.5882999999999999e-06 9.3188178448619999e+02
1.5890902438860661e-03 9.1798299673799988e-07 1.7061399999999999e-06 9.3193271378040004e+02
1.7070948934908867e-03 1.0103300084124001e-06 1.8327600000000000e-06 9.3198488236679998e+02
1.7418302566492478e-03 1.0379399925766002e-06 1.8700300000000001e-06 9.3199978345169995e+02
1.8026805910135908e-03 1.0410599913928000e-06 1.9353200000000000e-06 9.3200143242960007e+02
2.0389359400714486e-03 1.2275099896319999e-06 2.1888000000000001e-06 9.3209187794249999e+02
2.3114099463439177e-03 1.4516999917321999e-06 2.4811100000000001e-06 9.3218792017709995e+02
2.6204004641994278e-03 1.7168400063888003e-06 2.8125600000000001e-06 9.3228811983419996e+02
2.9707928967162671e-03 2.0304000155634000e-06 3.1883800000000001e-06 9.3239264696670000e+02
3.3681648965264784e-03 2.4012300084080001e-06 3.6145400000000001e-06 9.3250170129989999e+02
3.8188055776886142e-03 2.8397900147328003e-06 4.0977700000000004e-06 9.3261546284010001e+02
4.3298558716110781e-03 3.3584500068246004e-06 4.6457100000000001e-06 9.3273413140649996e+02
4.9094492242661523e-03 3.9718300068571995e-06 5.2670599999999997e-06 9.3285792691289998e+02
5.5667590537662745e-03 4.6972400276543001e-06 5.9716300000000001e-06 9.3298704917850000e+02
6.3122329168583428e-03 5.5551399798486997e-06 6.7705900000000002e-06 9.3312173811779996e+02
6.3691536418958340e-03 5.6221100036384002e-06 6.8315900000000001e-06 9.3313158221820004e+02
6.6107787783348925e-03 5.6389700285964000e-06 7.0905299999999997e-06 9.3313397075249998e+02
7.1832281514335565e-03 6.2999099885847007e-06 7.7039700000000007e-06 9.3322329697740008e+02
7.8228640480689938e-03 7.0594400109160007e-06 8.3893400000000006e-06 9.3331767013950002e+02
8.5195476220300548e-03 7.9105299722335996e-06 9.1357600000000004e-06 9.3341477175390003e+02
9.2783521214718639e-03 8.8642300383220009e-06 9.9486500000000000e-06 9.3351470163630006e+02
1.0104791977484120e-02 9.9329099737559988e-06 1.0833900000000000e-05 9.3361751969490001e+02
1.1005037422914624e-02 1.1130399980334000e-05 1.1798100000000000e-05 9.3372332602710003e+02
1.1985504705131824e-02 1.2472300012974001e-05 1.2848100000000000e-05 9.3383220044789994e+02
1.3053499763127112e-02 1.3976000053347000e-05 1.3991700000000000e-05 9.3394422305399996e+02
1.4216706487829026e-02 1.5661000693130000e-05 1.5237100000000000e-05 9.3405949366109996e+02
1.5483652631007537e-02 1.7549100191680000e-05 1.6593399999999999e-05 9.3417811227269999e+02
1.5623499832828706e-02 1.7760599953030001e-05 1.6743099999999999e-05 9.3419079468840005e+02
1.6269961736847121e-02 1.7813900213129999e-05 1.7435099999999998e-05 9.3419395273319992e+02
1.7094324515795702e-02 1.9027400207749999e-05 1.8317499999999999e-05 9.3426180186839997e+02
1.8000874089488257e-02 2.0384500450440000e-05 1.9287799999999999e-05 9.3433394852489994e+02
1.8955614232225096e-02 2.1838399047120000e-05 2.0309599999999999e-05 9.3440734433310001e+02
1.9960983560824267e-02 2.3396100553499999e-05 2.1385500000000000e-05 9.3448202938830002e+02
2.1019794814794490e-02 2.5064799654149998e-05 2.2518500000000001e-05 9.3455801364390004e+02
2.2134768910989058e-02 2.6852600343399999e-05 2.3711500000000002e-05 9.3463531710059999e+02
2.3309000859656603e-02 2.8767899159999994e-05 2.4967799999999998e-05 9.3471396971249999e+02
2.4545494036103295e-02 3.0819700065419999e-05 2.6290599999999999e-05 9.3479400162150000e+02
2.5847718880420045e-02 3.3017999946119998e-05 2.7683600000000000e-05 9.3487541254589996e+02
2.7219055484112444e-02 3.5372998881120002e-05 2.9150400000000001e-05 9.3495825272219997e+02
2.7775365070038964e-02 3.6339601209739997e-05 2.9745400000000002e-05 9.3499105302509997e+02
2.8289610775747390e-02 3.6448598719180002e-05 3.0295400000000001e-05 9.3499466085090000e+02
2.8802930737171755e-02 3.7332599735440002e-05 3.0844399999999999e-05 9.3502356336480000e+02
2.9391538203060320e-02 3.8352800962709990e-05 3.1473899999999997e-05 9.3505628375879996e+02
2.9992229144074897e-02 3.9400800335690003e-05 3.2116300000000003e-05 9.3508923392610006e+02
3.0605097595990186e-02 4.0477499896860003e-05 3.2771700000000003e-05 9.3512239395989991e+02
3.1230612131930052e-02 4.1583600119840003e-05 3.3440600000000000e-05 9.3515578386089999e+02
3.1868867160453597e-02 4.2719998743180005e-05 3.4123099999999999e-05 9.3518940362910007e+02
3.2520144922003676e-02 4.3887298648500002e-05 3.4819500000000001e-05 9.3522325326449993e+02
3.3184820445813230e-02 4.5086601561120004e-05 3.5530200000000001e-05 9.3525732271979996e+02
3.3862987887692660e-02 4.6318701748649993e-05 3.6255299999999998e-05 9.3529163208960006e+02
3.4555116462740516e-02 4.7584401826990007e-05 3.6995300000000001e-05 9.3532617123270006e+02
3.4710848908415574e-02 4.7870299693839997e-05 3.7161800000000001e-05 9.3533387666670001e+02
3.5705765632703390e-02 4.8013899962450004e-05 3.8225500000000002e-05 9.3533768431169995e+02
3.6190650245182691e-02 4.8884701265269996e-05 3.8743900000000000e-05 9.3536029073669999e+02
3.6764595537185744e-02 4.9920498059249994e-05 3.9357499999999997e-05 9.3538680481020003e+02
3.7347724170046170e-02 5.0978398185919999e-05 3.9980900000000002e-05 9.3541345870079999e+02
3.7940129948432849e-02 5.2058599241440000e-05 4.0614200000000002e-05 9.3544024264290010e+02
3.8541907483377907e-02 5.3161699756499999e-05 4.1257500000000003e-05 9.3546717635549999e+02
3.9153244015328124e-02 5.4288198430999997e-05 4.1910999999999999e-05 9.3549425007299999e+02
3.9774234210732992e-02 5.5438601263319996e-05 4.2574799999999998e-05 9.3552146370150001e+02
4.0405159191034282e-02 5.6613297948239995e-05 4.3249199999999999e-05 9.3554882728830000e+02
4.1046019389420471e-02 5.7812899551080002e-05 4.3934199999999997e-05 9.3557633069220003e+02
4.1697190276124625e-02 5.9037997871239995e-05 4.4630199999999998e-05 9.3560397410099995e+02
4.2358578444415006e-02 6.0288999023690009e-05 4.5337100000000003e-05 9.3563177732760005e+02
4.2549448380963861e-02 6.0651299975859995e-05 4.5541099999999997e-05 9.3563974248900001e+02
4.3740238175900857e-02 6.0833198906699995e-05 4.6813800000000002e-05 9.3564365013750000e+02
4.5854886274473032e-02 6.4782902450840000e-05 4.9073799999999998e-05 9.3572599057799994e+02
4.8180087401599556e-02 6.9195997901699998e-05 5.1558599999999998e-05 9.3581365787159996e+02
5.0623240020302433e-02 7.3909702371599995e-05 5.4169200000000003e-05 9.3590278418340006e+02
5.3190452397117956e-02 7.8944498346630003e-05 5.6912100000000000e-05 9.3599338970190001e+02
5.5887837732656438e-02 8.4322299027779992e-05 5.9793799999999997e-05 9.3608550419339997e+02
5.8722166587791814e-02 9.0066499795649990e-05 6.2821499999999995e-05 9.3617915789369999e+02
6.1700398546921942e-02 9.6201898222459989e-05 6.6002599999999997e-05 9.3627437052180005e+02
6.4829683480590566e-02 1.0275499726340999e-04 6.9344700000000000e-05 9.3637116226620003e+02
6.8117831355171340e-02 1.0975499711746999e-04 7.2856100000000002e-05 9.3646956308100005e+02
7.1572933822013338e-02 1.1723199746169999e-04 7.6545399999999994e-05 9.3656960282640000e+02
7.2872355791586060e-02 1.2007500056640000e-04 7.7932800000000000e-05 9.3660639068670002e+02
7.6294350046888545e-02 1.2043499631464001e-04 8.1586400000000002e-05 9.3661091798129996e+02
7.8557740452832786e-02 1.2521799885310001e-04 8.4002899999999995e-05 9.3666865324139997e+02
8.1070439170188191e-02 1.3058099681828001e-04 8.6685400000000002e-05 9.3673145543940007e+02
8.3663493660002267e-02 1.3617299667415003e-04 8.9453500000000007e-05 9.3679492723830003e+02
8.6339540033127660e-02 1.4200499619000000e-04 9.2310000000000002e-05 9.3685905859080003e+02
8.9101308842231525e-02 1.4808700429182000e-04 9.5257800000000001e-05 9.3692387963880003e+02
9.1951438062670962e-02 1.5442999846642999e-04 9.8299699999999997e-05 9.3698938014720000e+02
9.3544637803481184e-02 1.5800363917307320e-04 1.0000000000000000e-04 9.3702641442654260e+02
9.5904748629005249e-02 1.6002381157451963e-04 1.0251861675797790e-04 9.3704709913679267e+02
9.8324404536316468e-02 1.6211222616398149e-04 1.0510072045226347e-04 9.3706795099670910e+02
1.0080510783485155e-01 1.6427118818838801e-04 1.0774791092898717e-04 9.3708897140089596e+02
1.0334839873698705e-01 1.6650308076678202e-04 1.1046182833383446e-04 9.3711016175573479e+02
1.0595585631432201e-01 1.6881036752086905e-04 1.1324415412663909e-04 9.3713152347948483e+02
1.0862909947808781e-01 1.7119559529442803e-04 1.1609661212150226e-04 9.3715305800238184e+02
1.1136978798429339e-01 1.7366139696458428e-04 1.1902096955307869e-04 9.3717476676674164e+02
1.1417962346423009e-01 1.7621049434804841e-04 1.2201903816968780e-04 9.3719665122705931e+02
1.1706035048097592e-01 1.7884570120552942e-04 1.2509267535392341e-04 9.3721871285011548e+02
1.2001375761255510e-01 1.8156992634763748e-04 1.2824378527145393e-04 9.3724095311507699e+02
1.2304167856242564e-01 1.8438617684570567e-04 1.3147432004872086e-04 9.3726337351360371e+02
1.2614599329798418e-01 1.8729756135107446e-04 1.3478628098026222e-04 9.3728597554995383e+02
1.2932862921779503e-01 1.9030729352650255e-04 1.3818171976640500e-04 9.3730876074108915e+02
1.3259156234826835e-01 1.9341869559349266e-04 1.4166273978209027e-04 9.3733173061678440e+02
1.3593681857052992e-01 1.9663520199944662e-04 1.4523149737761260e-04 9.3735488671973371e+02
1.3936647487824472e-01 1.9996036320869885e-04 1.4889020321207625e-04 9.3737823060566154e+02
1.4288266066717545e-01 2.0339784962161231e-04 1.5264112362039026e-04 9.3740176384343124e+02
1.4648755905727570e-01 2.0695145562606282e-04 1.5648658201464403e-04 9.3742548801515829e+02
1.5018340824813983e-01 2.1062510378578423e-04 1.6042896032072911e-04 9.3744940471631992e+02
1.5397250290865008e-01 2.1442284917019724e-04 1.6447070045109052e-04 9.3747351555587022e+02
1.5785719560168451e-01 2.1834888383050178e-04 1.6861430581451706e-04 9.3749782215635287e+02
1.6183989824477008e-01 2.2240754142697339e-04 1.7286234286390022e-04 9.3752232615401738e+02
1.6592308360758712e-01 2.2660330201257117e-04 1.7721744268291544e-04 9.3754702919893373e+02
1.7010928684725618e-01 2.3094079697813820e-04 1.8168230261260391e-04 9.3757193295511024e+02
1.7440110708235945e-01 2.3542481416465234e-04 1.8625968791885684e-04 9.3759703910061148e+02
1.7880120900667454e-01 2.4006030314817109e-04 1.9095243350182985e-04 9.3762234932767694e+02
1.8331232454362240e-01 2.4485238070330394e-04 1.9576344564834036e-04 9.3764786534284133e+02
1.8793725454245641e-01 2.4980633645124229e-04 2.0069570382832752e-04 9.3767358886705620e+02
1.9267887051724630e-01 2.5492763869858269e-04 2.0575226253648199e-04 9.3769952163581058e+02
1.9754011642973604e-01 2.6022194047338741e-04 2.1093625318017924e-04 9.3772566539925572e+02
2.0252401051718261e-01 2.6569508576514524e-04 2.1625088601487895e-04 9.3775202192232871e+02
2.0763364716631147e-01 2.7135311597552113e-04 2.2169945212818445e-04 9.3777859298487726e+02
2.1287219883455066e-01 2.7720227658701365e-04 2.2728532547378107e-04 9.3780538038178770e+02
2.1824291801973769e-01 2.8324902405688307e-04 2.3301196495650859e-04 9.3783238592311011e+02
2.2374913927952200e-01 2.8950003294395891e-04 2.3888291656985066e-04 9.3785961143418911e+02
2.2939428130171532e-01 2.9596220327619257e-04 2.4490181558715636e-04 9.3788705875579228e+02
2.3518184902687833e-01 3.0264266816709071e-04 2.5107238880794555e-04 9.3791472974424175e+02
2.4111543582445796e-01 3.0954880168943271e-04 2.5739845686067808e-04 9.3794262627154512e+02
2.4719872572382912e-01 3.1668822701496599e-04 2.6388393656340590e-04 9.3797075022553031e+02
2.5343549570162527e-01 3.2406882482906426e-04 2.7053284334376231e-04 9.3799910350997777e+02
2.5982961802677690e-01 3.3169874202963420e-04 2.7734929371977450e-04 9.3802768804475784e+02
2.6638506266471590e-01 3.3958640071987613e-04 2.8433750784303028e-04 9.3805650576596531e+02
2.7310589974223687e-01 3.4774050750482303e-04 2.9150181210576111e-04 9.3808555862605988e+02
2.7999630207454618e-01 3.5617006310191941e-04 2.9884664181344703e-04 9.3811484859400298e+02
2.8706054775606882e-01 3.6488437227625084e-04 3.0637654392458904e-04 9.3814437765539731e+02
2.9430302281661957e-01 3.7389305411138750e-04 3.1409617985933102e-04 9.3817414781263165e+02
3.0172822394458970e-01 3.8320605262718178e-04 3.2201032837866450e-04 9.3820416108502059e+02
3.0934076127883842e-01 3.9283364775623871e-04 3.3012388853598262e-04 9.3823441950894903e+02
3.1714536127102383e-01 4.0278646669117608e-04 3.3844188270280265e-04 9.3826492513801804e+02
3.2514686962014938e-01 4.1307549561519900e-04 3.4696945967051533e-04 9.3829568004319060e+02
3.3335025428114834e-01 4.2371209182893755e-04 3.5571189783007091e-04 9.3832668631293939e+02
3.4176060854937407e-01 4.3470799628693392e-04 3.6467460843155557e-04 9.3835794605339618e+02
3.5038315422291183e-01 4.4607534655761652e-04 3.7386313892566502e-04 9.3838946138850190e+02
3.5922324484467472e-01 4.5782669022106768e-04 3.8328317638912786e-04 9.3842123446015773e+02
3.6828636902629669e-01 4.6997499871937192e-04 3.9294055103618553e-04 9.3845326742837904e+02
3.7757815385588711e-01 4.8253368167483469e-04 4.0284123981828830e-04 9.3848556247144847e+02
3.8710436839176193e-01 4.9551660169187622e-04 4.1299137011421925e-04 9.3851812178607270e+02
3.9687092724432127e-01 5.0893808965893892e-04 4.2339722351291613e-04 9.3855094758753842e+02
4.0688389424829680e-01 5.2281296056729866e-04 4.3406523969131462e-04 9.3858404210987101e+02
4.1714948622764869e-01 5.3715652986424125e-04 4.4500202038959627e-04 9.3861740760599491e+02
4.2767407685545095e-01 5.5198463035865627e-04 4.5621433348628653e-04 9.3865104634789338e+02
4.3846420061116015e-01 5.6731362969770767e-04 4.6770911717570362e-04 9.3868496062677241e+02
4.4952655683772563e-01 5.8316044843387325e-04 4.7949348425032853e-04 9.3871915275322351e+02
4.6086801390105925e-01 5.9954257870229464e-04 4.9157472649072310e-04 9.3875362505739054e+02
4.7249561345444796e-01 6.1647810352905659e-04 5.0396031916569823e-04 9.3878837988913460e+02
4.8441657481055661e-01 6.3398571679170639e-04 5.1665792564549158e-04 9.3882341961820418e+02
4.9663829942373505e-01 6.5208474385404698e-04 5.2967540213079173e-04 9.3885874663440404e+02
5.0916837548541394e-01 6.7079516289798293e-04 5.4302080250051251e-04 9.3889436334776656e+02
5.2201458263543943e-01 6.9013762697596069e-04 5.5670238328129251e-04 9.3893027218872419e+02
5.3518489679227599e-01 7.1013348680835334e-04 5.7072860874177536e-04 9.3896647560828455e+02
5.4868749510507220e-01 7.3080481435094393e-04 5.8510815611479414e-04 9.3900297607820585e+02
5.6253076103066835e-01 7.5217442715853466e-04 5.9984992095067147e-04 9.3903977609117396e+02
5.7672328953869323e-01 7.7426591357156009e-04 6.1496302260491496e-04 9.3907687816098178e+02
5.9127389244798656e-01 7.9710365875351914e-04 6.3045680986368333e-04 9.3911428482270981e+02
6.0619160389765681e-01 8.2071287160795955e-04 6.4634086671047088e-04 9.3915199863290809e+02
6.2148568595617326e-01 8.4511961260472766e-04 6.6262501823755341e-04 9.3919002216977890e+02
6.3716563437197471e-01 8.7035082254620214e-04 6.7931933670581943e-04 9.3922835803336420e+02
6.5324118446916313e-01 8.9643435230525679e-04 6.9643414775670727e-04 9.3926700884573108e+02
6.6972231719194608e-01 9.2339899356778921e-04 7.1398003678006024e-04 9.3930597725116024e+02
6.8661926530157824e-01 9.5127451061373836e-04 7.3196785544180326e-04 9.3934526591633744e+02
7.0394251972965127e-01 9.8009167317168202e-04 7.5040872837544952e-04 9.3938487753054414e+02
7.2170283609167374e-01 1.0098822903832684e-03 7.6931406004153511e-04 9.3942481480585172e+02
7.3991124136499020e-01 1.0406792459149866e-03 7.8869554175919692e-04 9.3946508047731720e+02
7.5857904073518001e-01 1.0725165342560191e-03 8.0856515891419747e-04 9.3950567730317948e+02
7.7771782461519112e-01 1.1054292982422558e-03 8.2893519834782183e-04 9.3954660806505967e+02
7.9733947584156462e-01 1.1394538678478779e-03 8.4981825593117687e-04 9.3958787556815901e+02
8.1745617705221740e-01 1.1746278002873389e-03 8.7122724432952929e-04 9.3962948264146485e+02
8.3808041825036605e-01 1.2109899214720059e-03 8.9317540096145421e-04 9.3967143213795077e+02
8.5922500455928674e-01 1.2485803688672208e-03 9.1567629615765843e-04 9.3971372693478588e+02
8.8090306417272457e-01 1.2874406357970900e-03 9.3874384152448954e-04 9.3975636993354112e+02
9.0312805650589290e-01 1.3276136172459077e-03 9.6239229851725243e-04 9.3979936406039826e+02
9.2591378055211659e-01 1.3691436572067640e-03 9.8663628722858005e-04 9.3984271226636326e+02
9.4927438345031523e-01 1.4120765976296135e-03 1.0114907953972544e-03 9.3988641752747822e+02
9.7322436926864098e-01 1.4564598290228244e-03 1.0369711876429880e-03 9.3993048284503573e+02
9.9777860800972307e-01 1.5023423427640646e-03 1.0630932149328187e-03 9.3997491124579869e+02
1.0229523448431181e+00 1.5497747851782773e-03 1.0898730242849307e-03 9.4001970578221767e+02
1.0487612095706869e+00 1.5988095134424210e-03 1.1173271687158247e-03 9.4006486953265210e+02
1.0752212263307854e+00 1.6495006533787018e-03 1.1454726174369443e-03 9.4011040560159313e+02
1.1023488235472894e+00 1.7019041592000782e-03 1.1743267663069914e-03 9.4015631711988885e+02
1.1301608441296260e+00 1.7560778752739880e-03 1.2039074485463291e-03 9.4020260724497155e+02
1.1586745559301592e+00 1.8120815999724891e-03 1.2342329457200396e-03 9.4024927916108652e+02
1.1879076624654044e+00 1.8699771516792708e-03 1.2653219989963473e-03 9.4029633607952337e+02
1.2178783139077389e+00 1.9298284370264083e-03 1.2971938206873014e-03 9.4034378123884812e+02
1.2486051183544360e+00 1.9917015214361896e-03 1.3298681060787850e-03 9.4039161790513936e+02
1.2801071533810056e+00 2.0556647020458594e-03 1.3633650455570721e-03 9.4043984937222626e+02
1.3124039778860319e+00 2.1217885830957998e-03 1.3977053370393753e-03 9.4048847896192558e+02
1.3455156442348479e+00 2.1901461538643449e-03 1.4329101987159596e-03 9.4053751002428510e+02
1.3794627107095918e+00 2.2608128692352615e-03 1.4690013821116322e-03 9.4058694593782707e+02
1.4142662542733828e+00 2.3338667329868413e-03 1.5060011854745971e-03 9.4063679010979411e+02
1.4499478836565236e+00 2.4093883838945153e-03 1.5439324675008447e-03 9.4068704597639635e+02
1.4865297527728749e+00 2.4874611847420570e-03 1.5828186614024842e-03 9.4073771700306293e+02
1.5240345744747166e+00 2.5681713143396183e-03 1.6226837893286051e-03 9.4078880668469435e+02
1.5624856346546390e+00 2.6516078626501547e-03 1.6635524771474865e-03 9.4084031854591615e+02
1.6019068067032314e+00 2.7378629291292837e-03 1.7054499695991936e-03 9.4089225614133738e+02
1.6423225663315215e+00 2.8270317243870710e-03 1.7484021458278013e-03 9.4094462305580930e+02
1.6837580067673945e+00 2.9192126752840158e-03 1.7924355353027581e-03 9.4099742290468703e+02
1.7262388543354066e+00 3.0145075335772033e-03 1.8375773341390970e-03 9.4105065933409389e+02
1.7697914844296738e+00 3.1130214882365654e-03 1.8838554218264653e-03 9.4110433602118792e+02
1.8144429378897597e+00 3.2148632815552363e-03 1.9312983783771997e-03 9.4115845667443011e+02
1.8602209377897176e+00 3.3201453291821568e-03 1.9799355019039021e-03 9.4121302503385709e+02
1.9071539066507144e+00 3.4289838442094094e-03 2.0297968266372534e-03 9.4126804487135280e+02
1.9552709840879356e+00 3.5414989654513071e-03 2.0809131413950738e-03 9.4132351999092634e+02
2.0046020449027036e+00 3.6578148900567493e-03 2.1333160085138794e-03 9.4137945422898872e+02
2.0551777176310706e+00 3.7780600106013234e-03 2.1870377832545118e-03 9.4143585145463646e+02
2.1070294035603787e+00 3.9023670568103935e-03 2.2421116336936650e-03 9.4149271556993369e+02
2.1601892962256031e+00 4.0308732420696559e-03 2.2985715611134479e-03 9.4155005051019850e+02
2.2146904013975939e+00 4.1637204148848939e-03 2.3564524209014320e-03 9.4160786024429183e+02
2.2705665575756031e+00 4.3010552154580765e-03 2.4157899439739049e-03 9.4166614877490929e+02
2.3278524569968484e+00 4.4430292375526809e-03 2.4766207587354279e-03 9.4172492013887506e+02
2.3865836671761311e+00 4.5897991958268672e-03 2.5389824135880505e-03 9.4178417840743884e+02
2.4467966529888963e+00 4.7415270988192268e-03 2.6029134000039294e-03 9.4184392768657415e+02
2.5085287993114544e+00 4.8983804277780915e-03 2.6684531761754123e-03 9.4190417211728163e+02
2.5718184342323935e+00 5.0605323215317140e-03 2.7356421912569794e-03 9.4196491587589333e+02
2.6367048528496269e+00 5.2281617676034767e-03 2.8045219102138409e-03 9.4202616317438105e+02
2.7032283416678253e+00 5.4014537997830190e-03 2.8751348392923115e-03 9.4208791826066602e+02
2.7714302036113887e+00 5.5805997023713914e-03 2.9475245521274804e-03 9.4215018541893198e+02
2.8413527836685026e+00 5.7657972213257091e-03 3.0217357165040854e-03 9.4221296896994170e+02
2.9130394951821730e+00 5.9572507825363281e-03 3.0978141217868700e-03 9.4227627327135565e+02
2.9865348468045902e+00 6.1551717174775219e-03 3.1758067070371434e-03 9.4234010271805448e+02
3.0618844701315422e+00 6.3597784964807271e-03 3.2557615898326513e-03 9.4240446174246233e+02
3.1391351480340277e+00 6.5712969698878123e-03 3.3377280958082796e-03 9.4246935481487651e+02
3.2183348437046910e+00 6.7899606173506570e-03 3.4217567889356154e-03 9.4253478644379663e+02
3.2995327304370736e+00 7.0160108055521107e-03 3.5078995025597339e-03 9.4260076117625908e+02
3.3827792221561923e+00 7.2496970546328757e-03 3.5962093712121231e-03 9.4266728359817284e+02
3.4681260047194113e+00 7.4912773136184265e-03 3.6867408632190969e-03 9.4273435833466101e+02
3.5556260680070060e+00 7.7410182451498862e-03 3.7795498141255071e-03 9.4280199005040220e+02
3.6453337388223881e+00 7.9991955198332985e-03 3.8746934609541015e-03 9.4287018344997728e+02
3.7373047146223795e+00 8.2660941205320790e-03 3.9722304773213328e-03 9.4293894327821863e+02
3.8315960980984944e+00 8.5420086569385611e-03 4.0722210094309664e-03 9.4300827432056212e+02
3.9282664326307168e+00 8.8272436907719763e-03 4.1747267129673866e-03 9.4307818140340294e+02
4.0273757386357421e+00 9.1221140719616317e-03 4.2798107909109645e-03 9.4314866939445426e+02
4.1289855508323043e+00 9.4269452861865805e-03 4.3875380322985153e-03 9.4321974320311153e+02
4.2331589564466796e+00 9.7420738141552558e-03 4.4979748519523551e-03 9.4329140778081376e+02
4.3399606343821091e+00 1.0067847503021702e-02 4.6111893312020752e-03 9.4336366812141648e+02
4.4494568953764775e+00 1.0404625950348460e-02 4.7272512596238016e-03 9.4343652926156187e+02
4.5617157231731236e+00 1.0752780901039753e-02 4.8462321778222107e-03 9.4350999628105512e+02
4.6768068167304229e+00 1.1112696657683324e-02 4.9682054212813395e-03 9.4358407430324303e+02
4.7948016334962817e+00 1.1484770504753735e-02 5.0932461653107400e-03 9.4365876849539688e+02
4.9157734337744348e+00 1.1869413147145373e-02 5.2214314711142538e-03 9.4373408406909937e+02
5.0397973262101248e+00 1.2267049163519363e-02 5.3528403330094102e-03 9.4381002628063300e+02
5.1669503144233442e+00 1.2678117474964645e-02 5.4875537268260005e-03 9.4388660043137384e+02
5.2973113448186275e+00 1.3103071829490564e-02 5.6256546595131948e-03 9.4396381186818974e+02
5.4309613556011032e+00 1.3542381302885929e-02 5.7672282199853668e-03 9.4404166598383790e+02
5.5679833270291637e+00 1.3996530816497118e-02 5.9123616312372574e-03 9.4412016821737291e+02
5.7084623329350466e+00 1.4466021672497090e-02 6.0611443037602722e-03 9.4419932405455143e+02
5.8524855935452358e+00 1.4951372107235855e-02 6.2136678902920857e-03 9.4427913902824650e+02
6.0001425296335125e+00 1.5453117863283362e-02 6.3700263419328310e-03 9.4435961871886207e+02
6.1515248180403050e+00 1.5971812780796311e-02 6.5303159656618431e-03 9.4444076875475184e+02
6.3067264485927348e+00 1.6508029408861379e-02 6.6946354832897077e-03 9.4452259481264434e+02
6.4658437824607873e+00 1.7062359637490043e-02 6.8630860918814148e-03 9.4460510261806769e+02
6.6289756119857657e+00 1.7635415350962289e-02 7.0357715256870578e-03 9.4468829794578528e+02
6.7962232220182059e+00 1.8227829103240552e-02 7.2127981196176841e-03 9.4477218662022506e+02
6.9676904528033621e+00 1.8840254816199477e-02 7.3942748743045829e-03 9.4485677451592312e+02
7.1434837644532339e+00 1.9473368501441980e-02 7.5803135227814032e-03 9.4494206755796711e+02
7.3237123030452551e+00 2.0127869006498721e-02 7.7710285988294627e-03 9.4502807172244150e+02
7.5084879683886063e+00 2.0804478786234346e-02 7.9665375070274991e-03 9.4511479303688054e+02
7.6979254835002582e+00 2.1503944700312114e-02 8.1669605945482067e-03 9.4520223758072461e+02
7.8921424658339125e+00 2.2227038837597322e-02 8.3724212247450348e-03 9.4529041148577971e+02
8.0912595003059771e+00 2.2974559368409177e-02 8.5830458525735405e-03 9.4537932093668292e+02
8.2954002141640384e+00 2.3747331425562304e-02 8.7989641018930559e-03 9.4546897217136905e+02
8.5046913537441942e+00 2.4546208015169969e-02 9.0203088446951327e-03 9.4555937148154646e+02
8.7192628631649658e+00 2.5372070958214605e-02 9.2472162823067413e-03 9.4565052521317352e+02
8.9392479650066825e+00 2.6225831863925124e-02 9.4798260286172234e-03 9.4574243976694140e+02
9.1647832430263421e+00 2.7108433136035073e-02 9.7182811953791456e-03 9.4583512159876011e+02
9.3960087269593497e+00 2.8020849013032600e-02 9.9627284796345774e-03 9.4592857722024814e+02
9.6330679794608329e+00 2.8964086643550626e-02 1.0213318253319495e-02 9.4602281319923293e+02
9.8761081852404242e+00 2.9939187198083941e-02 1.0470204655100368e-02 9.4611783616024718e+02
1.0125280242445879e+01 3.0947227018260453e-02 1.0733545684498243e-02 9.4621365278503561e+02
1.0380738856352361e+01 3.1989318804935579e-02 1.1003503298357141e-02 9.4631026981306502e+02
1.0642642635415404e+01 3.3066612846420575e-02 1.1280243509714767e-02 9.4640769404203854e+02
1.0911154189747307e+01 3.4180298288201030e-02 1.1563936489135189e-02 9.4650593232841743e+02
1.1186440232078077e+01 3.5331604445546984e-02 1.1854756668564524e-02 9.4660499158794232e+02
1.1468671681263533e+01 3.6521802160463232e-02 1.2152882847772004e-02 9.4670487879616576e+02
1.1758023768405014e+01 3.7752205204478452e-02 1.2458498303440788e-02 9.4680560098898400e+02
1.2054676145646342e+01 3.9024171728820535e-02 1.2771790900973785e-02 9.4690716526317999e+02
1.2358812997715779e+01 4.0339105763579693e-02 1.3092953209082098e-02 9.4700957877696567e+02
1.2670623156282140e+01 4.1698458767513769e-02 1.3422182617224799e-02 9.4711284875053218e+02
1.2990300217196106e+01 4.3103731230206645e-02 1.3759681455970722e-02 9.4721698246660674e+02
1.3318042660689439e+01 4.4556474328347820e-02 1.4105657120354586e-02 9.4732198727101058e+02
1.3654053974606938e+01 4.6058291637962469e-02 1.4460322196301729e-02 9.4742787057322585e+02
1.3998542780747359e+01 4.7610840904480436e-02 1.4823894590197105e-02 9.4753463984696850e+02
1.4351722964391984e+01 4.9215835872599437e-02 1.5196597661676737e-02 9.4764230263076115e+02
1.4713813807101136e+01 5.0875048177961464e-02 1.5578660359721030e-02 9.4775086652851905e+02
1.5085040122861077e+01 5.2590309302730544e-02 1.5970317362131840e-02 9.4786033921013586e+02
1.5465632397665996e+01 5.4363512597231392e-02 1.6371809218477033e-02 9.4797072841207682e+02
1.5855826932621461e+01 5.6196615369878827e-02 1.6783382496588076e-02 9.4808204193797792e+02
1.6255865990658446e+01 5.8091641047706526e-02 1.7205289932698719e-02 9.4819428765925147e+02
1.6665997946948892e+01 6.0050681409878952e-02 1.7637790585314773e-02 9.4830747351569551e+02
1.7086477443116138e+01 6.2075898896651806e-02 1.8081149992907032e-02 9.4842160751611004e+02
1.7517565545336254e+01 6.4169528996331118e-02 1.8535640335522213e-02 9.4853669773892091e+02
1.7959529906428010e+01 6.6333882712863473e-02 1.9001540600408262e-02 9.4865275233280693e+02
1.8412644932032460e+01 6.8571349116783128e-02 1.9479136751753574e-02 9.4876977951733443e+02
1.8877191950985210e+01 7.0884397982330941e-02 1.9968721904641655e-02 9.4888778758359740e+02
1.9353459389987016e+01 7.3275582513655735e-02 2.0470596503325160e-02 9.4900678489486484e+02
1.9841742952681496e+01 7.5747542163108750e-02 2.0985068503926358e-02 9.4912677988723226e+02
2.0342345803250726e+01 7.8303005544740067e-02 2.1512453561672841e-02 9.4924778107028374e+02
2.0855578754643041e+01 8.0944793446214788e-02 2.2053075222780872e-02 9.4936979702775341e+02
2.1381760461549735e+01 8.3675821942472584e-02 2.2607265121100742e-02 9.4949283641820091e+02
2.1921217618250466e+01 8.6499105614567529e-02 2.3175363179641761e-02 9.4961690797568872e+02
2.2474285161450425e+01 8.9417760877242528e-02 2.3757717817097491e-02 9.4974202051046598e+02
2.3041306478234866e+01 9.2435009418909447e-02 2.4354686159494099e-02 9.4986818290966289e+02
2.3622633619270367e+01 9.5554181757833534e-02 2.4966634257088630e-02 9.4999540413798604e+02
2.4218627517385134e+01 9.8778720918447305e-02 2.5593937306646327e-02 9.5012369323842745e+02
2.4829658211663880e+01 1.0211218623185066e-01 2.6236979879229724e-02 9.5025305933297398e+02
2.5456105077196874e+01 1.0555825726469518e-01 2.6896156153635647e-02 9.5038351162332583e+02
2.6098357060625197e+01 1.0912073788078586e-01 2.7571870155618572e-02 9.5051505939162587e+02
2.6756812921628928e+01 1.1280356043988614e-01 2.8264536003043780e-02 9.5064771200118946e+02
2.7431881480507997e+01 1.1661079013836019e-01 2.8974578157115707e-02 9.5078147889724755e+02
2.8123981872009328e+01 1.2054662949644283e-01 2.9702431679831373e-02 9.5091636960769267e+02
2.8833543805558243e+01 1.2461542299709287e-01 3.0448542497812342e-02 9.5105239374383564e+02
2.9561007832055200e+01 1.2882166188154701e-01 3.1213367672671931e-02 9.5118956100116418e+02
3.0306825617403856e+01 1.3316998910686995e-01 3.1997375678078518e-02 9.5132788116011784e+02
3.1071460222940221e+01 1.3766520447097294e-01 3.2801046683680106e-02 9.5146736408686138e+02
3.1855386392936808e+01 1.4231226991075602e-01 3.3624872846058362e-02 9.5160801973407195e+02
3.2659090849360751e+01 1.4711631497922548e-01 3.4469358606885707e-02 9.5174985814173260e+02
3.3483072594068311e+01 1.5208264250762857e-01 3.5335020998461981e-02 9.5189288943793099e+02
3.4327843218623848e+01 1.5721673445885853e-01 3.6222389956812560e-02 9.5203712383966797e+02
3.5193927221935382e+01 1.6252425797858891e-01 3.7132008642533340e-02 9.5218257165367743e+02
3.6081862335904120e+01 1.6801107165081849e-01 3.8064433769573629e-02 9.5232924327724686e+02
3.6992199859289840e+01 1.7368323196472929e-01 3.9020235942151198e-02 9.5247714919905229e+02
3.7925505000000001e+01 1.7954700000000001e-01 4.0000000000000001e-02 9.5262813100000005e+02
4.3109735999999998e+01 2.0942400000000000e-01 4.5440000000000001e-02 9.5332839999999999e+02
4.8297452000000000e+01 2.3764500000000000e-01 5.0880000000000002e-02 9.5391487299999994e+02
5.3488097000000003e+01 2.6423200000000002e-01 5.6320000000000002e-02 9.5441105000000005e+02
5.8681244999999997e+01 2.8961700000000001e-01 6.1760000000000002e-02 9.5484087899999997e+02
6.3876600000000003e+01 3.1460300000000002e-01 6.7199999999999996e-02 9.5522802300000001e+02
6.9073992000000004e+01 3.4032299999999999e-01 7.2639999999999996e-02 9.5559531900000002e+02
7.4273371999999995e+01 3.6819299999999999e-01 7.8079999999999997e-02 9.5596442800000000e+02
7.9474805000000003e+01 3.9987000000000000e-01 8.3519999999999997e-02 9.5635562600000003e+02
8.4678462999999994e+01 4.3721300000000002e-01 8.8959999999999997e-02 9.5678769199999999e+02
8.9884617000000006e+01 4.8224699999999998e-01 9.4399999999999998e-02 9.5727786200000003e+02
9.5093621999999996e+01 5.3659999999999997e-01 9.9839999999999998e-02 9.5783650499999999e+02
1.0030580600000000e+02 5.9991300000000003e-01 1.0528000000000000e-01 9.5845272699999998e+02
1.0552157300000000e+02 6.7640000000000000e-01 1.1072000000000000e-01 9.5915973299999996e+02
1.1074147000000001e+02 7.6911600000000002e-01 1.1616000000000000e-01 9.5997579099999996e+02
1.1596612600000000e+02 8.8074900000000000e-01 1.2160000000000000e-01 9.6091353500000002e+02
1.2119623100000000e+02 1.0138400000000001e+00 1.2703999999999999e-01 9.6198276199999998e+02
1.2643252200000001e+02 1.1708320000000001e+00 1.3247999999999999e-01 9.6319128899999998e+02
1.3167577499999999e+02 1.3540850000000000e+00 1.3791999999999999e-01 9.6454536299999995e+02
1.3692679400000000e+02 1.5658780000000001e+00 1.4335999999999999e-01 9.6604992700000003e+02
1.4218641099999999e+02 1.8084039999999999e+00 1.4879999999999999e-01 9.6770880099999999e+02
1.4745547199999999e+02 2.0837750000000002e+00 1.5423999999999999e-01 9.6952483700000005e+02
1.5273483899999999e+02 2.3940150000000000e+00 1.5967999999999999e-01 9.7150004100000001e+02
1.5802538100000001e+02 2.7410619999999999e+00 1.6511999999999999e-01 9.7363568599999996e+02
1.6332797299999999e+02 3.1267689999999999e+00 1.7055999999999999e-01 9.7593240800000001e+02
1.6864349200000001e+02 3.5529020000000000e+00 1.7599999999999999e-01 9.7839029800000003e+02
1.7397281400000000e+02 4.0211470000000000e+00 1.8143999999999999e-01 9.8100897899999995e+02
1.7931681300000000e+02 4.5331120000000000e+00 1.8687999999999999e-01 9.8378767400000004e+02
1.8467635400000000e+02 5.0903250000000000e+00 1.9231999999999999e-01 9.8672527600000001e+02
1.9005230100000000e+02 5.6942459999999997e+00 1.9775999999999999e-01 9.8982039599999996e+02
1.9544550500000000e+02 6.3462620000000003e+00 2.0319999999999999e-01 9.9307141000000001e+02
2.0085680900000000e+02 7.0476960000000002e+00 2.0863999999999999e-01 9.9647650299999998e+02
2.0628704800000000e+02 7.7998050000000001e+00 2.1407999999999999e-01 1.0000337010000000e+03
2.1173704200000000e+02 8.6037879999999998e+00 2.1951999999999999e-01 1.0037408960000000e+03
2.1720760300000001e+02 9.4607849999999996e+00 2.2495999999999999e-01 1.0075958740000000e+03
2.2269952699999999e+02 1.0371876000000000e+01 2.3039999999999999e-01 1.0115963250000000e+03
2.2821360100000001e+02 1.1338089999999999e+01 2.3583999999999999e-01 1.0157398650000000e+03
2.3375059600000000e+02 1.2360397000000001e+01 2.4127999999999999e-01 1.0200240450000000e+03
2.3931127100000000e+02 1.3439716000000001e+01 2.4671999999999999e-01 1.0244463539999999e+03
2.4489636999999999e+02 1.4576911000000001e+01 2.5216000000000000e-01 1.0290042350000001e+03
2.5050662399999999e+02 1.5772793000000000e+01 2.5760000000000000e-01 1.0336950820000000e+03
2.5614274899999998e+02 1.7028117999999999e+01 2.6304000000000000e-01 1.0385162470000000e+03
2.6180544800000001e+02 1.8343589999999999e+01 2.6848000000000000e-01 1.0434650420000000e+03
2.6749540700000000e+02 1.9719860000000001e+01 2.7392000000000000e-01 1.0485387440000000e+03
2.7321329900000001e+02 2.1157520999999999e+01 2.7936000000000000e-01 1.0537345949999999e+03
2.7895978100000002e+02 2.2657115999999998e+01 2.8480000000000000e-01 1.0590498020000000e+03
2.8473549500000001e+02 2.4219132999999999e+01 2.9024000000000000e-01 1.0644815450000001e+03
2.9054106700000000e+02 2.5844003000000001e+01 2.9568000000000000e-01 1.0700269750000000e+03
2.9637710800000002e+02 2.7532107000000000e+01 3.0112000000000000e-01 1.0756832179999999e+03
3.0224421300000000e+02 2.9283768999999999e+01 3.0656000000000000e-01 1.0814473770000000e+03
3.0814296200000001e+02 3.1099262000000000e+01 3.1200000000000000e-01 1.0873165380000000e+03
3.1407391699999999e+02 3.2978805000000001e+01 3.1744000000000000e-01 1.0932877690000000e+03
3.2003762699999999e+02 3.4922567999999998e+01 3.2288000000000000e-01 1.0993581280000001e+03
3.2603462300000001e+02 3.6930667000000000e+01 3.2832000000000000e-01 1.1055246649999999e+03
3.3206542100000001e+02 3.9003171000000002e+01 3.3376000000000000e-01 1.1117844270000001e+03
3.3813051800000000e+02 4.1140101000000001e+01 3.3920000000000000e-01 1.1181344590000001e+03
3.4423039999999997e+02 4.3341431000000000e+01 3.4464000000000000e-01 1.1245718150000000e+03
3.5036553199999997e+02 4.5607089999999999e+01 3.5008000000000000e-01 1.1310935549999999e+03
3.5653636599999999e+02 4.7936962999999999e+01 3.5552000000000000e-01 1.1376967569999999e+03
3.6274333799999999e+02 5.0330897999999998e+01 3.6096000000000000e-01 1.1443785130000001e+03
3.6898596099999997e+02 5.2577866999999998e+01 3.6640000000000000e-01 1.1505580540000001e+03
3.7525979100000001e+02 5.4597738000000000e+01 3.7184000000000000e-01 1.1560299630000000e+03
3.8156273199999998e+02 5.6565908999999998e+01 3.7728000000000000e-01 1.1612841980000001e+03
3.8789389199999999e+02 5.8515329999999999e+01 3.8272000000000000e-01 1.1664138100000000e+03
3.9425271900000001e+02 6.0460546999999998e+01 3.8816000000000001e-01 1.1714600860000000e+03
4.0063794200000001e+02 6.2218969999999999e+01 3.9360000000000001e-01 1.1759593540000001e+03
4.0704623400000003e+02 6.3856538999999998e+01 3.9904000000000001e-01 1.1800908990000000e+03
4.1347681200000000e+02 6.5491999000000007e+01 4.0448000000000001e-01 1.1841611909999999e+03
4.1992944899999998e+02 6.7138451000000003e+01 4.0992000000000001e-01 1.1882040810000001e+03
4.2640403900000001e+02 6.8801291000000006e+01 4.1536000000000001e-01 1.1922333770000000e+03
4.3290053000000000e+02 7.0483461000000005e+01 4.2080000000000001e-01 1.1962564749999999e+03
4.3941890000000001e+02 7.2186809999999994e+01 4.2624000000000001e-01 1.2002779009999999e+03
4.4595915000000002e+02 7.3912604000000002e+01 4.3168000000000001e-01 1.2043006519999999e+03
4.5252129200000002e+02 7.5661765000000003e+01 4.3712000000000001e-01 1.2083268169999999e+03
4.5910535099999998e+02 7.7434993000000006e+01 4.4256000000000001e-01 1.2123579030000001e+03
4.6571135399999997e+02 7.9232836000000006e+01 4.4800000000000001e-01 1.2163950210000000e+03
4.7233933900000000e+02 8.1055735999999996e+01 4.5344000000000001e-01 1.2204390060000001e+03
4.7898934400000002e+02 8.2904054000000002e+01 4.5888000000000001e-01 1.2244904870000000e+03
4.8566140999999999e+02 8.4778091000000003e+01 4.6432000000000001e-01 1.2285499370000000e+03
4.9235558300000002e+02 8.6678099000000003e+01 4.6976000000000001e-01 1.2326177130000001e+03
4.9907190900000001e+02 8.8604292999999998e+01 4.7520000000000001e-01 1.2366940770000001e+03
5.0581043399999999e+02 9.0556856999999994e+01 4.8064000000000001e-01 1.2407792190000000e+03
5.1257120699999996e+02 9.2535946999999993e+01 4.8608000000000001e-01 1.2448732660000001e+03
5.1935427700000002e+02 9.4541700000000006e+01 4.9152000000000001e-01 1.2489762960000000e+03
5.2615969299999995e+02 9.6574231999999995e+01 4.9696000000000001e-01 1.2530883490000001e+03
5.3298750299999995e+02 9.8633643000000006e+01 5.0239999999999996e-01 1.2572094270000000e+03
5.3983775700000001e+02 1.0072001899999999e+02 5.0783999999999996e-01 1.2613395060000000e+03
5.4671050400000001e+02 1.0283343200000000e+02 5.1327999999999996e-01 1.2654785380000001e+03
5.5360579199999995e+02 1.0497394400000000e+02 5.1871999999999996e-01 1.2696264540000000e+03
5.6052366900000004e+02 1.0714160800000001e+02 5.2415999999999996e-01 1.2737831659999999e+03
5.6746418300000005e+02 1.0933646500000000e+02 5.2959999999999996e-01 1.2779485729999999e+03
5.7442738199999997e+02 1.1155854800000000e+02 5.3503999999999996e-01 1.2821225620000000e+03
5.8141331000000002e+02 1.1380788400000000e+02 5.4047999999999996e-01 1.2863050049999999e+03
5.8842201399999999e+02 1.1608449100000000e+02 5.4591999999999996e-01 1.2904957700000000e+03
5.9545353999999998e+02 1.1838838300000000e+02 5.5135999999999996e-01 1.2946947120000000e+03
6.0250792999999999e+02 1.2071956400000001e+02 5.5679999999999996e-01 1.2989016830000000e+03
6.0958522800000003e+02 1.2307803400000000e+02 5.6223999999999996e-01 1.3031165260000000e+03
6.1668547699999999e+02 1.2546379000000000e+02 5.6767999999999996e-01 1.3073390820000000e+03
6.2380871800000000e+02 1.2787682100000001e+02 5.7311999999999996e-01 1.3115691850000001e+03
6.3095499099999995e+02 1.3031711300000001e+02 5.7855999999999996e-01 1.3158066679999999e+03
6.3812433699999997e+02 1.3278464500000001e+02 5.8399999999999996e-01 1.3200513590000000e+03
6.4531679399999996e+02 1.3527939499999999e+02 5.8943999999999996e-01 1.3243030850000000e+03
6.5253240100000005e+02 1.3780133499999999e+02 5.9487999999999996e-01 1.3285616709999999e+03
6.5977119200000004e+02 1.4035043500000000e+02 6.0031999999999996e-01 1.3328269399999999e+03
6.6703320599999995e+02 1.4292666100000000e+02 6.0575999999999997e-01 1.3370987140000000e+03
6.7431847600000003e+02 1.4552997300000001e+02 6.1119999999999997e-01 1.3413768150000001e+03
6.8162703699999997e+02 1.4816033200000001e+02 6.1663999999999997e-01 1.3456610639999999e+03
6.8895892100000003e+02 1.5081769299999999e+02 6.2207999999999997e-01 1.3499512820000000e+03
6.9631416000000002e+02 1.5350201000000001e+02 6.2751999999999997e-01 1.3542472909999999e+03
7.0369278599999996e+02 1.5621323400000000e+02 6.3295999999999997e-01 1.3585489120000000e+03
7.1109482900000000e+02 1.5895131200000000e+02 6.3839999999999997e-01 1.3628559680000001e+03
7.1852031699999998e+02 1.6171619000000001e+02 6.4383999999999997e-01 1.3671682820000001e+03
7.2596927800000003e+02 1.6450781200000000e+02 6.4927999999999997e-01 1.3714856769999999e+03
7.3344174099999998e+02 1.6732611900000001e+02 6.5471999999999997e-01 1.3758079789999999e+03
7.4093773099999999e+02 1.7017105100000001e+02 6.6015999999999997e-01 1.3801350150000001e+03
7.4845727299999999e+02 1.7304254299999999e+02 6.6559999999999997e-01 1.3844666110000001e+03
7.5600039200000003e+02 1.7594053299999999e+02 6.7103999999999997e-01 1.3888025980000000e+03
7.6356711099999995e+02 1.7886495400000001e+02 6.7647999999999997e-01 1.3931428050000000e+03
7.7115745300000003e+02 1.8181573700000001e+02 6.8191999999999997e-01 1.3974870659999999e+03
7.7877143899999999e+02 1.8479281399999999e+02 6.8735999999999997e-01 1.4018352150000001e+03
7.8640908999999999e+02 1.8779611299999999e+02 6.9279999999999997e-01 1.4061870870000000e+03
7.9407042600000000e+02 1.9082556299999999e+02 6.9823999999999997e-01 1.4105425210000001e+03
8.0175546599999996e+02 1.9388108900000000e+02 7.0367999999999997e-01 1.4149013550000000e+03
8.0946422700000005e+02 1.9696261699999999e+02 7.0911999999999997e-01 1.4192634330000001e+03
8.1719672700000001e+02 2.0007007100000001e+02 7.1455999999999997e-01 1.4236285969999999e+03
8.2495298300000002e+02 2.0320337400000000e+02 7.1999999999999997e-01 1.4279966930000001e+03
8.3273301000000004e+02 2.0636244700000000e+02 7.2543999999999997e-01 1.4323675690000000e+03
8.4053682200000003e+02 2.0954721200000000e+02 7.3087999999999997e-01 1.4367410760000000e+03
8.4836443399999996e+02 2.1275758900000000e+02 7.3631999999999997e-01 1.4411170640000000e+03
8.5621585800000003e+02 2.1599349699999999e+02 7.4175999999999997e-01 1.4454953880000000e+03
8.6409110699999997e+02 2.1925485499999999e+02 7.4719999999999998e-01 1.4498759050000001e+03
8.7199019299999998e+02 2.2254157900000001e+02 7.5263999999999998e-01 1.4542584730000001e+03
8.7991312600000003e+02 2.2585358800000000e+02 7.5807999999999998e-01 1.4586429519999999e+03
8.8785991600000000e+02 2.2919079700000000e+02 7.6351999999999998e-01 1.4630292059999999e+03
8.9583057299999996e+02 2.3255312200000000e+02 7.6895999999999998e-01 1.4674170990000000e+03
9.0382510500000001e+02 2.3594048000000001e+02 7.7439999999999998e-01 1.4718064979999999e+03
9.1184351900000001e+02 2.3935278299999999e+02 7.7983999999999998e-01 1.4761972730000000e+03
9.1988582399999996e+02 2.4278994800000001e+02 7.8527999999999998e-01 1.4805892940000001e+03
9.2795202600000005e+02 2.4625188700000001e+02 7.9071999999999998e-01 1.4849824369999999e+03
9.3604212900000005e+02 2.4973851400000001e+02 7.9615999999999998e-01 1.4893765750000000e+03
9.4415614000000005e+02 2.5324974300000000e+02 8.0159999999999998e-01 1.4937715870000000e+03
9.5229406300000005e+02 2.5678548599999999e+02 8.0703999999999998e-01 1.4981673539999999e+03
9.6045590100000004e+02 2.6034565600000002e+02 8.1247999999999998e-01 1.5025637560000000e+03
9.6864165800000001e+02 2.6393016599999999e+02 8.1791999999999998e-01 1.5069606779999999e+03
9.7685133599999995e+02 2.6753892700000000e+02 8.2335999999999998e-01 1.5113580059999999e+03
9.8508493699999997e+02 2.7117185300000000e+02 8.2879999999999998e-01 1.5157556290000000e+03
9.9334246199999995e+02 2.7482885399999998e+02 8.3423999999999998e-01 1.5201534360000001e+03
1.0016239120000000e+03 2.7850984199999999e+02 8.3967999999999998e-01 1.5245513200000000e+03
1.0099292880000000e+03 2.8221472999999997e+02 8.4511999999999998e-01 1.5289491760000001e+03
1.0182585890000000e+03 2.8594342899999998e+02 8.5055999999999998e-01 1.5333468980000000e+03
1.0266118130000000e+03 2.8969585000000001e+02 8.5599999999999998e-01 1.5377443860000001e+03
1.0349889590000000e+03 2.9347190599999999e+02 8.6143999999999998e-01 1.5421415390000000e+03
1.0433900260000000e+03 2.9727150699999999e+02 8.6687999999999998e-01 1.5465382600000000e+03
1.0518150089999999e+03 3.0109456699999998e+02 8.7231999999999998e-01 1.5509344520000000e+03
1.0602639079999999e+03 3.0494099599999998e+02 8.7775999999999998e-01 1.5553300210000000e+03
1.0687367170000000e+03 3.0881070599999998e+02 8.8319999999999999e-01 1.5597248750000001e+03
1.0772334320000000e+03 3.1270360899999997e+02 8.8863999999999999e-01 1.5641189230000000e+03
1.0857540500000000e+03 3.1661961800000000e+02 8.9407999999999999e-01 1.5685120770000001e+03
1.0942985639999999e+03 3.2055864500000001e+02 8.9951999999999999e-01 1.5729042489999999e+03
1.1028669689999999e+03 3.2452060100000000e+02 9.0495999999999999e-01 1.5772953540000001e+03
1.1114592600000001e+03 3.2850540100000001e+02 9.1039999999999999e-01 1.5816853090000000e+03
1.1200754300000001e+03 3.3251295599999997e+02 9.1583999999999999e-01 1.5860740320000000e+03
1.1287154710000000e+03 3.3654318000000001e+02 9.2127999999999999e-01 1.5904614420000000e+03
1.1373793760000001e+03 3.4059598599999998e+02 9.2671999999999999e-01 1.5948474630000001e+03
1.1460671390000000e+03 3.4467128700000001e+02 9.3215999999999999e-01 1.5992320159999999e+03
1.1547787490000001e+03 3.4876899900000001e+02 9.3759999999999999e-01 1.6036150270000001e+03
1.1635142000000001e+03 3.5288903299999998e+02 9.4303999999999999e-01 1.6079964219999999e+03
1.1722734820000001e+03 3.5703130599999997e+02 9.4847999999999999e-01 1.6123761310000000e+03
1.1810565839999999e+03 3.6119573300000002e+02 9.5391999999999999e-01 1.6167540810000000e+03
1.1898634990000000e+03 3.6538222700000000e+02 9.5935999999999999e-01 1.6211302060000000e+03
1.1986942160000001e+03 3.6959070600000001e+02 9.6479999999999999e-01 1.6255044370000001e+03
1.2075487230000001e+03 3.7382108499999998e+02 9.7023999999999999e-01 1.6298767100000000e+03
1.2164270110000000e+03 3.7807328100000001e+02 9.7567999999999999e-01 1.6342469610000001e+03
1.2253290680000000e+03 3.8234721100000002e+02 9.8111999999999999e-01 1.6386151270000000e+03
1.2342548820000000e+03 3.8664279299999998e+02 9.8655999999999999e-01 1.6429811480000001e+03
1.2432044430000001e+03 3.9095994400000001e+02 9.9199999999999999e-01 1.6473449650000000e+03
1.2521777370000000e+03 3.9529858500000000e+02 9.9743999999999999e-01 1.6517065200000000e+03
1.2611747519999999e+03 3.9965863400000001e+02 1.0028800000000000e+00 1.6560657580000000e+03
1.2701954760000001e+03 4.0404001099999999e+02 1.0083200000000001e+00 1.6604226240000000e+03
1.2792398949999999e+03 4.0844263899999999e+02 1.0137600000000000e+00 1.6647770670000000e+03
1.2883079960000000e+03 4.1286643900000001e+02 1.0192000000000001e+00 1.6691290349999999e+03
1.2973997649999999e+03 4.1731133599999998e+02 1.0246400000000000e+00 1.6734784800000000e+03
1.3065151890000000e+03 4.2177725299999997e+02 1.0300800000000001e+00 1.6778253569999999e+03
1.3156542540000000e+03 4.2626411899999999e+02 1.0355200000000000e+00 1.6821696210000000e+03
1.3248169439999999e+03 4.3077186100000000e+02 1.0409600000000001e+00 1.6865112310000000e+03
1.3340032470000001e+03 4.3530041299999999e+02 1.0464000000000000e+00 1.6908501500000000e+03
1.3432131460000001e+03 4.3984970900000002e+02 1.0518400000000001e+00 1.6951863440000000e+03
1.3524466270000000e+03 4.4441969200000000e+02 1.0572800000000000e+00 1.6995197870000000e+03
1.3617036750000000e+03 4.4901031399999999e+02 1.0627200000000001e+00 1.7038504620000001e+03
1.3709842750000000e+03 4.5362154500000003e+02 1.0681600000000000e+00 1.7081783680000001e+03
1.3802884120000001e+03 4.5825339600000001e+02 1.0736000000000001e+00 1.7125035439999999e+03
1.3896160709999999e+03 4.6290611400000000e+02 1.0790400000000000e+00 1.7168262480000001e+03
1.3989672399999999e+03 4.6757943399999999e+02 1.0844800000000001e+00 1.7211462590000001e+03
1.4083418999999999e+03 4.7227265299999999e+02 1.0899200000000000e+00 1.7254629580000001e+03
1.4177400359999999e+03 4.7698569300000003e+02 1.0953599999999999e+00 1.7297763060000000e+03
1.4271616270000000e+03 4.8171847800000000e+02 1.1008000000000000e+00 1.7340862680000000e+03
1.4366066550000000e+03 4.8647093200000000e+02 1.1062399999999999e+00 1.7383928060000001e+03
1.4460751029999999e+03 4.9124297799999999e+02 1.1116800000000000e+00 1.7426958870000001e+03
1.4555669499999999e+03 4.9603454099999999e+02 1.1171199999999999e+00 1.7469954760000001e+03
1.4650821770000000e+03 5.0084554500000002e+02 1.1225600000000000e+00 1.7512915399999999e+03
1.4746207669999999e+03 5.0567591800000002e+02 1.1279999999999999e+00 1.7555840470000001e+03
1.4841826980000001e+03 5.1052558299999998e+02 1.1334400000000000e+00 1.7598729650000000e+03
1.4937679510000000e+03 5.1539446799999996e+02 1.1388799999999999e+00 1.7641582639999999e+03
1.5033765069999999e+03 5.2028249900000003e+02 1.1443200000000000e+00 1.7684399149999999e+03
1.5130083460000001e+03 5.2518960300000003e+02 1.1497599999999999e+00 1.7727178890000000e+03
1.5226634480000000e+03 5.3011570900000004e+02 1.1552000000000000e+00 1.7769921569999999e+03
1.5323417910000001e+03 5.3506074500000000e+02 1.1606399999999999e+00 1.7812626920000000e+03
1.5420433570000000e+03 5.4002463799999998e+02 1.1660800000000000e+00 1.7855294680000000e+03
1.5517681239999999e+03 5.4500731800000005e+02 1.1715199999999999e+00 1.7897924599999999e+03
1.5615160719999999e+03 5.5000871500000005e+02 1.1769600000000000e+00 1.7940516410000000e+03
1.5712871800000000e+03 5.5502875800000004e+02 1.1823999999999999e+00 1.7983069889999999e+03
1.5810814270000001e+03 5.6006737799999996e+02 1.1878400000000000e+00 1.8025584790000000e+03
1.5908987920000000e+03 5.6512450600000000e+02 1.1932799999999999e+00 1.8068060880000000e+03
1.6007392540000001e+03 5.7020007299999997e+02 1.1987200000000000e+00 1.8110497949999999e+03
1.6106027919999999e+03 5.7529400999999996e+02 1.2041599999999999e+00 1.8152895770000000e+03
1.6204893830000001e+03 5.8040625000000000e+02 1.2096000000000000e+00 1.8195254150000001e+03
1.6303990070000000e+03 5.8553672600000004e+02 1.2150399999999999e+00 1.8237572880000000e+03
1.6403316420000001e+03 5.9068537000000003e+02 1.2204800000000000e+00 1.8279851750000000e+03
1.6502872669999999e+03 5.9585211600000002e+02 1.2259199999999999e+00 1.8322090590000000e+03
1.6602658590000001e+03 6.0103689799999995e+02 1.2313600000000000e+00 1.8364289209999999e+03
1.6702673960000000e+03 6.0623964999999998e+02 1.2367999999999999e+00 1.8406447430000001e+03
1.6802918569999999e+03 6.1146030699999994e+02 1.2422400000000000e+00 1.8448565080000001e+03
1.6903392190000000e+03 6.1669880400000000e+02 1.2476799999999999e+00 1.8490642000000000e+03
1.7004094600000001e+03 6.2195507599999996e+02 1.2531200000000000e+00 1.8532678020000001e+03
1.7105025579999999e+03 6.2722906000000000e+02 1.2585599999999999e+00 1.8574672980000000e+03
1.7206184909999999e+03 6.3252069300000005e+02 1.2640000000000000e+00 1.8616626739999999e+03
1.7307572350000000e+03 6.3782991000000004e+02 1.2694399999999999e+00 1.8658539160000000e+03
1.7409187700000000e+03 6.4315664900000002e+02 1.2748800000000000e+00 1.8700410090000000e+03
1.7511030699999999e+03 6.4850084800000002e+02 1.2803199999999999e+00 1.8742239400000001e+03
1.7613101160000001e+03 6.5386244499999998e+02 1.2857600000000000e+00 1.8784026950000000e+03
1.7715398820000000e+03 6.5924137800000005e+02 1.2911999999999999e+00 1.8825772629999999e+03
1.7817923470000001e+03 6.6463758700000005e+02 1.2966400000000000e+00 1.8867476320000001e+03
1.7920674879999999e+03 6.7005101000000002e+02 1.3020799999999999e+00 1.8909137890000000e+03
1.8023652820000000e+03 6.7548158699999999e+02 1.3075200000000000e+00 1.8950757240000000e+03
1.8126857050000001e+03 6.8092925900000000e+02 1.3129599999999999e+00 1.8992334260000000e+03
1.8230287360000000e+03 6.8639396499999998e+02 1.3184000000000000e+00 1.9033868840000000e+03
1.8333943500000000e+03 6.9187564699999996e+02 1.3238399999999999e+00 1.9075360900000001e+03
1.8437825240000000e+03 6.9737424599999997e+02 1.3292800000000000e+00 1.9116810330000001e+03
1.8541932350000000e+03 7.0288970300000005e+02 1.3347199999999999e+00 1.9158217040000000e+03
1.8646264610000001e+03 7.0842196100000001e+02 1.3401600000000000e+00 1.9199580960000001e+03
1.8750821770000000e+03 7.1397096099999999e+02 1.3455999999999999e+00 1.9240901990000000e+03
1.8855603610000001e+03 7.1953664800000001e+02 1.3510400000000000e+00 1.9282180060000001e+03
1.8960609880000000e+03 7.2511843299999998e+02 1.3564799999999999e+00 1.9323411189999999e+03
1.9065839650000000e+03 7.3067634699999996e+02 1.3619200000000000e+00 1.9364301760000001e+03
1.9171291209999999e+03 7.3622696800000006e+02 1.3673599999999999e+00 1.9404975830000001e+03
1.9276963659999999e+03 7.4178087000000005e+02 1.3728000000000000e+00 1.9445512349999999e+03
1.9382856320000001e+03 7.4734174900000005e+02 1.3782399999999999e+00 1.9485939260000000e+03
1.9488968649999999e+03 7.5291162699999995e+02 1.3836800000000000e+00 1.9526272100000001e+03
1.9595300159999999e+03 7.5849180000000001e+02 1.3891199999999999e+00 1.9566520920000000e+03
1.9701850420000001e+03 7.6408317000000000e+02 1.3945600000000000e+00 1.9606692880000001e+03
1.9808619020000001e+03 7.6968640000000005e+02 1.3999999999999999e+00 1.9646793330000000e+03
