# epsilon[MeV/fm^3] P[MeV/fm^3] nB[fm^-3] muB[MeV]
4.3514892049562272e-07 9.0000000794219998e-12 4.6796200000000002e-10 9.2990010724260003e+02
5.4394952759824855e-07 1.2854500250148002e-11 5.8496400000000005e-10 9.2990743275720001e+02
6.8239664606092796e-07 1.8414700022552000e-11 7.3384599999999997e-10 9.2991587774760001e+02
8.5763463874259032e-07 2.6380199998860002e-11 9.2229000000000003e-10 9.2992551188760001e+02
1.0799253715994732e-06 3.7791099667920001e-11 1.1613300000000000e-09 9.2993648532329996e+02
1.3625442882637764e-06 5.4137899979800000e-11 1.4652400000000000e-09 9.2994894782519998e+02
1.7226605254650248e-06 7.7555599791040007e-11 1.8524800000000000e-09 9.2996308925910000e+02
2.1826057027272589e-06 1.1110299984364001e-10 2.3470600000000000e-09 9.2997909967860005e+02
2.7713348204539073e-06 1.5916099965360000e-10 2.9801100000000000e-09 9.2999716876169998e+02
3.5266032513682487e-06 2.2800800111288001e-10 3.7922200000000000e-09 9.3001754656409992e+02
4.4975537964996660e-06 3.2663399940042002e-10 4.8362200000000001e-09 9.3004045271789994e+02
4.5807460305493105e-06 3.3555999792714001e-10 4.9256699999999996e-09 9.3004228160820003e+02
4.7281205653478515e-06 3.3656599963290001e-10 5.0841300000000003e-09 9.3004248152130003e+02
6.5759177435918250e-06 5.4515600232911993e-10 7.0708799999999999e-09 9.3007696075620004e+02
9.1998724984833464e-06 8.8567000200420000e-10 9.8920399999999997e-09 9.3011730648750006e+02
1.2918168885426129e-05 1.4388700552640002e-09 1.3889600000000001e-08 9.3016406831190000e+02
1.8201380444258739e-05 2.3376200076990001e-09 1.9569300000000001e-08 9.3021808578930006e+02
2.5725895950178280e-05 3.7977398937599994e-09 2.7657999999999999e-08 9.3028025838780002e+02
3.6463989818522291e-05 6.1698799253159997e-09 3.9200400000000002e-08 9.3035162548649998e+02
5.1813630126296458e-05 1.0023700173792000e-08 5.5698400000000002e-08 9.3043332628019994e+02
7.3785560512054020e-05 1.6284700005120000e-08 7.9311899999999997e-08 9.3052664006250006e+02
1.0527189036420272e-04 2.6456400399219999e-08 1.1314700000000000e-07 9.3063298613190000e+02
1.5043483705694415e-04 4.2981499428689995e-08 1.6167299999999999e-07 9.3075400323120004e+02
1.5143539825673478e-04 4.3369399516159995e-08 1.6274800000000000e-07 9.3075639185940008e+02
1.5666718390755263e-04 4.3499599327679997e-08 1.6836899999999999e-07 9.3075719132400002e+02
1.8247319946392853e-04 5.3487099479700000e-08 1.9609400000000001e-07 9.3081203831400001e+02
2.1304949570856091e-04 6.5965099669560007e-08 2.2894200000000001e-07 9.3087079295249998e+02
2.4880173202308656e-04 8.1354199584480006e-08 2.6734800000000002e-07 9.3093285559410003e+02
2.9061049213158235e-04 1.0033299847065000e-07 3.1225699999999999e-07 9.3099838615049998e+02
3.3950651358852186e-04 1.2374000051775000e-07 3.6477499999999998e-07 9.3106758453479995e+02
3.9669496520679297e-04 1.5260700009555001e-07 4.2619500000000001e-07 9.3114063056550003e+02
4.6358813252914599e-04 1.8820900209407997e-07 4.9803199999999997e-07 9.3121772415570001e+02
5.4183717856390442e-04 2.3211699768180001e-07 5.8205699999999998e-07 9.3129908512530005e+02
6.3337419989345891e-04 2.8626699988691999e-07 6.8034199999999997e-07 9.3138494352930002e+02
7.4046361643000222e-04 3.5305100162730003e-07 7.9531500000000002e-07 9.3147551899979999e+02
7.4543957324912111e-04 3.5623800038969997e-07 8.0065699999999999e-07 9.3147951660449996e+02
7.7046470619140960e-04 3.5730600246279002e-07 8.2752300000000002e-07 9.3148080575760002e+02
7.7218701201869997e-04 3.5837800248323999e-07 8.2937200000000002e-07 9.3148210505190002e+02
7.7564281539113634e-04 3.6053199741144001e-07 8.3308200000000005e-07 9.3148469349929996e+02
7.7911352986319152e-04 3.6269800105895999e-07 8.3680799999999998e-07 9.3148728185280004e+02
7.8260009510663572e-04 3.6487800290032998e-07 8.4055099999999997e-07 9.3148988034750005e+02
7.8610250285012515e-04 3.6706999922346001e-07 8.4431100000000000e-07 9.3149248879559991e+02
7.8962075319254110e-04 3.6927600351839998e-07 8.4808799999999996e-07 9.3149508719639994e+02
7.9315485471188711e-04 3.7149499796798001e-07 8.5188199999999998e-07 9.3149769564450003e+02
7.9670479058673201e-04 3.7372699824480005e-07 8.5569300000000004e-07 9.3150031404599997e+02
8.0027057791247260e-04 3.7597299948234002e-07 8.5952100000000004e-07 9.3150293244750003e+02
8.0385221698387247e-04 3.7823200230633998e-07 8.6336599999999998e-07 9.3150555094289996e+02
8.0745063029167934e-04 3.8050499711466001e-07 8.6722899999999999e-07 9.3150817929779998e+02
8.1106395596088781e-04 3.8279099715107999e-07 8.7110800000000002e-07 9.3151080774659999e+02
8.1469498722525535e-04 3.8509200436278001e-07 8.7500600000000005e-07 9.3151343619540000e+02
8.1834093096975699e-04 3.8740599815679997e-07 8.7891999999999998e-07 9.3151607459759998e+02
8.3652972322216491e-04 3.8856800310954005e-07 8.9844600000000005e-07 9.3151737379799999e+02
8.9649746606902973e-04 4.2637900225708002e-07 9.6282100000000007e-07 9.3155798930399999e+02
9.6293679962426715e-04 4.6927300060880000e-07 1.0341400000000000e-06 9.3160093353000002e+02
1.0343084479593990e-03 5.1648199988999994e-07 1.1107499999999999e-06 9.3164493704189999e+02
1.1110033276598183e-03 5.6844100521450010e-07 1.1930700000000001e-06 9.3169002988770001e+02
1.1934040547386528e-03 6.2562700512179996e-07 1.2815100000000000e-06 9.3173623206809998e+02
1.2819398888523502e-03 6.8856500094819997e-07 1.3765300000000001e-06 9.3178357353719991e+02
1.3770588621277026e-03 7.5783499966439992e-07 1.4786100000000000e-06 9.3183208434300002e+02
1.4792742600387720e-03 8.3407400117300003e-07 1.5882999999999999e-06 9.3188178448619999e+02
1.5890902438860661e-03 9.1798299673799988e-07 1.7061399999999999e-06 9.3193271378040004e+02
1.7070948934908867e-03 1.0103300084124001e-06 1.8327600000000000e-06 9.3198488236679998e+02
1.7418302566492478e-03 1.0379399925766002e-06 1.8700300000000001e-06 9.3199978345169995e+02
1.8026805910135908e-03 1.0410599913928000e-06 1.9353200000000000e-06 9.3200143242960007e+02
2.0389359400714486e-03 1.2275099896319999e-06 2.1888000000000001e-06 9.3209187794249999e+02
2.3114099463439177e-03 1.4516999917321999e-06 2.4811100000000001e-06 9.3218792017709995e+02
2.6204004641994278e-03 1.7168400063888003e-06 2.8125600000000001e-06 9.3228811983419996e+02
2.9707928967162671e-03 2.0304000155634000e-06 3.1883800000000001e-06 9.3239264696670000e+02
3.3681648965264784e-03 2.4012300084080001e-06 3.6145400000000001e-06 9.3250170129989999e+02
3.8188055776886142e-03 2.8397900147328003e-06 4.0977700000000004e-06 9.3261546284010001e+02
4.3298558716110781e-03 3.3584500068246004e-06 4.6457100000000001e-06 9.3273413140649996e+02
4.9094492242661523e-03 3.9718300068571995e-06 5.2670599999999997e-06 9.3285792691289998e+02
5.5667590537662745e-03 4.6972400276543001e-06 5.9716300000000001e-06 9.3298704917850000e+02
6.3122329168583428e-03 5.5551399798486997e-06 6.7705900000000002e-06 9.3312173811779996e+02
6.3691536418958340e-03 5.6221100036384002e-06 6.8315900000000001e-06 9.3313158221820004e+02
6.6107787783348925e-03 5.6389700285964000e-06 7.0905299999999997e-06 9.3313397075249998e+02
7.1832281514335565e-03 6.2999099885847007e-06 7.7039700000000007e-06 9.3322329697740008e+02
7.8228640480689938e-03 7.0594400109160007e-06 8.3893400000000006e-06 9.3331767013950002e+02
8.5195476220300548e-03 7.9105299722335996e-06 9.1357600000000004e-06 9.3341477175390003e+02
9.2783521214718639e-03 8.8642300383220009e-06 9.9486500000000000e-06 9.3351470163630006e+02
1.0104791977484120e-02 9.9329099737559988e-06 1.0833900000000000e-05 9.3361751969490001e+02
1.1005037422914624e-02 1.1130399980334000e-05 1.1798100000000000e-05 9.3372332602710003e+02
1.1985504705131824e-02 1.2472300012974001e-05 1.2848100000000000e-05 9.3383220044789994e+02
1.3053499763127112e-02 1.3976000053347000e-05 1.3991700000000000e-05 9.3394422305399996e+02
1.4216706487829026e-02 1.5661000693130000e-05 1.5237100000000000e-05 9.3405949366109996e+02
1.5483652631007537e-02 1.7549100191680000e-05 1.6593399999999999e-05 9.3417811227269999e+02
1.5623499832828706e-02 1.7760599953030001e-05 1.6743099999999999e-05 9.3419079468840005e+02
1.6269961736847121e-02 1.7813900213129999e-05 1.7435099999999998e-05 9.3419395273319992e+02
1.7094324515795702e-02 1.9027400207749999e-05 1.8317499999999999e-05 9.3426180186839997e+02
1.8000874089488257e-02 2.0384500450440000e-05 1.9287799999999999e-05 9.3433394852489994e+02
1.8955614232225096e-02 2.1838399047120000e-05 2.0309599999999999e-05 9.3440734433310001e+02
1.9960983560824267e-02 2.3396100553499999e-05 2.1385500000000000e-05 9.3448202938830002e+02
2.1019794814794490e-02 2.5064799654149998e-05 2.2518500000000001e-05 9.3455801364390004e+02
2.2134768910989058e-02 2.6852600343399999e-05 2.3711500000000002e-05 9.3463531710059999e+02
2.3309000859656603e-02 2.8767899159999994e-05 2.4967799999999998e-05 9.3471396971249999e+02
2.4545494036103295e-02 3.0819700065419999e-05 2.6290599999999999e-05 9.3479400162150000e+02
2.5847718880420045e-02 3.3017999946119998e-05 2.7683600000000000e-05 9.3487541254589996e+02
2.7219055484112444e-02 3.5372998881120002e-05 2.9150400000000001e-05 9.3495825272219997e+02
2.7775365070038964e-02 3.6339601209739997e-05 2.9745400000000002e-05 9.3499105302509997e+02
2.8289610775747390e-02 3.6448598719180002e-05 3.0295400000000001e-05 9.3499466085090000e+02
2.8802930737171755e-02 3.7332599735440002e-05 3.0844399999999999e-05 9.3502356336480000e+02
2.9391538203060320e-02 3.8352800962709990e-05 3.1473899999999997e-05 9.3505628375879996e+02
2.9992229144074897e-02 3.9400800335690003e-05 3.2116300000000003e-05 9.3508923392610006e+02
3.0605097595990186e-02 4.0477499896860003e-05 3.2771700000000003e-05 9.3512239395989991e+02
3.1230612131930052e-02 4.1583600119840003e-05 3.3440600000000000e-05 9.3515578386089999e+02
3.1868867160453597e-02 4.2719998743180005e-05 3.4123099999999999e-05 9.3518940362910007e+02
3.2520144922003676e-02 4.3887298648500002e-05 3.4819500000000001e-05 9.3522325326449993e+02
3.3184820445813230e-02 4.5086601561120004e-05 3.5530200000000001e-05 9.3525732271979996e+02
3.3862987887692660e-02 4.6318701748649993e-05 3.6255299999999998e-05 9.3529163208960006e+02
3.4555116462740516e-02 4.7584401826990007e-05 3.6995300000000001e-05 9.3532617123270006e+02
3.4710848908415574e-02 4.7870299693839997e-05 3.7161800000000001e-05 9.3533387666670001e+02
3.5705765632703390e-02 4.8013899962450004e-05 3.8225500000000002e-05 9.3533768431169995e+02
3.6190650245182691e-02 4.8884701265269996e-05 3.8743900000000000e-05 9.3536029073669999e+02
3.6764595537185744e-02 4.9920498059249994e-05 3.9357499999999997e-05 9.3538680481020003e+02
3.7347724170046170e-02 5.0978398185919999e-05 3.9980900000000002e-05 9.3541345870079999e+02
3.7940129948432849e-02 5.2058599241440000e-05 4.0614200000000002e-05 9.3544024264290010e+02
3.8541907483377907e-02 5.3161699756499999e-05 4.1257500000000003e-05 9.3546717635549999e+02
3.9153244015328124e-02 5.4288198430999997e-05 4.1910999999999999e-05 9.3549425007299999e+02
3.9774234210732992e-02 5.5438601263319996e-05 4.2574799999999998e-05 9.3552146370150001e+02
4.0405159191034282e-02 5.6613297948239995e-05 4.3249199999999999e-05 9.3554882728830000e+02
4.1046019389420471e-02 5.7812899551080002e-05 4.3934199999999997e-05 9.3557633069220003e+02
4.1697190276124625e-02 5.9037997871239995e-05 4.4630199999999998e-05 9.3560397410099995e+02
4.2358578444415006e-02 6.0288999023690009e-05 4.5337100000000003e-05 9.3563177732760005e+02
4.2549448380963861e-02 6.0651299975859995e-05 4.5541099999999997e-05 9.3563974248900001e+02
4.3740238175900857e-02 6.0833198906699995e-05 4.6813800000000002e-05 9.3564365013750000e+02
4.5854886274473032e-02 6.4782902450840000e-05 4.9073799999999998e-05 9.3572599057799994e+02
4.8180087401599556e-02 6.9195997901699998e-05 5.1558599999999998e-05 9.3581365787159996e+02
5.0623240020302433e-02 7.3909702371599995e-05 5.4169200000000003e-05 9.3590278418340006e+02
5.3190452397117956e-02 7.8944498346630003e-05 5.6912100000000000e-05 9.3599338970190001e+02
5.5887837732656438e-02 8.4322299027779992e-05 5.9793799999999997e-05 9.3608550419339997e+02
5.8722166587791814e-02 9.0066499795649990e-05 6.2821499999999995e-05 9.3617915789369999e+02
6.1700398546921942e-02 9.6201898222459989e-05 6.6002599999999997e-05 9.3627437052180005e+02
6.4829683480590566e-02 1.0275499726340999e-04 6.9344700000000000e-05 9.3637116226620003e+02
6.8117831355171340e-02 1.0975499711746999e-04 7.2856100000000002e-05 9.3646956308100005e+02
7.1572933822013338e-02 1.1723199746169999e-04 7.6545399999999994e-05 9.3656960282640000e+02
7.2872355791586060e-02 1.2007500056640000e-04 7.7932800000000000e-05 9.3660639068670002e+02
7.6294350046888545e-02 1.2043499631464001e-04 8.1586400000000002e-05 9.3661091798129996e+02
7.8557740452832786e-02 1.2521799885310001e-04 8.4002899999999995e-05 9.3666865324139997e+02
8.1070439170188191e-02 1.3058099681828001e-04 8.6685400000000002e-05 9.3673145543940007e+02
8.3663493660002267e-02 1.3617299667415003e-04 8.9453500000000007e-05 9.3679492723830003e+02
8.6339540033127660e-02 1.4200499619000000e-04 9.2310000000000002e-05 9.3685905859080003e+02
8.9101308842231525e-02 1.4808700429182000e-04 9.5257800000000001e-05 9.3692387963880003e+02
9.1951438062670962e-02 1.5442999846642999e-04 9.8299699999999997e-05 9.3698938014720000e+02
9.3544637803481184e-02 1.5800363917307320e-04 1.0000000000000000e-04 9.3702641442654260e+02
9.5903407246106256e-02 1.5936221054071859e-04 1.0251701152681478e-04 9.3704223353721545e+02
9.8321654104156775e-02 1.6076664877160798e-04 1.0509744691156343e-04 9.3705816503609833e+02
1.0080087812698586e-01 1.6221850238147930e-04 1.0774290399544010e-04 9.3707420985831516e+02
1.0334261688079029e-01 1.6371937216566441e-04 1.1045502086343933e-04 9.3709036894688245e+02
1.0594844670217900e-01 1.6527091296410595e-04 1.1323547685759003e-04 9.3710664325277162e+02
1.0861998367578615e-01 1.6687483548596255e-04 1.1608599361568712e-04 9.3712303373497900e+02
1.1135888463653520e-01 1.6853290819581515e-04 1.1900833613616327e-04 9.3713954136059033e+02
1.1416684819717550e-01 1.7024695926355356e-04 1.2200431386975746e-04 9.3715616710485051e+02
1.1704561580172855e-01 1.7201887858009325e-04 1.2507578183865441e-04 9.3717291195123096e+02
1.1999697280549768e-01 1.7385061984114515e-04 1.2822464178378613e-04 9.3718977689149824e+02
1.2302274958231027e-01 1.7574420270133565e-04 1.3145284334100285e-04 9.3720676292578491e+02
1.2612482265967986e-01 1.7770171500105207e-04 1.3476238524684026e-04 9.3722387106265853e+02
1.2930511588259175e-01 1.7972531506846908e-04 1.3815531657462694e-04 9.3724110231919144e+02
1.3256560160663394e-01 1.8181723409929369e-04 1.4163373800169435e-04 9.3725845772103537e+02
1.3590830192121359e-01 1.8397977861685341e-04 1.4519980310847265e-04 9.3727593830248964e+02
1.3933528990361710e-01 1.8621533301523962e-04 1.4885571971027286e-04 9.3729354510657515e+02
1.4284869090469218e-01 1.8852636218830989e-04 1.5260375122257784e-04 9.3731127918510845e+02
1.4645068386694876e-01 1.9091541424744900e-04 1.5644621806068469e-04 9.3732914159877419e+02
1.5014350267589655e-01 1.9338512333108389e-04 1.6038549907456198e-04 9.3734713341719987e+02
1.5392943754545696e-01 1.9593821250905115e-04 1.6442403301980725e-04 9.3736525571903087e+02
1.5781083643830909e-01 1.9857749678501945e-04 1.6856432006561248e-04 9.3738350959200648e+02
1.6179010652205014e-01 2.0130588620027661e-04 1.7280892334066775e-04 9.3740189613303596e+02
1.6586971566207359e-01 2.0412638904230421e-04 1.7716047051795743e-04 9.3742041644827441e+02
1.7005219395209106e-01 2.0704211516167710e-04 1.8162165543942531e-04 9.3743907165320286e+02
1.7434013528324682e-01 2.1005627940094506e-04 1.8619523978151301e-04 9.3745786287270346e+02
1.7873619895279835e-01 2.1317220513927733e-04 1.9088405476259680e-04 9.3747679124114177e+02
1.8324311131336046e-01 2.1639332795677838e-04 1.9569100289337842e-04 9.3749585790244294e+02
1.8786366746373567e-01 2.1972319942251464e-04 2.0061905977130715e-04 9.3751506401017514e+02
1.9260073298237992e-01 2.2316549101042952e-04 2.0567127592014268e-04 9.3753441072762791e+02
1.9745724570457809e-01 2.2672399814746390e-04 2.1085077867579060e-04 9.3755389922789595e+02
2.0243621754443200e-01 2.3040264439834555e-04 2.1616077411957597e-04 9.3757353069395981e+02
2.0754073636279058e-01 2.3420548579166181e-04 2.2160454906014582e-04 9.3759330631877026e+02
2.1277396788228056e-01 2.3813671529198508e-04 2.2718547306522336e-04 9.3761322730533152e+02
2.1813915765062594e-01 2.4220066742298228e-04 2.3290700054446717e-04 9.3763329486678538e+02
2.2363963305347279e-01 2.4640182304660552e-04 2.3877267288471832e-04 9.3765351022649759e+02
2.2927880537796899e-01 2.5074481430363349e-04 2.4478612063895459e-04 9.3767387461814246e+02
2.3506017192837758e-01 2.5523442972101112e-04 2.5095106577029878e-04 9.3769438928579063e+02
2.4098731819503635e-01 2.5987561949161834e-04 2.5727132395246625e-04 9.3771505548399591e+02
2.4706392007800884e-01 2.6467350093228989e-04 2.6375080692806998e-04 9.3773587447788361e+02
2.5329374616680556e-01 2.6963336412610381e-04 2.7039352492623617e-04 9.3775684754323981e+02
2.5968066007758939e-01 2.7476067775515992e-04 2.7720358914102173e-04 9.3777797596660082e+02
2.6622862284931470e-01 2.8006109513027872e-04 2.8418521427216078e-04 9.3779926104534354e+02
2.7294169540028618e-01 2.8554046042427079e-04 2.9134272112970683e-04 9.3782070408777679e+02
2.7982404104666070e-01 2.9120481511564662e-04 2.9868053930417522e-04 9.3784230641323416e+02
2.8687992808445478e-01 2.9706040464987440e-04 3.0620320990383358e-04 9.3786406935216553e+02
2.9411373243665789e-01 3.0311368532552889e-04 3.1391538836082425e-04 9.3788599424623112e+02
3.0152994036709452e-01 3.0937133141292414e-04 3.2182184730785096e-04 9.3790808244839729e+02
3.0913315126271668e-01 3.1584024251307859e-04 3.2992747952720108e-04 9.3793033532302979e+02
3.1692808048605431e-01 3.2252755116512816e-04 3.3823730097392088e-04 9.3795275424599140e+02
3.2491956229959018e-01 3.2944063071057265e-04 3.4675645387500722e-04 9.3797534060473720e+02
3.3311255286387520e-01 3.3658710342302861e-04 3.5549020990652416e-04 9.3799809579841428e+02
3.4151213331124203e-01 3.4397484891245128e-04 3.6444397345060300e-04 9.3802102123795964e+02
3.5012351289702387e-01 3.5161201281309245e-04 3.7362328493433303e-04 9.3804411834619850e+02
3.5895203223023259e-01 3.5950701576477280e-04 3.8303382425259740e-04 9.3806738855794617e+02
3.6800316658569998e-01 3.6766856269737310e-04 3.9268141427696568e-04 9.3809083332010812e+02
3.7728252929973577e-01 3.7610565242877805e-04 4.0257202445280243e-04 9.3811445409178270e+02
3.8679587525140929e-01 3.8482758758686005e-04 4.1271177448680885e-04 9.3813825234436399e+02
3.9654910443161234e-01 3.9384398486643662e-04 4.2310693812726811e-04 9.3816222956164484e+02
4.0654826560211837e-01 4.0316478563251739e-04 4.3376394703932217e-04 9.3818638723992285e+02
4.1679956004690599e-01 4.1280026688152616e-04 4.4468939477766809e-04 9.3821072688810511e+02
4.2730934541807369e-01 4.2276105257258595e-04 4.5589004085911912e-04 9.3823525002781469e+02
4.3808413967873155e-01 4.3305812534136223e-04 4.6737281493753881e-04 9.3825995819349851e+02
4.4913062514531410e-01 4.4370283860937685e-04 4.7914482108371917e-04 9.3828485293253550e+02
4.6045565263182209e-01 4.5470692910214638e-04 4.9121334217283705e-04 9.3830993580534607e+02
4.7206624569856331e-01 4.6608252978994622e-04 5.0358584438219239e-04 9.3833520838550157e+02
4.8396960500802733e-01 4.7784218326546977e-04 5.1626998180199374e-04 9.3836067225983732e+02
4.9617311279059501e-01 4.8999885557313150e-04 5.2927360116203348e-04 9.3838632902856250e+02
5.0868433742285346e-01 5.0256595050526245e-04 5.4260474667715925e-04 9.3841218030537505e+02
5.2151103812135524e-01 5.1555732438096169e-04 5.5627166501452598e-04 9.3843822771757470e+02
5.3466116975473188e-01 5.2898730132389701e-04 5.7028281038568420e-04 9.3846447290617937e+02
5.4814288777714859e-01 5.4287068905590238e-04 5.8464684976664212e-04 9.3849091752603942e+02
5.6196455328615624e-01 5.5722279522378278e-04 5.9937266824910821e-04 9.3851756324595624e+02
5.7613473820808137e-01 5.7205944427733202e-04 6.1446937452621394e-04 9.3854441174880014e+02
5.9066223061416601e-01 5.8739699491716895e-04 6.2994630651608654e-04 9.3857146473162913e+02
6.0555604017075826e-01 6.0325235813163316e-04 6.4581303712673676e-04 9.3859872390580892e+02
6.2082540372693062e-01 6.1964301584262616e-04 6.6207938016580453e-04 9.3862619099713504e+02
6.3647979104299279e-01 6.3658704018095533e-04 6.7875539639880220e-04 9.3865386774595390e+02
6.5252891066345198e-01 6.5410311341243651e-04 6.9585139975957802e-04 9.3868175590728731e+02
6.6898271593806158e-01 6.7221054853672192e-04 7.1337796371682429e-04 9.3870985725095670e+02
6.8585141119469450e-01 6.9092931058156878e-04 7.3134592780054527e-04 9.3873817356170719e+02
7.0314545806786666e-01 7.1028003861602442e-04 7.4976640429249490e-04 9.3876670663933646e+02
7.2087558198683876e-01 7.3028406850680200e-04 7.6865078508470748e-04 9.3879545829881977e+02
7.3905277882731690e-01 7.5096345644293542e-04 7.8801074871032856e-04 9.3882443037044220e+02
7.5768832173087974e-01 7.7234100325465345e-04 8.0785826755108161e-04 9.3885362469992447e+02
7.7679376809635969e-01 7.9444027955328448e-04 8.2820561522578974e-04 9.3888304314855782e+02
7.9638096674751624e-01 8.1728565171991377e-04 8.4906537416450643e-04 9.3891268759333366e+02
8.1646206528144349e-01 8.4090230877144519e-04 8.7045044337290527e-04 9.3894255992707713e+02
8.3704951760227286e-01 8.6531629013369038e-04 8.9237404639170269e-04 9.3897266205858296e+02
8.5815609164483986e-01 8.9055451435210930e-04 9.1484973945600958e-04 9.3900299591275029e+02
8.7979487729310790e-01 9.1664480877185622e-04 9.3789141985962422e-04 9.3903356343071925e+02
9.0197929449825753e-01 9.4361594021985626e-04 9.6151333452940959e-04 9.3906436657000927e+02
9.2472310160147808e-01 9.7149764672274359e-04 9.8573008881502303e-04 9.3909540730465812e+02
9.4804040386662070e-01 1.0003206702956311e-03 1.0105566554994001e-03 9.3912668762536271e+02
9.7194566222800682e-01 1.0301167908378648e-03 1.0360083840355305e-03 9.3915820953962077e+02
9.9645370225881746e-01 1.0609188611731383e-03 1.0621010100152035e-03 9.3918997507187339e+02
1.0215797233656225e+00 1.0927608432725975e-03 1.0888506648755343e-03 9.3922198626364991e+02
1.0473393082147555e+00 1.1256778457008790e-03 1.1162738858492432e-03 9.3925424517371130e+02
1.0737484323963782e+00 1.1597061623263658e-03 1.1443876261647910e-03 9.3928675387819908e+02
1.1008234743322280e+00 1.1948833123383460e-03 1.1732092655026422e-03 9.3931951447078347e+02
1.1285812254331957e+00 1.2312480816151943e-03 1.2027566207140803e-03 9.3935252906281062e+02
1.1570389005130290e+00 1.2688405654891874e-03 1.2330479568091514e-03 9.3938579978345388e+02
1.1862141484646234e+00 1.3077022129551086e-03 1.2641019982204873e-03 9.3941932877986676e+02
1.2161250632055185e+00 1.3478758723713814e-03 1.2959379403499275e-03 9.3945311821733480e+02
1.2467901948993942e+00 1.3894058387041261e-03 1.3285754614050262e-03 9.3948717027943167e+02
1.2782285614605162e+00 1.4323379023662248e-03 1.3620347345327142e-03 9.3952148716817226e+02
1.3104596603482759e+00 1.4767193997052498e-03 1.3963364402575606e-03 9.3955607110417338e+02
1.3435034806591317e+00 1.5225992651959174e-03 1.4315017792322757e-03 9.3959092432681041e+02
1.3773805155234564e+00 1.5700280853946189e-03 1.4675524853082788e-03 9.3962604909437641e+02
1.4121117748149750e+00 1.6190581547155134e-03 1.5045108389343496e-03 9.3966144768424601e+02
1.4477187981806761e+00 1.6697435330896850e-03 1.5423996808915908e-03 9.3969712239303658e+02
1.4842236683992807e+00 1.7221401055709342e-03 1.5812424263731322e-03 9.3973307553677216e+02
1.5216490250765482e+00 1.7763056439539288e-03 1.6210630794172053e-03 9.3976930945105153e+02
1.5600180786859172e+00 1.8322998704726502e-03 1.6618862477024608e-03 9.3980582649121186e+02
1.5993546249631863e+00 1.8901845236493694e-03 1.7037371577145861e-03 9.3984262903249999e+02
1.6396830596641632e+00 1.9500234263667548e-03 1.7466416702935428e-03 9.3987971947024198e+02
1.6810283936944357e+00 2.0118825562381740e-03 1.7906262965709549e-03 9.3991710022001348e+02
1.7234162686206451e+00 2.0758301183537707e-03 1.8357182143074172e-03 9.3995477371781453e+02
1.7668729725728838e+00 2.1419366204825274e-03 1.8819452846397526e-03 9.3999274242024319e+02
1.8114254565480790e+00 2.2102749508132401e-03 1.9293360692484839e-03 9.4003100880467173e+02
1.8571013511244727e+00 2.2809204583201029e-03 1.9779198479560425e-03 9.4006957536942411e+02
1.9039289835975668e+00 2.3539510358415337e-03 2.0277266367665120e-03 9.4010844463395597e+02
1.9519373955481556e+00 2.4294472059638245e-03 2.0787872063579558e-03 9.4014761913903567e+02
2.0011563608533458e+00 2.5074922098043233e-03 2.1311331010386765e-03 9.4018710144692511e+02
2.0516164041517335e+00 2.5881720987920294e-03 2.1847966581790145e-03 9.4022689414156514e+02
2.1033488197741854e+00 2.6715758295468087e-03 2.2398110281306007e-03 9.4026699982876096e+02
2.1563856911519714e+00 2.7577953619618272e-03 2.2962101946452707e-03 9.4030742113636859e+02
2.2107599107142808e+00 2.8469257605973648e-03 2.3540289958061465e-03 9.4034816071448597e+02
2.2665052002874613e+00 2.9390652994977862e-03 2.4133031454837217e-03 9.4038922123564066e+02
2.3236561320086371e+00 3.0343155705472571e-03 2.4740692553300802e-03 9.4043060539498401e+02
2.3822481497666699e+00 3.1327815954836614e-03 2.5363648573247279e-03 9.4047231591048501e+02
2.4423175911837660e+00 3.2345719416942338e-03 2.6002284268858561e-03 9.4051435552312512e+02
2.5039017101513585e+00 3.3397988419205838e-03 2.6656994065611720e-03 9.4055672699709680e+02
2.5670386999342392e+00 3.4485783180050848e-03 2.7328182303128189e-03 9.4059943312000189e+02
2.6317677168572753e+00 3.5610303088150883e-03 2.8016263484112527e-03 9.4064247670305258e+02
2.6981289045893964e+00 3.6772788024859900e-03 2.8721662529533130e-03 9.4068586058127471e+02
2.7661634190399087e+00 3.7974519731289722e-03 2.9444815040201109e-03 9.4072958761371069e+02
2.8359134538825876e+00 3.9216823221541507e-03 3.0186167564907485e-03 9.4077366068362812e+02
2.9074222667233660e+00 4.0501068243649430e-03 3.0946177875282800e-03 9.4081808269872636e+02
2.9807342059278552e+00 4.1828670789847474e-03 3.1725315247547333e-03 9.4086285659134694e+02
3.0558947381253323e+00 4.3201094657824447e-03 3.2524060751324378e-03 9.4090798531868541e+02
3.1329504764062550e+00 4.4619853064688710e-03 3.3342907545693273e-03 9.4095347186300398e+02
3.2119492092307858e+00 4.6086510315422125e-03 3.4182361182663193e-03 9.4099931923185000e+02
3.2929399300662601e+00 4.7602683527662830e-03 3.5042939918253609e-03 9.4104553045827038e+02
3.3759728677719756e+00 4.9170044414718573e-03 3.5925175031371417e-03 9.4109210860103201e+02
3.4610995177501480e+00 5.0790321128776636e-03 3.6829611150679866e-03 9.4113905674484442e+02
3.5483726738823487e+00 5.2465300166342349e-03 3.7756806589659205e-03 9.4118637800058139e+02
3.6378464612712391e+00 5.4196828338007475e-03 3.8707333690063844e-03 9.4123407550550678e+02
3.7295763698078992e+00 5.5986814804720123e-03 3.9681779173986013e-03 9.4128215242350359e+02
3.8236192885855695e+00 5.7837233182801290e-03 4.0680744504741247e-03 9.4133061194530046e+02
3.9200335411811551e+00 5.9750123720029129e-03 4.1704846256796092e-03 9.4137945728870488e+02
4.0188789218263654e+00 6.1727595545190243e-03 4.2754716494964222e-03 9.4142869169883681e+02
4.1202167324909249e+00 6.3771828993578221e-03 4.3831003163102714e-03 9.4147831844836298e+02
4.2241098209008561e+00 6.5885078011003670e-03 4.4934370482545864e-03 9.4152834083773644e+02
4.3306226195154078e+00 6.8069672638966161e-03 4.6065499360520073e-03 9.4157876219543391e+02
4.4398211854868039e+00 7.0328021583728377e-03 4.7225087808789147e-03 9.4162958587820037e+02
4.5517732416275996e+00 7.2662614872125060e-03 4.8413851372785914e-03 9.4168081527129038e+02
4.6665482184110365e+00 7.5076026597034832e-03 4.9632523571491935e-03 9.4173245378871638e+02
4.7842172970304713e+00 7.7570917755542413e-03 5.0881856348334127e-03 9.4178450487349699e+02
4.9048534535445514e+00 8.0150039182920064e-03 5.2162620533373616e-03 9.4183697199790652e+02
5.0285315041355432e+00 8.2816234585663707e-03 5.3475606317068738e-03 9.4188985866372923e+02
5.1553281515088560e+00 8.5572443676927325e-03 5.4821623735901524e-03 9.4194316840251292e+02
5.2853220324625685e+00 8.8421705417813662e-03 5.6201503170164114e-03 9.4199690477582828e+02
5.4185937666564197e+00 9.1367161368093742e-03 5.7616095854208594e-03 9.4205107137552739e+02
5.5552260066105541e+00 9.4412059150050954e-03 5.9066274399471900e-03 9.4210567182400644e+02
5.6953034889649876e+00 9.7559756029268006e-03 6.0552933330594669e-03 9.4216070977446850e+02
5.8389130870316182e+00 1.0081372261630533e-02 6.2076989634960861e-03 9.4221618891119363e+02
5.9861438646713516e+00 1.0417754669335214e-02 6.3639383325993851e-03 9.4227211294980589e+02
6.1370871315297633e+00 1.0765493717006939e-02 6.5241078020552091e-03 9.4232848563754396e+02
6.2918364996655516e+00 1.1124972817298647e-02 6.6883061530776181e-03 9.4238531075353774e+02
6.4504879416069070e+00 1.1496588327296045e-02 6.8566346470748758e-03 9.4244259210908444e+02
6.6131398498717928e+00 1.1880749985535876e-02 7.0291970878336588e-03 9.4250033354792527e+02
6.7798930979890581e+00 1.2277881363778434e-02 7.2060998852593742e-03 9.4255853894653046e+02
6.9508511030582278e+00 1.2688420334032391e-02 7.3874521207114782e-03 9.4261721221437961e+02
7.1261198898867582e+00 1.3112819551346914e-02 7.5733656139735260e-03 9.4267635729425137e+02
7.3058081567445514e+00 1.3551546952903367e-02 7.7639549918988252e-03 9.4273597816251163e+02
7.4900273427764921e+00 1.4005086273956894e-02 7.9593377587734646e-03 9.4279607882940525e+02
7.6788916971148211e+00 1.4473937581196758e-02 8.1596343684395781e-03 9.4285666333934910e+02
7.8725183497342162e+00 1.4958617824113537e-02 8.3649682982227403e-03 9.4291773577123297e+02
8.0710273840935010e+00 1.5459661404981024e-02 8.5754661247085476e-03 9.4297930023871618e+02
8.2745419116090630e+00 1.5977620768081409e-02 8.7912576014144844e-03 9.4304136089053145e+02
8.4831881480061373e+00 1.6513067008823309e-02 9.0124757384043453e-03 9.4310392191078768e+02
8.6970954915953307e+00 1.7066590503424309e-02 9.2392568838936366e-03 9.4316698751928254e+02
8.9163966035229230e+00 1.7638801559852278e-02 9.4717408078956924e-03 9.4323056197180961e+02
9.1412274900447041e+00 1.8230331090743145e-02 9.7100707879592841e-03 9.4329464956047389e+02
9.3717275868744050e+00 1.8841831309037209e-02 9.9543936970499930e-03 9.4335925461400620e+02
9.6080398456589862e+00 1.9473976447100780e-02 1.0204860093628634e-02 9.4342438149808527e+02
9.8503108226344356e+00 2.0127463500126206e-02 1.0461624313981654e-02 9.4349003461565815e+02
1.0098690769517129e+01 2.0803012994630016e-02 1.0724844566859596e-02 9.4355621840726644e+02
1.0353333726686929e+01 2.1501369782896126e-02 1.0994683030481046e-02 9.4362293735137348e+02
1.0614397618720089e+01 2.2223303864240689e-02 1.1271305951961214e-02 9.4369019596469673e+02
1.0882044352330905e+01 2.2969611234003342e-02 1.1554883749225364e-02 9.4375799880253896e+02
1.1156439916783174e+01 2.3741114761201790e-02 1.1845591115469198e-02 9.4382635045912912e+02
1.1437754486833397e+01 2.4538665095816443e-02 1.2143607126229394e-02 9.4389525556796161e+02
1.1726162528269919e+01 2.5363141606706576e-02 1.2449115349129718e-02 9.4396471880213892e+02
1.2021842906113106e+01 2.6215453351190944e-02 1.2762303956368896e-02 9.4403474487471658e+02
1.2324978995544026e+01 2.7096540077363129e-02 1.3083365840018910e-02 9.4410533853905713e+02
1.2635758795630039e+01 2.8007373260245536e-02 1.3412498730203453e-02 9.4417650458917808e+02
1.2954375045918246e+01 2.8948957172925692e-02 1.3749905316228475e-02 9.4424824786011163e+02
1.3281025345968676e+01 2.9922329993854715e-02 1.4095793370738081e-02 9.4432057322826279e+02
1.3615912277901771e+01 3.0928564951529940e-02 1.4450375876971415e-02 9.4439348561177201e+02
1.3959243532035742e+01 3.1968771507822749e-02 1.4813871159197363e-02 9.4446698997088004e+02
1.4311232035692152e+01 3.3044096581257398e-02 1.5186503016406529e-02 9.4454109130829977e+02
1.4672096085249150e+01 3.4155725811588503e-02 1.5568500859341214e-02 9.4461579466958631e+02
1.5042059481524733e+01 3.5304884867072686e-02 1.5960099850946818e-02 9.4469110514351541e+02
1.5421351668573513e+01 3.6492840795874448e-02 1.6361541050329432e-02 9.4476702786246108e+02
1.5810207875983545e+01 3.7720903423097793e-02 1.6773071560307228e-02 9.4484356800278033e+02
1.6208869264760995e+01 3.8990426794982276e-02 1.7194944678644658e-02 9.4492073078519888e+02
1.6617583076893588e+01 4.0302810671857592e-02 1.7627420053061536e-02 9.4499852147520016e+02
1.7036602788685133e+01 4.1659502071501139e-02 1.8070763840110287e-02 9.4507694538342241e+02
1.7466188267956685e+01 4.3061996864601826e-02 1.8525248868018315e-02 9.4515600786605182e+02
1.7906605935211349e+01 4.4511841424087623e-02 1.8991154803593233e-02 9.4523571432522806e+02
1.8358128928863202e+01 4.6010634330137183e-02 1.9468768323292848e-02 9.4531607020944591e+02
1.8821037274632232e+01 4.7560028132753486e-02 1.9958383288562628e-02 9.4539708101396388e+02
1.9295618059210980e+01 4.9161731173845064e-02 2.0460300925547410e-02 9.4547875228121859e+02
1.9782165608309903e+01 5.0817509470821427e-02 2.0974830009285472e-02 9.4556108960123845e+02
2.0280981669192595e+01 5.2529188663782034e-02 2.1502287052496943e-02 9.4564409861206639e+02
2.0792375597813368e+01 5.4298656028443276e-02 2.2042996499080141e-02 9.4572778500018126e+02
2.1316664550673913e+01 5.6127862557025225e-02 2.2597290922433413e-02 9.4581215450092486e+02
2.1854173681517395e+01 5.8018825109390347e-02 2.3165511228721559e-02 9.4589721289893839e+02
2.2405236342982601e+01 5.9973628636808038e-02 2.3748006865210711e-02 9.4598296602859261e+02
2.2970194293342551e+01 6.1994428480794846e-02 2.4345136033796368e-02 9.4606941977443194e+02
2.3549397908456466e+01 6.4083452749567255e-02 2.4957265909854684e-02 9.4615658007161596e+02
2.4143206399065825e+01 6.6243004774724792e-02 2.5584772866548179e-02 9.4624445290636731e+02
2.4751988033570036e+01 6.8475465650874839e-02 2.6228042704722114e-02 9.4633304431642614e+02
2.5376120366419073e+01 7.0783296860996617e-02 2.6887470888529615e-02 9.4642236039150475e+02
2.6015990472265571e+01 7.3169042990441704e-02 2.7563462786928387e-02 9.4651240727375000e+02
2.6671995186020741e+01 7.5635334532560813e-02 2.8256433921194139e-02 9.4660319115820414e+02
2.7344541348963801e+01 7.8184890789052927e-02 2.8966810218600435e-02 9.4669471829328040e+02
2.8034046061056788e+01 8.0820522868232228e-02 2.9695028272417663e-02 9.4678699498123126e+02
2.8740936939621978e+01 8.3545136784520982e-02 3.0441535608388238e-02 9.4688002757863001e+02
2.9465652384541581e+01 8.6361736662583399e-02 3.1206790957838113e-02 9.4697382249685222e+02
3.0208641850144961e+01 8.9273428049636047e-02 3.1991264537589943e-02 9.4706838620256326e+02
3.0970366123951209e+01 9.2283421339583976e-02 3.2795438336845659e-02 9.4716372521820881e+02
3.1751297612440752e+01 9.5395035312761001e-02 3.3619806411212115e-02 9.4725984612251443e+02
3.2551920634032385e+01 9.8611700795173840e-02 3.4464875184046180e-02 9.4735675555098248e+02
3.3372731719448289e+01 1.0193696444128818e-01 3.5331163755301244e-02 9.4745446019640065e+02
3.4214239919652449e+01 1.0537449264452388e-01 3.6219204218060422e-02 9.4755296680935260e+02
3.5076967121554304e+01 1.0892807557977463e-01 3.7129541982947711e-02 9.4765228219873325e+02
3.5961448371672581e+01 1.1260163138240573e-01 3.8062736110611541e-02 9.4775241323226555e+02
3.6868232207960901e+01 1.1639921046834123e-01 3.9019359652481080e-02 9.4785336683703224e+02
3.7797880999999997e+01 1.2032500000000000e-01 4.0000000000000001e-02 9.4795697500000006e+02
4.2956910999999998e+01 1.5465200000000001e-01 4.5440000000000001e-02 9.4875980200000004e+02
4.8120327000000003e+01 1.9374800000000000e-01 5.0880000000000002e-02 9.4957089399999995e+02
5.3288170000000001e+01 2.3768700000000001e-01 5.6320000000000002e-02 9.5038988900000004e+02
5.8460486000000003e+01 2.8663400000000000e-01 6.1760000000000002e-02 9.5121811200000002e+02
6.3637332000000001e+01 3.4087499999999998e-01 6.7199999999999996e-02 9.5205843900000002e+02
6.8818785000000005e+01 4.0083500000000000e-01 7.2639999999999996e-02 9.5291504799999996e+02
7.4004946000000004e+01 4.6708200000000000e-01 7.8079999999999997e-02 9.5379312600000003e+02
7.9195948000000001e+01 5.4032999999999998e-01 8.3519999999999997e-02 9.5469859599999995e+02
8.4391957000000005e+01 6.2143099999999996e-01 8.8959999999999997e-02 9.5563788299999999e+02
8.9593176000000000e+01 7.1136900000000003e-01 9.4399999999999998e-02 9.5661770799999999e+02
9.4799841999999998e+01 8.1125199999999997e-01 9.9839999999999998e-02 9.5764492399999995e+02
1.0001223200000000e+02 9.2229700000000003e-01 1.0528000000000000e-01 9.5872639200000003e+02
1.0523066100000000e+02 1.0458270000000001e+00 1.1072000000000000e-01 9.5986887300000001e+02
1.1045546899999999e+02 1.1823120000000000e+00 1.1616000000000000e-01 9.6107079399999998e+02
1.1568691200000001e+02 1.3303600000000000e+00 1.2160000000000000e-01 9.6231483700000001e+02
1.2092529100000000e+02 1.4935959999999999e+00 1.2703999999999999e-01 9.6362648100000001e+02
1.2617100900000000e+02 1.6743150000000000e+00 1.3247999999999999e-01 9.6501776500000005e+02
1.3142452200000000e+02 1.8745030000000000e+00 1.3791999999999999e-01 9.6649698100000001e+02
1.3668632700000001e+02 2.0960529999999999e+00 1.4335999999999999e-01 9.6807078700000000e+02
1.4195695599999999e+02 2.3408169999999999e+00 1.4879999999999999e-01 9.6974482200000000e+02
1.4723696600000000e+02 2.6106270000000000e+00 1.5423999999999999e-01 9.7152397499999995e+02
1.5252694099999999e+02 2.9072990000000001e+00 1.5967999999999999e-01 9.7341253700000004e+02
1.5782748699999999e+02 3.2326380000000001e+00 1.6511999999999999e-01 9.7541429300000004e+02
1.6313923000000000e+02 3.5884360000000002e+00 1.7055999999999999e-01 9.7753258700000004e+02
1.6846281099999999e+02 3.9764750000000002e+00 1.7599999999999999e-01 9.7977037600000006e+02
1.7379888700000001e+02 4.3985180000000001e+00 1.8143999999999999e-01 9.8213026500000001e+02
1.7914813000000001e+02 4.8563169999999998e+00 1.8687999999999999e-01 9.8461454500000002e+02
1.8451122200000000e+02 5.3516040000000000e+00 1.9231999999999999e-01 9.8722521500000005e+02
1.8988885500000001e+02 5.8860919999999997e+00 1.9775999999999999e-01 9.8996401700000001e+02
1.9528173100000001e+02 6.4614760000000002e+00 2.0319999999999999e-01 9.9283244700000000e+02
2.0069055800000001e+02 7.0794300000000003e+00 2.0863999999999999e-01 9.9583178199999998e+02
2.0611605299999999e+02 7.7416029999999996e+00 2.1407999999999999e-01 9.9896309499999995e+02
2.1155893499999999e+02 8.4496219999999997e+00 2.1951999999999999e-01 1.0022272660000000e+03
2.1701992899999999e+02 9.2050879999999999e+00 2.2495999999999999e-01 1.0056250000000000e+03
2.2249976500000000e+02 1.0009579000000000e+01 2.3039999999999999e-01 1.0091568360000000e+03
2.2799917199999999e+02 1.0864639000000000e+01 2.3583999999999999e-01 1.0128231520000001e+03
2.3351888400000001e+02 1.1771788000000001e+01 2.4127999999999999e-01 1.0166241770000000e+03
2.3905963299999999e+02 1.2732510000000000e+01 2.4671999999999999e-01 1.0205599950000000e+03
2.4462215399999999e+02 1.3748257000000001e+01 2.5216000000000000e-01 1.0246305490000000e+03
2.5020717800000000e+02 1.4820444999999999e+01 2.5760000000000000e-01 1.0288356440000000e+03
2.5581543800000000e+02 1.5950452000000000e+01 2.6304000000000000e-01 1.0331749490000000e+03
2.6144766299999998e+02 1.7139614000000002e+01 2.6848000000000000e-01 1.0376479990000000e+03
2.6710457900000000e+02 1.8389223999999999e+01 2.7392000000000000e-01 1.0422541980000001e+03
2.7278690899999998e+02 1.9700527000000001e+01 2.7936000000000000e-01 1.0469928140000000e+03
2.7849536999999998e+02 2.1074721000000000e+01 2.8480000000000000e-01 1.0518629850000000e+03
2.8423067800000001e+02 2.2512951000000001e+01 2.9024000000000000e-01 1.0568637180000001e+03
2.8999353900000000e+02 2.4016307000000001e+01 2.9568000000000000e-01 1.0619938890000001e+03
2.9578465499999999e+02 2.5585825000000000e+01 3.0112000000000000e-01 1.0672522440000000e+03
3.0160471899999999e+02 2.7222477000000001e+01 3.0656000000000000e-01 1.0726374020000001e+03
3.0745441699999998e+02 2.8927178000000001e+01 3.1200000000000000e-01 1.0781478569999999e+03
3.1333442800000000e+02 3.0700776999999999e+01 3.1744000000000000e-01 1.0837819810000001e+03
3.1924542000000002e+02 3.2544060999999999e+01 3.2288000000000000e-01 1.0895380270000001e+03
3.2518805099999997e+02 3.4457749999999997e+01 3.2832000000000000e-01 1.0954141340000001e+03
3.3116296899999998e+02 3.6442498000000001e+01 3.3376000000000000e-01 1.1014083320000000e+03
3.3717081200000001e+02 3.8498891999999998e+01 3.3920000000000000e-01 1.1075185509999999e+03
3.4321220599999998e+02 4.0627451999999998e+01 3.4464000000000000e-01 1.1137426210000001e+03
3.4928776399999998e+02 4.2828633000000004e+01 3.5008000000000000e-01 1.1200782859999999e+03
3.5539808599999998e+02 4.5102825000000003e+01 3.5552000000000000e-01 1.1265232090000000e+03
3.6154376200000002e+02 4.7450350999999998e+01 3.6096000000000000e-01 1.1330749790000000e+03
3.6772522700000002e+02 4.9798403999999998e+01 3.6640000000000000e-01 1.1395313100000001e+03
3.7393913900000001e+02 5.1837594000000003e+01 3.7184000000000000e-01 1.1450553570000000e+03
3.8018219199999999e+02 5.3797882000000001e+01 3.7728000000000000e-01 1.1502882079999999e+03
3.8645329299999997e+02 5.5732737000000000e+01 3.8272000000000000e-01 1.1553791289999999e+03
3.9275183600000003e+02 5.7661802999999999e+01 3.8816000000000001e-01 1.1603831370000000e+03
3.9907743399999998e+02 5.9595399000000000e+01 3.9360000000000001e-01 1.1653290700000000e+03
4.0542982200000000e+02 6.1539858000000002e+01 3.9904000000000001e-01 1.1702345069999999e+03
4.1180841900000001e+02 6.3375934999999998e+01 4.0448000000000001e-01 1.1748048380000000e+03
4.1821024299999999e+02 6.5049006000000006e+01 4.0992000000000001e-01 1.1789128720000001e+03
4.2463420900000000e+02 6.6717973999999998e+01 4.1536000000000001e-01 1.1829567310000000e+03
4.3108010300000001e+02 6.8399508999999995e+01 4.2080000000000001e-01 1.1869780069999999e+03
4.3754784999999998e+02 7.0099890000000002e+01 4.2624000000000001e-01 1.1909921200000001e+03
4.4403743300000002e+02 7.1822445000000002e+01 4.3168000000000001e-01 1.1950070169999999e+03
4.5054887200000002e+02 7.3569249999999997e+01 4.3712000000000001e-01 1.1990274560000000e+03
4.5708220399999999e+02 7.5341729999999998e+01 4.4256000000000001e-01 1.2030565409999999e+03
4.6363748399999997e+02 7.7140933000000004e+01 4.4800000000000001e-01 1.2070964160000001e+03
4.7021477499999997e+02 7.8967667000000006e+01 4.5344000000000001e-01 1.2111486130000001e+03
4.7681414599999999e+02 8.0822577999999993e+01 4.5888000000000001e-01 1.2152142580000000e+03
4.8343567300000001e+02 8.2706199999999995e+01 4.6432000000000001e-01 1.2192941870000000e+03
4.9007943599999999e+02 8.4618979999999993e+01 4.6976000000000001e-01 1.2233890249999999e+03
4.9674551700000001e+02 8.6561301000000000e+01 4.7520000000000001e-01 1.2274992420000001e+03
5.0343400200000002e+02 8.8533496999999997e+01 4.8064000000000001e-01 1.2316251850000001e+03
5.1014497499999999e+02 9.0535860000000000e+01 4.8608000000000001e-01 1.2357671060000000e+03
5.1687852599999997e+02 9.2568650000000005e+01 4.9152000000000001e-01 1.2399251800000000e+03
5.2363474099999996e+02 9.4632099999999994e+01 4.9696000000000001e-01 1.2440995210000001e+03
5.3041371000000004e+02 9.6726416000000000e+01 5.0239999999999996e-01 1.2482901919999999e+03
5.3721552199999996e+02 9.8851788999999997e+01 5.0783999999999996e-01 1.2524972150000001e+03
5.4404026499999998e+02 1.0100838700000000e+02 5.1327999999999996e-01 1.2567205739999999e+03
5.5088802899999996e+02 1.0319636700000000e+02 5.1871999999999996e-01 1.2609602270000000e+03
5.5775890100000004e+02 1.0541586900000000e+02 5.2415999999999996e-01 1.2652161030000000e+03
5.6465297099999998e+02 1.0766702100000001e+02 5.2959999999999996e-01 1.2694881109999999e+03
5.7157032500000003e+02 1.0994994300000000e+02 5.3503999999999996e-01 1.2737761439999999e+03
5.7851104999999995e+02 1.1226473900000001e+02 5.4047999999999996e-01 1.2780800750000001e+03
5.8547523300000000e+02 1.1461150900000000e+02 5.4591999999999996e-01 1.2823997670000001e+03
5.9246295799999996e+02 1.1699034000000000e+02 5.5135999999999996e-01 1.2867350680000000e+03
5.9947431099999994e+02 1.1940131500000000e+02 5.5679999999999996e-01 1.2910858180000000e+03
6.0650937499999998e+02 1.2184450600000000e+02 5.6223999999999996e-01 1.2954518490000000e+03
6.1356823199999997e+02 1.2431997900000000e+02 5.6767999999999996e-01 1.2998329839999999e+03
6.2065096500000004e+02 1.2682779600000001e+02 5.7311999999999996e-01 1.3042290390000001e+03
6.2775765300000000e+02 1.2936801000000000e+02 5.7855999999999996e-01 1.3086398280000001e+03
6.3488837799999999e+02 1.3194066799999999e+02 5.8399999999999996e-01 1.3130651559999999e+03
6.4204321600000003e+02 1.3454581500000000e+02 5.8943999999999996e-01 1.3175048270000000e+03
6.4922224600000004e+02 1.3718348700000001e+02 5.9487999999999996e-01 1.3219586420000001e+03
6.5642554500000006e+02 1.3985371699999999e+02 6.0031999999999996e-01 1.3264263980000001e+03
6.6365318600000001e+02 1.4255653500000000e+02 6.0575999999999997e-01 1.3309078919999999e+03
6.7090524500000004e+02 1.4529196500000000e+02 6.1119999999999997e-01 1.3354029169999999e+03
6.7818179499999997e+02 1.4806002599999999e+02 6.1663999999999997e-01 1.3399112670000000e+03
6.8548290799999995e+02 1.5086073600000000e+02 6.2207999999999997e-01 1.3444327350000001e+03
6.9280865300000005e+02 1.5369410700000000e+02 6.2751999999999997e-01 1.3489671120000000e+03
7.0015910199999996e+02 1.5656014900000000e+02 6.3295999999999997e-01 1.3535141910000000e+03
7.0753432299999997e+02 1.5945886800000000e+02 6.3839999999999997e-01 1.3580737660000000e+03
7.1493438200000003e+02 1.6239026799999999e+02 6.4383999999999997e-01 1.3626456280000000e+03
7.2235934699999996e+02 1.6535434900000001e+02 6.4927999999999997e-01 1.3672295730000001e+03
7.2980928200000005e+02 1.6835110900000001e+02 6.5471999999999997e-01 1.3718253950000001e+03
7.3728425200000004e+02 1.7138054399999999e+02 6.6015999999999997e-01 1.3764328909999999e+03
7.4478431899999998e+02 1.7444264600000000e+02 6.6559999999999997e-01 1.3810518569999999e+03
7.5230954499999996e+02 1.7753740700000000e+02 6.7103999999999997e-01 1.3856820949999999e+03
7.5985999200000003e+02 1.8066481300000001e+02 6.7647999999999997e-01 1.3903234040000000e+03
7.6743571899999995e+02 1.8382485299999999e+02 6.8191999999999997e-01 1.3949755880000000e+03
7.7503678300000001e+02 1.8701751100000001e+02 6.8735999999999997e-01 1.3996384499999999e+03
7.8266324399999996e+02 1.9024276900000001e+02 6.9279999999999997e-01 1.4043117990000001e+03
7.9031515800000000e+02 1.9350060800000000e+02 6.9823999999999997e-01 1.4089954419999999e+03
7.9799257899999998e+02 1.9679100900000000e+02 7.0367999999999997e-01 1.4136891900000001e+03
8.0569556299999999e+02 2.0011394899999999e+02 7.0911999999999997e-01 1.4183928579999999e+03
8.1342416200000002e+02 2.0346940499999999e+02 7.1455999999999997e-01 1.4231062609999999e+03
8.2117843000000005e+02 2.0685735299999999e+02 7.1999999999999997e-01 1.4278292160000001e+03
8.2895841800000005e+02 2.1027776499999999e+02 7.2543999999999997e-01 1.4325615439999999e+03
8.3676417600000002e+02 2.1373061700000000e+02 7.3087999999999997e-01 1.4373030679999999e+03
8.4459575500000005e+02 2.1721587900000000e+02 7.3631999999999997e-01 1.4420536139999999e+03
8.5245320100000004e+02 2.2073352199999999e+02 7.4175999999999997e-01 1.4468130090000000e+03
8.6033656399999995e+02 2.2428351699999999e+02 7.4719999999999998e-01 1.4515810830000000e+03
8.6824589000000003e+02 2.2786583300000001e+02 7.5263999999999998e-01 1.4563576710000000e+03
8.7618122400000004e+02 2.3148043799999999e+02 7.5807999999999998e-01 1.4611426059999999e+03
8.8414261199999999e+02 2.3512729899999999e+02 7.6351999999999998e-01 1.4659357279999999e+03
8.9213009799999998e+02 2.3880638400000001e+02 7.6895999999999998e-01 1.4707368759999999e+03
9.0014372500000002e+02 2.4251765900000001e+02 7.7439999999999998e-01 1.4755458950000000e+03
9.0818353600000000e+02 2.4626108900000000e+02 7.7983999999999998e-01 1.4803626290000000e+03
9.1624957099999995e+02 2.5003664100000000e+02 7.8527999999999998e-01 1.4851869280000001e+03
9.2434187199999997e+02 2.5384427900000000e+02 7.9071999999999998e-01 1.4900186409999999e+03
9.3246047899999996e+02 2.5768396700000000e+02 7.9615999999999998e-01 1.4948576230000001e+03
9.4060543099999995e+02 2.6155566900000002e+02 8.0159999999999998e-01 1.4997037300000000e+03
9.4877676499999995e+02 2.6545934799999998e+02 8.0703999999999998e-01 1.5045568189999999e+03
9.5697452099999998e+02 2.6939497000000000e+02 8.1247999999999998e-01 1.5094167520000001e+03
9.6519873399999994e+02 2.7336249500000002e+02 8.1791999999999998e-01 1.5142833929999999e+03
9.7344944099999998e+02 2.7736188900000002e+02 8.2335999999999998e-01 1.5191566060000000e+03
9.8172667600000000e+02 2.8139311199999997e+02 8.2879999999999998e-01 1.5240362620000001e+03
9.9003047600000002e+02 2.8545612799999998e+02 8.3423999999999998e-01 1.5289222290000000e+03
9.9836087299999997e+02 2.8955090000000001e+02 8.3967999999999998e-01 1.5338143829999999e+03
1.0067179020000000e+03 2.9367739100000000e+02 8.4511999999999998e-01 1.5387125980000001e+03
1.0151015940000000e+03 2.9783556199999998e+02 8.5055999999999998e-01 1.5436167539999999e+03
1.0235119820000000e+03 3.0202537799999999e+02 8.5599999999999998e-01 1.5485267289999999e+03
1.0319490969999999e+03 3.0624679900000001e+02 8.6143999999999998e-01 1.5534424079999999e+03
1.0404129690000000e+03 3.1049979100000002e+02 8.6687999999999998e-01 1.5583636759999999e+03
1.0489036300000000e+03 3.1478431599999999e+02 8.7231999999999998e-01 1.5632904200000000e+03
1.0574211069999999e+03 3.1910033700000002e+02 8.7775999999999998e-01 1.5682225320000000e+03
1.0659654310000001e+03 3.2344781899999998e+02 8.8319999999999999e-01 1.5731599040000001e+03
1.0745366289999999e+03 3.2782672700000001e+02 8.8863999999999999e-01 1.5781024310000000e+03
1.0831347300000000e+03 3.3223702500000002e+02 8.9407999999999999e-01 1.5830500110000000e+03
1.0917597599999999e+03 3.3667867899999999e+02 8.9951999999999999e-01 1.5880025450000001e+03
1.1004117460000000e+03 3.4115165500000001e+02 9.0495999999999999e-01 1.5929599360000000e+03
1.1090907150000000e+03 3.4565592199999998e+02 9.1039999999999999e-01 1.5979220889999999e+03
1.1177966910000000e+03 3.5019144799999998e+02 9.1583999999999999e-01 1.6028889150000000e+03
1.1265297000000000e+03 3.5475820299999998e+02 9.2127999999999999e-01 1.6078603250000001e+03
1.1352897680000001e+03 3.5935615899999999e+02 9.2671999999999999e-01 1.6128362340000001e+03
1.1440769170000001e+03 3.6398529000000002e+02 9.3215999999999999e-01 1.6178165620000000e+03
1.1528911720000001e+03 3.6864557300000001e+02 9.3759999999999999e-01 1.6228012329999999e+03
1.1617325570000000e+03 3.7333698800000002e+02 9.4303999999999999e-01 1.6277901760000000e+03
1.1706010930000000e+03 3.7805952100000002e+02 9.4847999999999999e-01 1.6327833260000000e+03
1.1794968050000000e+03 3.8281316199999998e+02 9.5391999999999999e-01 1.6377806250000001e+03
1.1884197140000001e+03 3.8759791200000001e+02 9.5935999999999999e-01 1.6427820260000001e+03
1.1973698429999999e+03 3.9241378400000002e+02 9.6479999999999999e-01 1.6477874959999999e+03
1.2063472139999999e+03 3.9726081199999999e+02 9.7023999999999999e-01 1.6527970270000001e+03
1.2153518489999999e+03 4.0213907200000000e+02 9.7567999999999999e-01 1.6578106490000000e+03
1.2243837699999999e+03 4.0704872699999999e+02 9.8111999999999999e-01 1.6628284839999999e+03
1.2334430010000001e+03 4.1199032399999999e+02 9.8655999999999999e-01 1.6678510400000000e+03
1.2425295699999999e+03 4.1696416799999997e+02 9.9199999999999999e-01 1.6728785760000001e+03
1.2516434979999999e+03 4.2196816400000000e+02 9.9743999999999999e-01 1.6779089300000001e+03
1.2607847999999999e+03 4.2700226600000002e+02 1.0028800000000000e+00 1.6829420259999999e+03
1.2699534900000001e+03 4.3206642900000003e+02 1.0083200000000001e+00 1.6879777879999999e+03
1.2791495820000000e+03 4.3716060700000003e+02 1.0137600000000000e+00 1.6930161430000001e+03
1.2883730909999999e+03 4.4228475400000002e+02 1.0192000000000001e+00 1.6980570190000001e+03
1.2976240299999999e+03 4.4743882600000001e+02 1.0246400000000000e+00 1.7031003440000000e+03
1.3069024119999999e+03 4.5262277799999998e+02 1.0300800000000001e+00 1.7081460500000001e+03
1.3162082490000000e+03 4.5783656600000000e+02 1.0355200000000000e+00 1.7131940680000000e+03
1.3255415550000000e+03 4.6308014600000001e+02 1.0409600000000001e+00 1.7182443310000001e+03
1.3349023410000000e+03 4.6835347400000001e+02 1.0464000000000000e+00 1.7232967750000000e+03
1.3442906200000000e+03 4.7365650699999998e+02 1.0518400000000001e+00 1.7283513350000001e+03
1.3537064009999999e+03 4.7898920099999998e+02 1.0572800000000000e+00 1.7334079489999999e+03
1.3631496970000001e+03 4.8435151400000001e+02 1.0627200000000001e+00 1.7384665550000000e+03
1.3726205170000001e+03 4.8974340400000000e+02 1.0681600000000000e+00 1.7435270929999999e+03
1.3821188729999999e+03 4.9516482700000000e+02 1.0736000000000001e+00 1.7485895029999999e+03
1.3916447740000001e+03 5.0061574100000001e+02 1.0790400000000000e+00 1.7536537290000001e+03
1.4011982300000000e+03 5.0609610600000002e+02 1.0844800000000001e+00 1.7587197120000001e+03
1.4107792509999999e+03 5.1160588000000001e+02 1.0899200000000000e+00 1.7637873970000001e+03
1.4203878450000000e+03 5.1714502100000004e+02 1.0953599999999999e+00 1.7688567300000000e+03
1.4300240209999999e+03 5.2271348899999998e+02 1.1008000000000000e+00 1.7739276560000001e+03
1.4396877880000000e+03 5.2831124299999999e+02 1.1062399999999999e+00 1.7790001250000000e+03
1.4493791550000001e+03 5.3393824300000006e+02 1.1116800000000000e+00 1.7840740830000000e+03
1.4590981280000001e+03 5.3959444900000005e+02 1.1171199999999999e+00 1.7891494809999999e+03
1.4688447160000001e+03 5.4527982099999997e+02 1.1225600000000000e+00 1.7942262690000000e+03
1.4786189260000001e+03 5.5099431900000002e+02 1.1279999999999999e+00 1.7993043980000000e+03
1.4884207650000001e+03 5.5673790399999996e+02 1.1334400000000000e+00 1.8043838209999999e+03
1.4982502410000000e+03 5.6251053800000000e+02 1.1388799999999999e+00 1.8094644920000001e+03
1.5081073590000001e+03 5.6831218100000001e+02 1.1443200000000000e+00 1.8145463640000000e+03
1.5179921270000000e+03 5.7414279599999998e+02 1.1497599999999999e+00 1.8196293920000001e+03
1.5279045500000000e+03 5.8000234300000000e+02 1.1552000000000000e+00 1.8247135330000001e+03
1.5378446340000000e+03 5.8589078600000005e+02 1.1606399999999999e+00 1.8297987430000001e+03
1.5478123849999999e+03 5.9180808600000000e+02 1.1660800000000000e+00 1.8348849789999999e+03
1.5578078089999999e+03 5.9775420499999996e+02 1.1715199999999999e+00 1.8399722010000000e+03
1.5678309110000000e+03 6.0372910800000000e+02 1.1769600000000000e+00 1.8450603670000000e+03
1.5778816950000000e+03 6.0973275599999999e+02 1.1823999999999999e+00 1.8501494370000000e+03
1.5879601670000000e+03 6.1576511300000004e+02 1.1878400000000000e+00 1.8552393729999999e+03
1.5980663310000000e+03 6.2182614200000000e+02 1.1932799999999999e+00 1.8603301340000000e+03
1.6082000169999999e+03 6.2781970400000000e+02 1.1987200000000000e+00 1.8653413680000001e+03
1.6183607999999999e+03 6.3377828499999998e+02 1.2041599999999999e+00 1.8703007749999999e+03
1.6285484879999999e+03 6.3973275500000000e+02 1.2096000000000000e+00 1.8752344180000000e+03
1.6387629660000000e+03 6.4569237099999998e+02 1.2150399999999999e+00 1.8801501659999999e+03
1.6490041470000001e+03 6.5166200700000002e+02 1.2204800000000000e+00 1.8850521830000000e+03
1.6592719649999999e+03 6.5764471000000003e+02 1.2259199999999999e+00 1.8899430809999999e+03
1.6695663649999999e+03 6.6364257299999997e+02 1.2313600000000000e+00 1.8948246630000001e+03
1.6798872990000000e+03 6.6965712499999995e+02 1.2367999999999999e+00 1.8996982499999999e+03
1.6902347259999999e+03 6.7568953299999998e+02 1.2422400000000000e+00 1.9045648540000000e+03
1.7006086120000000e+03 6.8174071200000003e+02 1.2476799999999999e+00 1.9094252710000001e+03
1.7110089230000001e+03 6.8781140300000004e+02 1.2531200000000000e+00 1.9142801460000001e+03
1.7214356319999999e+03 6.9390221299999996e+02 1.2585599999999999e+00 1.9191300120000001e+03
1.7318887119999999e+03 7.0001365099999998e+02 1.2640000000000000e+00 1.9239753149999999e+03
1.7423681400000000e+03 7.0614614500000005e+02 1.2694399999999999e+00 1.9288164340000001e+03
1.7528738930000000e+03 7.1230006500000002e+02 1.2748800000000000e+00 1.9336536930000000e+03
1.7634059520000001e+03 7.1847572900000000e+02 1.2803199999999999e+00 1.9384873740000000e+03
1.7739642970000000e+03 7.2467341399999998e+02 1.2857600000000000e+00 1.9433177250000001e+03
1.7845489110000001e+03 7.3089336400000002e+02 1.2911999999999999e+00 1.9481449620000001e+03
1.7951597780000000e+03 7.3713579400000003e+02 1.2966400000000000e+00 1.9529692780000000e+03
1.8057968820000001e+03 7.4340089599999999e+02 1.3020799999999999e+00 1.9577908450000000e+03
1.8164602090000001e+03 7.4968883900000003e+02 1.3075200000000000e+00 1.9626098159999999e+03
1.8271497449999999e+03 7.5599977799999999e+02 1.3129599999999999e+00 1.9674263300000000e+03
1.8378654759999999e+03 7.6233385099999998e+02 1.3184000000000000e+00 1.9722405120000001e+03
1.8486073919999999e+03 7.6869118100000003e+02 1.3238399999999999e+00 1.9770524760000001e+03
1.8593754779999999e+03 7.7507188199999996e+02 1.3292800000000000e+00 1.9818623250000001e+03
1.8701697260000001e+03 7.8147605699999997e+02 1.3347199999999999e+00 1.9866701519999999e+03
1.8809901230000000e+03 7.8790379900000005e+02 1.3401600000000000e+00 1.9914760460000000e+03
1.8918366590000001e+03 7.9435519299999999e+02 1.3455999999999999e+00 1.9962800840000000e+03
1.9027093250000000e+03 8.0083031900000003e+02 1.3510400000000000e+00 2.0010823410000000e+03
1.9136081110000000e+03 8.0732924600000001e+02 1.3564799999999999e+00 2.0058828830000000e+03
1.9245330080000001e+03 8.1385204299999998e+02 1.3619200000000000e+00 2.0106817719999999e+03
1.9354840070000000e+03 8.2039876800000002e+02 1.3673599999999999e+00 2.0154790660000001e+03
1.9464610990000001e+03 8.2696947899999998e+02 1.3728000000000000e+00 2.0202748190000000e+03
1.9574642759999999e+03 8.3356422499999996e+02 1.3782399999999999e+00 2.0250690800000000e+03
1.9684935300000000e+03 8.4018305599999997e+02 1.3836800000000000e+00 2.0298618950000000e+03
1.9795488539999999e+03 8.4682601399999999e+02 1.3891199999999999e+00 2.0346533070000000e+03
1.9906302400000000e+03 8.5349314000000004e+02 1.3945600000000000e+00 2.0394433560000000e+03
2.0017376800000000e+03 8.6018447100000003e+02 1.3999999999999999e+00 2.0442320790000001e+03
