# epsilon[MeV/fm^3] P[MeV/fm^3] nB[fm^-3] muB[MeV]
4.3514892049562272e-07 9.0000000794219998e-12 4.6796200000000002e-10 9.2990010724260003e+02
5.4394952759824855e-07 1.2854500250148002e-11 5.8496400000000005e-10 9.2990743275720001e+02
6.8239664606092796e-07 1.8414700022552000e-11 7.3384599999999997e-10 9.2991587774760001e+02
8.5763463874259032e-07 2.6380199998860002e-11 9.2229000000000003e-10 9.2992551188760001e+02
1.0799253715994732e-06 3.7791099667920001e-11 1.1613300000000000e-09 9.2993648532329996e+02
1.3625442882637764e-06 5.4137899979800000e-11 1.4652400000000000e-09 9.2994894782519998e+02
1.7226605254650248e-06 7.7555599791040007e-11 1.8524800000000000e-09 9.2996308925910000e+02
2.1826057027272589e-06 1.1110299984364001e-10 2.3470600000000000e-09 9.2997909967860005e+02
2.7713348204539073e-06 1.5916099965360000e-10 2.9801100000000000e-09 9.2999716876169998e+02
3.5266032513682487e-06 2.2800800111288001e-10 3.7922200000000000e-09 9.3001754656409992e+02
4.4975537964996660e-06 3.2663399940042002e-10 4.8362200000000001e-09 9.3004045271789994e+02
4.5807460305493105e-06 3.3555999792714001e-10 4.9256699999999996e-09 9.3004228160820003e+02
4.7281205653478515e-06 3.3656599963290001e-10 5.0841300000000003e-09 9.3004248152130003e+02
6.5759177435918250e-06 5.4515600232911993e-10 7.0708799999999999e-09 9.3007696075620004e+02
9.1998724984833464e-06 8.8567000200420000e-10 9.8920399999999997e-09 9.3011730648750006e+02
1.2918168885426129e-05 1.4388700552640002e-09 1.3889600000000001e-08 9.3016406831190000e+02
1.8201380444258739e-05 2.3376200076990001e-09 1.9569300000000001e-08 9.3021808578930006e+02
2.5725895950178280e-05 3.7977398937599994e-09 2.7657999999999999e-08 9.3028025838780002e+02
3.6463989818522291e-05 6.1698799253159997e-09 3.9200400000000002e-08 9.3035162548649998e+02
5.1813630126296458e-05 1.0023700173792000e-08 5.5698400000000002e-08 9.3043332628019994e+02
7.3785560512054020e-05 1.6284700005120000e-08 7.9311899999999997e-08 9.3052664006250006e+02
1.0527189036420272e-04 2.6456400399219999e-08 1.1314700000000000e-07 9.3063298613190000e+02
1.5043483705694415e-04 4.2981499428689995e-08 1.6167299999999999e-07 9.3075400323120004e+02
1.5143539825673478e-04 4.3369399516159995e-08 1.6274800000000000e-07 9.3075639185940008e+02
1.5666718390755263e-04 4.3499599327679997e-08 1.6836899999999999e-07 9.3075719132400002e+02
1.8247319946392853e-04 5.3487099479700000e-08 1.9609400000000001e-07 9.3081203831400001e+02
2.1304949570856091e-04 6.5965099669560007e-08 2.2894200000000001e-07 9.3087079295249998e+02
2.4880173202308656e-04 8.1354199584480006e-08 2.6734800000000002e-07 9.3093285559410003e+02
2.9061049213158235e-04 1.0033299847065000e-07 3.1225699999999999e-07 9.3099838615049998e+02
3.3950651358852186e-04 1.2374000051775000e-07 3.6477499999999998e-07 9.3106758453479995e+02
3.9669496520679297e-04 1.5260700009555001e-07 4.2619500000000001e-07 9.3114063056550003e+02
4.6358813252914599e-04 1.8820900209407997e-07 4.9803199999999997e-07 9.3121772415570001e+02
5.4183717856390442e-04 2.3211699768180001e-07 5.8205699999999998e-07 9.3129908512530005e+02
6.3337419989345891e-04 2.8626699988691999e-07 6.8034199999999997e-07 9.3138494352930002e+02
7.4046361643000222e-04 3.5305100162730003e-07 7.9531500000000002e-07 9.3147551899979999e+02
7.4543957324912111e-04 3.5623800038969997e-07 8.0065699999999999e-07 9.3147951660449996e+02
7.7046470619140960e-04 3.5730600246279002e-07 8.2752300000000002e-07 9.3148080575760002e+02
7.7218701201869997e-04 3.5837800248323999e-07 8.2937200000000002e-07 9.3148210505190002e+02
7.7564281539113634e-04 3.6053199741144001e-07 8.3308200000000005e-07 9.3148469349929996e+02
7.7911352986319152e-04 3.6269800105895999e-07 8.3680799999999998e-07 9.3148728185280004e+02
7.8260009510663572e-04 3.6487800290032998e-07 8.4055099999999997e-07 9.3148988034750005e+02
7.8610250285012515e-04 3.6706999922346001e-07 8.4431100000000000e-07 9.3149248879559991e+02
7.8962075319254110e-04 3.6927600351839998e-07 8.4808799999999996e-07 9.3149508719639994e+02
7.9315485471188711e-04 3.7149499796798001e-07 8.5188199999999998e-07 9.3149769564450003e+02
7.9670479058673201e-04 3.7372699824480005e-07 8.5569300000000004e-07 9.3150031404599997e+02
8.0027057791247260e-04 3.7597299948234002e-07 8.5952100000000004e-07 9.3150293244750003e+02
8.0385221698387247e-04 3.7823200230633998e-07 8.6336599999999998e-07 9.3150555094289996e+02
8.0745063029167934e-04 3.8050499711466001e-07 8.6722899999999999e-07 9.3150817929779998e+02
8.1106395596088781e-04 3.8279099715107999e-07 8.7110800000000002e-07 9.3151080774659999e+02
8.1469498722525535e-04 3.8509200436278001e-07 8.7500600000000005e-07 9.3151343619540000e+02
8.1834093096975699e-04 3.8740599815679997e-07 8.7891999999999998e-07 9.3151607459759998e+02
8.3652972322216491e-04 3.8856800310954005e-07 8.9844600000000005e-07 9.3151737379799999e+02
8.9649746606902973e-04 4.2637900225708002e-07 9.6282100000000007e-07 9.3155798930399999e+02
9.6293679962426715e-04 4.6927300060880000e-07 1.0341400000000000e-06 9.3160093353000002e+02
1.0343084479593990e-03 5.1648199988999994e-07 1.1107499999999999e-06 9.3164493704189999e+02
1.1110033276598183e-03 5.6844100521450010e-07 1.1930700000000001e-06 9.3169002988770001e+02
1.1934040547386528e-03 6.2562700512179996e-07 1.2815100000000000e-06 9.3173623206809998e+02
1.2819398888523502e-03 6.8856500094819997e-07 1.3765300000000001e-06 9.3178357353719991e+02
1.3770588621277026e-03 7.5783499966439992e-07 1.4786100000000000e-06 9.3183208434300002e+02
1.4792742600387720e-03 8.3407400117300003e-07 1.5882999999999999e-06 9.3188178448619999e+02
1.5890902438860661e-03 9.1798299673799988e-07 1.7061399999999999e-06 9.3193271378040004e+02
1.7070948934908867e-03 1.0103300084124001e-06 1.8327600000000000e-06 9.3198488236679998e+02
1.7418302566492478e-03 1.0379399925766002e-06 1.8700300000000001e-06 9.3199978345169995e+02
1.8026805910135908e-03 1.0410599913928000e-06 1.9353200000000000e-06 9.3200143242960007e+02
2.0389359400714486e-03 1.2275099896319999e-06 2.1888000000000001e-06 9.3209187794249999e+02
2.3114099463439177e-03 1.4516999917321999e-06 2.4811100000000001e-06 9.3218792017709995e+02
2.6204004641994278e-03 1.7168400063888003e-06 2.8125600000000001e-06 9.3228811983419996e+02
2.9707928967162671e-03 2.0304000155634000e-06 3.1883800000000001e-06 9.3239264696670000e+02
3.3681648965264784e-03 2.4012300084080001e-06 3.6145400000000001e-06 9.3250170129989999e+02
3.8188055776886142e-03 2.8397900147328003e-06 4.0977700000000004e-06 9.3261546284010001e+02
4.3298558716110781e-03 3.3584500068246004e-06 4.6457100000000001e-06 9.3273413140649996e+02
4.9094492242661523e-03 3.9718300068571995e-06 5.2670599999999997e-06 9.3285792691289998e+02
5.5667590537662745e-03 4.6972400276543001e-06 5.9716300000000001e-06 9.3298704917850000e+02
6.3122329168583428e-03 5.5551399798486997e-06 6.7705900000000002e-06 9.3312173811779996e+02
6.3691536418958340e-03 5.6221100036384002e-06 6.8315900000000001e-06 9.3313158221820004e+02
6.6107787783348925e-03 5.6389700285964000e-06 7.0905299999999997e-06 9.3313397075249998e+02
7.1832281514335565e-03 6.2999099885847007e-06 7.7039700000000007e-06 9.3322329697740008e+02
7.8228640480689938e-03 7.0594400109160007e-06 8.3893400000000006e-06 9.3331767013950002e+02
8.5195476220300548e-03 7.9105299722335996e-06 9.1357600000000004e-06 9.3341477175390003e+02
9.2783521214718639e-03 8.8642300383220009e-06 9.9486500000000000e-06 9.3351470163630006e+02
1.0104791977484120e-02 9.9329099737559988e-06 1.0833900000000000e-05 9.3361751969490001e+02
1.1005037422914624e-02 1.1130399980334000e-05 1.1798100000000000e-05 9.3372332602710003e+02
1.1985504705131824e-02 1.2472300012974001e-05 1.2848100000000000e-05 9.3383220044789994e+02
1.3053499763127112e-02 1.3976000053347000e-05 1.3991700000000000e-05 9.3394422305399996e+02
1.4216706487829026e-02 1.5661000693130000e-05 1.5237100000000000e-05 9.3405949366109996e+02
1.5483652631007537e-02 1.7549100191680000e-05 1.6593399999999999e-05 9.3417811227269999e+02
1.5623499832828706e-02 1.7760599953030001e-05 1.6743099999999999e-05 9.3419079468840005e+02
1.6269961736847121e-02 1.7813900213129999e-05 1.7435099999999998e-05 9.3419395273319992e+02
1.7094324515795702e-02 1.9027400207749999e-05 1.8317499999999999e-05 9.3426180186839997e+02
1.8000874089488257e-02 2.0384500450440000e-05 1.9287799999999999e-05 9.3433394852489994e+02
1.8955614232225096e-02 2.1838399047120000e-05 2.0309599999999999e-05 9.3440734433310001e+02
1.9960983560824267e-02 2.3396100553499999e-05 2.1385500000000000e-05 9.3448202938830002e+02
2.1019794814794490e-02 2.5064799654149998e-05 2.2518500000000001e-05 9.3455801364390004e+02
2.2134768910989058e-02 2.6852600343399999e-05 2.3711500000000002e-05 9.3463531710059999e+02
2.3309000859656603e-02 2.8767899159999994e-05 2.4967799999999998e-05 9.3471396971249999e+02
2.4545494036103295e-02 3.0819700065419999e-05 2.6290599999999999e-05 9.3479400162150000e+02
2.5847718880420045e-02 3.3017999946119998e-05 2.7683600000000000e-05 9.3487541254589996e+02
2.7219055484112444e-02 3.5372998881120002e-05 2.9150400000000001e-05 9.3495825272219997e+02
2.7775365070038964e-02 3.6339601209739997e-05 2.9745400000000002e-05 9.3499105302509997e+02
2.8289610775747390e-02 3.6448598719180002e-05 3.0295400000000001e-05 9.3499466085090000e+02
2.8802930737171755e-02 3.7332599735440002e-05 3.0844399999999999e-05 9.3502356336480000e+02
2.9391538203060320e-02 3.8352800962709990e-05 3.1473899999999997e-05 9.3505628375879996e+02
2.9992229144074897e-02 3.9400800335690003e-05 3.2116300000000003e-05 9.3508923392610006e+02
3.0605097595990186e-02 4.0477499896860003e-05 3.2771700000000003e-05 9.3512239395989991e+02
3.1230612131930052e-02 4.1583600119840003e-05 3.3440600000000000e-05 9.3515578386089999e+02
3.1868867160453597e-02 4.2719998743180005e-05 3.4123099999999999e-05 9.3518940362910007e+02
3.2520144922003676e-02 4.3887298648500002e-05 3.4819500000000001e-05 9.3522325326449993e+02
3.3184820445813230e-02 4.5086601561120004e-05 3.5530200000000001e-05 9.3525732271979996e+02
3.3862987887692660e-02 4.6318701748649993e-05 3.6255299999999998e-05 9.3529163208960006e+02
3.4555116462740516e-02 4.7584401826990007e-05 3.6995300000000001e-05 9.3532617123270006e+02
3.4710848908415574e-02 4.7870299693839997e-05 3.7161800000000001e-05 9.3533387666670001e+02
3.5705765632703390e-02 4.8013899962450004e-05 3.8225500000000002e-05 9.3533768431169995e+02
3.6190650245182691e-02 4.8884701265269996e-05 3.8743900000000000e-05 9.3536029073669999e+02
3.6764595537185744e-02 4.9920498059249994e-05 3.9357499999999997e-05 9.3538680481020003e+02
3.7347724170046170e-02 5.0978398185919999e-05 3.9980900000000002e-05 9.3541345870079999e+02
3.7940129948432849e-02 5.2058599241440000e-05 4.0614200000000002e-05 9.3544024264290010e+02
3.8541907483377907e-02 5.3161699756499999e-05 4.1257500000000003e-05 9.3546717635549999e+02
3.9153244015328124e-02 5.4288198430999997e-05 4.1910999999999999e-05 9.3549425007299999e+02
3.9774234210732992e-02 5.5438601263319996e-05 4.2574799999999998e-05 9.3552146370150001e+02
4.0405159191034282e-02 5.6613297948239995e-05 4.3249199999999999e-05 9.3554882728830000e+02
4.1046019389420471e-02 5.7812899551080002e-05 4.3934199999999997e-05 9.3557633069220003e+02
4.1697190276124625e-02 5.9037997871239995e-05 4.4630199999999998e-05 9.3560397410099995e+02
4.2358578444415006e-02 6.0288999023690009e-05 4.5337100000000003e-05 9.3563177732760005e+02
4.2549448380963861e-02 6.0651299975859995e-05 4.5541099999999997e-05 9.3563974248900001e+02
4.3740238175900857e-02 6.0833198906699995e-05 4.6813800000000002e-05 9.3564365013750000e+02
4.5854886274473032e-02 6.4782902450840000e-05 4.9073799999999998e-05 9.3572599057799994e+02
4.8180087401599556e-02 6.9195997901699998e-05 5.1558599999999998e-05 9.3581365787159996e+02
5.0623240020302433e-02 7.3909702371599995e-05 5.4169200000000003e-05 9.3590278418340006e+02
5.3190452397117956e-02 7.8944498346630003e-05 5.6912100000000000e-05 9.3599338970190001e+02
5.5887837732656438e-02 8.4322299027779992e-05 5.9793799999999997e-05 9.3608550419339997e+02
5.8722166587791814e-02 9.0066499795649990e-05 6.2821499999999995e-05 9.3617915789369999e+02
6.1700398546921942e-02 9.6201898222459989e-05 6.6002599999999997e-05 9.3627437052180005e+02
6.4829683480590566e-02 1.0275499726340999e-04 6.9344700000000000e-05 9.3637116226620003e+02
6.8117831355171340e-02 1.0975499711746999e-04 7.2856100000000002e-05 9.3646956308100005e+02
7.1572933822013338e-02 1.1723199746169999e-04 7.6545399999999994e-05 9.3656960282640000e+02
7.2872355791586060e-02 1.2007500056640000e-04 7.7932800000000000e-05 9.3660639068670002e+02
7.6294350046888545e-02 1.2043499631464001e-04 8.1586400000000002e-05 9.3661091798129996e+02
7.8557740452832786e-02 1.2521799885310001e-04 8.4002899999999995e-05 9.3666865324139997e+02
8.1070439170188191e-02 1.3058099681828001e-04 8.6685400000000002e-05 9.3673145543940007e+02
8.3663493660002267e-02 1.3617299667415003e-04 8.9453500000000007e-05 9.3679492723830003e+02
8.6339540033127660e-02 1.4200499619000000e-04 9.2310000000000002e-05 9.3685905859080003e+02
8.9101308842231525e-02 1.4808700429182000e-04 9.5257800000000001e-05 9.3692387963880003e+02
9.1951438062670962e-02 1.5442999846642999e-04 9.8299699999999997e-05 9.3698938014720000e+02
9.3544637803481184e-02 1.5800363917307320e-04 1.0000000000000000e-04 9.3702641442654260e+02
9.5904142072865378e-02 1.5962529695733442e-04 1.0251764994317073e-04 9.3704613228136191e+02
9.8323160821411237e-02 1.6130172081809118e-04 1.0509874883766992e-04 9.3706598443282439e+02
1.0080319520055800e-01 1.6303476029669788e-04 1.0774489532222049e-04 9.3708597199808298e+02
1.0334578422573491e-01 1.6482632739659212e-04 1.1045772830152371e-04 9.3710609610376741e+02
1.0595250573141594e-01 1.6667839869274282e-04 1.1323892796003388e-04 9.3712635788606190e+02
1.0862497735026401e-01 1.6859301751233813e-04 1.1609021680124184e-04 9.3714675849078571e+02
1.1136485751697271e-01 1.7057229618911874e-04 1.1901336071310952e-04 9.3716729907347303e+02
1.1417384649742796e-01 1.7261841839384380e-04 1.2201017006031214e-04 9.3718798079945293e+02
1.1705368744382873e-01 1.7473364154346044e-04 1.2508250080396299e-04 9.3720880484393092e+02
1.2000616747642119e-01 1.7692029929163502e-04 1.2823225564951055e-04 9.3722977239207239e+02
1.2303311879251802e-01 1.7918080410339382e-04 1.3146138522351786e-04 9.3725088463908321e+02
1.2613641980349047e-01 1.8151764991671337e-04 1.3477188928004826e-04 9.3727214279029477e+02
1.2931799630043955e-01 1.8393341489399752e-04 1.3816581793740364e-04 9.3729354806124854e+02
1.3257982264926893e-01 1.8643076426647613e-04 1.4164527294597705e-04 9.3731510167778015e+02
1.3592392301590162e-01 1.8901245327466369e-04 1.4521240898800222e-04 9.3733680487610559e+02
1.3935237262240091e-01 1.9168133020812278e-04 1.4886943501000186e-04 9.3735865890290836e+02
1.4286729903477441e-01 1.9444033954788464e-04 1.5261861558875663e-04 9.3738066501542562e+02
1.4647088348326101e-01 1.9729252521499488e-04 1.5646227233163707e-04 9.3740282448153687e+02
1.5016536221591972e-01 2.0024103392876787e-04 1.6040278531216263e-04 9.3742513857985318e+02
1.5395302788636070e-01 2.0328911867845519e-04 1.6444259454167329e-04 9.3744760859980602e+02
1.5783623097647917e-01 2.0644014231215767e-04 1.6858420147802090e-04 9.3747023584173803e+02
1.6181738125507536e-01 2.0969758124694124e-04 1.7283017057221061e-04 9.3749302161699461e+02
1.6589894927326598e-01 2.1306502930424948e-04 1.7718313085394752e-04 9.3751596724801504e+02
1.7008346789761467e-01 2.1654620167484460e-04 1.8164577755706442e-04 9.3753907406842643e+02
1.7437353388193291e-01 2.2014493901765061e-04 1.8622087378583410e-04 9.3756234342313553e+02
1.7877180947872737e-01 2.2386521169702169e-04 1.9091125222319333e-04 9.3758577666842541e+02
1.8328102409129274e-01 2.2771112416310988e-04 1.9571981688193171e-04 9.3760937517204911e+02
1.8790397596747621e-01 2.3168691948016528e-04 2.0064954489992491e-04 9.3763314031332641e+02
1.9264353393616415e-01 2.3579698400776414e-04 2.0570348838051992e-04 9.3765707348323974e+02
1.9750263918756875e-01 2.4004585224013039e-04 2.1088477627920511e-04 9.3768117608453394e+02
2.0248430709841900e-01 2.4443821180888812e-04 2.1619661633772978e-04 9.3770544953181331e+02
2.0759162910318957e-01 2.4897890865476630e-04 2.2164229706686495e-04 9.3772989525164087e+02
2.1282777461252797e-01 2.5367295237396011e-04 2.2722518977902670e-04 9.3775451468263986e+02
2.1819599298007086e-01 2.5852552174504800e-04 2.3294875067201602e-04 9.3777930927559464e+02
2.2369961551886952e-01 2.6354197044256100e-04 2.3881652296515812e-04 9.3780428049355260e+02
2.2934205756867695e-01 2.6872783294351057e-04 2.4483213908915914e-04 9.3782942981192684e+02
2.3512682061537829e-01 2.7408883063338756e-04 2.5099932293102845e-04 9.3785475871860012e+02
2.4105749446388047e-01 2.7963087811837300e-04 2.5732189213545012e-04 9.3788026871403099e+02
2.4713775946580890e-01 2.8536008975072076e-04 2.6380376046402189e-04 9.3790596131135783e+02
2.5337138880339460e-01 2.9128278637451457e-04 2.7044894021381529e-04 9.3793183803650686e+02
2.5976225083096838e-01 2.9740550229924039e-04 2.7726154469674707e-04 9.3795790042829810e+02
2.6631431147551449e-01 3.0373499250886671e-04 2.8424579078128781e-04 9.3798415003855553e+02
2.7303163669777536e-01 3.1027824011438913e-04 2.9140600149807615e-04 9.3801058843221631e+02
2.7991839501543253e-01 3.1704246405805849e-04 2.9874660871104182e-04 9.3803721718743964e+02
2.8697886008993084e-01 3.2403512707779384e-04 3.0627215585568216e-04 9.3806403789572050e+02
2.9421741337855123e-01 3.3126394394056768e-04 3.1398730074618149e-04 9.3809105216200021e+02
3.0163854685337693e-01 3.3873688995384501e-04 3.2189681845309881e-04 9.3811826160478074e+02
3.0924686578884131e-01 3.4646220976446878e-04 3.3000560425339815e-04 9.3814566785623856e+02
3.1704709161958677e-01 3.5444842645469766e-04 3.3831867665463748e-04 9.3817327256234034e+02
3.2504406487040854e-01 3.6270435094543302e-04 3.4684118049517861e-04 9.3820107738295917e+02
3.3324274816010074e-01 3.7123909171700719e-04 3.5557839012232692e-04 9.3822908399199139e+02
3.4164822928107003e-01 3.8006206485826022e-04 3.6453571265035684e-04 9.3825729407747633e+02
3.5026572435662662e-01 3.8918300445498974e-04 3.7371869130043057e-04 9.3828570934171421e+02
3.5910058107791315e-01 3.9861197332923632e-04 3.8313300882446435e-04 9.3831433150138730e+02
3.6815828202247908e-01 4.0835937414125222e-04 3.9278449101505075e-04 9.3834316228768193e+02
3.7744444805656102e-01 4.1843596086640282e-04 4.0267911030359809e-04 9.3837220344641014e+02
3.8696484182317903e-01 4.2885285065966025e-04 4.1282298944889952e-04 9.3840145673813402e+02
3.9672537131821528e-01 4.3962153612078320e-04 4.2322240531840493e-04 9.3843092393828965e+02
4.0673209355669199e-01 4.5075389797370969e-04 4.3388379276451867e-04 9.3846060683731434e+02
4.1699121833152614e-01 4.6226221817415622e-04 4.4481374859831350e-04 9.3849050724077154e+02
4.2750911206709119e-01 4.7415919345988021e-04 4.5601903566310035e-04 9.3852062696948110e+02
4.3829230176997980e-01 4.8645794935855919e-04 4.6750658701036509e-04 9.3855096785964679e+02
4.4934747907941602e-01 4.9917205466873816e-04 4.7928351018063824e-04 9.3858153176298731e+02
4.6068150441983424e-01 5.1231553642982293e-04 4.9135709159193325e-04 9.3861232054686729e+02
4.7230141125819791e-01 5.2590289539763502e-04 5.0373480103845110e-04 9.3864333609442963e+02
4.8421441046870328e-01 5.3994912204260179e-04 5.1642429630231930e-04 9.3867458030473153e+02
4.9642789480757504e-01 5.5446971308823194e-04 5.2943342788120394e-04 9.3870605509287543e+02
5.0894944350073024e-01 5.6948068860812259e-04 5.4277024383469672e-04 9.3873776239014819e+02
5.2178682694716005e-01 5.8499860970036191e-04 5.5644299475246484e-04 9.3876970414415757e+02
5.3494801154094351e-01 6.0104059675882243e-04 5.7046013884721081e-04 9.3880188231896966e+02
5.4844116461489190e-01 6.1762434836151129e-04 5.8483034717558152e-04 9.3883429889525121e+02
5.6227465950888467e-01 6.3476816079680650e-04 5.9956250899023114e-04 9.3886695587040629e+02
5.7645708076604818e-01 6.5249094824913040e-04 6.1466573722632981e-04 9.3889985525872305e+02
5.9099722945999711e-01 6.7081226366632338e-04 6.3014937412589150e-04 9.3893299909151335e+02
6.0590412865644883e-01 6.8975232033174731e-04 6.4602299700337916e-04 9.3896638941726042e+02
6.2118702901259493e-01 7.0933201416491167e-04 6.6229642415612758e-04 9.3900002830176243e+02
6.3685541451770988e-01 7.2957294677522978e-04 6.7897972092322131e-04 9.3903391782828066e+02
6.5291900837855466e-01 7.5049744929433886e-04 6.9608320589654581e-04 9.3906806009768832e+02
6.6938777905323199e-01 7.7212860701327815e-04 7.1361745728783482e-04 9.3910245722861976e+02
6.8627194643723255e-01 7.9449028485170279e-04 7.3159331945561951e-04 9.3913711135762162e+02
7.0358198820551632e-01 8.1760715368723799e-04 7.5002190959609573e-04 9.3917202463930585e+02
7.2132864631456028e-01 8.4150471757401754e-04 7.6891462460201507e-04 9.3920719924650234e+02
7.3952293366840960e-01 8.6620934188043829e-04 7.8828314809381724e-04 9.3924263737041463e+02
7.5817614095287023e-01 8.9174828237717453e-04 8.0813945762731932e-04 9.3927834122077763e+02
7.7729984364207916e-01 9.1814971530753884e-04 8.2849583208239176e-04 9.3931431302601288e+02
7.9690590918180682e-01 9.4544276847337435e-04 8.4936485923715703e-04 9.3935055503338958e+02
8.1700650435394351e-01 9.7365755337076485e-04 8.7075944353236191e-04 9.3938706950918515e+02
8.3761410282674487e-01 1.0028251984110252e-03 8.9269281403069587e-04 9.3942385873884655e+02
8.5874149289551627e-01 1.0329778832636140e-03 9.1517853257593311e-04 9.3946092502715442e+02
8.8040178541854652e-01 1.0641488743588702e-03 9.3823050215691975e-04 9.3949827069838705e+02
9.0260842195320834e-01 1.0963725615897311e-03 9.6186297548152852e-04 9.3953589809648793e+02
9.2537518309728162e-01 1.1296844962529306e-03 9.8609056376585498e-04 9.3957380958523311e+02
9.4871619704066912e-01 1.1641214302715341e-03 1.0109282457440416e-03 9.3961200754839956e+02
9.7264594833281715e-01 1.1997213567420837e-03 1.0363913769042637e-03 9.3965049438993731e+02
9.9717928687127799e-01 1.2365235518510876e-03 1.0624956989565449e-03 9.3968927253414074e+02
1.0223314371169940e+00 1.2745686182070990e-03 1.0892573495382080e-03 9.3972834442582393e+02
1.0481180075420216e+00 1.3138985296361908e-03 1.1166928721629253e-03 9.3976771253049230e+02
1.0745550003155595e+00 1.3545566774902521e-03 1.1448192264194585e-03 9.3980737933452519e+02
1.1016588212342859e+00 1.3965879185191825e-03 1.1736537984263576e-03 9.3984734734534902e+02
1.1294462899031774e+00 1.4400386243598223e-03 1.2032144115490242e-03 9.3988761909162019e+02
1.1579346501731174e+00 1.4849567326961975e-03 1.2335193373857159e-03 9.3992819712340543e+02
1.1871415808417791e+00 1.5313918001475361e-03 1.2645873070292262e-03 9.3996908401236624e+02
1.2170852066244149e+00 1.5793950569423956e-03 1.2964375226111476e-03 9.4001028235194224e+02
1.2477841094013711e+00 1.6290194634392323e-03 1.3290896691357992e-03 9.4005179475753789e+02
1.2792573397492963e+00 1.6803197685557572e-03 1.3625639266110635e-03 9.4009362386671262e+02
1.3115244287632128e+00 1.7333525701715598e-03 1.3968809824835911e-03 9.4013577233936678e+02
1.3446054001767693e+00 1.7881763775706128e-03 1.4320620443859639e-03 9.4017824285793665e+02
1.3785207827882144e+00 1.8448516759925775e-03 1.4681288532036603e-03 9.4022103812758553e+02
1.4132916231997905e+00 1.9034409933641053e-03 1.5051036964698116e-03 9.4026416087639961e+02
1.4489394988784616e+00 1.9640089692837784e-03 1.5430094220959709e-03 9.4030761385558367e+02
1.4854865315460666e+00 2.0266224263367654e-03 1.5818694524472874e-03 9.4035139983966008e+02
1.5229554009072261e+00 2.0913504438179109e-03 1.6217077987707388e-03 9.4039552162666769e+02
1.5613693587235082e+00 2.1582644339445700e-03 1.6625490759852311e-03 9.4043998203836611e+02
1.6007522432425882e+00 2.2274382206432697e-03 1.7044185178426460e-03 9.4048478392043648e+02
1.6411284939913686e+00 2.2989481209971432e-03 1.7473419924691198e-03 9.4052993014268759e+02
1.6825231669422169e+00 2.3728730294439561e-03 1.7913460182960466e-03 9.4057542359926504e+02
1.7249619500617579e+00 2.4492945048176624e-03 1.8364577803906021e-03 9.4062126720885840e+02
1.7684711792518508e+00 2.5282968603294819e-03 1.8827051471957533e-03 9.4066746391491199e+02
1.8130778546926565e+00 2.6099672565878043e-03 1.9301166876900192e-03 9.4071401668583860e+02
1.8588096575979218e+00 2.6943957977595087e-03 1.9787216889774742e-03 9.4076092851523435e+02
1.9056949673928958e+00 2.7816756309788282e-03 2.0285501743187782e-03 9.4080820242209370e+02
1.9537628793255244e+00 2.8719030491134094e-03 2.0796329216142481e-03 9.4085584145103019e+02
2.0030432225218648e+00 2.9651775970009615e-03 2.1320014823503026e-03 9.4090384867249566e+02
2.0535665784969037e+00 3.0616021812736711e-03 2.1856882010208491e-03 9.4095222718300215e+02
2.1053643001322939e+00 3.1612831838915981e-03 2.2407262350355168e-03 9.4100098010534691e+02
2.1584685311327609e+00 3.2643305795102598e-03 2.2971495751268950e-03 9.4105011058883986e+02
2.2129122259732750e+00 3.3708580568119341e-03 2.3549930662692836e-03 9.4109962180952959e+02
2.2687291703493435e+00 3.4809831439344993e-03 2.4142924291217110e-03 9.4114951697043557e+02
2.3259540021431389e+00 3.5948273381362331e-03 2.4750842820083743e-03 9.4119979930178124e+02
2.3846222329184545e+00 3.7125162398395973e-03 2.5374061634499115e-03 9.4125047206122622e+02
2.4447702699578371e+00 3.8341796912019065e-03 2.6012965552592903e-03 9.4130153853410559e+02
2.5064354388555712e+00 3.9599519193657664e-03 2.6667949062164414e-03 9.4135300203366637e+02
2.5696560066805230e+00 4.0899716845472925e-03 2.7339416563360755e-03 9.4140486590131070e+02
2.6344712057232389e+00 4.2243824331255481e-03 2.8027782617435592e-03 9.4145713350683616e+02
2.7009212578420168e+00 4.3633324559020333e-03 2.8733472201740063e-03 9.4150980824868429e+02
2.7690473994230747e+00 4.5069750517048989e-03 2.9456920971102042e-03 9.4156289355418505e+02
2.8388919069702805e+00 4.6554686965182930e-03 3.0198575525753001e-03 9.4161639287980779e+02
2.9104981233403575e+00 4.8089772183235431e-03 3.0958893685966498e-03 9.4167030971141401e+02
2.9839104846398157e+00 4.9676699778449735e-03 3.1738344773575853e-03 9.4172464756450927e+02
3.0591745478003216e+00 5.1317220553998349e-03 3.2537409900542918e-03 9.4177940998450242e+02
3.1363370188495989e+00 5.3013144440584442e-03 3.3356582264754153e-03 9.4183460054696116e+02
3.2154457818954256e+00 5.4766342493276880e-03 3.4196367453224624e-03 9.4189022285787519e+02
3.2965499288406943e+00 5.6578748955781457e-03 3.5057283752894892e-03 9.4194628055392025e+02
3.3796997898479946e+00 5.8452363394426226e-03 3.5939862469210756e-03 9.4200277730272137e+02
3.4649469645725985e+00 6.0389252904214765e-03 3.6844648252679826e-03 9.4205971680312200e+02
3.5523443541832576e+00 6.2391554389381876e-03 3.7772199433604519e-03 9.4211710278545661e+02
3.6419461941906626e+00 6.4461476920967082e-03 3.8723088365195668e-03 9.4217493901182127e+02
3.7338080881039484e+00 6.6601304174007591e-03 3.9697901775275889e-03 9.4223322927634854e+02
3.8279870419361326e+00 6.8813396947039274e-03 4.0697241126787321e-03 9.4229197740548773e+02
3.9245414995798771e+00 7.1100195766685050e-03 4.1721722987323418e-03 9.4235118725828386e+02
4.0235313790755622e+00 7.3464223580204978e-03 4.2771979407910405e-03 9.4241086272666109e+02
4.1250181097941505e+00 7.5908088538977920e-03 4.3848658311269068e-03 9.4247100773570799e+02
4.2290646705579373e+00 7.8434486875986423e-03 4.4952423889793756e-03 9.4253162624396464e+02
4.3357356287228095e+00 8.1046205880478343e-03 4.6083957013490660e-03 9.4259272224371659e+02
4.4450971802463100e+00 8.3746126973088426e-03 4.7243955648124782e-03 9.4265429976128326e+02
4.5572171907663384e+00 8.6537228884811419e-03 4.8433135283829486e-03 9.4271636285731859e+02
4.6721652377160048e+00 8.9422590943334761e-03 4.9652229374440547e-03 9.4277891562710579e+02
4.7900126535007397e+00 9.2405396470355665e-03 5.0901989787821402e-03 9.4284196220086164e+02
4.9108325697644881e+00 9.5488936293631685e-03 5.2183187267454741e-03 9.4290550674403926e+02
5.0346999627724358e+00 9.8676612377638848e-03 5.3496611905580922e-03 9.4296955345763411e+02
5.1616916999384523e+00 1.0197194157684346e-02 5.4843073628171547e-03 9.4303410657849486e+02
5.2918865875260810e+00 1.0537855951572745e-02 5.6223402692033011e-03 9.4309917037963623e+02
5.4253654195527306e+00 1.0890022459984933e-02 5.7638450194343310e-03 9.4316474917055189e+02
5.5622110279273844e+00 1.1254082216236501e-02 5.9089088594931364e-03 9.4323084729753475e+02
5.7025083338529381e+00 1.1630436875058337e-02 6.0576212251617009e-03 9.4329746914399789e+02
5.8463444005251013e+00 1.2019501655728662e-02 6.2100737968937714e-03 9.4336461913079620e+02
5.9938084871604973e+00 1.2421705800170258e-02 6.3663605560594604e-03 9.4343230171655557e+02
6.1449921043875664e+00 1.2837493046518494e-02 6.5265778425961192e-03 9.4350052139800187e+02
6.2999890710345916e+00 1.3267322118682491e-02 6.6908244141004403e-03 9.4356928271029381e+02
6.4588955723501229e+00 1.3711667232439622e-02 6.8592015063977611e-03 9.4363859022735937e+02
6.6218102196918815e+00 1.4171018618621566e-02 7.0318128956253501e-03 9.4370844856223312e+02
6.7888341117212470e+00 1.4645883063969347e-02 7.2087649618674306e-03 9.4377886236739982e+02
6.9600708971412537e+00 1.5136784470253848e-02 7.3901667543805885e-03 9.4384983633513957e+02
7.1356268390170605e+00 1.5644264432278832e-02 7.5761300584492189e-03 9.4392137519787434e+02
7.3156108807187703e+00 1.6168882835404009e-02 7.7667694639115574e-03 9.4399348372852182e+02
7.5001347135275704e+00 1.6711218473247493e-02 7.9622024353979901e-03 9.4406616674084717e+02
7.6893128459471090e+00 1.7271869686249105e-02 8.1625493843242112e-03 9.4413942908982438e+02
7.8832626747631362e+00 1.7851455021798985e-02 8.3679337426829994e-03 9.4421327567199546e+02
8.0821045578955157e+00 1.8450613916659909e-02 8.5784820386793723e-03 9.4428771142583491e+02
8.2859618890877709e+00 1.9070007402436015e-02 8.7943239742549837e-03 9.4436274133211839e+02
8.4949611744805846e+00 1.9710318834866514e-02 9.0155925045488760e-03 9.4443837041429254e+02
8.7092321111167141e+00 2.0372254647748791e-02 9.2424239193427005e-03 9.4451460373885243e+02
8.9289076674260777e+00 2.1056545132322784e-02 9.4749579265399220e-03 9.4459144641571629e+02
9.1541241657409067e+00 2.1763945242976389e-02 9.7133377377294546e-03 9.4466890359860975e+02
9.3850213668922304e+00 2.2495235430160933e-02 9.9577101558857954e-03 9.4474698048544872e+02
9.6217425569401733e+00 2.3251222501435641e-02 1.0208225665258685e-02 9.4482568231873017e+02
9.8644346360918345e+00 2.4032740511590874e-02 1.0465038523506789e-02 9.4490501438592344e+02
1.0113248209861998e+01 2.4840651682832372e-02 1.0728306856131296e-02 9.4498498201986547e+02
1.0368337682533230e+01 2.5675847356041719e-02 1.0998192753266559e-02 9.4506559059916083e+02
1.0629861352973307e+01 2.6539248974162283e-02 1.1274862368886432e-02 9.4514684554858604e+02
1.0897981512869517e+01 2.7431809098795935e-02 1.1558486022486420e-02 9.4522875233949333e+02
1.1172864547440724e+01 2.8354512461131763e-02 1.1849238303303098e-02 9.4531131649022541e+02
1.1454681038689733e+01 2.9308377048366436e-02 1.2147298177134008e-02 9.4539454356652607e+02
1.1743605871260058e+01 3.0294455226814974e-02 1.2452849095822633e-02 9.4547843918196077e+02
1.2039818340962645e+01 3.1313834902950401e-02 1.2766079109474549e-02 9.4556300899833946e+02
1.2343502266040113e+01 3.2367640723654105e-02 1.3087180981472961e-02 9.4564825872614051e+02
1.2654846101237380e+01 3.3457035317000387e-02 1.3416352306362843e-02 9.4573419412494286e+02
1.2974043054749536e+01 3.4583220574944389e-02 1.3753795630675185e-02 9.4582082100385821e+02
1.3301291208119547e+01 3.5747438979328611e-02 1.4099718576764295e-02 9.4590814522197047e+02
1.3636793639160146e+01 3.6950974972670775e-02 1.4454333969733023e-02 9.4599617268877705e+02
1.3980758547976231e+01 3.8195156375245502e-02 1.4817859967522589e-02 9.4608490936463602e+02
1.4333399386166015e+01 3.9481355850023339e-02 1.5190520194245697e-02 9.4617436126121686e+02
1.4694934989280924e+01 4.0810992417082845e-02 1.5572543876843290e-02 9.4626453444195329e+02
1.5065589712626712e+01 4.2185533019167255e-02 1.5964165985147671e-02 9.4635543502250357e+02
1.5445593570489853e+01 4.3606494140112417e-02 1.6365627375436394e-02 9.4644706917121414e+02
1.5835182378875697e+01 4.5075443477931812e-02 1.6777174937563678e-02 9.4653944310958605e+02
1.6234597901846954e+01 4.6594001674404299e-02 1.7199061745758065e-02 9.4663256311274722e+02
1.6644088001553321e+01 4.8163844103073082e-02 1.7631547213177317e-02 9.4672643550992962e+02
1.7063906792045334e+01 4.9786702717628209e-02 1.8074897250313804e-02 9.4682106668494873e+02
1.7494314796967927e+01 5.1464367962712095e-02 1.8529384427345887e-02 9.4691646307668850e+02
1.7935579111231601e+01 5.3198690749256358e-02 1.8995288140533174e-02 9.4701263117959388e+02
1.8387973566761296e+01 5.4991584496528391e-02 1.9472894782755851e-02 9.4710957754416268e+02
1.8851778902426215e+01 5.6845027243142027e-02 1.9962497918301108e-02 9.4720730877744586e+02
1.9327282938255685e+01 5.8761063829359993e-02 2.0464398462001654e-02 9.4730583154355099e+02
1.9814780754049391e+01 6.0741808153096655e-02 2.0978904862834460e-02 9.4740515256415085e+02
2.0314574872492713e+01 6.2789445502109464e-02 2.1506333292090084e-02 9.4750527861899684e+02
2.0826975446890870e+01 6.4906234964952708e-02 2.2047007836226047e-02 9.4760621654643739e+02
2.1352300453638264e+01 6.7094511923352668e-02 2.2601260694520130e-02 9.4770797324394096e+02
2.1890875889542709e+01 6.9356690628755283e-02 2.3169432381642815e-02 9.4781055566862301e+02
2.2443035974126552e+01 7.1695266865886911e-02 2.3751871935270199e-02 9.4791397083778168e+02
2.3009123357030756e+01 7.4112820706269025e-02 2.4348937128862911e-02 9.4801822582943294e+02
2.3589489330650263e+01 7.6612019354723157e-02 2.4960994689738419e-02 9.4812332778285599e+02
2.4184494048132748e+01 7.9195620092007118e-02 2.5588420522568066e-02 9.4822928389913932e+02
2.4794506746876042e+01 8.1866473316829044e-02 2.6231599938432985e-02 9.4833610144173792e+02
2.5419905977662861e+01 8.4627525690595118e-02 2.6890927889576772e-02 9.4844378773702726e+02
2.6061079839575104e+01 8.7481823388360774e-02 2.7566809209995408e-02 9.4855235017487257e+02
2.6718426220833408e+01 9.0432515459571858e-02 2.8259658862009474e-02 9.4866179620919411e+02
2.7392353045711619e+01 9.3482857302303976e-02 2.8969902188966317e-02 9.4877213335854390e+02
2.8083278527679010e+01 9.6636214254831779e-02 2.9697975174223630e-02 9.4888336920668621e+02
2.8791631428927808e+01 9.9896065308492404e-02 3.0444324706570332e-02 9.4899551140318397e+02
2.9517851326446753e+01 1.0326600694593807e-01 3.1209408852243558e-02 9.4910856766398854e+02
3.0262388884805940e+01 1.0674975710901295e-01 3.1993697133704854e-02 9.4922254577204046e+02
3.1025706135822190e+01 1.1035115930063176e-01 3.2797670815342995e-02 9.4933745357786631e+02
3.1808276765278485e+01 1.1407418682518561e-01 3.3621823196274062e-02 9.4945329900019442e+02
3.2610586406875406e+01 1.1792294717215326e-01 3.4466659910414775e-02 9.4957009002656514e+02
3.3433132943597158e+01 1.2190168654775513e-01 3.5332699234008579e-02 9.4968783471395193e+02
3.4276426816678686e+01 1.2601479455964690e-01 3.6220472400788170e-02 9.4980654118938878e+02
3.5140991342366320e+01 1.3026680905982493e-01 3.7130523924963889e-02 9.4992621765060233e+02
3.6027363036667964e+01 1.3466242115108346e-01 3.8063411932230583e-02 9.5004687236664893e+02
3.6936091948294674e+01 1.3920648036254896e-01 3.9019708498991217e-02 9.5016851367856157e+02
3.7867742000000000e+01 1.4390400000000000e-01 4.0000000000000001e-02 9.5029299200000003e+02
4.3038991000000003e+01 1.6972899999999999e-01 4.5440000000000001e-02 9.5089792599999998e+02
4.8213296999999997e+01 1.9494900000000001e-01 5.0880000000000002e-02 9.5142174199999999e+02
5.3390264999999999e+01 2.1959000000000001e-01 5.6320000000000002e-02 9.5188132800000005e+02
5.8569592999999998e+01 2.4401800000000001e-01 6.1760000000000002e-02 9.5229472099999998e+02
6.3751080999999999e+01 2.6891999999999999e-01 6.7199999999999996e-02 9.5268037700000002e+02
6.8934627000000006e+01 2.9527500000000001e-01 7.2639999999999996e-02 9.5305660699999999e+02
7.4120227999999997e+01 3.2431900000000002e-01 7.8079999999999997e-02 9.5344115299999999e+02
7.9307974999999999e+01 3.5750399999999999e-01 8.3519999999999997e-02 9.5385090700000001e+02
8.4498050000000006e+01 3.9647500000000002e-01 8.8959999999999997e-02 9.5430173400000001e+02
8.9690714999999997e+01 4.4302700000000000e-01 9.4399999999999998e-02 9.5480835800000000e+02
9.4886313000000001e+01 4.9908100000000000e-01 9.9839999999999998e-02 9.5538431100000003e+02
1.0008525299999999e+02 5.6665399999999999e-01 1.0528000000000000e-01 9.5604191300000002e+02
1.0528801100000000e+02 6.4771400000000001e-01 1.1072000000000000e-01 9.5679118100000005e+02
1.1049505900000000e+02 7.4205699999999997e-01 1.1616000000000000e-01 9.5762154099999998e+02
1.1570688500000000e+02 8.5305100000000000e-01 1.2160000000000000e-01 9.5855384400000003e+02
1.2092408500000001e+02 9.8349299999999995e-01 1.2703999999999999e-01 9.5960169299999995e+02
1.2614731200000000e+02 1.1357740000000001e+00 1.3247999999999999e-01 9.6077382699999998e+02
1.3137726200000000e+02 1.3121309999999999e+00 1.3791999999999999e-01 9.6207679399999995e+02
1.3661465999999999e+02 1.5146949999999999e+00 1.4335999999999999e-01 9.6351564299999995e+02
1.4186025699999999e+02 1.7455120000000000e+00 1.4879999999999999e-01 9.6509425499999998e+02
1.4711482100000001e+02 2.0065450000000000e+00 1.5423999999999999e-01 9.6681556000000000e+02
1.5237913399999999e+02 2.2996819999999998e+00 1.5967999999999999e-01 9.6868168300000002e+02
1.5765398999999999e+02 2.6267330000000002e+00 1.6511999999999999e-01 9.7069407899999999e+02
1.6294018500000001e+02 2.9894370000000001e+00 1.7055999999999999e-01 9.7285362699999996e+02
1.6823852299999999e+02 3.3894639999999998e+00 1.7599999999999999e-01 9.7516073100000006e+02
1.7354980599999999e+02 3.8284210000000001e+00 1.8143999999999999e-01 9.7761539500000003e+02
1.7887483599999999e+02 4.3078519999999996e+00 1.8687999999999999e-01 9.8021729500000004e+02
1.8421441200000001e+02 4.8292479999999998e+00 1.9231999999999999e-01 9.8296583699999996e+02
1.8956933200000000e+02 5.3940460000000003e+00 1.9775999999999999e-01 9.8586021500000004e+02
1.9494038499999999e+02 6.0036360000000002e+00 2.0319999999999999e-01 9.8889944600000001e+02
2.0032835600000001e+02 6.6593619999999998e+00 2.0863999999999999e-01 9.9208241399999997e+02
2.0573402500000000e+02 7.3625319999999999e+00 2.1407999999999999e-01 9.9540789800000005e+02
2.1115816300000000e+02 8.1144130000000008e+00 2.1951999999999999e-01 9.9887459400000000e+02
2.1660153600000001e+02 8.9162370000000006e+00 2.2495999999999999e-01 1.0024811360000000e+03
2.2206489900000000e+02 9.7692019999999999e+00 2.3039999999999999e-01 1.0062261080000000e+03
2.2754900400000000e+02 1.0674477000000000e+01 2.3583999999999999e-01 1.0101080540000000e+03
2.3305458999999999e+02 1.1633195000000001e+01 2.4127999999999999e-01 1.0141254860000000e+03
2.3858239200000000e+02 1.2646459999999999e+01 2.4671999999999999e-01 1.0182768860000000e+03
2.4413313299999999e+02 1.3715344000000000e+01 2.5216000000000000e-01 1.0225607110000000e+03
2.4970753099999999e+02 1.4840887000000000e+01 2.5760000000000000e-01 1.0269753880000001e+03
2.5530629400000001e+02 1.6024097000000001e+01 2.6304000000000000e-01 1.0315193190000000e+03
2.6093011899999999e+02 1.7265946000000000e+01 2.6848000000000000e-01 1.0361908739999999e+03
2.6657969700000001e+02 1.8567373000000000e+01 2.7392000000000000e-01 1.0409883930000001e+03
2.7225571000000002e+02 1.9929278000000000e+01 2.7936000000000000e-01 1.0459101800000001e+03
2.7795882899999998e+02 2.1352523999999999e+01 2.8480000000000000e-01 1.0509545040000000e+03
2.8368971499999998e+02 2.2837935999999999e+01 2.9024000000000000e-01 1.0561195929999999e+03
2.8944902100000002e+02 2.4386296000000002e+01 2.9568000000000000e-01 1.0614036360000000e+03
2.9523739000000000e+02 2.5998345000000000e+01 3.0112000000000000e-01 1.0668047790000001e+03
3.0105545300000000e+02 2.7674779999999998e+01 3.0656000000000000e-01 1.0723211220000001e+03
3.0690383300000002e+02 2.9416253000000001e+01 3.1200000000000000e-01 1.0779507260000000e+03
3.1278314100000000e+02 3.1223372000000001e+01 3.1744000000000000e-01 1.0836916060000001e+03
3.1869397500000002e+02 3.3096698000000004e+01 3.2288000000000000e-01 1.0895417330000000e+03
3.2463692600000002e+02 3.5036746000000001e+01 3.2832000000000000e-01 1.0954990379999999e+03
3.3061257200000000e+02 3.7043984000000002e+01 3.3376000000000000e-01 1.1015614140000000e+03
3.3662147700000003e+02 3.9118831999999998e+01 3.3920000000000000e-01 1.1077267139999999e+03
3.4266419600000000e+02 4.1261665000000001e+01 3.4464000000000000e-01 1.1139927590000000e+03
3.4874127299999998e+02 4.3472810000000003e+01 3.5008000000000000e-01 1.1203573380000000e+03
3.5485323499999998e+02 4.5752550999999997e+01 3.5552000000000000e-01 1.1268182130000000e+03
3.6100060300000001e+02 4.8101123999999999e+01 3.6096000000000000e-01 1.1333731240000000e+03
3.6718341600000002e+02 5.0373649999999998e+01 3.6640000000000000e-01 1.1396225760000000e+03
3.7339756899999998e+02 5.2374558999999998e+01 3.7184000000000000e-01 1.1450429850000000e+03
3.7964046000000002e+02 5.4313307000000002e+01 3.7728000000000000e-01 1.1502184900000000e+03
3.8591112099999998e+02 5.6230513999999999e+01 3.8272000000000000e-01 1.1552631429999999e+03
3.9220898399999999e+02 5.8142950999999996e+01 3.8816000000000001e-01 1.1602241839999999e+03
3.9853366899999997e+02 6.0059828000000003e+01 3.9360000000000001e-01 1.1651275149999999e+03
4.0488490999999999e+02 6.1986939000000000e+01 3.9904000000000001e-01 1.1699893549999999e+03
4.1126251300000001e+02 6.3928254000000003e+01 4.0448000000000001e-01 1.1748207040000000e+03
4.1766555399999999e+02 6.5711393999999999e+01 4.0992000000000001e-01 1.1792000120000000e+03
4.2409122400000001e+02 6.7389673999999999e+01 4.1536000000000001e-01 1.1832666320000001e+03
4.3053885900000000e+02 6.9068995000000001e+01 4.2080000000000001e-01 1.1872827769999999e+03
4.3700828000000001e+02 7.0761761000000007e+01 4.2624000000000001e-01 1.1912790640000001e+03
4.4349941799999999e+02 7.2473159999999993e+01 4.3168000000000001e-01 1.1952681020000000e+03
4.5001225299999999e+02 7.4206066000000007e+01 4.3712000000000001e-01 1.1992566890000001e+03
4.5654679499999997e+02 7.5962314000000006e+01 4.4256000000000001e-01 1.2032490130000001e+03
4.6310307299999999e+02 7.7743189000000001e+01 4.4800000000000001e-01 1.2072478670000000e+03
4.6968112700000000e+02 7.9549646999999993e+01 4.5344000000000001e-01 1.2112552160000000e+03
4.7628100699999999e+02 8.1382433000000006e+01 4.5888000000000001e-01 1.2152724909999999e+03
4.8290277200000003e+02 8.3242148000000000e+01 4.6432000000000001e-01 1.2193007600000001e+03
4.8954648200000003e+02 8.5129290999999995e+01 4.6976000000000001e-01 1.2233408350000000e+03
4.9621220499999998e+02 8.7044282999999993e+01 4.7520000000000001e-01 1.2273933380000001e+03
5.0290000800000001e+02 8.8987488999999997e+01 4.8064000000000001e-01 1.2314587489999999e+03
5.0960996399999999e+02 9.0959226999999998e+01 4.8608000000000001e-01 1.2355374340000001e+03
5.1634214499999996e+02 9.2959778000000000e+01 4.9152000000000001e-01 1.2396296729999999e+03
5.2309662600000001e+02 9.4989394000000004e+01 4.9696000000000001e-01 1.2437356760000000e+03
5.2987348099999997e+02 9.7048298000000003e+01 5.0239999999999996e-01 1.2478555960000001e+03
5.3667278799999997e+02 9.9136696999999998e+01 5.0783999999999996e-01 1.2519895349999999e+03
5.4349462200000005e+02 1.0125477400000000e+02 5.1327999999999996e-01 1.2561375590000000e+03
5.5033906100000002e+02 1.0340269900000000e+02 5.1871999999999996e-01 1.2602996980000000e+03
5.5720618100000002e+02 1.0558062800000000e+02 5.2415999999999996e-01 1.2644759560000000e+03
5.6409605799999997e+02 1.0778870200000000e+02 5.2959999999999996e-01 1.2686663100000001e+03
5.7100877100000002e+02 1.1002705200000000e+02 5.3503999999999996e-01 1.2728707190000000e+03
5.7794439399999999e+02 1.1229579900000000e+02 5.4047999999999996e-01 1.2770891220000001e+03
5.8490300300000001e+02 1.1459505299999999e+02 5.4591999999999996e-01 1.2813214419999999e+03
5.9188467500000002e+02 1.1692491600000000e+02 5.5135999999999996e-01 1.2855675900000001e+03
5.9888948500000004e+02 1.1928548400000000e+02 5.5679999999999996e-01 1.2898274640000000e+03
6.0591750600000000e+02 1.2167684100000000e+02 5.6223999999999996e-01 1.2941009529999999e+03
6.1296881199999996e+02 1.2409906900000000e+02 5.6767999999999996e-01 1.2983879350000000e+03
6.2004347700000005e+02 1.2655224000000000e+02 5.7311999999999996e-01 1.3026882820000001e+03
6.2714157200000000e+02 1.2903642099999999e+02 5.7855999999999996e-01 1.3070018580000001e+03
6.3426316999999995e+02 1.3155167499999999e+02 5.8399999999999996e-01 1.3113285209999999e+03
6.4140834199999995e+02 1.3409805700000001e+02 5.8943999999999996e-01 1.3156681240000000e+03
6.4857715599999995e+02 1.3667561799999999e+02 5.9487999999999996e-01 1.3200205149999999e+03
6.5576968299999999e+02 1.3928440499999999e+02 6.0031999999999996e-01 1.3243855400000000e+03
6.6298599100000001e+02 1.4192446000000001e+02 6.0575999999999997e-01 1.3287630400000000e+03
6.7022614599999997e+02 1.4459581900000001e+02 6.1119999999999997e-01 1.3331528530000001e+03
6.7749021700000003e+02 1.4729851600000001e+02 6.1663999999999997e-01 1.3375548150000000e+03
6.8477826700000003e+02 1.5003258099999999e+02 6.2207999999999997e-01 1.3419687600000000e+03
6.9209036300000002e+02 1.5279803999999999e+02 6.2751999999999997e-01 1.3463945220000001e+03
6.9942656799999997e+02 1.5559491399999999e+02 6.3295999999999997e-01 1.3508319309999999e+03
7.0678694399999995e+02 1.5842322300000001e+02 6.3839999999999997e-01 1.3552808180000000e+03
7.1417155500000001e+02 1.6128298200000000e+02 6.4383999999999997e-01 1.3597410130000001e+03
7.2158046000000002e+02 1.6417420500000000e+02 6.4927999999999997e-01 1.3642123460000000e+03
7.2901372000000003e+02 1.6709690100000000e+02 6.5471999999999997e-01 1.3686946450000000e+03
7.3647139400000003e+02 1.7005107699999999e+02 6.6015999999999997e-01 1.3731877400000001e+03
7.4395354099999997e+02 1.7303673900000001e+02 6.6559999999999997e-01 1.3776914609999999e+03
7.5146021800000005e+02 1.7605388700000000e+02 6.7103999999999997e-01 1.3822056379999999e+03
7.5899148100000002e+02 1.7910252199999999e+02 6.7647999999999997e-01 1.3867301010000001e+03
7.6654738499999996e+02 1.8218264099999999e+02 6.8191999999999997e-01 1.3912646830000001e+03
7.7412798599999996e+02 1.8529423900000000e+02 6.8735999999999997e-01 1.3958092150000000e+03
7.8173333700000001e+02 1.8843731000000000e+02 6.9279999999999997e-01 1.4003635300000001e+03
7.8936349099999995e+02 1.9161184499999999e+02 6.9823999999999997e-01 1.4049274640000001e+03
7.9701849900000002e+02 1.9481783300000001e+02 7.0367999999999997e-01 1.4095008519999999e+03
8.0469841299999996e+02 1.9805526200000000e+02 7.0911999999999997e-01 1.4140835300000001e+03
8.1240328299999999e+02 2.0132411900000000e+02 7.1455999999999997e-01 1.4186753380000000e+03
8.2013315699999998e+02 2.0462438700000001e+02 7.1999999999999997e-01 1.4232761149999999e+03
8.2788808500000005e+02 2.0795605000000000e+02 7.2543999999999997e-01 1.4278857020000000e+03
8.3566811399999995e+02 2.1131908899999999e+02 7.3087999999999997e-01 1.4325039429999999e+03
8.4347329000000002e+02 2.1471348399999999e+02 7.3631999999999997e-01 1.4371306820000000e+03
8.5130366000000004e+02 2.1813921400000001e+02 7.4175999999999997e-01 1.4417657650000001e+03
8.5915926800000000e+02 2.2159625700000001e+02 7.4719999999999998e-01 1.4464090409999999e+03
8.6704015800000002e+02 2.2508458999999999e+02 7.5263999999999998e-01 1.4510603590000001e+03
8.7494637399999999e+02 2.2860418700000000e+02 7.5807999999999998e-01 1.4557195710000001e+03
8.8287795800000004e+02 2.3215502400000000e+02 7.6351999999999998e-01 1.4603865300000000e+03
8.9083495300000004e+02 2.3573707300000001e+02 7.6895999999999998e-01 1.4650610919999999e+03
8.9881739800000003e+02 2.3935030699999999e+02 7.7439999999999998e-01 1.4697431140000001e+03
9.0682533400000000e+02 2.4299469800000000e+02 7.7983999999999998e-01 1.4744324560000000e+03
9.1485880199999997e+02 2.4667021800000001e+02 7.8527999999999998e-01 1.4791289770000001e+03
9.2291783799999996e+02 2.5037683500000000e+02 7.9071999999999998e-01 1.4838325420000001e+03
9.3100248199999999e+02 2.5411451900000000e+02 7.9615999999999998e-01 1.4885430150000000e+03
9.3911276999999995e+02 2.5788324000000000e+02 8.0159999999999998e-01 1.4932602629999999e+03
9.4724873900000000e+02 2.6168296500000002e+02 8.0703999999999998e-01 1.4979841540000000e+03
9.5541042500000003e+02 2.6551366300000001e+02 8.1247999999999998e-01 1.5027145599999999e+03
9.6359786299999996e+02 2.6937529999999998e+02 8.1791999999999998e-01 1.5074513540000000e+03
9.7181108700000004e+02 2.7326784199999997e+02 8.2335999999999998e-01 1.5121944100000001e+03
9.8005013099999996e+02 2.7719125700000001e+02 8.2879999999999998e-01 1.5169436040000001e+03
9.8831502799999998e+02 2.8114551100000000e+02 8.3423999999999998e-01 1.5216988160000001e+03
9.9660581000000002e+02 2.8513056799999998e+02 8.3967999999999998e-01 1.5264599260000000e+03
1.0049225100000000e+03 2.8914639399999999e+02 8.4511999999999998e-01 1.5312268170000000e+03
1.0132651580000000e+03 2.9319295499999998e+02 8.5055999999999998e-01 1.5359993740000000e+03
1.0216337850000000e+03 2.9727021400000001e+02 8.5599999999999998e-01 1.5407774820000000e+03
1.0300284200000001e+03 3.0137813799999998e+02 8.6143999999999998e-01 1.5455610310000000e+03
1.0384490929999999e+03 3.0551668999999998e+02 8.6687999999999998e-01 1.5503499119999999e+03
1.0468958339999999e+03 3.0968583599999999e+02 8.7231999999999998e-01 1.5551440170000001e+03
1.0553686690000000e+03 3.1388553999999999e+02 8.7775999999999998e-01 1.5599432409999999e+03
1.0638676260000000e+03 3.1811576700000001e+02 8.8319999999999999e-01 1.5647474810000001e+03
1.0723927329999999e+03 3.2237648200000001e+02 8.8863999999999999e-01 1.5695566349999999e+03
1.0809440150000000e+03 3.2666765099999998e+02 8.9407999999999999e-01 1.5743706050000001e+03
1.0895215000000001e+03 3.3098923900000000e+02 8.9951999999999999e-01 1.5791892949999999e+03
1.0981252110000000e+03 3.3534121299999998e+02 9.0495999999999999e-01 1.5840126100000000e+03
1.1067551750000000e+03 3.3972353900000002e+02 9.1039999999999999e-01 1.5888404579999999e+03
1.1154114150000000e+03 3.4413618500000001e+02 9.1583999999999999e-01 1.5936727490000001e+03
1.1240939559999999e+03 3.4857911999999999e+02 9.2127999999999999e-01 1.5985093979999999e+03
1.1328028210000000e+03 3.5305231500000002e+02 9.2671999999999999e-01 1.6033503200000000e+03
1.1415380319999999e+03 3.5755574000000001e+02 9.3215999999999999e-01 1.6081954350000001e+03
1.1502996129999999e+03 3.6208936999999997e+02 9.3759999999999999e-01 1.6130446669999999e+03
1.1590875860000001e+03 3.6665318200000002e+02 9.4303999999999999e-01 1.6178979420000001e+03
1.1679019719999999e+03 3.7124715500000002e+02 9.4847999999999999e-01 1.6227551930000000e+03
1.1767427929999999e+03 3.7587127500000003e+02 9.5391999999999999e-01 1.6276163600000000e+03
1.1856100700000000e+03 3.8052553399999999e+02 9.5935999999999999e-01 1.6324813899999999e+03
1.1945038239999999e+03 3.8520993499999997e+02 9.6479999999999999e-01 1.6373502420000000e+03
1.2034240760000000e+03 3.8992449800000003e+02 9.7023999999999999e-01 1.6422228940000000e+03
1.2123708469999999e+03 3.9466927299999998e+02 9.7567999999999999e-01 1.6470993539999999e+03
1.2213441560000001e+03 3.9944437399999998e+02 9.8111999999999999e-01 1.6519796960000001e+03
1.2303440270000001e+03 4.0425013700000000e+02 9.8655999999999999e-01 1.6568642199999999e+03
1.2393704829999999e+03 4.0908720899999997e+02 9.9199999999999999e-01 1.6617535339999999e+03
1.2484235460000000e+03 4.1395369099999999e+02 9.9743999999999999e-01 1.6666456750000000e+03
1.2575032309999999e+03 4.1884940999999998e+02 1.0028800000000000e+00 1.6715404420000000e+03
1.2666095510000000e+03 4.2377431999999999e+02 1.0083200000000001e+00 1.6764377569999999e+03
1.2757425189999999e+03 4.2872837299999998e+02 1.0137600000000000e+00 1.6813375490000001e+03
1.2849021499999999e+03 4.3371152200000000e+02 1.0192000000000001e+00 1.6862397420000000e+03
1.2940884560000000e+03 4.3872372000000001e+02 1.0246400000000000e+00 1.6911442669999999e+03
1.3033014499999999e+03 4.4376492200000001e+02 1.0300800000000001e+00 1.6960510529999999e+03
1.3125411429999999e+03 4.4883507900000001e+02 1.0355200000000000e+00 1.7009600320000000e+03
1.3218075480000000e+03 4.5393414700000000e+02 1.0409600000000001e+00 1.7058711350000001e+03
1.3311006749999999e+03 4.5906207799999999e+02 1.0464000000000000e+00 1.7107842960000000e+03
1.3404205360000001e+03 4.6421882799999997e+02 1.0518400000000001e+00 1.7156994500000001e+03
1.3497671419999999e+03 4.6940434900000002e+02 1.0572800000000000e+00 1.7206165340000000e+03
1.3591405020000000e+03 4.7461859800000002e+02 1.0627200000000001e+00 1.7255354850000001e+03
1.3685406280000000e+03 4.7986152700000002e+02 1.0681600000000000e+00 1.7304562400000000e+03
1.3779675270000000e+03 4.8513309299999997e+02 1.0736000000000001e+00 1.7353787400000001e+03
1.3874212100000000e+03 4.9043324999999999e+02 1.0790400000000000e+00 1.7403029250000000e+03
1.3969016859999999e+03 4.9576195400000000e+02 1.0844800000000001e+00 1.7452287360000000e+03
1.4064089640000000e+03 5.0111915900000002e+02 1.0899200000000000e+00 1.7501561170000000e+03
1.4159430510000000e+03 5.0650482299999999e+02 1.0953599999999999e+00 1.7550850109999999e+03
1.4255039560000000e+03 5.1191889900000001e+02 1.1008000000000000e+00 1.7600153630000000e+03
1.4350916860000000e+03 5.1736134600000003e+02 1.1062399999999999e+00 1.7649471189999999e+03
1.4447062500000000e+03 5.2283211800000004e+02 1.1116800000000000e+00 1.7698802260000000e+03
1.4543476539999999e+03 5.2833117200000004e+02 1.1171199999999999e+00 1.7748146310000000e+03
1.4640159060000001e+03 5.3385846600000002e+02 1.1225600000000000e+00 1.7797502830000001e+03
1.4737110110000001e+03 5.3941395599999998e+02 1.1279999999999999e+00 1.7846871329999999e+03
1.4834329760000001e+03 5.4499759800000004e+02 1.1334400000000000e+00 1.7896251290000000e+03
1.4931818080000000e+03 5.5060935099999995e+02 1.1388799999999999e+00 1.7945642240000000e+03
1.5029575120000000e+03 5.5624917200000004e+02 1.1443200000000000e+00 1.7995043710000000e+03
1.5127600930000001e+03 5.6191701899999998e+02 1.1497599999999999e+00 1.8044455210000001e+03
1.5225895579999999e+03 5.6761284999999998e+02 1.1552000000000000e+00 1.8093876299999999e+03
1.5324459110000000e+03 5.7333662200000003e+02 1.1606399999999999e+00 1.8143306520000001e+03
1.5423291569999999e+03 5.7908829400000002e+02 1.1660800000000000e+00 1.8192745430000000e+03
1.5522393010000001e+03 5.8486782500000004e+02 1.1715199999999999e+00 1.8242192600000001e+03
1.5621763470000001e+03 5.9067517399999997e+02 1.1769600000000000e+00 1.8291647590000000e+03
1.5721402980000000e+03 5.9651029900000003e+02 1.1823999999999999e+00 1.8341109980000001e+03
1.5821311599999999e+03 6.0237315999999998e+02 1.1878400000000000e+00 1.8390579370000000e+03
1.5921489360000000e+03 6.0826371600000004e+02 1.1932799999999999e+00 1.8440055339999999e+03
1.6021936280000000e+03 6.1418192699999997e+02 1.1987200000000000e+00 1.8489537510000000e+03
1.6122652410000001e+03 6.2012775199999999e+02 1.2041599999999999e+00 1.8539025469999999e+03
1.6223637779999999e+03 6.2610115099999996e+02 1.2096000000000000e+00 1.8588518850000000e+03
1.6324892410000000e+03 6.3210208499999999e+02 1.2150399999999999e+00 1.8638017270000000e+03
1.6426416019999999e+03 6.3809552499999995e+02 1.2204800000000000e+00 1.8687233420000000e+03
1.6528205020000000e+03 6.4402077199999997e+02 1.2259199999999999e+00 1.8735672990000000e+03
1.6630256600000000e+03 6.4993367599999999e+02 1.2313600000000000e+00 1.8783797580000000e+03
1.6732569420000000e+03 6.5584797400000002e+02 1.2367999999999999e+00 1.8831721310000000e+03
1.6835142530000001e+03 6.6176987399999996e+02 1.2422400000000000e+00 1.8879496030000000e+03
1.6937975200000001e+03 6.6770300799999995e+02 1.2476799999999999e+00 1.8927152229999999e+03
1.7041066860000001e+03 6.7364977999999996e+02 1.2531200000000000e+00 1.8974710160000000e+03
1.7144417010000000e+03 6.7961190099999999e+02 1.2585599999999999e+00 1.9022184310000000e+03
1.7248025220000000e+03 6.8559065399999997e+02 1.2640000000000000e+00 1.9069585560000000e+03
1.7351891129999999e+03 6.9158703100000002e+02 1.2694399999999999e+00 1.9116922390000000e+03
1.7456014390000000e+03 6.9760182599999996e+02 1.2748800000000000e+00 1.9164201570000000e+03
1.7560394710000000e+03 7.0363568599999996e+02 1.2803199999999999e+00 1.9211428670000000e+03
1.7665031819999999e+03 7.0968914700000005e+02 1.2857600000000000e+00 1.9258608290000000e+03
1.7769925479999999e+03 7.1576265899999999e+02 1.2911999999999999e+00 1.9305744350000000e+03
1.7875075449999999e+03 7.2185660800000005e+02 1.2966400000000000e+00 1.9352840169999999e+03
1.7980481520000001e+03 7.2797132199999999e+02 1.3020799999999999e+00 1.9399898650000000e+03
1.8086143500000001e+03 7.3410708999999997e+02 1.3075200000000000e+00 1.9446922279999999e+03
1.8192061200000001e+03 7.4026416200000006e+02 1.3129599999999999e+00 1.9493913270000000e+03
1.8298234460000001e+03 7.4644275800000003e+02 1.3184000000000000e+00 1.9540873570000001e+03
1.8404663100000000e+03 7.5264307299999996e+02 1.3238399999999999e+00 1.9587804900000001e+03
1.8511346980000001e+03 7.5886528299999998e+02 1.3292800000000000e+00 1.9634708820000001e+03
1.8618285950000000e+03 7.6510954000000004e+02 1.3347199999999999e+00 1.9681586709999999e+03
1.8725479869999999e+03 7.7137598700000001e+02 1.3401600000000000e+00 1.9728439840000001e+03
1.8832928620000000e+03 7.7766474600000004e+02 1.3455999999999999e+00 1.9775269320000000e+03
1.8940632049999999e+03 7.8397593300000005e+02 1.3510400000000000e+00 1.9822076199999999e+03
1.9048590059999999e+03 7.9030965000000003e+02 1.3564799999999999e+00 1.9868861420000001e+03
1.9156802530000000e+03 7.9666598899999997e+02 1.3619200000000000e+00 1.9915625829999999e+03
1.9265269350000001e+03 8.0304503599999998e+02 1.3673599999999999e+00 1.9962370229999999e+03
1.9373990409999999e+03 8.0944686899999999e+02 1.3728000000000000e+00 2.0009095330000000e+03
1.9482965600000000e+03 8.1587155800000005e+02 1.3782399999999999e+00 2.0055801810000000e+03
1.9592194830000001e+03 8.2231916799999999e+02 1.3836800000000000e+00 2.0102490280000000e+03
1.9701678010000001e+03 8.2878975800000001e+02 1.3891199999999999e+00 2.0149161310000000e+03
1.9811415030000001e+03 8.3528338399999996e+02 1.3945600000000000e+00 2.0195815419999999e+03
1.9921405810000001e+03 8.4180009299999995e+02 1.3999999999999999e+00 2.0242453120000000e+03
