# epsilon[MeV/fm^3] P[MeV/fm^3] nB[fm^-3] muB[MeV]
4.3514892049562272e-07 9.0000000794219998e-12 4.6796200000000002e-10 9.2990010724260003e+02
5.4394952759824855e-07 1.2854500250148002e-11 5.8496400000000005e-10 9.2990743275720001e+02
6.8239664606092796e-07 1.8414700022552000e-11 7.3384599999999997e-10 9.2991587774760001e+02
8.5763463874259032e-07 2.6380199998860002e-11 9.2229000000000003e-10 9.2992551188760001e+02
1.0799253715994732e-06 3.7791099667920001e-11 1.1613300000000000e-09 9.2993648532329996e+02
1.3625442882637764e-06 5.4137899979800000e-11 1.4652400000000000e-09 9.2994894782519998e+02
1.7226605254650248e-06 7.7555599791040007e-11 1.8524800000000000e-09 9.2996308925910000e+02
2.1826057027272589e-06 1.1110299984364001e-10 2.3470600000000000e-09 9.2997909967860005e+02
2.7713348204539073e-06 1.5916099965360000e-10 2.9801100000000000e-09 9.2999716876169998e+02
3.5266032513682487e-06 2.2800800111288001e-10 3.7922200000000000e-09 9.3001754656409992e+02
4.4975537964996660e-06 3.2663399940042002e-10 4.8362200000000001e-09 9.3004045271789994e+02
4.5807460305493105e-06 3.3555999792714001e-10 4.9256699999999996e-09 9.3004228160820003e+02
4.7281205653478515e-06 3.3656599963290001e-10 5.0841300000000003e-09 9.3004248152130003e+02
6.5759177435918250e-06 5.4515600232911993e-10 7.0708799999999999e-09 9.3007696075620004e+02
9.1998724984833464e-06 8.8567000200420000e-10 9.8920399999999997e-09 9.3011730648750006e+02
1.2918168885426129e-05 1.4388700552640002e-09 1.3889600000000001e-08 9.3016406831190000e+02
1.8201380444258739e-05 2.3376200076990001e-09 1.9569300000000001e-08 9.3021808578930006e+02
2.5725895950178280e-05 3.7977398937599994e-09 2.7657999999999999e-08 9.3028025838780002e+02
3.6463989818522291e-05 6.1698799253159997e-09 3.9200400000000002e-08 9.3035162548649998e+02
5.1813630126296458e-05 1.0023700173792000e-08 5.5698400000000002e-08 9.3043332628019994e+02
7.3785560512054020e-05 1.6284700005120000e-08 7.9311899999999997e-08 9.3052664006250006e+02
1.0527189036420272e-04 2.6456400399219999e-08 1.1314700000000000e-07 9.3063298613190000e+02
1.5043483705694415e-04 4.2981499428689995e-08 1.6167299999999999e-07 9.3075400323120004e+02
1.5143539825673478e-04 4.3369399516159995e-08 1.6274800000000000e-07 9.3075639185940008e+02
1.5666718390755263e-04 4.3499599327679997e-08 1.6836899999999999e-07 9.3075719132400002e+02
1.8247319946392853e-04 5.3487099479700000e-08 1.9609400000000001e-07 9.3081203831400001e+02
2.1304949570856091e-04 6.5965099669560007e-08 2.2894200000000001e-07 9.3087079295249998e+02
2.4880173202308656e-04 8.1354199584480006e-08 2.6734800000000002e-07 9.3093285559410003e+02
2.9061049213158235e-04 1.0033299847065000e-07 3.1225699999999999e-07 9.3099838615049998e+02
3.3950651358852186e-04 1.2374000051775000e-07 3.6477499999999998e-07 9.3106758453479995e+02
3.9669496520679297e-04 1.5260700009555001e-07 4.2619500000000001e-07 9.3114063056550003e+02
4.6358813252914599e-04 1.8820900209407997e-07 4.9803199999999997e-07 9.3121772415570001e+02
5.4183717856390442e-04 2.3211699768180001e-07 5.8205699999999998e-07 9.3129908512530005e+02
6.3337419989345891e-04 2.8626699988691999e-07 6.8034199999999997e-07 9.3138494352930002e+02
7.4046361643000222e-04 3.5305100162730003e-07 7.9531500000000002e-07 9.3147551899979999e+02
7.4543957324912111e-04 3.5623800038969997e-07 8.0065699999999999e-07 9.3147951660449996e+02
7.7046470619140960e-04 3.5730600246279002e-07 8.2752300000000002e-07 9.3148080575760002e+02
7.7218701201869997e-04 3.5837800248323999e-07 8.2937200000000002e-07 9.3148210505190002e+02
7.7564281539113634e-04 3.6053199741144001e-07 8.3308200000000005e-07 9.3148469349929996e+02
7.7911352986319152e-04 3.6269800105895999e-07 8.3680799999999998e-07 9.3148728185280004e+02
7.8260009510663572e-04 3.6487800290032998e-07 8.4055099999999997e-07 9.3148988034750005e+02
7.8610250285012515e-04 3.6706999922346001e-07 8.4431100000000000e-07 9.3149248879559991e+02
7.8962075319254110e-04 3.6927600351839998e-07 8.4808799999999996e-07 9.3149508719639994e+02
7.9315485471188711e-04 3.7149499796798001e-07 8.5188199999999998e-07 9.3149769564450003e+02
7.9670479058673201e-04 3.7372699824480005e-07 8.5569300000000004e-07 9.3150031404599997e+02
8.0027057791247260e-04 3.7597299948234002e-07 8.5952100000000004e-07 9.3150293244750003e+02
8.0385221698387247e-04 3.7823200230633998e-07 8.6336599999999998e-07 9.3150555094289996e+02
8.0745063029167934e-04 3.8050499711466001e-07 8.6722899999999999e-07 9.3150817929779998e+02
8.1106395596088781e-04 3.8279099715107999e-07 8.7110800000000002e-07 9.3151080774659999e+02
8.1469498722525535e-04 3.8509200436278001e-07 8.7500600000000005e-07 9.3151343619540000e+02
8.1834093096975699e-04 3.8740599815679997e-07 8.7891999999999998e-07 9.3151607459759998e+02
8.3652972322216491e-04 3.8856800310954005e-07 8.9844600000000005e-07 9.3151737379799999e+02
8.9649746606902973e-04 4.2637900225708002e-07 9.6282100000000007e-07 9.3155798930399999e+02
9.6293679962426715e-04 4.6927300060880000e-07 1.0341400000000000e-06 9.3160093353000002e+02
1.0343084479593990e-03 5.1648199988999994e-07 1.1107499999999999e-06 9.3164493704189999e+02
1.1110033276598183e-03 5.6844100521450010e-07 1.1930700000000001e-06 9.3169002988770001e+02
1.1934040547386528e-03 6.2562700512179996e-07 1.2815100000000000e-06 9.3173623206809998e+02
1.2819398888523502e-03 6.8856500094819997e-07 1.3765300000000001e-06 9.3178357353719991e+02
1.3770588621277026e-03 7.5783499966439992e-07 1.4786100000000000e-06 9.3183208434300002e+02
1.4792742600387720e-03 8.3407400117300003e-07 1.5882999999999999e-06 9.3188178448619999e+02
1.5890902438860661e-03 9.1798299673799988e-07 1.7061399999999999e-06 9.3193271378040004e+02
1.7070948934908867e-03 1.0103300084124001e-06 1.8327600000000000e-06 9.3198488236679998e+02
1.7418302566492478e-03 1.0379399925766002e-06 1.8700300000000001e-06 9.3199978345169995e+02
1.8026805910135908e-03 1.0410599913928000e-06 1.9353200000000000e-06 9.3200143242960007e+02
2.0389359400714486e-03 1.2275099896319999e-06 2.1888000000000001e-06 9.3209187794249999e+02
2.3114099463439177e-03 1.4516999917321999e-06 2.4811100000000001e-06 9.3218792017709995e+02
2.6204004641994278e-03 1.7168400063888003e-06 2.8125600000000001e-06 9.3228811983419996e+02
2.9707928967162671e-03 2.0304000155634000e-06 3.1883800000000001e-06 9.3239264696670000e+02
3.3681648965264784e-03 2.4012300084080001e-06 3.6145400000000001e-06 9.3250170129989999e+02
3.8188055776886142e-03 2.8397900147328003e-06 4.0977700000000004e-06 9.3261546284010001e+02
4.3298558716110781e-03 3.3584500068246004e-06 4.6457100000000001e-06 9.3273413140649996e+02
4.9094492242661523e-03 3.9718300068571995e-06 5.2670599999999997e-06 9.3285792691289998e+02
5.5667590537662745e-03 4.6972400276543001e-06 5.9716300000000001e-06 9.3298704917850000e+02
6.3122329168583428e-03 5.5551399798486997e-06 6.7705900000000002e-06 9.3312173811779996e+02
6.3691536418958340e-03 5.6221100036384002e-06 6.8315900000000001e-06 9.3313158221820004e+02
6.6107787783348925e-03 5.6389700285964000e-06 7.0905299999999997e-06 9.3313397075249998e+02
7.1832281514335565e-03 6.2999099885847007e-06 7.7039700000000007e-06 9.3322329697740008e+02
7.8228640480689938e-03 7.0594400109160007e-06 8.3893400000000006e-06 9.3331767013950002e+02
8.5195476220300548e-03 7.9105299722335996e-06 9.1357600000000004e-06 9.3341477175390003e+02
9.2783521214718639e-03 8.8642300383220009e-06 9.9486500000000000e-06 9.3351470163630006e+02
1.0104791977484120e-02 9.9329099737559988e-06 1.0833900000000000e-05 9.3361751969490001e+02
1.1005037422914624e-02 1.1130399980334000e-05 1.1798100000000000e-05 9.3372332602710003e+02
1.1985504705131824e-02 1.2472300012974001e-05 1.2848100000000000e-05 9.3383220044789994e+02
1.3053499763127112e-02 1.3976000053347000e-05 1.3991700000000000e-05 9.3394422305399996e+02
1.4216706487829026e-02 1.5661000693130000e-05 1.5237100000000000e-05 9.3405949366109996e+02
1.5483652631007537e-02 1.7549100191680000e-05 1.6593399999999999e-05 9.3417811227269999e+02
1.5623499832828706e-02 1.7760599953030001e-05 1.6743099999999999e-05 9.3419079468840005e+02
1.6269961736847121e-02 1.7813900213129999e-05 1.7435099999999998e-05 9.3419395273319992e+02
1.7094324515795702e-02 1.9027400207749999e-05 1.8317499999999999e-05 9.3426180186839997e+02
1.8000874089488257e-02 2.0384500450440000e-05 1.9287799999999999e-05 9.3433394852489994e+02
1.8955614232225096e-02 2.1838399047120000e-05 2.0309599999999999e-05 9.3440734433310001e+02
1.9960983560824267e-02 2.3396100553499999e-05 2.1385500000000000e-05 9.3448202938830002e+02
2.1019794814794490e-02 2.5064799654149998e-05 2.2518500000000001e-05 9.3455801364390004e+02
2.2134768910989058e-02 2.6852600343399999e-05 2.3711500000000002e-05 9.3463531710059999e+02
2.3309000859656603e-02 2.8767899159999994e-05 2.4967799999999998e-05 9.3471396971249999e+02
2.4545494036103295e-02 3.0819700065419999e-05 2.6290599999999999e-05 9.3479400162150000e+02
2.5847718880420045e-02 3.3017999946119998e-05 2.7683600000000000e-05 9.3487541254589996e+02
2.7219055484112444e-02 3.5372998881120002e-05 2.9150400000000001e-05 9.3495825272219997e+02
2.7775365070038964e-02 3.6339601209739997e-05 2.9745400000000002e-05 9.3499105302509997e+02
2.8289610775747390e-02 3.6448598719180002e-05 3.0295400000000001e-05 9.3499466085090000e+02
2.8802930737171755e-02 3.7332599735440002e-05 3.0844399999999999e-05 9.3502356336480000e+02
2.9391538203060320e-02 3.8352800962709990e-05 3.1473899999999997e-05 9.3505628375879996e+02
2.9992229144074897e-02 3.9400800335690003e-05 3.2116300000000003e-05 9.3508923392610006e+02
3.0605097595990186e-02 4.0477499896860003e-05 3.2771700000000003e-05 9.3512239395989991e+02
3.1230612131930052e-02 4.1583600119840003e-05 3.3440600000000000e-05 9.3515578386089999e+02
3.1868867160453597e-02 4.2719998743180005e-05 3.4123099999999999e-05 9.3518940362910007e+02
3.2520144922003676e-02 4.3887298648500002e-05 3.4819500000000001e-05 9.3522325326449993e+02
3.3184820445813230e-02 4.5086601561120004e-05 3.5530200000000001e-05 9.3525732271979996e+02
3.3862987887692660e-02 4.6318701748649993e-05 3.6255299999999998e-05 9.3529163208960006e+02
3.4555116462740516e-02 4.7584401826990007e-05 3.6995300000000001e-05 9.3532617123270006e+02
3.4710848908415574e-02 4.7870299693839997e-05 3.7161800000000001e-05 9.3533387666670001e+02
3.5705765632703390e-02 4.8013899962450004e-05 3.8225500000000002e-05 9.3533768431169995e+02
3.6190650245182691e-02 4.8884701265269996e-05 3.8743900000000000e-05 9.3536029073669999e+02
3.6764595537185744e-02 4.9920498059249994e-05 3.9357499999999997e-05 9.3538680481020003e+02
3.7347724170046170e-02 5.0978398185919999e-05 3.9980900000000002e-05 9.3541345870079999e+02
3.7940129948432849e-02 5.2058599241440000e-05 4.0614200000000002e-05 9.3544024264290010e+02
3.8541907483377907e-02 5.3161699756499999e-05 4.1257500000000003e-05 9.3546717635549999e+02
3.9153244015328124e-02 5.4288198430999997e-05 4.1910999999999999e-05 9.3549425007299999e+02
3.9774234210732992e-02 5.5438601263319996e-05 4.2574799999999998e-05 9.3552146370150001e+02
4.0405159191034282e-02 5.6613297948239995e-05 4.3249199999999999e-05 9.3554882728830000e+02
4.1046019389420471e-02 5.7812899551080002e-05 4.3934199999999997e-05 9.3557633069220003e+02
4.1697190276124625e-02 5.9037997871239995e-05 4.4630199999999998e-05 9.3560397410099995e+02
4.2358578444415006e-02 6.0288999023690009e-05 4.5337100000000003e-05 9.3563177732760005e+02
4.2549448380963861e-02 6.0651299975859995e-05 4.5541099999999997e-05 9.3563974248900001e+02
4.3740238175900857e-02 6.0833198906699995e-05 4.6813800000000002e-05 9.3564365013750000e+02
4.5854886274473032e-02 6.4782902450840000e-05 4.9073799999999998e-05 9.3572599057799994e+02
4.8180087401599556e-02 6.9195997901699998e-05 5.1558599999999998e-05 9.3581365787159996e+02
5.0623240020302433e-02 7.3909702371599995e-05 5.4169200000000003e-05 9.3590278418340006e+02
5.3190452397117956e-02 7.8944498346630003e-05 5.6912100000000000e-05 9.3599338970190001e+02
5.5887837732656438e-02 8.4322299027779992e-05 5.9793799999999997e-05 9.3608550419339997e+02
5.8722166587791814e-02 9.0066499795649990e-05 6.2821499999999995e-05 9.3617915789369999e+02
6.1700398546921942e-02 9.6201898222459989e-05 6.6002599999999997e-05 9.3627437052180005e+02
6.4829683480590566e-02 1.0275499726340999e-04 6.9344700000000000e-05 9.3637116226620003e+02
6.8117831355171340e-02 1.0975499711746999e-04 7.2856100000000002e-05 9.3646956308100005e+02
7.1572933822013338e-02 1.1723199746169999e-04 7.6545399999999994e-05 9.3656960282640000e+02
7.2872355791586060e-02 1.2007500056640000e-04 7.7932800000000000e-05 9.3660639068670002e+02
7.6294350046888545e-02 1.2043499631464001e-04 8.1586400000000002e-05 9.3661091798129996e+02
7.8557740452832786e-02 1.2521799885310001e-04 8.4002899999999995e-05 9.3666865324139997e+02
8.1070439170188191e-02 1.3058099681828001e-04 8.6685400000000002e-05 9.3673145543940007e+02
8.3663493660002267e-02 1.3617299667415003e-04 8.9453500000000007e-05 9.3679492723830003e+02
8.6339540033127660e-02 1.4200499619000000e-04 9.2310000000000002e-05 9.3685905859080003e+02
8.9101308842231525e-02 1.4808700429182000e-04 9.5257800000000001e-05 9.3692387963880003e+02
9.1951438062670962e-02 1.5442999846642999e-04 9.8299699999999997e-05 9.3698938014720000e+02
9.3544637803481184e-02 1.5800363917307320e-04 1.0000000000000000e-04 9.3702641442654260e+02
9.5905201001082074e-02 1.6016705135819996e-04 1.0251896439590998e-04 9.3704973141801281e+02
9.8325332109155533e-02 1.6240355849115809e-04 1.0510142940086134e-04 9.3707322753918277e+02
1.0080653430116532e-01 1.6471563022217662e-04 1.0774899529571889e-04 9.3709690428453871e+02
1.0335034868258319e-01 1.6710581964326046e-04 1.1046330267299476e-04 9.3712076316122693e+02
1.0595835524808882e-01 1.6957676610742758e-04 1.1324603345173715e-04 9.3714480568915928e+02
1.0863217386292395e-01 1.7213119814319967e-04 1.1609891191795014e-04 9.3716903340112049e+02
1.1137346526901092e-01 1.7477193646756403e-04 1.1902370579118675e-04 9.3719344784287659e+02
1.1418393211645990e-01 1.7750189710073424e-04 1.2202222731797277e-04 9.3721805057328459e+02
1.1706532002110623e-01 1.8032409458614885e-04 1.2509633439273564e-04 9.3724284316440253e+02
1.2001941864873392e-01 1.8324164531926377e-04 1.2824793170692980e-04 9.3726782720159918e+02
1.2304806282665932e-01 1.8625777098881408e-04 1.3147897192706629e-04 9.3729300428366901e+02
1.2615313368336517e-01 1.8937580213434550e-04 1.3479145690237389e-04 9.3731837602294240e+02
1.2933655981689279e-01 1.9259918182394363e-04 1.3818743890283561e-04 9.3734394404540035e+02
1.3260031849271825e-01 1.9593146945622215e-04 1.4166902188836347e-04 9.3736970999079244e+02
1.3594643687185656e-01 1.9937634469076857e-04 1.4523836280989533e-04 9.3739567551274752e+02
1.3937699326995656e-01 2.0293761151138719e-04 1.4889767294321387e-04 9.3742184227889516e+02
1.4289411844816835e-01 2.0661920242662647e-04 1.5264921925631076e-04 9.3744821197098236e+02
1.4649999693658572e-01 2.1042518281222925e-04 1.5649532581113920e-04 9.3747478628499221e+02
1.5019686839108481e-01 2.1435975540030070e-04 1.6043837520061764e-04 9.3750156693126416e+02
1.5398702898440214e-01 2.1842726492015102e-04 1.6448081002177068e-04 9.3752855563461571e+02
1.5787283283231604e-01 2.2263220289593823e-04 1.6862513438591512e-04 9.3755575413446400e+02
1.6185669345581719e-01 2.2697921260640810e-04 1.7287391546682107e-04 9.3758316418494962e+02
1.6594108528017626e-01 2.3147309421220775e-04 1.7722978508780232e-04 9.3761078755506060e+02
1.7012854517184045e-01 2.3611881005643621e-04 1.8169544134871387e-04 9.3763862602875827e+02
1.7442167401411263e-01 2.4092149014428319e-04 1.8627365029385835e-04 9.3766668140510342e+02
1.7882313832259200e-01 2.4588643780780770e-04 1.9096724762182905e-04 9.3769495549838371e+02
1.8333567190138034e-01 2.5101913556211286e-04 1.9577914043834277e-04 9.3772345013824327e+02
1.8796207754108152e-01 2.5632525115938128e-04 2.0071230905314186e-04 9.3775216716981220e+02
1.9270522875964946e-01 2.6181064384745838e-04 2.0576980882207205e-04 9.3778110845383731e+02
1.9756807158716597e-01 2.6748137083989332e-04 2.1095477203547083e-04 9.3781027586681455e+02
2.0255362639565641e-01 2.7334369400458227e-04 2.1627040985402850e-04 9.3783967130112183e+02
2.0766498977508030e-01 2.7940408677840052e-04 2.2172001429331416e-04 9.3786929666515516e+02
2.1290533645666182e-01 2.8566924131545807e-04 2.2730696025818919e-04 9.3789915388346162e+02
2.1827792128475479e-01 2.9214607587687262e-04 2.3303470762835903e-04 9.3792924489687869e+02
2.2378608123846661e-01 2.9884174247021969e-04 2.3890680339634846e-04 9.3795957166267044e+02
2.2943323750429787e-01 3.0576363474709659e-04 2.4492688385921620e-04 9.3799013615466890e+02
2.3522289760108336e-01 3.1291939616751957e-04 2.5109867686535717e-04 9.3802094036341202e+02
2.4115865755855573e-01 3.2031692844017106e-04 2.5742600411777583e-04 9.3805198629628751e+02
2.4724420415088402e-01 3.2796440024781631e-04 2.6391278353524774e-04 9.3808327597767357e+02
2.5348331718657513e-01 3.3587025626752477e-04 2.7056303167282211e-04 9.3811481144908623e+02
2.5987987185615929e-01 3.4404322649565625e-04 2.7738086620315535e-04 9.3814659476932150e+02
2.6643784113911967e-01 3.5249233588790992e-04 2.8437050846020205e-04 9.3817862801460365e+02
2.7316129827155872e-01 3.6122691432507998e-04 2.9153628604682697e-04 9.3821091327873398e+02
2.8005441927613567e-01 3.7025660691552290e-04 2.9888263550794471e-04 9.3824345267323883e+02
2.8712148555584632e-01 3.7959138464571370e-04 3.0641410507082901e-04 9.3827624832752019e+02
2.9436688655325549e-01 3.8924155539065070e-04 3.1413535745427885e-04 9.3830930238900828e+02
3.0179512247683410e-01 3.9921777529626761e-04 3.2205117274836689e-04 9.3834261702331526e+02
3.0941080709609459e-01 4.0953106054642159e-04 3.3016645136654425e-04 9.3837619441438835e+02
3.1721867060726050e-01 4.2019279952745168e-04 3.3848621707191408e-04 9.3841003676466698e+02
3.2522356257124979e-01 4.3121476540373906e-04 3.4701562007953589e-04 9.3844414629524044e+02
3.3343045492579770e-01 4.4260912911815703e-04 3.5575994023666899e-04 9.3847852524600455e+02
3.4184444507358858e-01 4.5438847283176464e-04 3.6472459028290732e-04 9.3851317587582480e+02
3.5047075904831632e-01 4.6656580381758682e-04 3.7391511919221323e-04 9.3854810046269495e+02
3.5931475476063829e-01 4.7915456882382048e-04 3.8333721559890069e-04 9.3858330130390266e+02
3.6838192532604064e-01 4.9216866892233025e-04 3.9299671130967788e-04 9.3861878071619151e+02
3.7767790247668015e-01 5.0562247485882723e-04 4.0289958490390289e-04 9.3865454103592822e+02
3.8720846005932297e-01 5.1953084292168301e-04 4.1305196542426836e-04 9.3869058461926920e+02
3.9697951762155281e-01 5.3390913134690140e-04 4.2346013616018102e-04 9.3872691384233030e+02
4.0699714408847482e-01 5.4877321727736202e-04 4.3413053852616086e-04 9.3876353110135631e+02
4.1726756153220096e-01 5.6413951429506624e-04 4.4506977603764406e-04 9.3880043881289248e+02
4.2779714903645571e-01 5.8002499054573967e-04 4.5628461838662896e-04 9.3883763941395807e+02
4.3859244665870450e-01 5.9644718747581152e-04 4.6778200561967104e-04 9.3887513536222195e+02
4.4966015949226401e-01 6.1342423920245548e-04 4.7956905242079156e-04 9.3891292913617758e+02
4.6100716183091950e-01 6.3097489253808572e-04 4.9165305250193150e-04 9.3895102323532103e+02
4.7264050143863356e-01 6.4911852769141787e-04 5.0404148310364356e-04 9.3898942018033210e+02
4.8456740392699982e-01 6.6787517966795257e-04 5.1674200960879016e-04 9.3902812251325338e+02
4.9679527724316036e-01 6.8726556039351734e-04 5.2976249027207633e-04 9.3906713279767303e+02
5.0933171627097262e-01 7.0731108158529046e-04 5.4311098106832019e-04 9.3910645361891136e+02
5.2218450754828738e-01 7.2803387839557004e-04 5.5679574066244382e-04 9.3914608758420354e+02
5.3536163410326298e-01 7.4945683385438681e-04 5.7082523550422426e-04 9.3918603732288921e+02
5.4887128041272382e-01 7.7160360413796182e-04 5.8520814505094092e-04 9.3922630548660038e+02
5.6272183748563953e-01 7.9449864469090085e-04 5.9995336712111678e-04 9.3926689474945385e+02
5.7692190807488619e-01 8.1816723723098319e-04 6.1507002338264565e-04 9.3930780780824216e+02
5.9148031202052176e-01 8.4263551766635108e-04 6.3056746497866512e-04 9.3934904738262867e+02
6.0640609172789872e-01 8.6793050495593876e-04 6.4645527829463136e-04 9.3939061621534279e+02
6.2170851778401426e-01 8.9408013094500311e-04 6.6274329087013097e-04 9.3943251707237960e+02
6.3739709471558603e-01 9.2111327120870284e-04 6.7944157745905716e-04 9.3947475274319595e+02
6.5348156689243320e-01 9.4905977693779040e-04 6.9656046624186568e-04 9.3951732604091546e+02
6.6997192457982402e-01 9.7795050790161595e-04 7.1411054519371939e-04 9.3956023980252894e+02
6.8687841014355489e-01 1.0078173665248543e-03 7.3210266861242887e-04 9.3960349688909957e+02
7.0421152441160906e-01 1.0386933331155712e-03 7.5054796381018472e-04 9.3964710018597032e+02
7.2198203319635301e-01 1.0706125022835443e-03 7.6945783797319255e-04 9.3969105260297226e+02
7.4020097398131524e-01 1.1036101205890393e-03 7.8884398519340787e-04 9.3973535707463373e+02
7.5887966277670438e-01 1.1377226254636226e-03 8.0871839367668223e-04 9.3978001656039442e+02
7.7802970114792369e-01 1.1729876854459881e-03 8.2909335313174058e-04 9.3982503404481702e+02
7.9766298342144648e-01 1.2094442417772242e-03 8.4998146234451118e-04 9.3987041253780649e+02
8.1779170407253132e-01 1.2471325514014590e-03 8.7139563694245902e-04 9.3991615507482334e+02
8.3842836529936104e-01 1.2860942314193596e-03 8.9334911735366421e-04 9.3996226471710872e+02
8.5958578478831316e-01 1.3263723050435784e-03 9.1585547696553578e-04 9.4000874455190205e+02
8.8127710367518441e-01 1.3680112491068898e-03 9.3892863048814651e-04 9.4005559769266642e+02
9.0351579470731236e-01 1.4110570431754774e-03 9.6258284252731486e-04 9.4010282727931440e+02
9.2631567061166720e-01 1.4555572203216102e-03 9.8683273637268460e-04 9.4015043647843606e+02
9.4969089267410711e-01 1.5015609196117647e-03 1.0116933030061791e-03 9.4019842848352755e+02
9.7365597953512861e-01 1.5491189403681576e-03 1.0371799103363472e-03 9.4024680651522397e+02
9.9822581620757467e-01 1.5982837982636082e-03 1.0633083126642513e-03 9.4029557382153314e+02
1.0234156633219007e+00 1.6491097833116707e-03 1.0900946603866930e-03 9.4034473367807118e+02
1.0492411666047423e+00 1.7016530198160718e-03 1.1175555099427123e-03 9.4039428938830213e+02
1.0757183665966674e+00 1.7559715283456474e-03 1.1457078340094456e-03 9.4044424428377442e+02
1.1028637086151589e+00 1.8121252898032339e-03 1.1745690319535833e-03 9.4049460172436818e+02
1.1306940529690037e+00 1.8701763116592304e-03 1.2041569405448185e-03 9.4054536509853654e+02
1.1592266854304389e+00 1.9301886964229950e-03 1.2344898449378348e-03 9.4059653782355269e+02
1.1884793279715609e+00 1.9922287124276771e-03 1.2655864899295598e-03 9.4064812334576038e+02
1.2184701497716608e+00 2.0563648670066438e-03 1.2974660914985569e-03 9.4070012514082339e+02
1.2492177785023284e+00 2.1226679821423106e-03 1.3301483486336178e-03 9.4075254671397977e+02
1.2807413118973294e+00 2.1912112726709134e-03 1.3636534554587834e-03 9.4080539160029809e+02
1.3130603296144461e+00 2.2620704271295740e-03 1.3980021136622064e-03 9.4085866336493382e+02
1.3461949053966422e+00 2.3353236913349284e-03 1.4332155452364446e-03 9.4091236560339109e+02
1.3801656195401188e+00 2.4110519547856325e-03 1.4693155055379866e-03 9.4096650194178483e+02
1.4149935716769881e+00 2.4893388399841224e-03 1.5063242966739656e-03 9.4102107603710613e+02
1.4507003938805183e+00 2.5702707947762877e-03 1.5442647812242633e-03 9.4107609157748823e+02
1.4873082641010815e+00 2.6539371878110092e-03 1.5831603963073629e-03 9.4113155228247854e+02
1.5248399199411560e+00 2.7404304072249845e-03 1.6230351679985646e-03 9.4118746190330967e+02
1.5633186727779307e+00 2.8298459626617928e-03 1.6639137261093471e-03 9.4124382422317387e+02
1.6027684222422929e+00 2.9222825907378788e-03 1.7058213193369143e-03 9.4130064305750011e+02
1.6432136710631853e+00 3.0178423640718987e-03 1.7487838307931663e-03 9.4135792225423529e+02
1.6846795402865524e+00 3.1166308039978167e-03 1.7928277939225773e-03 9.4141566569412362e+02
1.7271917848783382e+00 3.2187569970862492e-03 1.8379804088186952e-03 9.4147387729099478e+02
1.7707768097212122e+00 3.3243337156026774e-03 1.8842695589492192e-03 9.4153256099204782e+02
1.8154616860149706e+00 3.4334775420355817e-03 1.9317238282998584e-03 9.4159172077814321e+02
1.8612741680907940e+00 3.5463089978319874e-03 1.9803725189474269e-03 9.4165136066409514e+02
1.9082427106498077e+00 3.6629526764825849e-03 2.0302456690729034e-03 9.4171148469896639e+02
1.9563964864366485e+00 3.7835373811033789e-03 2.0813740714254350e-03 9.4177209696636464e+02
2.0057654043590198e+00 3.9081962666657971e-03 2.1337892922485332e-03 9.4183320158474612e+02
2.0563801280644856e+00 4.0370669870323055e-03 2.1875236906800251e-03 9.4189480270771628e+02
2.1082720949860376e+00 4.1702918469598907e-03 2.2426104386375563e-03 9.4195690452433666e+02
2.1614735358682826e+00 4.3080179592392912e-03 2.2990835412017917e-03 9.4201951125943458e+02
2.2160174947863536e+00 4.4503974071434475e-03 2.3569778575097218e-03 9.4208262717391199e+02
2.2719378496699951e+00 4.5975874123645889e-03 2.4163291221707965e-03 9.4214625656506257e+02
2.3292693333455659e+00 4.7497505086253880e-03 2.4771739672189486e-03 9.4221040376688870e+02
2.3880475551090292e+00 4.9070547211558973e-03 2.5395499446138757e-03 9.4227507315042010e+02
2.4483090228433277e+00 5.0696737522344494e-03 2.6034955493052705e-03 9.4234026912403749e+02
2.5100911656938831e+00 5.2377871729974062e-03 2.6690502428740525e-03 9.4240599613379936e+02
2.5734323573163032e+00 5.4115806217295646e-03 2.7362544777649969e-03 9.4247225866377062e+02
2.6383719397107317e+00 5.5912460088541564e-03 2.8051497221254981e-03 9.4253906123635386e+02
2.7049502476576599e+00 5.7769817288488619e-03 2.8757784852656036e-03 9.4260640841262466e+02
2.7732086337703530e+00 5.9689928793217589e-03 2.9481843437547837e-03 9.4267430479267000e+02
2.8431894941794753e+00 6.1674914874891946e-03 3.0224119681713378e-03 9.4274275501592945e+02
2.9149362948658504e+00 6.3726967443056247e-03 3.0985071505206961e-03 9.4281176376153837e+02
2.9884935986577235e+00 6.5848352465039759e-03 3.1765168323392933e-03 9.4288133574867652e+02
3.0639070929092846e+00 6.8041412468137913e-03 3.2564891335010973e-03 9.4295147573691838e+02
3.1412236178776545e+00 7.0308569126334725e-03 3.3384733817443278e-03 9.4302218852658586e+02
3.2204911958159474e+00 7.2652325934422467e-03 3.4225201429362749e-03 9.4309347895910639e+02
3.3017590608004852e+00 7.5075270972471322e-03 3.5086812520946403e-03 9.4316535191737353e+02
3.3850776893107000e+00 7.7580079763702329e-03 3.5970098451842502e-03 9.4323781232610952e+02
3.4704988315806986e+00 8.0169518228918428e-03 3.6875603917084355e-03 9.4331086515223262e+02
3.5580755437419742e+00 8.2846445740756662e-03 3.7803887281148895e-03 9.4338451540522760e+02
3.6478622207772289e+00 8.5613818281134301e-03 3.8755520920362870e-03 9.4345876813751954e+02
3.7399146303057726e+00 8.8474691705374732e-03 3.9731091573864622e-03 9.4353362844485014e+02
3.8342899472214831e+00 9.1432225116618391e-03 4.0731200703334304e-03 9.4360910146665947e+02
3.9310467892048431e+00 9.4489684354244416e-03 4.1756464861711128e-03 9.4368519238646854e+02
4.0302452531311088e+00 9.7650445600155032e-03 4.2807516071121090e-03 9.4376190643226937e+02
4.1319469523972199e+00 1.0091799910690504e-02 4.3885002210244739e-03 9.4383924887691398e+02
4.2362150551906552e+00 1.0429595305179354e-02 4.4989587411359937e-03 9.4391722503850986e+02
4.3431143237239676e+00 1.0778803752117287e-02 4.6121952467299970e-03 9.4399584028081949e+02
4.4527111544594060e+00 1.1139810862937532e-02 4.7282795248574528e-03 9.4407510001366063e+02
4.5650736193485768e+00 1.1513015277680524e-02 4.8472831130905621e-03 9.4415500969331401e+02
4.6802715081127770e+00 1.1898829105189893e-02 4.9692793433438118e-03 9.4423557482293222e+02
4.7983763715902628e+00 1.2297678378181314e-02 5.0943433867890282e-03 9.4431680095295235e+02
4.9194615661773557e+00 1.2710003523686685e-02 5.2225522998916299e-03 9.4439869368151403e+02
5.0436022993910168e+00 1.3136259849393175e-02 5.3539850715959691e-03 9.4448125865488203e+02
5.1708756765811579e+00 1.3576918046414106e-02 5.4887226716883565e-03 9.4456450156786855e+02
5.3013607488217476e+00 1.4032464709046979e-02 5.6268481003670361e-03 9.4464842816426381e+02
5.4351385620104020e+00 1.4503402872092411e-02 5.7684464390491044e-03 9.4473304423726904e+02
5.5722922072070018e+00 1.4990252566327444e-02 5.9136049024451440e-03 9.4481835562993263e+02
5.7129068722425806e+00 1.5493551392746573e-02 6.0624128919330696e-03 9.4490436823559230e+02
5.8570698946305413e+00 1.6013855116204564e-02 6.2149620502634740e-03 9.4499108799831936e+02
6.0048708158130744e+00 1.6551738279116626e-02 6.3713463176295641e-03 9.4507852091336940e+02
6.1564014367764539e+00 1.7107794835893590e-02 6.5316619891355888e-03 9.4516667302763472e+02
6.3117558750697711e+00 1.7682638808812667e-02 6.6960077736985110e-03 9.4525555044010139e+02
6.4710306232625179e+00 1.8276904966048082e-02 6.8644848544184948e-03 9.4534515930231282e+02
6.6343246088773009e+00 1.8891249522610117e-02 7.0371969504547096e-03 9.4543550581883483e+02
6.8017392558349785e+00 1.9526350864966884e-02 7.2142503804438355e-03 9.4552659624772923e+02
6.9733785474502987e+00 2.0182910300148665e-02 7.3957541274995734e-03 9.4561843690102455e+02
7.1493490910172346e+00 2.0861652830162187e-02 7.5818199058323796e-03 9.4571103414519928e+02
7.3297601840240914e+00 2.1563327952569961e-02 7.7725622290296791e-03 9.4580439440166367e+02
7.5147238820395383e+00 2.2288710488118688e-02 7.9680984800377507e-03 9.4589852414725033e+02
7.7043550683117124e+00 2.3038601436330637e-02 8.1685489828875139e-03 9.4599342991470610e+02
7.8987715251236237e+00 2.3813828860002793e-02 8.3740370762074787e-03 9.4608911829319118e+02
8.0980940069492053e+00 2.4615248799590494e-02 8.5846891885682439e-03 9.4618559592877955e+02
8.3024463154553931e+00 2.5443746218485132e-02 8.8006349157038616e-03 9.4628286952496842e+02
8.5119553763969034e+00 2.6300235980230052e-02 9.0220070996567623e-03 9.4638094584318901e+02
8.7267513184513792e+00 2.7185663858753293e-02 9.2489419098938132e-03 9.4647983170332577e+02
8.9469675540439297e+00 2.8101007582733102e-02 9.4815789264424809e-03 9.4657953398423467e+02
9.1727408622112456e+00 2.9047277915249220e-02 9.7200612250970993e-03 9.4668005962427173e+02
9.4042114735567548e+00 3.0025519769912253e-02 9.9645354647465868e-03 9.4678141562182645e+02
9.6415231573495745e+00 3.1036813364703476e-02 1.0215151976876185e-02 9.4688360903585578e+02
9.8848233108214334e+00 3.2082275414799598e-02 1.0472064857297148e-02 9.4698664698642801e+02
1.0134263050716855e+01 3.3163060365698778e-02 1.0735432060159420e-02 9.4709053665526790e+02
1.0389997307153720e+01 3.4280361668010843e-02 1.1005415494304078e-02 9.4719528528631031e+02
1.0652184919852202e+01 3.5435413095317961e-02 1.1282181122013218e-02 9.4730090018625731e+02
1.0920988736792172e+01 3.6629490106562392e-02 1.1565899060216970e-02 9.4740738872514214e+02
1.1196575715360016e+01 3.7863911254464408e-02 1.1856743684218173e-02 9.4751475833689426e+02
1.1479117026048030e+01 3.9140039641526993e-02 1.2154893733997316e-02 9.4762301651991561e+02
1.1768788158770453e+01 4.0459284425233631e-02 1.2460532423161294e-02 9.4773217083765894e+02
1.2065769031862466e+01 4.1823102374102535e-02 1.2773847550601736e-02 9.4784222891921229e+02
1.2370244103829741e+01 4.3232999476315190e-02 1.3095031614929798e-02 9.4795319845988809e+02
1.2682402487917818e+01 4.4690532602694774e-02 1.3424281931755936e-02 9.4806508722182150e+02
1.3002438069572795e+01 4.6197311225872333e-02 1.3761800753885466e-02 9.4817790303456877e+02
1.3330549626865876e+01 4.7754999197537264e-02 1.4107795394501479e-02 9.4829165379571737e+02
1.3666940953957010e+01 4.9365316585736570e-02 1.4462478353409563e-02 9.4840634747149647e+02
1.4011820987673852e+01 5.1030041574249604e-02 1.4826067446419386e-02 9.4852199209739820e+02
1.4365403937285148e+01 5.2751012426137951e-02 1.5198785937941378e-02 9.4863859577880032e+02
1.4727909417548656e+01 5.4530129513636380e-02 1.5580862676877263e-02 9.4875616669159990e+02
1.5099562585116646e+01 5.6369357416628268e-02 1.5972532235886440e-02 9.4887471308284717e+02
1.5480594278383533e+01 5.8270727092021926e-02 1.6374035054111263e-02 9.4899424327139150e+02
1.5871241160862374e+01 6.0236338116422664e-02 1.6785617583446641e-02 9.4911476564852967e+02
1.6271745868179618e+01 6.2268361004578866e-02 1.7207532438441853e-02 9.4923628867866012e+02
1.6682357158778988e+01 6.4369039606159834e-02 1.7640038549923680e-02 9.4935882089994652e+02
1.7103330068428573e+01 6.6540693583514748e-02 1.8083401322433378e-02 9.4948237092498698e+02
1.7534926068626564e+01 6.8785720973145711e-02 1.8537892795570998e-02 9.4960694744148702e+02
1.7977413229004586e+01 7.1106600833726732e-02 1.9003791809344105e-02 9.4973255921294151e+02
1.8431066383828956e+01 7.3505895983589364e-02 1.9481384173619033e-02 9.4985921507932426e+02
1.8896167302703702e+01 7.5986255830700511e-02 1.9970962841776543e-02 9.4998692395777891e+02
1.9373004865581223e+01 7.8550419298256374e-02 2.0472828088675104e-02 9.5011569484332460e+02
1.9861875242189075e+01 8.1201217849122070e-02 2.0987287693028076e-02 9.5024553680956296e+02
2.0363082075984821e+01 8.3941578612459031e-02 2.1514657124304091e-02 9.5037645900939060e+02
2.0876936672752588e+01 8.6774527615989916e-02 2.2055259734261225e-02 9.5050847067572704e+02
2.1403758193959131e+01 8.9703193127473366e-02 2.2609426953230326e-02 9.5064158112223720e+02
2.1943873854988787e+01 9.2730809109074719e-02 2.3177498491263243e-02 9.5077579974407331e+02
2.2497619128381210e+01 9.5860718788451482e-02 2.3759822544267020e-02 9.5091113601861537e+02
2.3065337952197350e+01 9.9096378350492176e-02 2.4356756005245846e-02 9.5104759950622292e+02
2.3647382943643741e+01 1.0244136075378948e-01 2.4968664680777235e-02 9.5118519985099329e+02
2.4244115618087470e+01 1.0589935967605951e-01 2.5595923512851004e-02 9.5132394678152798e+02
2.4855906613597710e+01 1.0947419359286349e-01 2.6238916806202960e-02 9.5146385011170435e+02
2.5483135921153817e+01 1.1316980999413871e-01 2.6898038461278896e-02 9.5160491974145816e+02
2.6126193120662229e+01 1.1699028974319055e-01 2.7573692212966853e-02 9.5174716565757024e+02
2.6785477622929605e+01 1.2093985158296372e-01 2.8266291875240272e-02 9.5189059793446495e+02
2.7461398917741601e+01 1.2502285679456376e-01 2.8976261591856525e-02 9.5203522673501266e+02
2.8154376828202292e+01 1.2924381401317817e-01 2.9704036093260763e-02 9.5218106231134175e+02
2.8864841771491317e+01 1.3360738420670978e-01 3.0450060959846429e-02 9.5232811500566129e+02
2.9593235026201402e+01 1.3811838582262459e-01 3.1214792891729827e-02 9.5247639525108536e+02
3.0340009006422061e+01 1.4278180010869526e-01 3.1998699985198019e-02 9.5262591357247356e+02
3.1105627542739409e+01 1.4760277661351442e-01 3.2802262015994191e-02 9.5277668058727261e+02
3.1890566170327318e+01 1.5258663887285562e-01 3.3625970729608781e-02 9.5292870700637093e+02
3.2695312424307971e+01 1.5773889028815577e-01 3.4470330138747528e-02 9.5308200363496258e+02
3.3520366142566246e+01 1.6306522020361650e-01 3.5335856828153989e-02 9.5323658137341238e+02
3.4366239776204949e+01 1.6857151018862820e-01 3.6223080266965434e-02 9.5339245121813906e+02
3.5233458707834828e+01 1.7426384053246127e-01 3.7132543128788352e-02 9.5354962426250211e+02
3.6122561577895986e+01 1.8014849695838903e-01 3.8064801619681982e-02 9.5370811169769786e+02
3.7034100619214264e+01 1.8623197756466273e-01 3.9020425814244440e-02 9.5386792481366535e+02
3.7968642000000003e+01 1.9252100000000000e-01 4.0000000000000001e-02 9.5403087300000004e+02
4.3160142999999998e+01 2.1639100000000000e-01 4.5440000000000001e-02 9.5459102499999995e+02
4.8354239000000000e+01 2.3568300000000000e-01 5.0880000000000002e-02 9.5499241300000006e+02
5.3550165000000000e+01 2.5064900000000001e-01 5.6320000000000002e-02 9.5527192300000002e+02
5.8747354999999999e+01 2.6204800000000000e-01 6.1760000000000002e-02 9.5546492699999999e+02
6.3945430000000002e+01 2.7107799999999999e-01 6.7199999999999996e-02 9.5560458000000006e+02
6.9144183999999996e+01 2.7929500000000002e-01 7.2639999999999996e-02 9.5572147800000005e+02
7.4343570000000000e+01 2.8855599999999998e-01 7.8079999999999997e-02 9.5584355300000004e+02
7.9543685999999994e+01 3.0096099999999998e-01 8.3519999999999997e-02 9.5599609299999997e+02
8.4744759999999999e+01 3.1879900000000000e-01 8.8959999999999997e-02 9.5620183799999995e+02
8.9947080000000000e+01 3.4202199999999999e-01 9.4399999999999998e-02 9.5645410400000003e+02
9.5150951000000006e+01 3.7399300000000002e-01 9.9839999999999998e-02 9.5678204000000005e+02
1.0035687600000000e+02 4.1852899999999998e-01 1.0528000000000000e-01 9.5721493099999998e+02
1.0556547500000001e+02 4.7865600000000003e-01 1.1072000000000000e-01 9.5777026100000000e+02
1.1077745200000000e+02 5.5720000000000003e-01 1.1616000000000000e-01 9.5846120399999995e+02
1.1599357300000000e+02 6.5686000000000000e-01 1.2160000000000000e-01 9.5929805499999998e+02
1.2121465600000001e+02 7.8022300000000000e-01 1.2703999999999999e-01 9.6028886799999998e+02
1.2644155499999999e+02 9.2976899999999996e-01 1.3247999999999999e-01 9.6143984899999998e+02
1.3167515499999999e+02 1.1078650000000001e+00 1.3791999999999999e-01 9.6275562700000000e+02
1.3691636199999999e+02 1.3167650000000000e+00 1.4335999999999999e-01 9.6423948199999995e+02
1.4216609600000001e+02 1.5586070000000001e+00 1.4879999999999999e-01 9.6589353100000005e+02
1.4742528799999999e+02 1.8354130000000000e+00 1.5423999999999999e-01 9.6771890499999995e+02
1.5269487000000001e+02 2.1490930000000001e+00 1.5967999999999999e-01 9.6971589500000005e+02
1.5797577500000000e+02 2.5014479999999999e+00 1.6511999999999999e-01 9.7188410399999998e+02
1.6326893200000001e+02 2.8941780000000001e+00 1.7055999999999999e-01 9.7422256100000004e+02
1.6857526500000000e+02 3.3288899999999999e+00 1.7599999999999999e-01 9.7672984499999995e+02
1.7389568600000001e+02 3.8071000000000002e+00 1.8143999999999999e-01 9.7940417400000001e+02
1.7923109900000000e+02 4.3302490000000002e+00 1.8687999999999999e-01 9.8224349600000005e+02
1.8458239599999999e+02 4.8997039999999998e+00 1.9231999999999999e-01 9.8524555499999997e+02
1.8995045600000000e+02 5.5167659999999996e+00 1.9775999999999999e-01 9.8840795000000003e+02
1.9533614399999999e+02 6.1826790000000003e+00 2.0319999999999999e-01 9.9172818199999995e+02
2.0074031299999999e+02 6.8986320000000001e+00 2.0863999999999999e-01 9.9520368900000005e+02
2.0616380000000001e+02 7.6657650000000004e+00 2.1407999999999999e-01 9.9883187199999998e+02
2.1160742900000000e+02 8.4851729999999996e+00 2.1951999999999999e-01 1.0026101159999999e+03
2.1707200900000001e+02 9.3579039999999996e+00 2.2495999999999999e-01 1.0065357990000000e+03
2.2255833600000000e+02 1.0284967000000000e+01 2.3039999999999999e-01 1.0106063050000000e+03
2.2806719100000001e+02 1.1267329000000000e+01 2.3583999999999999e-01 1.0148190220000000e+03
2.3359933899999999e+02 1.2305915000000001e+01 2.4127999999999999e-01 1.0191713470000000e+03
2.3915553499999999e+02 1.3401611000000001e+01 2.4671999999999999e-01 1.0236606810000000e+03
2.4473651599999999e+02 1.4555259000000000e+01 2.5216000000000000e-01 1.0282844299999999e+03
2.5034300700000000e+02 1.5767659999999999e+01 2.5760000000000000e-01 1.0330399970000001e+03
2.5597571800000000e+02 1.7039570999999999e+01 2.6304000000000000e-01 1.0379247829999999e+03
2.6163534499999997e+02 1.8371704000000001e+01 2.6848000000000000e-01 1.0429361790000000e+03
2.6732256999999998e+02 1.9764726000000000e+01 2.7392000000000000e-01 1.0480715620000001e+03
2.7303806200000002e+02 2.1219255000000000e+01 2.7936000000000000e-01 1.0533282950000000e+03
2.7878247199999998e+02 2.2735862000000001e+01 2.8480000000000000e-01 1.0587037220000000e+03
2.8455644000000001e+02 2.4315069000000001e+01 2.9024000000000000e-01 1.0641951650000001e+03
2.9036058900000000e+02 2.5957346999999999e+01 2.9568000000000000e-01 1.0697999250000000e+03
2.9619553000000002e+02 2.7663115999999999e+01 3.0112000000000000e-01 1.0755152810000000e+03
3.0206185599999998e+02 2.9432746000000002e+01 3.0656000000000000e-01 1.0813384900000001e+03
3.0796014700000001e+02 3.1266555000000000e+01 3.1200000000000000e-01 1.0872667870000000e+03
3.1389096699999999e+02 3.3164810000000003e+01 3.1744000000000000e-01 1.0932973890000001e+03
3.1985486500000002e+02 3.5127727000000000e+01 3.2288000000000000e-01 1.0994274940000000e+03
3.2585237499999999e+02 3.7155473000000001e+01 3.2832000000000000e-01 1.1056542870000001e+03
3.3188401599999997e+02 3.9248162999999998e+01 3.3376000000000000e-01 1.1119749429999999e+03
3.3795029099999999e+02 4.1405864999999999e+01 3.3920000000000000e-01 1.1183866280000000e+03
3.4405168800000001e+02 4.3628599000000001e+01 3.4464000000000000e-01 1.1248865060000001e+03
3.5018867799999998e+02 4.5916339000000001e+01 3.5008000000000000e-01 1.1314717410000001e+03
3.5636127099999999e+02 4.8131494000000004e+01 3.5552000000000000e-01 1.1377514240000000e+03
3.6256534399999998e+02 5.0080317000000001e+01 3.6096000000000000e-01 1.1431911889999999e+03
3.6879824600000001e+02 5.1968071999999999e+01 3.6640000000000000e-01 1.1483814359999999e+03
3.7505898800000000e+02 5.3834401000000000e+01 3.7184000000000000e-01 1.1534370650000001e+03
3.8134698200000003e+02 5.5695529000000001e+01 3.7728000000000000e-01 1.1584053460000000e+03
3.8766182700000002e+02 5.7560316000000000e+01 3.8272000000000000e-01 1.1633121100000001e+03
3.9400323600000002e+02 5.9434308000000001e+01 3.8816000000000001e-01 1.1681734879999999e+03
4.0037099400000000e+02 6.1321278000000000e+01 3.9360000000000001e-01 1.1730003999999999e+03
4.0676493499999998e+02 6.3223941000000003e+01 3.9904000000000001e-01 1.1778006499999999e+03
4.1318493100000001e+02 6.5144335999999996e+01 4.0448000000000001e-01 1.1825800330000000e+03
4.1963041800000002e+02 6.6959980000000002e+01 4.0992000000000001e-01 1.1870392050000000e+03
4.2609892900000000e+02 6.8661199999999994e+01 4.1536000000000001e-01 1.1911615260000001e+03
4.3258969800000000e+02 7.0362575000000007e+01 4.2080000000000001e-01 1.1952305240000001e+03
4.3910253599999999e+02 7.2076824000000002e+01 4.2624000000000001e-01 1.1992776389999999e+03
4.4563736100000000e+02 7.3808981000000003e+01 4.3168000000000001e-01 1.2033151660000001e+03
4.5219414000000000e+02 7.5561747999999994e+01 4.3712000000000001e-01 1.2073495750000000e+03
4.5877286800000002e+02 7.7336813000000006e+01 4.4256000000000001e-01 1.2113847800000001e+03
4.6537355600000001e+02 7.9135329999999996e+01 4.4800000000000001e-01 1.2154233520000000e+03
4.7199622799999997e+02 8.0958134999999999e+01 4.5344000000000001e-01 1.2194670690000000e+03
4.7864091500000001e+02 8.2805865999999995e+01 4.5888000000000001e-01 1.2235172050000001e+03
4.8530765500000001e+02 8.4679023999999998e+01 4.6432000000000001e-01 1.2275746939999999e+03
4.9199648999999999e+02 8.6578012000000001e+01 4.6976000000000001e-01 1.2316402280000000e+03
4.9870746500000001e+02 8.8503161000000006e+01 4.7520000000000001e-01 1.2357143240000000e+03
5.0544062800000000e+02 9.0454747999999995e+01 4.8064000000000001e-01 1.2397973660000000e+03
5.1219602899999995e+02 9.2433006000000006e+01 4.8608000000000001e-01 1.2438896350000000e+03
5.1897371699999997e+02 9.4438134000000005e+01 4.9152000000000001e-01 1.2479913320000001e+03
5.2577374599999996e+02 9.6470303000000001e+01 4.9696000000000001e-01 1.2521025950000001e+03
5.3259616600000004e+02 9.8529657000000000e+01 5.0239999999999996e-01 1.2562235080000000e+03
5.3944103199999995e+02 1.0061632500000000e+02 5.0783999999999996e-01 1.2603541130000001e+03
5.4630839500000002e+02 1.0273041400000000e+02 5.1327999999999996e-01 1.2644944170000001e+03
5.5319830800000000e+02 1.0487201899999999e+02 5.1871999999999996e-01 1.2686443959999999e+03
5.6011082499999998e+02 1.0704121900000000e+02 5.2415999999999996e-01 1.2728040040000001e+03
5.6704599599999995e+02 1.0923808200000001e+02 5.2959999999999996e-01 1.2769731700000000e+03
5.7400387400000000e+02 1.1146266700000000e+02 5.3503999999999996e-01 1.2811518090000000e+03
5.8098451100000000e+02 1.1371502200000000e+02 5.4047999999999996e-01 1.2853398159999999e+03
5.8798795600000005e+02 1.1599518500000001e+02 5.4591999999999996e-01 1.2895370780000001e+03
5.9501426000000004e+02 1.1830318800000001e+02 5.5135999999999996e-01 1.2937434670000000e+03
6.0206347200000005e+02 1.2063905400000000e+02 5.5679999999999996e-01 1.2979588470000001e+03
6.0913563999999997e+02 1.2300280100000001e+02 5.6223999999999996e-01 1.3021830720000000e+03
6.1623081400000001e+02 1.2539443799999999e+02 5.6767999999999996e-01 1.3064159910000001e+03
6.2334903799999995e+02 1.2781396900000000e+02 5.7311999999999996e-01 1.3106574459999999e+03
6.3049035900000001e+02 1.3026139499999999e+02 5.7855999999999996e-01 1.3149072739999999e+03
6.3765482299999996e+02 1.3273670799999999e+02 5.8399999999999996e-01 1.3191653070000000e+03
6.4484247400000004e+02 1.3523989800000001e+02 5.8943999999999996e-01 1.3234313740000000e+03
6.5205335400000001e+02 1.3777094800000000e+02 5.9487999999999996e-01 1.3277053000000001e+03
6.5928750700000001e+02 1.4032983800000000e+02 6.0031999999999996e-01 1.3319869090000000e+03
6.6654497200000003e+02 1.4291654500000001e+02 6.0575999999999997e-01 1.3362760220000000e+03
6.7382579199999998e+02 1.4553103899999999e+02 6.1119999999999997e-01 1.3405724590000000e+03
6.8113000399999999e+02 1.4817328900000001e+02 6.1663999999999997e-01 1.3448760370000000e+03
6.8845764799999995e+02 1.5084325999999999e+02 6.2207999999999997e-01 1.3491865749999999e+03
6.9580876100000000e+02 1.5354091399999999e+02 6.2751999999999997e-01 1.3535038890000001e+03
7.0318337899999995e+02 1.5626620900000000e+02 6.3295999999999997e-01 1.3578277980000000e+03
7.1058153700000003e+02 1.5901909900000001e+02 6.3839999999999997e-01 1.3621581169999999e+03
7.1800327000000004e+02 1.6179953900000001e+02 6.4383999999999997e-01 1.3664946640000001e+03
7.2544861200000003e+02 1.6460747699999999e+02 6.4927999999999997e-01 1.3708372569999999e+03
7.3291759400000001e+02 1.6744286199999999e+02 6.5471999999999997e-01 1.3751857150000001e+03
7.4041024900000002e+02 1.7030563799999999e+02 6.6015999999999997e-01 1.3795398570000000e+03
7.4792660599999999e+02 1.7319574800000001e+02 6.6559999999999997e-01 1.3838995040000000e+03
7.5546669499999996e+02 1.7611313400000000e+02 6.7103999999999997e-01 1.3882644769999999e+03
7.6303054399999996e+02 1.7905773300000001e+02 6.7647999999999997e-01 1.3926345990000000e+03
7.7061818200000005e+02 1.8202948300000000e+02 6.8191999999999997e-01 1.3970096940000001e+03
7.7822963400000003e+02 1.8502831800000001e+02 6.8735999999999997e-01 1.4013895900000000e+03
7.8586492599999997e+02 1.8805417199999999e+02 6.9279999999999997e-01 1.4057741129999999e+03
7.9352408400000002e+02 1.9110697700000000e+02 6.9823999999999997e-01 1.4101630920000000e+03
8.0120713000000001e+02 1.9418666200000001e+02 7.0367999999999997e-01 1.4145563589999999e+03
8.0891408799999999e+02 1.9729315600000001e+02 7.0911999999999997e-01 1.4189537470000000e+03
8.1664497900000003e+02 2.0042638600000001e+02 7.1455999999999997e-01 1.4233550900000000e+03
8.2439982499999996e+02 2.0358627899999999e+02 7.1999999999999997e-01 1.4277602260000001e+03
8.3217864599999996e+02 2.0677275900000001e+02 7.2543999999999997e-01 1.4321689919999999e+03
8.3998146099999997e+02 2.0998575000000000e+02 7.3087999999999997e-01 1.4365812309999999e+03
8.4780828799999995e+02 2.1322517400000001e+02 7.3631999999999997e-01 1.4409967839999999e+03
8.5565914599999996e+02 2.1649095299999999e+02 7.4175999999999997e-01 1.4454154980000001e+03
8.6353405099999998e+02 2.1978300700000000e+02 7.4719999999999998e-01 1.4498372179999999e+03
8.7143301899999994e+02 2.2310125700000000e+02 7.5263999999999998e-01 1.4542617949999999e+03
8.7935606499999994e+02 2.2644561999999999e+02 7.5807999999999998e-01 1.4586890790000000e+03
8.8730320300000005e+02 2.2981601599999999e+02 7.6351999999999998e-01 1.4631189250000000e+03
8.9527444700000001e+02 2.3321236099999999e+02 7.6895999999999998e-01 1.4675511879999999e+03
9.0326981000000001e+02 2.3663457199999999e+02 7.7439999999999998e-01 1.4719857260000001e+03
9.1128930300000002e+02 2.4008256600000001e+02 7.7983999999999998e-01 1.4764223990000000e+03
9.1933293800000001e+02 2.4355625699999999e+02 7.8527999999999998e-01 1.4808610710000000e+03
9.2740072599999996e+02 2.4705556100000001e+02 7.9071999999999998e-01 1.4853016040000000e+03
9.3549267599999996e+02 2.5058039299999999e+02 7.9615999999999998e-01 1.4897438660000000e+03
9.4360879699999998e+02 2.5413066599999999e+02 8.0159999999999998e-01 1.4941877260000001e+03
9.5174909800000000e+02 2.5770629300000002e+02 8.0703999999999998e-01 1.4986330550000000e+03
9.5991358600000001e+02 2.6130718899999999e+02 8.1247999999999998e-01 1.5030797259999999e+03
9.6810226799999998e+02 2.6493326700000000e+02 8.1791999999999998e-01 1.5075276140000001e+03
9.7631515000000002e+02 2.6858443799999998e+02 8.2335999999999998e-01 1.5119765960000000e+03
9.8455223899999999e+02 2.7226061499999997e+02 8.2879999999999998e-01 1.5164265530000000e+03
9.9281353799999999e+02 2.7596171199999998e+02 8.3423999999999998e-01 1.5208773670000000e+03
1.0010990530000000e+03 2.7968763799999999e+02 8.3967999999999998e-01 1.5253289190000000e+03
1.0094087870000000e+03 2.8343830800000001e+02 8.4511999999999998e-01 1.5297810979999999e+03
1.0177427430000000e+03 2.8721363100000002e+02 8.5055999999999998e-01 1.5342337889999999e+03
1.0261009240000001e+03 2.9101352000000003e+02 8.5599999999999998e-01 1.5386868840000000e+03
1.0344833309999999e+03 2.9483788600000003e+02 8.6143999999999998e-01 1.5431402730000000e+03
1.0428899660000000e+03 2.9868664100000001e+02 8.6687999999999998e-01 1.5475938520000000e+03
1.0513208299999999e+03 3.0255969599999997e+02 8.7231999999999998e-01 1.5520475150000000e+03
1.0597759220000000e+03 3.0645696299999997e+02 8.7775999999999998e-01 1.5565011609999999e+03
1.0682552430000001e+03 3.1037835300000000e+02 8.8319999999999999e-01 1.5609546880000000e+03
1.0767587910000000e+03 3.1432377700000001e+02 8.8863999999999999e-01 1.5654079990000000e+03
1.0852865650000001e+03 3.1829314699999998e+02 8.9407999999999999e-01 1.5698609970000000e+03
1.0938385639999999e+03 3.2228637500000002e+02 8.9951999999999999e-01 1.5743135870000001e+03
1.1024147829999999e+03 3.2630337300000002e+02 9.0495999999999999e-01 1.5787656770000001e+03
1.1110152220000000e+03 3.3034405199999998e+02 9.1039999999999999e-01 1.5832171740000001e+03
1.1196398750000001e+03 3.3440832399999999e+02 9.1583999999999999e-01 1.5876679910000000e+03
1.1282887400000000e+03 3.3849610200000001e+02 9.2127999999999999e-01 1.5921180390000000e+03
1.1369618109999999e+03 3.4260729800000001e+02 9.2671999999999999e-01 1.5965672330000000e+03
1.1456590850000000e+03 3.4674182500000001e+02 9.3215999999999999e-01 1.6010154880000000e+03
1.1543805540000001e+03 3.5089959499999998e+02 9.3759999999999999e-01 1.6054627220000000e+03
1.1631262150000000e+03 3.5508052099999998e+02 9.4303999999999999e-01 1.6099088549999999e+03
1.1718960600000000e+03 3.5928451600000000e+02 9.4847999999999999e-01 1.6143538070000000e+03
1.1806900830000000e+03 3.6351149600000002e+02 9.5391999999999999e-01 1.6187975019999999e+03
1.1895082769999999e+03 3.6776137199999999e+02 9.5935999999999999e-01 1.6232398619999999e+03
1.1983506339999999e+03 3.7203405900000001e+02 9.6479999999999999e-01 1.6276808149999999e+03
1.2072171460000000e+03 3.7632947200000001e+02 9.7023999999999999e-01 1.6321202880000001e+03
1.2161078060000000e+03 3.8064752600000003e+02 9.7567999999999999e-01 1.6365582099999999e+03
1.2250226050000001e+03 3.8498813600000000e+02 9.8111999999999999e-01 1.6409945110000001e+03
1.2339615329999999e+03 3.8935121700000002e+02 9.8655999999999999e-01 1.6454291229999999e+03
1.2429245810000000e+03 3.9373668600000002e+02 9.9199999999999999e-01 1.6498619810000000e+03
1.2519117400000000e+03 3.9814445999999998e+02 9.9743999999999999e-01 1.6542930190000000e+03
1.2609230000000000e+03 4.0257445400000000e+02 1.0028800000000000e+00 1.6587221750000001e+03
1.2699583490000000e+03 4.0702658700000001e+02 1.0083200000000001e+00 1.6631493860000000e+03
1.2790177779999999e+03 4.1150077700000003e+02 1.0137600000000000e+00 1.6675745939999999e+03
1.2881012750000000e+03 4.1599694299999999e+02 1.0192000000000001e+00 1.6719977380000000e+03
1.2972088289999999e+03 4.2051500399999998e+02 1.0246400000000000e+00 1.6764187629999999e+03
1.3063404270000001e+03 4.2505488000000003e+02 1.0300800000000001e+00 1.6808376129999999e+03
1.3154960590000001e+03 4.2961649299999999e+02 1.0355200000000000e+00 1.6852542350000001e+03
1.3246757120000000e+03 4.3419976300000002e+02 1.0409600000000001e+00 1.6896685760000000e+03
1.3338793740000001e+03 4.3880461500000001e+02 1.0464000000000000e+00 1.6940805860000000e+03
1.3431070299999999e+03 4.4343097200000000e+02 1.0518400000000001e+00 1.6984902190000000e+03
1.3523586700000001e+03 4.4807876099999999e+02 1.0572800000000000e+00 1.7028974270000001e+03
1.3616342780000000e+03 4.5274790800000000e+02 1.0627200000000001e+00 1.7073021679999999e+03
1.3709338419999999e+03 4.5743834399999997e+02 1.0681600000000000e+00 1.7117044000000001e+03
1.3802573480000001e+03 4.6215000199999997e+02 1.0736000000000001e+00 1.7161040869999999e+03
1.3896047819999999e+03 4.6688281899999998e+02 1.0790400000000000e+00 1.7205011959999999e+03
1.3989761289999999e+03 4.7163673799999998e+02 1.0844800000000001e+00 1.7248957009999999e+03
1.4083713760000001e+03 4.7641171300000002e+02 1.0899200000000000e+00 1.7292875839999999e+03
1.4177905089999999e+03 4.8120771500000001e+02 1.0953599999999999e+00 1.7336768470000000e+03
1.4272335120000000e+03 4.8602475800000002e+02 1.1008000000000000e+00 1.7380635259999999e+03
1.4367003729999999e+03 4.9086307399999998e+02 1.1062399999999999e+00 1.7424478580000000e+03
1.4461910800000001e+03 4.9572252300000002e+02 1.1116800000000000e+00 1.7468297410000000e+03
1.4557056150000001e+03 5.0060227099999997e+02 1.1171199999999999e+00 1.7512084490000000e+03
1.4652439629999999e+03 5.0550223899999997e+02 1.1225600000000000e+00 1.7555839430000001e+03
1.4748061049999999e+03 5.1042235199999999e+02 1.1279999999999999e+00 1.7599561870000000e+03
1.4843920240000000e+03 5.1536253299999998e+02 1.1334400000000000e+00 1.7643251439999999e+03
1.4940017009999999e+03 5.2032270600000004e+02 1.1388799999999999e+00 1.7686907779999999e+03
1.5036351190000000e+03 5.2530279499999995e+02 1.1443200000000000e+00 1.7730530560000000e+03
1.5132922590000001e+03 5.3030272600000001e+02 1.1497599999999999e+00 1.7774119439999999e+03
1.5229731030000000e+03 5.3532242499999995e+02 1.1552000000000000e+00 1.7817674099999999e+03
1.5326776310000000e+03 5.4036181599999998e+02 1.1606399999999999e+00 1.7861194210000001e+03
1.5424058259999999e+03 5.4542082700000003e+02 1.1660800000000000e+00 1.7904679460000000e+03
1.5521576680000001e+03 5.5049938499999996e+02 1.1715199999999999e+00 1.7948129560000000e+03
1.5619331370000000e+03 5.5559741599999995e+02 1.1769600000000000e+00 1.7991544210000000e+03
1.5717322150000000e+03 5.6071484799999996e+02 1.1823999999999999e+00 1.8034923120000001e+03
1.5815548810000000e+03 5.6585161000000005e+02 1.1878400000000000e+00 1.8078266030000000e+03
1.5914011170000001e+03 5.7100763099999995e+02 1.1932799999999999e+00 1.8121572639999999e+03
1.6012709020000000e+03 5.7618283899999994e+02 1.1987200000000000e+00 1.8164842719999999e+03
1.6111642170000000e+03 5.8137716300000000e+02 1.2041599999999999e+00 1.8208075990000000e+03
1.6210810409999999e+03 5.8659053500000005e+02 1.2096000000000000e+00 1.8251272210000000e+03
1.6310213540000000e+03 5.9182288400000004e+02 1.2150399999999999e+00 1.8294431150000000e+03
1.6409851360000000e+03 5.9707414100000005e+02 1.2204800000000000e+00 1.8337552550000000e+03
1.6509723660000000e+03 6.0234423800000002e+02 1.2259199999999999e+00 1.8380636210000000e+03
1.6609830230000000e+03 6.0763310600000000e+02 1.2313600000000000e+00 1.8423681879999999e+03
1.6710170880000001e+03 6.1294067800000005e+02 1.2367999999999999e+00 1.8466689369999999e+03
1.6810745390000000e+03 6.1826688500000000e+02 1.2422400000000000e+00 1.8509658460000001e+03
1.6911553550000001e+03 6.2361166100000003e+02 1.2476799999999999e+00 1.8552588949999999e+03
1.7012595150000000e+03 6.2897493999999995e+02 1.2531200000000000e+00 1.8595480640000001e+03
1.7113869979999999e+03 6.3435665500000005e+02 1.2585599999999999e+00 1.8638333339999999e+03
1.7215377830000000e+03 6.3975674100000003e+02 1.2640000000000000e+00 1.8681146870000000e+03
1.7317118479999999e+03 6.4517513199999996e+02 1.2694399999999999e+00 1.8723921049999999e+03
1.7419091719999999e+03 6.5061176399999999e+02 1.2748800000000000e+00 1.8766655710000000e+03
1.7521297340000001e+03 6.5606657099999995e+02 1.2803199999999999e+00 1.8809350669999999e+03
1.7623735110000000e+03 6.6153949000000000e+02 1.2857600000000000e+00 1.8852005770000001e+03
1.7726404809999999e+03 6.6703045799999995e+02 1.2911999999999999e+00 1.8894620860000000e+03
1.7829306240000001e+03 6.7253941099999997e+02 1.2966400000000000e+00 1.8937195790000001e+03
1.7932439179999999e+03 6.7806628599999999e+02 1.3020799999999999e+00 1.8979730400000001e+03
1.8035803390000001e+03 6.8361102000000005e+02 1.3075200000000000e+00 1.9022224560000000e+03
1.8139398670000000e+03 6.8917355299999997e+02 1.3129599999999999e+00 1.9064678120000001e+03
1.8243224789999999e+03 6.9475382100000002e+02 1.3184000000000000e+00 1.9107090960000000e+03
1.8347281530000000e+03 7.0035176500000000e+02 1.3238399999999999e+00 1.9149462950000000e+03
1.8451568660000000e+03 7.0596732299999996e+02 1.3292800000000000e+00 1.9191793960000000e+03
1.8556085969999999e+03 7.1160043399999995e+02 1.3347199999999999e+00 1.9234083869999999e+03
1.8660833230000001e+03 7.1725103899999999e+02 1.3401600000000000e+00 1.9276332570000000e+03
1.8765810210000000e+03 7.2291907700000002e+02 1.3455999999999999e+00 1.9318539949999999e+03
1.8871016689999999e+03 7.2860449100000005e+02 1.3510400000000000e+00 1.9360705909999999e+03
1.8976452440000000e+03 7.3430721900000003e+02 1.3564799999999999e+00 1.9402830329999999e+03
1.9082117249999999e+03 7.4002720599999998e+02 1.3619200000000000e+00 1.9444913130000000e+03
1.9188010870000001e+03 7.4576439100000005e+02 1.3673599999999999e+00 1.9486954200000000e+03
1.9294133090000000e+03 7.5151871700000004e+02 1.3728000000000000e+00 1.9528953460000000e+03
1.9400483670000001e+03 7.5729012699999998e+02 1.3782399999999999e+00 1.9570910819999999e+03
1.9507062390000001e+03 7.6307856300000003e+02 1.3836800000000000e+00 1.9612826190000001e+03
1.9613869020000000e+03 7.6888396999999998e+02 1.3891199999999999e+00 1.9654699499999999e+03
1.9720903330000001e+03 7.7470628999999997e+02 1.3945600000000000e+00 1.9696530680000001e+03
1.9828165070000000e+03 7.8054065100000003e+02 1.3999999999999999e+00 1.9738285220000000e+03
