# epsilon[MeV/fm^3] P[MeV/fm^3] nB[fm^-3] muB[MeV]
4.3514892049562272e-07 9.0000000794219998e-12 4.6796200000000002e-10 9.2990010724260003e+02
5.4394952759824855e-07 1.2854500250148002e-11 5.8496400000000005e-10 9.2990743275720001e+02
6.8239664606092796e-07 1.8414700022552000e-11 7.3384599999999997e-10 9.2991587774760001e+02
8.5763463874259032e-07 2.6380199998860002e-11 9.2229000000000003e-10 9.2992551188760001e+02
1.0799253715994732e-06 3.7791099667920001e-11 1.1613300000000000e-09 9.2993648532329996e+02
1.3625442882637764e-06 5.4137899979800000e-11 1.4652400000000000e-09 9.2994894782519998e+02
1.7226605254650248e-06 7.7555599791040007e-11 1.8524800000000000e-09 9.2996308925910000e+02
2.1826057027272589e-06 1.1110299984364001e-10 2.3470600000000000e-09 9.2997909967860005e+02
2.7713348204539073e-06 1.5916099965360000e-10 2.9801100000000000e-09 9.2999716876169998e+02
3.5266032513682487e-06 2.2800800111288001e-10 3.7922200000000000e-09 9.3001754656409992e+02
4.4975537964996660e-06 3.2663399940042002e-10 4.8362200000000001e-09 9.3004045271789994e+02
4.5807460305493105e-06 3.3555999792714001e-10 4.9256699999999996e-09 9.3004228160820003e+02
4.7281205653478515e-06 3.3656599963290001e-10 5.0841300000000003e-09 9.3004248152130003e+02
6.5759177435918250e-06 5.4515600232911993e-10 7.0708799999999999e-09 9.3007696075620004e+02
9.1998724984833464e-06 8.8567000200420000e-10 9.8920399999999997e-09 9.3011730648750006e+02
1.2918168885426129e-05 1.4388700552640002e-09 1.3889600000000001e-08 9.3016406831190000e+02
1.8201380444258739e-05 2.3376200076990001e-09 1.9569300000000001e-08 9.3021808578930006e+02
2.5725895950178280e-05 3.7977398937599994e-09 2.7657999999999999e-08 9.3028025838780002e+02
3.6463989818522291e-05 6.1698799253159997e-09 3.9200400000000002e-08 9.3035162548649998e+02
5.1813630126296458e-05 1.0023700173792000e-08 5.5698400000000002e-08 9.3043332628019994e+02
7.3785560512054020e-05 1.6284700005120000e-08 7.9311899999999997e-08 9.3052664006250006e+02
1.0527189036420272e-04 2.6456400399219999e-08 1.1314700000000000e-07 9.3063298613190000e+02
1.5043483705694415e-04 4.2981499428689995e-08 1.6167299999999999e-07 9.3075400323120004e+02
1.5143539825673478e-04 4.3369399516159995e-08 1.6274800000000000e-07 9.3075639185940008e+02
1.5666718390755263e-04 4.3499599327679997e-08 1.6836899999999999e-07 9.3075719132400002e+02
1.8247319946392853e-04 5.3487099479700000e-08 1.9609400000000001e-07 9.3081203831400001e+02
2.1304949570856091e-04 6.5965099669560007e-08 2.2894200000000001e-07 9.3087079295249998e+02
2.4880173202308656e-04 8.1354199584480006e-08 2.6734800000000002e-07 9.3093285559410003e+02
2.9061049213158235e-04 1.0033299847065000e-07 3.1225699999999999e-07 9.3099838615049998e+02
3.3950651358852186e-04 1.2374000051775000e-07 3.6477499999999998e-07 9.3106758453479995e+02
3.9669496520679297e-04 1.5260700009555001e-07 4.2619500000000001e-07 9.3114063056550003e+02
4.6358813252914599e-04 1.8820900209407997e-07 4.9803199999999997e-07 9.3121772415570001e+02
5.4183717856390442e-04 2.3211699768180001e-07 5.8205699999999998e-07 9.3129908512530005e+02
6.3337419989345891e-04 2.8626699988691999e-07 6.8034199999999997e-07 9.3138494352930002e+02
7.4046361643000222e-04 3.5305100162730003e-07 7.9531500000000002e-07 9.3147551899979999e+02
7.4543957324912111e-04 3.5623800038969997e-07 8.0065699999999999e-07 9.3147951660449996e+02
7.7046470619140960e-04 3.5730600246279002e-07 8.2752300000000002e-07 9.3148080575760002e+02
7.7218701201869997e-04 3.5837800248323999e-07 8.2937200000000002e-07 9.3148210505190002e+02
7.7564281539113634e-04 3.6053199741144001e-07 8.3308200000000005e-07 9.3148469349929996e+02
7.7911352986319152e-04 3.6269800105895999e-07 8.3680799999999998e-07 9.3148728185280004e+02
7.8260009510663572e-04 3.6487800290032998e-07 8.4055099999999997e-07 9.3148988034750005e+02
7.8610250285012515e-04 3.6706999922346001e-07 8.4431100000000000e-07 9.3149248879559991e+02
7.8962075319254110e-04 3.6927600351839998e-07 8.4808799999999996e-07 9.3149508719639994e+02
7.9315485471188711e-04 3.7149499796798001e-07 8.5188199999999998e-07 9.3149769564450003e+02
7.9670479058673201e-04 3.7372699824480005e-07 8.5569300000000004e-07 9.3150031404599997e+02
8.0027057791247260e-04 3.7597299948234002e-07 8.5952100000000004e-07 9.3150293244750003e+02
8.0385221698387247e-04 3.7823200230633998e-07 8.6336599999999998e-07 9.3150555094289996e+02
8.0745063029167934e-04 3.8050499711466001e-07 8.6722899999999999e-07 9.3150817929779998e+02
8.1106395596088781e-04 3.8279099715107999e-07 8.7110800000000002e-07 9.3151080774659999e+02
8.1469498722525535e-04 3.8509200436278001e-07 8.7500600000000005e-07 9.3151343619540000e+02
8.1834093096975699e-04 3.8740599815679997e-07 8.7891999999999998e-07 9.3151607459759998e+02
8.3652972322216491e-04 3.8856800310954005e-07 8.9844600000000005e-07 9.3151737379799999e+02
8.9649746606902973e-04 4.2637900225708002e-07 9.6282100000000007e-07 9.3155798930399999e+02
9.6293679962426715e-04 4.6927300060880000e-07 1.0341400000000000e-06 9.3160093353000002e+02
1.0343084479593990e-03 5.1648199988999994e-07 1.1107499999999999e-06 9.3164493704189999e+02
1.1110033276598183e-03 5.6844100521450010e-07 1.1930700000000001e-06 9.3169002988770001e+02
1.1934040547386528e-03 6.2562700512179996e-07 1.2815100000000000e-06 9.3173623206809998e+02
1.2819398888523502e-03 6.8856500094819997e-07 1.3765300000000001e-06 9.3178357353719991e+02
1.3770588621277026e-03 7.5783499966439992e-07 1.4786100000000000e-06 9.3183208434300002e+02
1.4792742600387720e-03 8.3407400117300003e-07 1.5882999999999999e-06 9.3188178448619999e+02
1.5890902438860661e-03 9.1798299673799988e-07 1.7061399999999999e-06 9.3193271378040004e+02
1.7070948934908867e-03 1.0103300084124001e-06 1.8327600000000000e-06 9.3198488236679998e+02
1.7418302566492478e-03 1.0379399925766002e-06 1.8700300000000001e-06 9.3199978345169995e+02
1.8026805910135908e-03 1.0410599913928000e-06 1.9353200000000000e-06 9.3200143242960007e+02
2.0389359400714486e-03 1.2275099896319999e-06 2.1888000000000001e-06 9.3209187794249999e+02
2.3114099463439177e-03 1.4516999917321999e-06 2.4811100000000001e-06 9.3218792017709995e+02
2.6204004641994278e-03 1.7168400063888003e-06 2.8125600000000001e-06 9.3228811983419996e+02
2.9707928967162671e-03 2.0304000155634000e-06 3.1883800000000001e-06 9.3239264696670000e+02
3.3681648965264784e-03 2.4012300084080001e-06 3.6145400000000001e-06 9.3250170129989999e+02
3.8188055776886142e-03 2.8397900147328003e-06 4.0977700000000004e-06 9.3261546284010001e+02
4.3298558716110781e-03 3.3584500068246004e-06 4.6457100000000001e-06 9.3273413140649996e+02
4.9094492242661523e-03 3.9718300068571995e-06 5.2670599999999997e-06 9.3285792691289998e+02
5.5667590537662745e-03 4.6972400276543001e-06 5.9716300000000001e-06 9.3298704917850000e+02
6.3122329168583428e-03 5.5551399798486997e-06 6.7705900000000002e-06 9.3312173811779996e+02
6.3691536418958340e-03 5.6221100036384002e-06 6.8315900000000001e-06 9.3313158221820004e+02
6.6107787783348925e-03 5.6389700285964000e-06 7.0905299999999997e-06 9.3313397075249998e+02
7.1832281514335565e-03 6.2999099885847007e-06 7.7039700000000007e-06 9.3322329697740008e+02
7.8228640480689938e-03 7.0594400109160007e-06 8.3893400000000006e-06 9.3331767013950002e+02
8.5195476220300548e-03 7.9105299722335996e-06 9.1357600000000004e-06 9.3341477175390003e+02
9.2783521214718639e-03 8.8642300383220009e-06 9.9486500000000000e-06 9.3351470163630006e+02
1.0104791977484120e-02 9.9329099737559988e-06 1.0833900000000000e-05 9.3361751969490001e+02
1.1005037422914624e-02 1.1130399980334000e-05 1.1798100000000000e-05 9.3372332602710003e+02
1.1985504705131824e-02 1.2472300012974001e-05 1.2848100000000000e-05 9.3383220044789994e+02
1.3053499763127112e-02 1.3976000053347000e-05 1.3991700000000000e-05 9.3394422305399996e+02
1.4216706487829026e-02 1.5661000693130000e-05 1.5237100000000000e-05 9.3405949366109996e+02
1.5483652631007537e-02 1.7549100191680000e-05 1.6593399999999999e-05 9.3417811227269999e+02
1.5623499832828706e-02 1.7760599953030001e-05 1.6743099999999999e-05 9.3419079468840005e+02
1.6269961736847121e-02 1.7813900213129999e-05 1.7435099999999998e-05 9.3419395273319992e+02
1.7094324515795702e-02 1.9027400207749999e-05 1.8317499999999999e-05 9.3426180186839997e+02
1.8000874089488257e-02 2.0384500450440000e-05 1.9287799999999999e-05 9.3433394852489994e+02
1.8955614232225096e-02 2.1838399047120000e-05 2.0309599999999999e-05 9.3440734433310001e+02
1.9960983560824267e-02 2.3396100553499999e-05 2.1385500000000000e-05 9.3448202938830002e+02
2.1019794814794490e-02 2.5064799654149998e-05 2.2518500000000001e-05 9.3455801364390004e+02
2.2134768910989058e-02 2.6852600343399999e-05 2.3711500000000002e-05 9.3463531710059999e+02
2.3309000859656603e-02 2.8767899159999994e-05 2.4967799999999998e-05 9.3471396971249999e+02
2.4545494036103295e-02 3.0819700065419999e-05 2.6290599999999999e-05 9.3479400162150000e+02
2.5847718880420045e-02 3.3017999946119998e-05 2.7683600000000000e-05 9.3487541254589996e+02
2.7219055484112444e-02 3.5372998881120002e-05 2.9150400000000001e-05 9.3495825272219997e+02
2.7775365070038964e-02 3.6339601209739997e-05 2.9745400000000002e-05 9.3499105302509997e+02
2.8289610775747390e-02 3.6448598719180002e-05 3.0295400000000001e-05 9.3499466085090000e+02
2.8802930737171755e-02 3.7332599735440002e-05 3.0844399999999999e-05 9.3502356336480000e+02
2.9391538203060320e-02 3.8352800962709990e-05 3.1473899999999997e-05 9.3505628375879996e+02
2.9992229144074897e-02 3.9400800335690003e-05 3.2116300000000003e-05 9.3508923392610006e+02
3.0605097595990186e-02 4.0477499896860003e-05 3.2771700000000003e-05 9.3512239395989991e+02
3.1230612131930052e-02 4.1583600119840003e-05 3.3440600000000000e-05 9.3515578386089999e+02
3.1868867160453597e-02 4.2719998743180005e-05 3.4123099999999999e-05 9.3518940362910007e+02
3.2520144922003676e-02 4.3887298648500002e-05 3.4819500000000001e-05 9.3522325326449993e+02
3.3184820445813230e-02 4.5086601561120004e-05 3.5530200000000001e-05 9.3525732271979996e+02
3.3862987887692660e-02 4.6318701748649993e-05 3.6255299999999998e-05 9.3529163208960006e+02
3.4555116462740516e-02 4.7584401826990007e-05 3.6995300000000001e-05 9.3532617123270006e+02
3.4710848908415574e-02 4.7870299693839997e-05 3.7161800000000001e-05 9.3533387666670001e+02
3.5705765632703390e-02 4.8013899962450004e-05 3.8225500000000002e-05 9.3533768431169995e+02
3.6190650245182691e-02 4.8884701265269996e-05 3.8743900000000000e-05 9.3536029073669999e+02
3.6764595537185744e-02 4.9920498059249994e-05 3.9357499999999997e-05 9.3538680481020003e+02
3.7347724170046170e-02 5.0978398185919999e-05 3.9980900000000002e-05 9.3541345870079999e+02
3.7940129948432849e-02 5.2058599241440000e-05 4.0614200000000002e-05 9.3544024264290010e+02
3.8541907483377907e-02 5.3161699756499999e-05 4.1257500000000003e-05 9.3546717635549999e+02
3.9153244015328124e-02 5.4288198430999997e-05 4.1910999999999999e-05 9.3549425007299999e+02
3.9774234210732992e-02 5.5438601263319996e-05 4.2574799999999998e-05 9.3552146370150001e+02
4.0405159191034282e-02 5.6613297948239995e-05 4.3249199999999999e-05 9.3554882728830000e+02
4.1046019389420471e-02 5.7812899551080002e-05 4.3934199999999997e-05 9.3557633069220003e+02
4.1697190276124625e-02 5.9037997871239995e-05 4.4630199999999998e-05 9.3560397410099995e+02
4.2358578444415006e-02 6.0288999023690009e-05 4.5337100000000003e-05 9.3563177732760005e+02
4.2549448380963861e-02 6.0651299975859995e-05 4.5541099999999997e-05 9.3563974248900001e+02
4.3740238175900857e-02 6.0833198906699995e-05 4.6813800000000002e-05 9.3564365013750000e+02
4.5854886274473032e-02 6.4782902450840000e-05 4.9073799999999998e-05 9.3572599057799994e+02
4.8180087401599556e-02 6.9195997901699998e-05 5.1558599999999998e-05 9.3581365787159996e+02
5.0623240020302433e-02 7.3909702371599995e-05 5.4169200000000003e-05 9.3590278418340006e+02
5.3190452397117956e-02 7.8944498346630003e-05 5.6912100000000000e-05 9.3599338970190001e+02
5.5887837732656438e-02 8.4322299027779992e-05 5.9793799999999997e-05 9.3608550419339997e+02
5.8722166587791814e-02 9.0066499795649990e-05 6.2821499999999995e-05 9.3617915789369999e+02
6.1700398546921942e-02 9.6201898222459989e-05 6.6002599999999997e-05 9.3627437052180005e+02
6.4829683480590566e-02 1.0275499726340999e-04 6.9344700000000000e-05 9.3637116226620003e+02
6.8117831355171340e-02 1.0975499711746999e-04 7.2856100000000002e-05 9.3646956308100005e+02
7.1572933822013338e-02 1.1723199746169999e-04 7.6545399999999994e-05 9.3656960282640000e+02
7.2872355791586060e-02 1.2007500056640000e-04 7.7932800000000000e-05 9.3660639068670002e+02
7.6294350046888545e-02 1.2043499631464001e-04 8.1586400000000002e-05 9.3661091798129996e+02
7.8557740452832786e-02 1.2521799885310001e-04 8.4002899999999995e-05 9.3666865324139997e+02
8.1070439170188191e-02 1.3058099681828001e-04 8.6685400000000002e-05 9.3673145543940007e+02
8.3663493660002267e-02 1.3617299667415003e-04 8.9453500000000007e-05 9.3679492723830003e+02
8.6339540033127660e-02 1.4200499619000000e-04 9.2310000000000002e-05 9.3685905859080003e+02
8.9101308842231525e-02 1.4808700429182000e-04 9.5257800000000001e-05 9.3692387963880003e+02
9.1951438062670962e-02 1.5442999846642999e-04 9.8299699999999997e-05 9.3698938014720000e+02
9.3544637803481184e-02 1.5800363917307320e-04 1.0000000000000000e-04 9.3702641442654260e+02
9.5904352245057264e-02 1.5969626493925554e-04 1.0251782216840446e-04 9.3704730044102541e+02
9.8323591768738797e-02 1.6144605860138263e-04 1.0509910005901917e-04 9.3706832667487345e+02
1.0080385792714480e-01 1.6325495098692521e-04 1.0774543252578997e-04 9.3708949429447250e+02
1.0334669015037688e-01 1.6512493813643637e-04 1.1045845869462658e-04 9.3711080447611573e+02
1.0595366670149944e-01 1.6705808350610306e-04 1.1323985897732307e-04 9.3713225840608675e+02
1.0862640565612243e-01 1.6905652024468739e-04 1.1609135611099063e-04 9.3715385728074205e+02
1.1136656590669441e-01 1.7112245354737132e-04 1.1901471622364385e-04 9.3717560230659399e+02
1.1417584819212945e-01 1.7325816308910139e-04 1.2201174992659781e-04 9.3719749470039483e+02
1.1705599615340723e-01 1.7546600554011916e-04 1.2508431343435066e-04 9.3721953568922288e+02
1.2000879741580076e-01 1.7774841716645262e-04 1.2823430971264181e-04 9.3724172651056722e+02
1.2303608469840438e-01 1.8010791651823876e-04 1.3146368965539503e-04 9.3726406841241464e+02
1.2613973695164976e-01 1.8254710720884280e-04 1.3477445329127170e-04 9.3728656265333564e+02
1.2932168052351672e-01 1.8506868078784194e-04 1.3816865102057887e-04 9.3730921050257496e+02
1.3258389035516219e-01 1.8767541971104277e-04 1.4164838488329556e-04 9.3733201324013714e+02
1.3592839120670930e-01 1.9037020041081003e-04 1.4521580985899846e-04 9.3735497215687883e+02
1.3935725891395842e-01 1.9315599647009527e-04 1.4887313519949041e-04 9.3737808855459775e+02
1.4287262167679851e-01 1.9603588190366671e-04 1.5262262579495182e-04 9.3740136374612393e+02
1.4647666138012000e-01 1.9901303455016189e-04 1.5646660357445906e-04 9.3742479905541245e+02
1.5017161494804807e-01 2.0209073957870577e-04 1.6040744894173307e-04 9.3744839581763438e+02
1.5395977573233749e-01 2.0527239311396390e-04 1.6444760224700316e-04 9.3747215537927320e+02
1.5784349493579020e-01 2.0856150598363028e-04 1.6858956529589453e-04 9.3749607909821623e+02
1.6182518307157939e-01 2.1196170759248557e-04 1.7283590289626921e-04 9.3752016834385154e+02
1.6590731145938623e-01 2.1547674992730066e-04 1.7718924444397462e-04 9.3754442449716419e+02
1.7009241375927667e-01 2.1911051169700390e-04 1.8165228554847728e-04 9.3756884895083192e+02
1.7438308754427218e-01 2.2286700261268212e-04 1.8622778969938424e-04 9.3759344310932443e+02
1.7878199591258834e-01 2.2675036781213628e-04 1.9091858997487922e-04 9.3761820838900064e+02
1.8329186914054393e-01 2.3076489243387604e-04 1.9572759079312704e-04 9.3764314621820904e+02
1.8791550637716506e-01 2.3491500634559889e-04 2.0065776970772589e-04 9.3766825803738777e+02
1.9265577738153650e-01 2.3920528903237213e-04 2.0571217924831388e-04 9.3769354529916552e+02
1.9751562430397926e-01 2.4364047464991225e-04 2.1089394880746494e-04 9.3771900946846495e+02
2.0249806351215871e-01 2.4822545724853664e-04 2.1620628657503685e-04 9.3774465202260365e+02
2.0760618746325754e-01 2.5296529617355287e-04 2.2165248152116281e-04 9.3777047445140033e+02
2.1284316662337527e-01 2.5786522164804407e-04 2.2723590542911008e-04 9.3779647825727807e+02
2.1821225143534578e-01 2.6293064054421167e-04 2.3296001497925708e-04 9.3782266495537090e+02
2.2371677433619400e-01 2.6816714234964291e-04 2.3882835388547405e-04 9.3784903607363003e+02
2.2936015182548369e-01 2.7358050533508741e-04 2.4484455508522245e-04 9.3787559315293220e+02
2.3514588658584135e-01 2.7917670293054825e-04 2.5101234298472455e-04 9.3790233774718706e+02
2.4107756965697050e-01 2.8496191031672361e-04 2.5733553576058398e-04 9.3792927142344809e+02
2.4715888266450714e-01 2.9094251123907216e-04 2.6381804771927691e-04 9.3795639576202245e+02
2.5339360010509920e-01 2.9712510505202125e-04 2.7046389171596688e-04 9.3798371235658203e+02
2.5978559168912879e-01 3.0351651400109178e-04 2.7727718163413344e-04 9.3801122281427683e+02
2.6633882474253007e-01 3.1012379075097315e-04 2.8426213492754128e-04 9.3803892875584756e+02
2.7305736666919461e-01 3.1695422616785727e-04 2.9142307522611550e-04 9.3806683181574078e+02
2.7994538747549297e-01 3.2401535736461894e-04 2.9876443500732988e-04 9.3809493364222362e+02
2.8700716235847767e-01 3.3131497601771894e-04 3.0629075833475027e-04 9.3812323589750099e+02
2.9424707435937553e-01 3.3886113696500757e-04 3.1400670366542148e-04 9.3815174025783210e+02
3.0166961708401557e-01 3.4666216709391718e-04 3.2191704672782562e-04 9.3818044841365031e+02
3.0927939749188171e-01 3.5472667452985008e-04 3.3002668347218523e-04 9.3820936206968133e+02
3.1708113875552024e-01 3.6306355813490153e-04 3.3834063309492503e-04 9.3823848294506456e+02
3.2507968319207725e-01 3.7168201732739806e-04 3.4686404113915654e-04 9.3826781277347379e+02
3.3327999526878688e-01 3.8059156223308973e-04 3.5560218267309378e-04 9.3829735330324229e+02
3.4168716468427296e-01 3.8980202417919317e-04 3.6456046554835593e-04 9.3832710629748328e+02
3.5030640952757969e-01 3.9932356654286957e-04 3.7374443374016311e-04 9.3835707353421708e+02
3.5914307951688962e-01 4.0916669596610547e-04 3.8315977077148044e-04 9.3838725680649691e+02
3.6820265931994017e-01 4.1934227394937248e-04 3.9281230322321859e-04 9.3841765792253523e+02
3.7749077195820024e-01 4.2986152883686045e-04 4.0270800433265109e-04 9.3844827870583185e+02
3.8701318229691772e-01 4.4073606820650620e-04 4.1285299768226066e-04 9.3847912099530390e+02
3.9677580062320678e-01 4.5197789167849314e-04 4.2325356098128758e-04 9.3851018664541630e+02
4.0678468631439330e-01 4.6359940415635322e-04 4.3391612994230443e-04 9.3854147752631218e+02
4.1704605159889629e-01 4.7561342951528212e-04 4.4484730225520205e-04 9.3857299552394693e+02
4.2756626541198106e-01 4.8803322475277517e-04 4.5605384166103394e-04 9.3860474254022176e+02
4.3835185734877341e-01 5.0087249461719320e-04 4.6754268212822168e-04 9.3863672049311856e+02
4.4940952171699328e-01 5.1414540673040687e-04 4.7932093213369340e-04 9.3866893131683605e+02
4.6074612169191892e-01 5.2786660722120126e-04 4.9139587905158548e-04 9.3870137696192762e+02
4.7236869357616340e-01 5.4205123688669439e-04 5.0377499365220903e-04 9.3873405939543989e+02
4.8428445116690588e-01 5.5671494789960325e-04 5.1646593471404653e-04 9.3876698060105196e+02
4.9650079023328847e-01 5.7187392107979076e-04 5.2947655375161441e-04 9.3880014257921732e+02
5.0902529310675859e-01 5.8754488374915530e-04 5.4281489986209952e-04 9.3883354734730631e+02
5.2186573338720399e-01 6.0374512818956252e-04 5.5648922469374816e-04 9.3886719693974919e+02
5.3503008076780434e-01 6.2049253072418871e-04 5.7050798753906478e-04 9.3890109340818037e+02
5.4852650598159036e-01 6.3780557144332926e-04 5.8487986055594634e-04 9.3893523882158649e+02
5.6236338587278423e-01 6.5570335459644150e-04 5.9961373411996722e-04 9.3896963526645152e+02
5.7654930859606657e-01 6.7420562967292100e-04 6.1471872231110036e-04 9.3900428484690747e+02
5.9109307894699725e-01 6.9333281319487478e-04 6.3020416853824845e-04 9.3903918968488279e+02
6.0600372382690060e-01 7.1310601124593943e-04 6.4607965130504194e-04 9.3907435192025491e+02
6.2129049784560320e-01 7.3354704276100077e-04 6.6235499012044514e-04 9.3910977371100194e+02
6.3696288906550558e-01 7.5467846360251884e-04 6.7904025155780400e-04 9.3914545723335777e+02
6.5303062489055097e-01 7.7652359145002187e-04 6.9614575546605810e-04 9.3918140468196611e+02
6.6950367810374445e-01 7.9910653153023362e-04 7.1368208133692991e-04 9.3921761827003775e+02
6.8639227305697559e-01 8.2245220321623116e-04 7.3166007483200634e-04 9.3925410022950962e+02
7.0370689201697834e-01 8.4658636752497603e-04 7.5009085447371902e-04 9.3929085281120274e+02
7.2145828167137582e-01 8.7153565554357103e-04 7.6898581850433584e-04 9.3932787828498374e+02
7.3965745979883890e-01 8.9732759781559906e-04 7.8835665191716992e-04 9.3936517893992755e+02
7.5831572210750775e-01 9.2399065471998241e-04 8.0821533366433264e-04 9.3940275708448075e+02
7.7744464924591261e-01 9.5155424787587224e-04 8.2857414404544874e-04 9.3944061504662648e+02
7.9705611399075049e-01 9.8004879260823238e-04 8.4944567228187199e-04 9.3947875517405191e+02
8.1716228861597828e-01 1.0095057315099368e-03 8.7084282428105664e-04 9.3951717983431490e+02
8.3777565244779262e-01 1.0399575691374138e-03 8.9277883059584058e-04 9.3955589141501548e+02
8.5890899961019185e-01 1.0714379078781311e-03 9.1526725458353816e-04 9.3959489232396436e+02
8.8057544696592016e-01 1.1039814850294842e-03 9.3832200076983624e-04 9.3963418498935880e+02
9.0278844225772970e-01 1.1376242111300215e-03 9.6195732342264158e-04 9.3967377185995451e+02
9.2556177245500848e-01 1.1724032095852888e-03 9.8618783534112887e-04 9.3971365540524073e+02
9.4890957231095618e-01 1.2083568576320249e-03 1.0110285168653860e-03 9.3975383811561892e+02
9.7284633313562208e-01 1.2455248286859131e-03 1.0364947251121880e-03 9.3979432250258139e+02
9.9738691179024397e-01 1.2839481361196095e-03 1.0626022034425585e-03 9.3983511109889128e+02
1.0225465399084765e+00 1.3236691785193638e-03 1.0893670911669342e-03 9.3987620645876348e+02
1.0483408333502313e+00 1.3647317864701684e-03 1.1168059334938783e-03 9.3991761115804945e+02
1.0747858018939909e+00 1.4071812709210575e-03 1.1449356917284464e-03 9.3995932779442194e+02
1.1018978591736195e+00 1.4510644731839301e-03 1.1737737537264579e-03 9.4000135898756298e+02
1.1296938328658388e+00 1.4964298166210749e-03 1.2033379446110954e-03 9.4004370737934914e+02
1.1581909751346791e+00 1.5433273600784080e-03 1.2336465377583736e-03 9.4008637563404500e+02
1.1874069733394061e+00 1.5918088531234186e-03 1.2647182660582477e-03 9.4012936643849287e+02
1.2173599610125574e+00 1.6419277931487490e-03 1.2965723334582360e-03 9.4017268250230757e+02
1.2480685291149067e+00 1.6937394844044340e-03 1.3292284267966523e-03 9.4021632655807036e+02
1.2795517375743386e+00 1.7473010990239300e-03 1.3627067279326811e-03 9.4026030136152656e+02
1.3118291271157996e+00 1.8026717401112842e-03 1.3970279261807481e-03 9.4030460969178409e+02
1.3449207313896694e+00 1.8599125069590553e-03 1.4322132310567932e-03 9.4034925435151433e+02
1.3788470894060680e+00 1.9190865624689366e-03 1.4682843853442546e-03 9.4039423816715316e+02
1.4136292582828336e+00 1.9802592028495014e-03 1.5052636784877768e-03 9.4043956398910632e+02
1.4492888263150734e+00 2.0434979296679659e-03 1.5431739603228431e-03 9.4048523469195413e+02
1.4858479263743953e+00 2.1088725243354686e-03 1.5820386551497322e-03 9.4053125317465958e+02
1.5233292496461504e+00 2.1764551251080757e-03 1.6218817761604360e-03 9.4057762236077792e+02
1.5617560597131985e+00 2.2463203066884663e-03 1.6627279402273564e-03 9.4062434519866792e+02
1.6011522069949513e+00 2.3185451625161451e-03 1.7046023830628507e-03 9.4067142466170390e+02
1.6415421435506388e+00 2.3932093898369686e-03 1.7475309747588853e-03 9.4071886374849339e+02
1.6829509382560039e+00 2.4703953776458788e-03 1.7915402357163370e-03 9.4076666548309140e+02
1.7254042923628374e+00 2.5501882975998754e-03 1.8366573529736709e-03 9.4081483291522147e+02
1.7689285554510035e+00 2.6326761980015306e-03 1.8829101969449974e-03 9.4086336912049501e+02
1.8135507417828713e+00 2.7179501009567835e-03 1.9303273385777460e-03 9.4091227720063500e+02
1.8592985470702919e+00 2.8061041028141988e-03 1.9789380669404610e-03 9.4096156028370035e+02
1.9062003656645361e+00 2.8972354779965375e-03 2.0287724072514759e-03 9.4101122152431321e+02
1.9542853081798492e+00 2.9914447863391897e-03 2.0798611393594837e-03 9.4106126410388799e+02
2.0035832195615768e+00 3.0888359840539449e-03 2.1322358166873312e-03 9.4111169123086120e+02
2.0541246976100704e+00 3.1895165384405312e-03 2.1859287856506020e-03 9.4116250614092564e+02
2.1059411119718581e+00 3.2935975464724741e-03 2.2409732055628660e-03 9.4121371209726419e+02
2.1590646236098907e+00 3.4011938573881885e-03 2.2974030690397751e-03 9.4126531239078793e+02
2.2135282047649243e+00 3.5124241994225151e-03 2.3552532229144667e-03 9.4131731034037557e+02
2.2693656594204530e+00 3.6274113108186088e-03 2.4145593896770789e-03 9.4136970929311440e+02
2.3266116442838629e+00 3.7462820752646717e-03 2.4753581894514549e-03 9.4142251262454272e+02
2.3853016902968607e+00 3.8691676619050448e-03 2.5376871625224849e-03 9.4147572373889761e+02
2.4454722246885159e+00 3.9962036700801357e-03 2.6015847924278574e-03 9.4152934606936151e+02
2.5071605935845884e+00 4.1275302789548617e-03 2.6670905296282982e-03 9.4158338307831332e+02
2.5704050851872040e+00 4.2632924022007719e-03 2.7342448157707958e-03 9.4163783825757901e+02
2.6352449535392406e+00 4.4036398479024973e-03 2.8030891085595970e-03 9.4169271512868897e+02
2.7017204428881940e+00 4.5487274838650043e-03 2.8736659072501960e-03 9.4174801724313227e+02
2.7698728126646182e+00 4.6987154085040171e-03 2.9460187787818484e-03 9.4180374818261737e+02
2.8397443630906785e+00 4.8537691275082418e-03 3.0201923845645986e-03 9.4185991155933391e+02
2.9113784614346878e+00 5.0140597364682982e-03 3.0962325079371611e-03 9.4191651101621505e+02
2.9848195689279202e+00 5.1797641096738498e-03 3.1741860823123972e-03 9.4197355022720569e+02
3.0601132683604271e+00 5.3510650952873435e-03 3.2541012200276017e-03 9.4203103289753017e+02
3.1373062923729673e+00 5.5281517171096506e-03 3.3360272419171765e-03 9.4208896276396297e+02
3.2164465524626209e+00 5.7112193831602986e-03 3.4200147076257495e-03 9.4214734359510260e+02
3.2975831687200747e+00 5.9004701013024036e-03 3.5061154466802065e-03 9.4220617919164840e+02
3.3807665003170593e+00 6.0961127021502944e-03 3.5943825903396367e-03 9.4226547338667740e+02
3.4660481767628450e+00 6.2983630695057696e-03 3.6848706042425673e-03 9.4232523004592690e+02
3.5534811299491933e+00 6.5074443785772410e-03 3.7776353218714194e-03 9.4238545306807748e+02
3.6431196270036672e+00 6.7235873422446767e-03 3.8727339788545987e-03 9.4244614638503799e+02
3.7350193039716788e+00 6.9470304656420491e-03 3.9702252481270961e-03 9.4250731396223591e+02
3.8292372003481971e+00 7.1780203093382566e-03 4.0701692759710847e-03 9.4256895979890692e+02
3.9258317944805152e+00 7.4168117614068357e-03 4.1726277189584066e-03 9.4263108792839068e+02
4.0248630398640879e+00 7.6636683186847923e-03 4.2776637818175301e-03 9.4269370241842580e+02
4.1263924023539555e+00 7.9188623775308629e-03 4.3853422562480137e-03 9.4275680737144955e+02
4.2304828983148264e+00 8.1826755344039919e-03 4.4957295607060983e-03 9.4282040692490114e+02
4.3371991337335318e+00 8.4553988965938073e-03 4.6088937811857265e-03 9.4288450525152314e+02
4.4466073443181191e+00 8.7373334034458981e-03 4.7249047130197546e-03 9.4294910655967294e+02
4.5587754366084416e+00 9.0287901584363544e-03 4.8438339037268404e-03 9.4301421509362956e+02
4.6737730301238107e+00 9.3300907724620501e-03 4.9657546969301015e-03 9.4307983513390866e+02
4.7916715005738313e+00 9.6415677187254231e-03 5.0907422773742448e-03 9.4314597099757862e+02
4.9125440241592697e+00 9.9635646996054129e-03 5.2188737170686160e-03 9.4321262703857747e+02
5.0364656229904039e+00 1.0296437025919267e-02 5.3502280225841666e-03 9.4327980764803567e+02
5.1635132116511127e+00 1.0640552008993892e-02 5.4848861835331952e-03 9.4334751725460148e+02
5.2937656449375501e+00 1.0996289365979227e-02 5.6229312222613112e-03 9.4341576032476758e+02
5.4273037668010513e+00 1.1364041638850958e-02 5.7644482447818347e-03 9.4348454136320163e+02
5.5642104605256595e+00 1.1744214627564935e-02 5.9095244929836489e-03 9.4355386491307877e+02
5.7045707001714012e+00 1.2137227837841203e-02 6.0582493981441738e-03 9.4362373555642068e+02
5.8484716033152608e+00 1.2543514944071866e-02 6.2107146357800874e-03 9.4369415791443282e+02
5.9960024851225446e+00 1.2963524267863423e-02 6.3670141818690188e-03 9.4376513664784920e+02
6.1472549137822536e+00 1.3397719272741776e-02 6.5272443704764913e-03 9.4383667645727598e+02
6.3023227673408417e+00 1.3846579075565781e-02 6.6915039528230406e-03 9.4390878208354263e+02
6.4613022919696110e+00 1.4310598975213518e-02 6.8598941578274283e-03 9.4398145830805242e+02
6.6242921617019599e+00 1.4790290999124860e-02 7.0325187541627051e-03 9.4405470995313920e+02
6.7913935396775260e+00 1.5286184468303321e-02 7.2094841138628327e-03 9.4412854188242591e+02
6.9627101409312546e+00 1.5798826581400676e-02 7.3908992775184590e-03 9.4420295900118583e+02
7.1383482967663303e+00 1.6328783018528789e-02 7.5768760211014181e-03 9.4427796625670726e+02
7.3184170207509798e+00 1.6876638565465063e-02 7.7675289244585107e-03 9.4435356863866491e+02
7.5030280763800770e+00 1.7442997758940239e-02 7.9629754415161749e-03 9.4442977117948976e+02
7.6922960464435182e+00 1.8028485553720483e-02 8.1633359722385578e-03 9.4450657895474387e+02
7.8863384041444933e+00 1.8633748012220085e-02 8.3687339363826916e-03 9.4458399708350214e+02
8.0852755860117238e+00 1.9259453017405500e-02 8.5792958490954942e-03 9.4466203072873179e+02
8.2892310666509808e+00 1.9906291009777626e-02 8.7951513983984351e-03 9.4474068509768017e+02
8.4983314353822106e+00 2.0574975749245241e-02 9.0164335246067946e-03 9.4481996544226320e+02
8.7127064748099059e+00 2.1266245102730622e-02 9.2432785017317106e-03 9.4489987705945919e+02
8.9324892413754657e+00 2.1980861858376305e-02 9.4758260209143446e-03 9.4498042529170493e+02
9.1578161479414781e+00 2.2719614567251228e-02 9.7142192759426226e-03 9.4506161552729543e+02
9.3888270484593033e+00 2.3483318413485461e-02 9.9586050509024651e-03 9.4514345320079030e+02
9.6256653247723936e+00 2.4272816113793321e-02 1.0209133810016540e-02 9.4522594379341888e+02
9.8684779756093146e+00 2.5088978847377662e-02 1.0465959789724933e-02 9.4530909283349308e+02
1.0117415707821632e+01 2.5932707217241373e-02 1.0729241093063450e-02 9.4539290589682423e+02
1.0372633029923296e+01 2.6804932243966687e-02 1.0999139786396729e-02 9.4547738860713889e+02
1.0634288347989733e+01 2.7706616393059522e-02 1.1275821998564733e-02 9.4556254663650486e+02
1.0902544063975851e+01 2.8638754636991434e-02 1.1559458022502389e-02 9.4564838570575671e+02
1.1177566676514367e+01 2.9602375553112299e-02 1.1850222419394169e-02 9.4573491158492834e+02
1.1459526884256700e+01 3.0598542458644278e-02 1.2148294125426336e-02 9.4582213009368559e+02
1.1748599691820694e+01 3.1628354584009769e-02 1.2453856561201434e-02 9.4591004710176742e+02
1.2044964518411033e+01 3.2692948285788573e-02 1.2767097743881343e-02 9.4599866852942853e+02
1.2348805309179573e+01 3.3793498300641926e-02 1.3088210402126455e-02 9.4608800034788578e+02
1.2660310649394779e+01 3.4931219041587351e-02 1.3417392093900435e-02 9.4617804857977137e+02
1.2979673881491271e+01 3.6107365938055240e-02 1.3754845327211988e-02 9.4626881929958665e+02
1.3307093225071897e+01 3.7323236821204989e-02 1.4100777683866188e-02 9.4636031863416315e+02
1.3642771899936914e+01 3.8580173356029736e-02 1.4455401946300243e-02 9.4645255276312730e+02
1.3986918252216771e+01 3.9879562521830433e-02 1.4818936227580484e-02 9.4654552791936703e+02
1.4339745883686549e+01 4.1222838142692009e-02 1.5191604104638611e-02 9.4663925038950629e+02
1.4701473784342401e+01 4.2611482469650831e-02 1.5573634754827823e-02 9.4673372651438285e+02
1.5072326468322482e+01 4.4047027816299981e-02 1.5965263095881383e-02 9.4682896268952857e+02
1.5452534113256304e+01 4.5531058249635679e-02 1.6366729929357521e-02 9.4692496536565739e+02
1.5842332703129511e+01 4.7065211338012392e-02 1.6778282087657775e-02 9.4702174104915537e+02
1.6241964174752326e+01 4.8651179958134026e-02 1.7200172584706908e-02 9.4711929630257566e+02
1.6651676567922731e+01 5.0290714163075539e-02 1.7632660770385351e-02 9.4721763774513965e+02
1.7071724179377785e+01 5.1985623113397141e-02 1.8076012488807441e-02 9.4731677205324343e+02
1.7502367720628236e+01 5.3737777073480479e-02 1.8530500240540485e-02 9.4741670596096390e+02
1.7943874479774649e+01 5.5549109475290570e-02 1.8996403348862361e-02 9.4751744626057712e+02
1.8396518487405583e+01 5.7421619051841302e-02 1.9474008130158187e-02 9.4761899980307351e+02
1.8860580686680432e+01 5.9357372042717155e-02 1.9963608068557903e-02 9.4772137349868626e+02
1.9336349107702780e+01 6.1358504474086105e-02 2.0465503994920423e-02 9.4782457431741796e+02
1.9824119046292498e+01 6.3427224515719499e-02 2.0980004270271899e-02 9.4792860928957657e+02
2.0324193247267381e+01 6.5565814917619258e-02 2.1507424973808292e-02 9.4803348550631313e+02
2.0836882092348073e+01 6.7776635528940921e-02 2.2048090095575294e-02 9.4813921012016601e+02
2.1362503792803263e+01 7.0062125901993691e-02 2.2602331733941692e-02 9.4824579034561248e+02
2.1901384586954205e+01 7.2424807984188641e-02 2.3170490297984465e-02 9.4835323345962308e+02
2.2453858942661455e+01 7.4867288900906936e-02 2.3752914714907508e-02 9.4846154680221900e+02
2.3020269764919611e+01 7.7392263832359087e-02 2.4349962642618447e-02 9.4857073777704113e+02
2.3600968608688451e+01 8.0002518987608129e-02 2.4962000687591069e-02 9.4868081385191908e+02
2.4196315897093172e+01 8.2700934679040730e-02 2.5589404628144505e-02 9.4879178255944794e+02
2.4806681145128625e+01 8.5490488500676726e-02 2.6232559643272809e-02 9.4890365149756781e+02
2.5432443189006605e+01 8.8374258613824863e-02 2.6891860547162152e-02 9.4901642833015489e+02
2.6073990421288762e+01 9.1355427143711684e-02 2.7567712029536898e-02 9.4913012078761244e+02
2.6731721031950688e+01 9.4437283690829391e-02 2.8260528901978027e-02 9.4924473666746860e+02
2.7406043255526907e+01 9.7623228960878300e-02 2.8970736350361667e-02 9.4936028383498206e+02
2.8097375624490518e+01 1.0091677851731051e-01 2.9698770193569542e-02 9.4947677022375149e+02
2.8806147229024237e+01 1.0432156666061371e-01 3.0445077148625606e-02 9.4959420383633244e+02
2.9532797983344267e+01 1.0784135043861610e-01 3.1210115102418053e-02 9.4971259274485749e+02
3.0277778898742614e+01 1.1148001379223961e-01 3.1994353390169518e-02 9.4983194509166606e+02
3.1041552363516804e+01 1.1524157184127337e-01 3.2798273080821824e-02 9.4995226908993664e+02
3.1824592429960923e+01 1.1913017531489759e-01 3.3622367269506036e-02 9.5007357302432808e+02
3.2627385108596513e+01 1.2315011513184865e-01 3.4467141377273372e-02 9.5019586525162515e+02
3.3450428669825115e+01 1.2730582713527533e-01 3.5333113458265245e-02 9.5031915420139035e+02
3.4294233953190677e+01 1.3160189698751615e-01 3.6220814514507031e-02 9.5044344837662561e+02
3.5159324684442851e+01 1.3604306523019374e-01 3.7130788818513082e-02 9.5056875635443248e+02
3.6046237800598533e+01 1.4063423251521329e-01 3.8063594243895715e-02 9.5069508678668876e+02
3.6955523783203411e+01 1.4538046501243701e-01 3.9019802604176340e-02 9.5082244840072281e+02
3.7887746999999997e+01 1.5028700000000000e-01 4.0000000000000001e-02 9.5095263199999999e+02
4.3062432999999999e+01 1.7360400000000001e-01 4.5440000000000001e-02 9.5149906999999996e+02
4.8239820999999999e+01 1.9543300000000000e-01 5.0880000000000002e-02 9.5195250099999998e+02
5.3419480999999998e+01 2.1627099999999999e-01 5.6320000000000002e-02 9.5234109599999999e+02
5.8601137000000001e+01 2.3709300000000000e-01 6.1760000000000002e-02 9.5269330300000001e+02
6.3784668000000003e+01 2.5929000000000002e-01 6.7199999999999996e-02 9.5303682200000003e+02
6.8970096999999996e+01 2.8460099999999999e-01 7.2639999999999996e-02 9.5339789900000005e+02
7.4157588000000004e+01 3.1505200000000000e-01 7.8079999999999997e-02 9.5380089099999998e+02
7.9347429000000005e+01 3.5289399999999999e-01 8.3519999999999997e-02 9.5426802499999997e+02
8.4540025000000000e+01 4.0054899999999999e-01 8.8959999999999997e-02 9.5481929700000001e+02
8.9735882000000004e+01 4.6055800000000002e-01 9.4399999999999998e-02 9.5547246099999995e+02
9.4935598999999996e+01 5.3554299999999999e-01 9.9839999999999998e-02 9.5624308900000005e+02
1.0013985000000000e+02 6.2792000000000003e-01 1.0528000000000000e-01 9.5714234199999999e+02
1.0534930000000000e+02 7.3777499999999996e-01 1.1072000000000000e-01 9.5815805399999999e+02
1.1056464300000000e+02 8.6913099999999999e-01 1.1616000000000000e-01 9.5931445499999995e+02
1.1578668500000001e+02 1.0251740000000000e+00 1.2160000000000000e-01 9.6062549000000001e+02
1.2101629200000001e+02 1.2086520000000001e+00 1.2703999999999999e-01 9.6209975999999995e+02
1.2625437100000001e+02 1.4221250000000001e+00 1.3247999999999999e-01 9.6374331099999995e+02
1.3150185400000001e+02 1.6680180000000000e+00 1.3791999999999999e-01 9.6556045600000004e+02
1.3675969400000000e+02 1.9486420000000000e+00 1.4335999999999999e-01 9.6755420300000003e+02
1.4202885900000001e+02 2.2662079999999998e+00 1.4879999999999999e-01 9.6972653900000000e+02
1.4731032300000001e+02 2.6228340000000001e+00 1.5423999999999999e-01 9.7207862899999998e+02
1.5260506599999999e+02 3.0205540000000002e+00 1.5967999999999999e-01 9.7461096699999996e+02
1.5791407000000001e+02 3.4613200000000002e+00 1.6511999999999999e-01 9.7732350399999996e+02
1.6323831200000001e+02 3.9470079999999998e+00 1.7055999999999999e-01 9.8021573500000000e+02
1.6857876999999999e+02 4.4794179999999999e+00 1.7599999999999999e-01 9.8328677100000004e+02
1.7393641199999999e+02 5.0602780000000003e+00 1.8143999999999999e-01 9.8653539499999999e+02
1.7931220099999999e+02 5.6912409999999998e+00 1.8687999999999999e-01 9.8996009800000002e+02
1.8470708999999999e+02 6.3738869999999999e+00 1.9231999999999999e-01 9.9355910600000004e+02
1.9012202400000001e+02 7.1097169999999998e+00 1.9775999999999999e-01 9.9733039699999995e+02
1.9555793299999999e+02 7.9001520000000003e+00 2.0319999999999999e-01 1.0012717120000000e+03
2.0101573500000001e+02 8.7465299999999999e+00 2.0863999999999999e-01 1.0053805620000001e+03
2.0649633600000001e+02 9.6500959999999996e+00 2.1407999999999999e-01 1.0096542250000000e+03
2.1200062500000001e+02 1.0612005000000000e+01 2.1951999999999999e-01 1.0140897550000000e+03
2.1752947300000000e+02 1.1633312000000000e+01 2.2495999999999999e-01 1.0186839730000000e+03
2.2308373499999999e+02 1.2714967000000000e+01 2.3039999999999999e-01 1.0234334790000000e+03
2.2866424799999999e+02 1.3857815000000000e+01 2.3583999999999999e-01 1.0283346460000000e+03
2.3427182400000001e+02 1.5062588999999999e+01 2.4127999999999999e-01 1.0333836340000000e+03
2.3990726000000001e+02 1.6329909000000001e+01 2.4671999999999999e-01 1.0385763899999999e+03
2.4557132400000000e+02 1.7660277000000001e+01 2.5216000000000000e-01 1.0439086649999999e+03
2.5126476500000001e+02 1.9054081000000000e+01 2.5760000000000000e-01 1.0493760239999999e+03
2.5698830600000002e+02 2.0511592000000000e+01 2.6304000000000000e-01 1.0549738640000000e+03
2.6274264299999999e+02 2.2032965999999998e+01 2.6848000000000000e-01 1.0606974310000001e+03
2.6852844800000003e+02 2.3618245999999999e+01 2.7392000000000000e-01 1.0665418380000001e+03
2.7434636499999999e+02 2.5267364000000001e+01 2.7936000000000000e-01 1.0725020930000001e+03
2.8019700999999998e+02 2.6980146999999999e+01 2.8480000000000000e-01 1.0785731129999999e+03
2.8608097299999997e+02 2.8756319999999999e+01 2.9024000000000000e-01 1.0847497550000001e+03
2.9199881299999998e+02 3.0595514999999999e+01 2.9568000000000000e-01 1.0910268349999999e+03
2.9795106399999997e+02 3.2497272000000002e+01 3.0112000000000000e-01 1.0973991510000001e+03
3.0393822999999998e+02 3.4461047000000001e+01 3.0656000000000000e-01 1.1038615080000000e+03
3.0996078699999998e+02 3.6486223000000003e+01 3.1200000000000000e-01 1.1104087360000001e+03
3.1601918100000000e+02 3.8572108999999998e+01 3.1744000000000000e-01 1.1170357160000001e+03
3.2211383499999999e+02 4.0717956000000001e+01 3.2288000000000000e-01 1.1237373900000000e+03
3.2824302499999999e+02 4.2600738000000000e+01 3.2832000000000000e-01 1.1295209230000000e+03
3.3440174500000001e+02 4.4330558000000003e+01 3.3376000000000000e-01 1.1347461029999999e+03
3.4058829200000002e+02 4.6021588000000001e+01 3.3920000000000000e-01 1.1397713630000001e+03
3.4680183199999999e+02 4.7699319000000003e+01 3.4464000000000000e-01 1.1446777090000000e+03
3.5304183200000000e+02 4.9375751999999999e+01 3.5008000000000000e-01 1.1495034490000000e+03
3.5930791799999997e+02 5.1057803000000000e+01 3.5552000000000000e-01 1.1542706830000000e+03
3.6559981299999998e+02 5.2749912000000002e+01 3.6096000000000000e-01 1.1589935920000000e+03
3.7191730400000000e+02 5.4455134000000001e+01 3.6640000000000000e-01 1.1636819020000000e+03
3.7826022300000000e+02 5.6175668000000002e+01 3.7184000000000000e-01 1.1683425980000000e+03
3.8462843400000003e+02 5.7913158000000003e+01 3.7728000000000000e-01 1.1729808670000000e+03
3.9102182699999997e+02 5.9668858000000000e+01 3.8272000000000000e-01 1.1776006570000000e+03
3.9744031000000001e+02 6.1443745999999997e+01 3.8816000000000001e-01 1.1822050260000001e+03
4.0388380400000000e+02 6.3238594999999997e+01 3.9360000000000001e-01 1.1867963830000001e+03
4.1035172799999998e+02 6.4946070000000006e+01 3.9904000000000001e-01 1.1911048109999999e+03
4.1684241200000002e+02 6.6605436999999995e+01 4.0448000000000001e-01 1.1952346789999999e+03
4.2335546099999999e+02 6.8273869000000005e+01 4.0992000000000001e-01 1.1993316090000001e+03
4.2989075500000001e+02 6.9958781999999999e+01 4.1536000000000001e-01 1.2034144590000001e+03
4.3644824299999999e+02 7.1663274999999999e+01 4.2080000000000001e-01 1.2074910159999999e+03
4.4302789999999999e+02 7.3389015999999998e+01 4.2624000000000001e-01 1.2115653780000000e+03
4.4962972400000001e+02 7.5137015000000005e+01 4.3168000000000001e-01 1.2156399610000001e+03
4.5625371799999999e+02 7.6907931000000005e+01 4.3712000000000001e-01 1.2197162750000000e+03
4.6289989600000001e+02 7.8702208999999996e+01 4.4256000000000001e-01 1.2237952900000000e+03
4.6956827399999997e+02 8.0520156999999998e+01 4.4800000000000001e-01 1.2278776290000001e+03
4.7625887100000000e+02 8.2361984000000007e+01 4.5344000000000001e-01 1.2319636820000001e+03
4.8297170799999998e+02 8.4227835999999996e+01 4.5888000000000001e-01 1.2360536729999999e+03
4.8970680700000003e+02 8.6117802999999995e+01 4.6432000000000001e-01 1.2401477110000001e+03
4.9646418899999998e+02 8.8031938999999994e+01 4.6976000000000001e-01 1.2442458130000000e+03
5.0324387800000000e+02 8.9970265999999995e+01 4.7520000000000001e-01 1.2483479319999999e+03
5.1004589399999998e+02 9.1932779999999994e+01 4.8064000000000001e-01 1.2524539709999999e+03
5.1687025800000004e+02 9.3919458000000006e+01 4.8608000000000001e-01 1.2565637939999999e+03
5.2371699100000001e+02 9.5930261000000002e+01 4.9152000000000001e-01 1.2606772329999999e+03
5.3058611199999996e+02 9.7965132999999994e+01 4.9696000000000001e-01 1.2647941010000000e+03
5.3747763899999995e+02 1.0002401000000000e+02 5.0239999999999996e-01 1.2689141910000001e+03
5.4439158799999996e+02 1.0210681400000000e+02 5.0783999999999996e-01 1.2730372809999999e+03
5.5132797600000004e+02 1.0421346200000001e+02 5.1327999999999996e-01 1.2771631410000000e+03
5.5828681700000004e+02 1.0634385899999999e+02 5.1871999999999996e-01 1.2812915350000001e+03
5.6526812299999995e+02 1.0849790700000000e+02 5.2415999999999996e-01 1.2854222179999999e+03
5.7227190800000005e+02 1.1067550199999999e+02 5.2959999999999996e-01 1.2895549440000000e+03
5.7929818100000000e+02 1.1287653299999999e+02 5.3503999999999996e-01 1.2936894660000000e+03
5.8634695099999999e+02 1.1510088600000000e+02 5.4047999999999996e-01 1.2978255340000001e+03
5.9341822600000000e+02 1.1734844300000000e+02 5.4591999999999996e-01 1.3019629000000000e+03
6.0051201200000003e+02 1.1961908300000000e+02 5.5135999999999996e-01 1.3061013180000000e+03
6.0762831500000004e+02 1.2191268200000000e+02 5.5679999999999996e-01 1.3102405429999999e+03
6.1476713800000005e+02 1.2422911200000000e+02 5.6223999999999996e-01 1.3143803320000000e+03
6.2192848400000003e+02 1.2656824600000000e+02 5.6767999999999996e-01 1.3185204460000000e+03
6.2911235299999998e+02 1.2892995199999999e+02 5.7311999999999996e-01 1.3226606509999999e+03
6.3631874600000003e+02 1.3131409800000000e+02 5.7855999999999996e-01 1.3268007140000000e+03
6.4354766099999995e+02 1.3372055100000000e+02 5.8399999999999996e-01 1.3309404090000000e+03
6.5079909599999996e+02 1.3614917500000001e+02 5.8943999999999996e-01 1.3350795120000000e+03
6.5807304599999998e+02 1.3859983600000001e+02 5.9487999999999996e-01 1.3392178070000000e+03
6.6536950700000000e+02 1.4107239600000000e+02 6.0031999999999996e-01 1.3433550780000000e+03
6.7268847300000004e+02 1.4356672000000000e+02 6.0575999999999997e-01 1.3474911179999999e+03
6.8002993600000002e+02 1.4608266900000001e+02 6.1119999999999997e-01 1.3516257240000000e+03
6.8739388799999995e+02 1.4862010699999999e+02 6.1663999999999997e-01 1.3557586960000001e+03
6.9478031899999996e+02 1.5117889600000001e+02 6.2207999999999997e-01 1.3598898409999999e+03
7.0218921999999998e+02 1.5375889799999999e+02 6.2751999999999997e-01 1.3640189720000001e+03
7.0962057800000002e+02 1.5635997599999999e+02 6.3295999999999997e-01 1.3681459040000000e+03
7.1707438100000002e+02 1.5898199199999999e+02 6.3839999999999997e-01 1.3722704590000001e+03
7.2455061599999999e+02 1.6162481000000000e+02 6.4383999999999997e-01 1.3763924649999999e+03
7.3204926899999998e+02 1.6428829400000001e+02 6.4927999999999997e-01 1.3805117530000000e+03
7.3957032300000003e+02 1.6697230700000000e+02 6.5471999999999997e-01 1.3846281600000000e+03
7.4711376399999995e+02 1.6967671300000001e+02 6.6015999999999997e-01 1.3887415269999999e+03
7.5467957300000000e+02 1.7240137899999999e+02 6.6559999999999997e-01 1.3928517010000000e+03
7.6226773400000002e+02 1.7514617000000001e+02 6.7103999999999997e-01 1.3969585330000000e+03
7.6987822800000004e+02 1.7791095100000001e+02 6.7647999999999997e-01 1.4010618790000001e+03
7.7751103499999999e+02 1.8069559200000000e+02 6.8191999999999997e-01 1.4051615999999999e+03
7.8516613500000005e+02 1.8349995899999999e+02 6.8735999999999997e-01 1.4092575589999999e+03
7.9284350800000004e+02 1.8632392100000001e+02 6.9279999999999997e-01 1.4133496270000001e+03
8.0054313100000002e+02 1.8916735000000000e+02 6.9823999999999997e-01 1.4174376780000000e+03
8.0826498300000003e+02 1.9203011500000000e+02 7.0367999999999997e-01 1.4215215889999999e+03
8.1600904100000002e+02 1.9491208700000001e+02 7.0911999999999997e-01 1.4256012430000001e+03
8.2377528199999995e+02 1.9781314100000000e+02 7.1455999999999997e-01 1.4296765250000001e+03
8.3156367999999998e+02 2.0073314900000000e+02 7.1999999999999997e-01 1.4337473270000000e+03
8.3937421300000005e+02 2.0367198600000000e+02 7.2543999999999997e-01 1.4378135420000001e+03
8.4720685300000002e+02 2.0662952899999999e+02 7.3087999999999997e-01 1.4418750680000001e+03
8.5506157599999995e+02 2.0960565299999999e+02 7.3631999999999997e-01 1.4459318069999999e+03
8.6293835600000000e+02 2.1260023699999999e+02 7.4175999999999997e-01 1.4499836640000001e+03
8.7083716400000003e+02 2.1561315999999999e+02 7.4719999999999998e-01 1.4540305470000001e+03
8.7875797499999999e+02 2.1864430200000001e+02 7.5263999999999998e-01 1.4580723700000001e+03
8.8670076100000006e+02 2.2169354400000000e+02 7.5807999999999998e-01 1.4621090480000000e+03
8.9466549199999997e+02 2.2476076900000001e+02 7.6351999999999998e-01 1.4661404990000001e+03
9.0265214100000003e+02 2.2784585899999999e+02 7.6895999999999998e-01 1.4701666459999999e+03
9.1066067799999996e+02 2.3094870000000000e+02 7.7439999999999998e-01 1.4741874140000000e+03
9.1869107499999996e+02 2.3406917700000000e+02 7.7983999999999998e-01 1.4782027310000001e+03
9.2674329999999998e+02 2.3720717700000000e+02 7.8527999999999998e-01 1.4822125280000000e+03
9.3481732399999999e+02 2.4036258699999999e+02 7.9071999999999998e-01 1.4862167390000000e+03
9.4291311700000006e+02 2.4353529800000001e+02 7.9615999999999998e-01 1.4902153010000000e+03
9.5103064700000004e+02 2.4672519800000001e+02 8.0159999999999998e-01 1.4942081530000000e+03
9.5916988300000003e+02 2.4993217999999999e+02 8.0703999999999998e-01 1.4981952380000000e+03
9.6733079399999997e+02 2.5315613500000001e+02 8.1247999999999998e-01 1.5021764989999999e+03
9.7551334699999995e+02 2.5639695799999998e+02 8.1791999999999998e-01 1.5061518850000000e+03
9.8371751200000006e+02 2.5965454299999999e+02 8.2335999999999998e-01 1.5101213439999999e+03
9.9194325400000002e+02 2.6292878500000000e+02 8.2879999999999998e-01 1.5140848280000000e+03
1.0001905430000000e+03 2.6621958200000000e+02 8.3423999999999998e-01 1.5180422920000001e+03
1.0084593440000000e+03 2.6952683100000002e+02 8.3967999999999998e-01 1.5219936920000000e+03
1.0167496240000000e+03 2.7285043100000001e+02 8.4511999999999998e-01 1.5259389860000001e+03
1.0250613519999999e+03 2.7619028300000002e+02 8.5055999999999998e-01 1.5298781349999999e+03
1.0333944919999999e+03 2.7954628700000001e+02 8.5599999999999998e-01 1.5338111010000000e+03
1.0417490110000001e+03 2.8291834699999998e+02 8.6143999999999998e-01 1.5377378480000000e+03
1.0501248750000000e+03 2.8630636399999997e+02 8.6687999999999998e-01 1.5416583439999999e+03
1.0585220500000000e+03 2.8971024399999999e+02 8.7231999999999998e-01 1.5455725560000001e+03
1.0669405019999999e+03 2.9312989199999998e+02 8.7775999999999998e-01 1.5494804540000000e+03
1.0753801960000001e+03 2.9656521400000003e+02 8.8319999999999999e-01 1.5533820100000000e+03
1.0838410990000000e+03 3.0001611700000001e+02 8.8863999999999999e-01 1.5572771969999999e+03
1.0923231740000001e+03 3.0348213099999998e+02 8.9407999999999999e-01 1.5611655650000000e+03
1.1008263710000001e+03 3.0695900300000000e+02 8.9951999999999999e-01 1.5650424550000000e+03
1.1093506330000000e+03 3.1044859100000002e+02 9.0495999999999999e-01 1.5689100630000000e+03
1.1178959120000000e+03 3.1395167600000002e+02 9.1039999999999999e-01 1.5727693620000000e+03
1.1264621649999999e+03 3.1746852799999999e+02 9.1583999999999999e-01 1.5766207449999999e+03
1.1350493489999999e+03 3.2099926799999997e+02 9.2127999999999999e-01 1.5804644390000001e+03
1.1436574230000001e+03 3.2454394600000001e+02 9.2671999999999999e-01 1.5843005889999999e+03
1.1522863450000000e+03 3.2810257799999999e+02 9.3215999999999999e-01 1.5881292989999999e+03
1.1609360760000000e+03 3.3167515200000003e+02 9.3759999999999999e-01 1.5919506440000000e+03
1.1696065750000000e+03 3.3526164499999999e+02 9.4303999999999999e-01 1.5957646840000000e+03
1.1782978040000000e+03 3.3886201899999998e+02 9.4847999999999999e-01 1.5995714640000001e+03
1.1870097220000000e+03 3.4247623199999998e+02 9.5391999999999999e-01 1.6033710220000000e+03
1.1957422910000000e+03 3.4610423400000002e+02 9.5935999999999999e-01 1.6071633879999999e+03
1.2044954710000000e+03 3.4974597299999999e+02 9.6479999999999999e-01 1.6109485890000001e+03
1.2132692239999999e+03 3.5340139199999999e+02 9.7023999999999999e-01 1.6147266470000000e+03
1.2220635110000001e+03 3.5707043199999998e+02 9.7567999999999999e-01 1.6184975820000000e+03
1.2308782920000001e+03 3.6075303400000001e+02 9.8111999999999999e-01 1.6222614100000001e+03
1.2397135300000000e+03 3.6444913400000002e+02 9.8655999999999999e-01 1.6260181490000000e+03
1.2485691859999999e+03 3.6815866999999997e+02 9.9199999999999999e-01 1.6297678120000000e+03
1.2574452220000001e+03 3.7188157899999999e+02 9.9743999999999999e-01 1.6335104120000001e+03
1.2663415980000000e+03 3.7561779700000000e+02 1.0028800000000000e+00 1.6372459620000000e+03
1.2752582769999999e+03 3.7936725799999999e+02 1.0083200000000001e+00 1.6409744740000001e+03
1.2841952200000001e+03 3.8312989700000003e+02 1.0137600000000000e+00 1.6446959600000000e+03
1.2931523900000000e+03 3.8690565099999998e+02 1.0192000000000001e+00 1.6484104310000000e+03
1.3021297470000000e+03 3.9069445400000001e+02 1.0246400000000000e+00 1.6521178990000001e+03
1.3111272550000001e+03 3.9449624000000000e+02 1.0300800000000001e+00 1.6558183730000001e+03
1.3201448750000000e+03 3.9831094600000000e+02 1.0355200000000000e+00 1.6595118660000001e+03
1.3291825690000001e+03 4.0213850700000000e+02 1.0409600000000001e+00 1.6631983880000000e+03
1.3382402990000001e+03 4.0597885800000000e+02 1.0464000000000000e+00 1.6668779500000001e+03
1.3473180270000000e+03 4.0983193599999998e+02 1.0518400000000001e+00 1.6705505630000000e+03
1.3564157160000000e+03 4.1369767600000000e+02 1.0572800000000000e+00 1.6742162390000001e+03
1.3655333280000000e+03 4.1757601599999998e+02 1.0627200000000001e+00 1.6778749889999999e+03
1.3746708240000000e+03 4.2146689099999998e+02 1.0681600000000000e+00 1.6815268249999999e+03
1.3838281689999999e+03 4.2537024100000002e+02 1.0736000000000001e+00 1.6851717580000000e+03
1.3930053230000001e+03 4.2928600200000000e+02 1.0790400000000000e+00 1.6888098000000000e+03
1.4022022509999999e+03 4.3321411300000000e+02 1.0844800000000001e+00 1.6924409639999999e+03
1.4114189130000000e+03 4.3715451300000001e+02 1.0899200000000000e+00 1.6960652620000001e+03
1.4206552730000001e+03 4.4110713900000002e+02 1.0953599999999999e+00 1.6996827069999999e+03
1.4299112940000000e+03 4.4507193300000000e+02 1.1008000000000000e+00 1.7032933109999999e+03
1.4391869389999999e+03 4.4904883500000000e+02 1.1062399999999999e+00 1.7068970879999999e+03
1.4484821700000000e+03 4.5303778299999999e+02 1.1116800000000000e+00 1.7104940509999999e+03
1.4577969499999999e+03 4.5703872100000001e+02 1.1171199999999999e+00 1.7140842130000001e+03
1.4671312430000000e+03 4.6105158799999998e+02 1.1225600000000000e+00 1.7176675880000000e+03
1.4764850110000000e+03 4.6507632699999999e+02 1.1279999999999999e+00 1.7212441910000000e+03
1.4858582170000000e+03 4.6911288100000002e+02 1.1334400000000000e+00 1.7248140350000001e+03
1.4952508260000000e+03 4.7316119200000003e+02 1.1388799999999999e+00 1.7283771360000001e+03
1.5046628000000001e+03 4.7722120400000000e+02 1.1443200000000000e+00 1.7319335060000001e+03
1.5140941029999999e+03 4.8129286000000002e+02 1.1497599999999999e+00 1.7354831630000001e+03
1.5235446979999999e+03 4.8537610500000000e+02 1.1552000000000000e+00 1.7390261190000001e+03
1.5330145490000000e+03 4.8947088400000001e+02 1.1606399999999999e+00 1.7425623920000000e+03
1.5425036190000001e+03 4.9357714099999998e+02 1.1660800000000000e+00 1.7460919960000001e+03
1.5520118729999999e+03 4.9769482299999999e+02 1.1715199999999999e+00 1.7496149470000000e+03
1.5615392740000000e+03 5.0182387599999998e+02 1.1769600000000000e+00 1.7531312610000000e+03
1.5710857860000001e+03 5.0596424700000000e+02 1.1823999999999999e+00 1.7566409540000000e+03
1.5806513720000000e+03 5.1011588300000000e+02 1.1878400000000000e+00 1.7601440419999999e+03
1.5902359990000000e+03 5.1427873099999999e+02 1.1932799999999999e+00 1.7636405410000000e+03
1.5998396279999999e+03 5.1845273899999995e+02 1.1987200000000000e+00 1.7671304680000001e+03
1.6094622250000000e+03 5.2263785700000005e+02 1.2041599999999999e+00 1.7706138410000001e+03
1.6191037540000000e+03 5.2683403199999998e+02 1.2096000000000000e+00 1.7740906740000000e+03
1.6287641799999999e+03 5.3104121499999997e+02 1.2150399999999999e+00 1.7775609860000000e+03
1.6384434670000001e+03 5.3525935600000003e+02 1.2204800000000000e+00 1.7810247939999999e+03
1.6481415800000000e+03 5.3948840499999994e+02 1.2259199999999999e+00 1.7844821150000000e+03
1.6578584830000000e+03 5.4372831199999996e+02 1.2313600000000000e+00 1.7879329660000001e+03
1.6675941419999999e+03 5.4797902899999997e+02 1.2367999999999999e+00 1.7913773650000001e+03
1.6773485200000000e+03 5.5224050699999998e+02 1.2422400000000000e+00 1.7948153290000000e+03
1.6871215850000001e+03 5.5651269900000000e+02 1.2476799999999999e+00 1.7982468770000000e+03
1.6969132990000001e+03 5.6079555800000003e+02 1.2531200000000000e+00 1.8016720260000000e+03
1.7067236300000000e+03 5.6508903499999997e+02 1.2585599999999999e+00 1.8050907930000001e+03
1.7165525410000000e+03 5.6939308500000004e+02 1.2640000000000000e+00 1.8085031980000001e+03
1.7263999990000000e+03 5.7370766000000003e+02 1.2694399999999999e+00 1.8119092579999999e+03
1.7362659690000000e+03 5.7803271700000005e+02 1.2748800000000000e+00 1.8153089920000000e+03
1.7461504170000001e+03 5.8236820799999998e+02 1.2803199999999999e+00 1.8187024170000000e+03
1.7560533080000000e+03 5.8671408899999994e+02 1.2857600000000000e+00 1.8220895530000000e+03
1.7659746090000001e+03 5.9107031500000005e+02 1.2911999999999999e+00 1.8254704170000000e+03
1.7759142840000000e+03 5.9543684199999996e+02 1.2966400000000000e+00 1.8288450290000001e+03
1.7858723010000001e+03 5.9981362600000000e+02 1.3020799999999999e+00 1.8322134060000001e+03
1.7958486250000001e+03 6.0420062399999995e+02 1.3075200000000000e+00 1.8355755670000001e+03
1.8058432220000000e+03 6.0859779200000003e+02 1.3129599999999999e+00 1.8389315320000001e+03
1.8158560600000001e+03 6.1300508900000000e+02 1.3184000000000000e+00 1.8422813189999999e+03
1.8258871039999999e+03 6.1742246999999998e+02 1.3238399999999999e+00 1.8456249459999999e+03
1.8359363200000000e+03 6.2184989499999995e+02 1.3292800000000000e+00 1.8489624329999999e+03
1.8460036760000000e+03 6.2628732200000002e+02 1.3347199999999999e+00 1.8522937979999999e+03
1.8560891389999999e+03 6.3073470899999995e+02 1.3401600000000000e+00 1.8556190610000001e+03
1.8661926739999999e+03 6.3519201599999997e+02 1.3455999999999999e+00 1.8589382400000000e+03
1.8763142499999999e+03 6.3965920200000005e+02 1.3510400000000000e+00 1.8622513550000001e+03
1.8864538330000000e+03 6.4413622699999996e+02 1.3564799999999999e+00 1.8655584240000001e+03
1.8966113900000000e+03 6.4862305100000003e+02 1.3619200000000000e+00 1.8688594660000001e+03
1.9067868890000000e+03 6.5311963400000002e+02 1.3673599999999999e+00 1.8721545010000000e+03
1.9169802960000000e+03 6.5762593700000002e+02 1.3728000000000000e+00 1.8754435480000000e+03
1.9271915799999999e+03 6.6214192100000002e+02 1.3782399999999999e+00 1.8787266250000000e+03
1.9374207080000001e+03 6.6666754800000001e+02 1.3836800000000000e+00 1.8820037510000000e+03
1.9476676480000001e+03 6.7120277899999996e+02 1.3891199999999999e+00 1.8852749470000001e+03
1.9579323670000001e+03 6.7574757699999998e+02 1.3945600000000000e+00 1.8885402309999999e+03
1.9682148330000000e+03 6.8030190300000004e+02 1.3999999999999999e+00 1.8917996209999999e+03
