# epsilon[MeV/fm^3] P[MeV/fm^3] nB[fm^-3] muB[MeV]
4.3514892049562272e-07 9.0000000794219998e-12 4.6796200000000002e-10 9.2990010724260003e+02
5.4394952759824855e-07 1.2854500250148002e-11 5.8496400000000005e-10 9.2990743275720001e+02
6.8239664606092796e-07 1.8414700022552000e-11 7.3384599999999997e-10 9.2991587774760001e+02
8.5763463874259032e-07 2.6380199998860002e-11 9.2229000000000003e-10 9.2992551188760001e+02
1.0799253715994732e-06 3.7791099667920001e-11 1.1613300000000000e-09 9.2993648532329996e+02
1.3625442882637764e-06 5.4137899979800000e-11 1.4652400000000000e-09 9.2994894782519998e+02
1.7226605254650248e-06 7.7555599791040007e-11 1.8524800000000000e-09 9.2996308925910000e+02
2.1826057027272589e-06 1.1110299984364001e-10 2.3470600000000000e-09 9.2997909967860005e+02
2.7713348204539073e-06 1.5916099965360000e-10 2.9801100000000000e-09 9.2999716876169998e+02
3.5266032513682487e-06 2.2800800111288001e-10 3.7922200000000000e-09 9.3001754656409992e+02
4.4975537964996660e-06 3.2663399940042002e-10 4.8362200000000001e-09 9.3004045271789994e+02
4.5807460305493105e-06 3.3555999792714001e-10 4.9256699999999996e-09 9.3004228160820003e+02
4.7281205653478515e-06 3.3656599963290001e-10 5.0841300000000003e-09 9.3004248152130003e+02
6.5759177435918250e-06 5.4515600232911993e-10 7.0708799999999999e-09 9.3007696075620004e+02
9.1998724984833464e-06 8.8567000200420000e-10 9.8920399999999997e-09 9.3011730648750006e+02
1.2918168885426129e-05 1.4388700552640002e-09 1.3889600000000001e-08 9.3016406831190000e+02
1.8201380444258739e-05 2.3376200076990001e-09 1.9569300000000001e-08 9.3021808578930006e+02
2.5725895950178280e-05 3.7977398937599994e-09 2.7657999999999999e-08 9.3028025838780002e+02
3.6463989818522291e-05 6.1698799253159997e-09 3.9200400000000002e-08 9.3035162548649998e+02
5.1813630126296458e-05 1.0023700173792000e-08 5.5698400000000002e-08 9.3043332628019994e+02
7.3785560512054020e-05 1.6284700005120000e-08 7.9311899999999997e-08 9.3052664006250006e+02
1.0527189036420272e-04 2.6456400399219999e-08 1.1314700000000000e-07 9.3063298613190000e+02
1.5043483705694415e-04 4.2981499428689995e-08 1.6167299999999999e-07 9.3075400323120004e+02
1.5143539825673478e-04 4.3369399516159995e-08 1.6274800000000000e-07 9.3075639185940008e+02
1.5666718390755263e-04 4.3499599327679997e-08 1.6836899999999999e-07 9.3075719132400002e+02
1.8247319946392853e-04 5.3487099479700000e-08 1.9609400000000001e-07 9.3081203831400001e+02
2.1304949570856091e-04 6.5965099669560007e-08 2.2894200000000001e-07 9.3087079295249998e+02
2.4880173202308656e-04 8.1354199584480006e-08 2.6734800000000002e-07 9.3093285559410003e+02
2.9061049213158235e-04 1.0033299847065000e-07 3.1225699999999999e-07 9.3099838615049998e+02
3.3950651358852186e-04 1.2374000051775000e-07 3.6477499999999998e-07 9.3106758453479995e+02
3.9669496520679297e-04 1.5260700009555001e-07 4.2619500000000001e-07 9.3114063056550003e+02
4.6358813252914599e-04 1.8820900209407997e-07 4.9803199999999997e-07 9.3121772415570001e+02
5.4183717856390442e-04 2.3211699768180001e-07 5.8205699999999998e-07 9.3129908512530005e+02
6.3337419989345891e-04 2.8626699988691999e-07 6.8034199999999997e-07 9.3138494352930002e+02
7.4046361643000222e-04 3.5305100162730003e-07 7.9531500000000002e-07 9.3147551899979999e+02
7.4543957324912111e-04 3.5623800038969997e-07 8.0065699999999999e-07 9.3147951660449996e+02
7.7046470619140960e-04 3.5730600246279002e-07 8.2752300000000002e-07 9.3148080575760002e+02
7.7218701201869997e-04 3.5837800248323999e-07 8.2937200000000002e-07 9.3148210505190002e+02
7.7564281539113634e-04 3.6053199741144001e-07 8.3308200000000005e-07 9.3148469349929996e+02
7.7911352986319152e-04 3.6269800105895999e-07 8.3680799999999998e-07 9.3148728185280004e+02
7.8260009510663572e-04 3.6487800290032998e-07 8.4055099999999997e-07 9.3148988034750005e+02
7.8610250285012515e-04 3.6706999922346001e-07 8.4431100000000000e-07 9.3149248879559991e+02
7.8962075319254110e-04 3.6927600351839998e-07 8.4808799999999996e-07 9.3149508719639994e+02
7.9315485471188711e-04 3.7149499796798001e-07 8.5188199999999998e-07 9.3149769564450003e+02
7.9670479058673201e-04 3.7372699824480005e-07 8.5569300000000004e-07 9.3150031404599997e+02
8.0027057791247260e-04 3.7597299948234002e-07 8.5952100000000004e-07 9.3150293244750003e+02
8.0385221698387247e-04 3.7823200230633998e-07 8.6336599999999998e-07 9.3150555094289996e+02
8.0745063029167934e-04 3.8050499711466001e-07 8.6722899999999999e-07 9.3150817929779998e+02
8.1106395596088781e-04 3.8279099715107999e-07 8.7110800000000002e-07 9.3151080774659999e+02
8.1469498722525535e-04 3.8509200436278001e-07 8.7500600000000005e-07 9.3151343619540000e+02
8.1834093096975699e-04 3.8740599815679997e-07 8.7891999999999998e-07 9.3151607459759998e+02
8.3652972322216491e-04 3.8856800310954005e-07 8.9844600000000005e-07 9.3151737379799999e+02
8.9649746606902973e-04 4.2637900225708002e-07 9.6282100000000007e-07 9.3155798930399999e+02
9.6293679962426715e-04 4.6927300060880000e-07 1.0341400000000000e-06 9.3160093353000002e+02
1.0343084479593990e-03 5.1648199988999994e-07 1.1107499999999999e-06 9.3164493704189999e+02
1.1110033276598183e-03 5.6844100521450010e-07 1.1930700000000001e-06 9.3169002988770001e+02
1.1934040547386528e-03 6.2562700512179996e-07 1.2815100000000000e-06 9.3173623206809998e+02
1.2819398888523502e-03 6.8856500094819997e-07 1.3765300000000001e-06 9.3178357353719991e+02
1.3770588621277026e-03 7.5783499966439992e-07 1.4786100000000000e-06 9.3183208434300002e+02
1.4792742600387720e-03 8.3407400117300003e-07 1.5882999999999999e-06 9.3188178448619999e+02
1.5890902438860661e-03 9.1798299673799988e-07 1.7061399999999999e-06 9.3193271378040004e+02
1.7070948934908867e-03 1.0103300084124001e-06 1.8327600000000000e-06 9.3198488236679998e+02
1.7418302566492478e-03 1.0379399925766002e-06 1.8700300000000001e-06 9.3199978345169995e+02
1.8026805910135908e-03 1.0410599913928000e-06 1.9353200000000000e-06 9.3200143242960007e+02
2.0389359400714486e-03 1.2275099896319999e-06 2.1888000000000001e-06 9.3209187794249999e+02
2.3114099463439177e-03 1.4516999917321999e-06 2.4811100000000001e-06 9.3218792017709995e+02
2.6204004641994278e-03 1.7168400063888003e-06 2.8125600000000001e-06 9.3228811983419996e+02
2.9707928967162671e-03 2.0304000155634000e-06 3.1883800000000001e-06 9.3239264696670000e+02
3.3681648965264784e-03 2.4012300084080001e-06 3.6145400000000001e-06 9.3250170129989999e+02
3.8188055776886142e-03 2.8397900147328003e-06 4.0977700000000004e-06 9.3261546284010001e+02
4.3298558716110781e-03 3.3584500068246004e-06 4.6457100000000001e-06 9.3273413140649996e+02
4.9094492242661523e-03 3.9718300068571995e-06 5.2670599999999997e-06 9.3285792691289998e+02
5.5667590537662745e-03 4.6972400276543001e-06 5.9716300000000001e-06 9.3298704917850000e+02
6.3122329168583428e-03 5.5551399798486997e-06 6.7705900000000002e-06 9.3312173811779996e+02
6.3691536418958340e-03 5.6221100036384002e-06 6.8315900000000001e-06 9.3313158221820004e+02
6.6107787783348925e-03 5.6389700285964000e-06 7.0905299999999997e-06 9.3313397075249998e+02
7.1832281514335565e-03 6.2999099885847007e-06 7.7039700000000007e-06 9.3322329697740008e+02
7.8228640480689938e-03 7.0594400109160007e-06 8.3893400000000006e-06 9.3331767013950002e+02
8.5195476220300548e-03 7.9105299722335996e-06 9.1357600000000004e-06 9.3341477175390003e+02
9.2783521214718639e-03 8.8642300383220009e-06 9.9486500000000000e-06 9.3351470163630006e+02
1.0104791977484120e-02 9.9329099737559988e-06 1.0833900000000000e-05 9.3361751969490001e+02
1.1005037422914624e-02 1.1130399980334000e-05 1.1798100000000000e-05 9.3372332602710003e+02
1.1985504705131824e-02 1.2472300012974001e-05 1.2848100000000000e-05 9.3383220044789994e+02
1.3053499763127112e-02 1.3976000053347000e-05 1.3991700000000000e-05 9.3394422305399996e+02
1.4216706487829026e-02 1.5661000693130000e-05 1.5237100000000000e-05 9.3405949366109996e+02
1.5483652631007537e-02 1.7549100191680000e-05 1.6593399999999999e-05 9.3417811227269999e+02
1.5623499832828706e-02 1.7760599953030001e-05 1.6743099999999999e-05 9.3419079468840005e+02
1.6269961736847121e-02 1.7813900213129999e-05 1.7435099999999998e-05 9.3419395273319992e+02
1.7094324515795702e-02 1.9027400207749999e-05 1.8317499999999999e-05 9.3426180186839997e+02
1.8000874089488257e-02 2.0384500450440000e-05 1.9287799999999999e-05 9.3433394852489994e+02
1.8955614232225096e-02 2.1838399047120000e-05 2.0309599999999999e-05 9.3440734433310001e+02
1.9960983560824267e-02 2.3396100553499999e-05 2.1385500000000000e-05 9.3448202938830002e+02
2.1019794814794490e-02 2.5064799654149998e-05 2.2518500000000001e-05 9.3455801364390004e+02
2.2134768910989058e-02 2.6852600343399999e-05 2.3711500000000002e-05 9.3463531710059999e+02
2.3309000859656603e-02 2.8767899159999994e-05 2.4967799999999998e-05 9.3471396971249999e+02
2.4545494036103295e-02 3.0819700065419999e-05 2.6290599999999999e-05 9.3479400162150000e+02
2.5847718880420045e-02 3.3017999946119998e-05 2.7683600000000000e-05 9.3487541254589996e+02
2.7219055484112444e-02 3.5372998881120002e-05 2.9150400000000001e-05 9.3495825272219997e+02
2.7775365070038964e-02 3.6339601209739997e-05 2.9745400000000002e-05 9.3499105302509997e+02
2.8289610775747390e-02 3.6448598719180002e-05 3.0295400000000001e-05 9.3499466085090000e+02
2.8802930737171755e-02 3.7332599735440002e-05 3.0844399999999999e-05 9.3502356336480000e+02
2.9391538203060320e-02 3.8352800962709990e-05 3.1473899999999997e-05 9.3505628375879996e+02
2.9992229144074897e-02 3.9400800335690003e-05 3.2116300000000003e-05 9.3508923392610006e+02
3.0605097595990186e-02 4.0477499896860003e-05 3.2771700000000003e-05 9.3512239395989991e+02
3.1230612131930052e-02 4.1583600119840003e-05 3.3440600000000000e-05 9.3515578386089999e+02
3.1868867160453597e-02 4.2719998743180005e-05 3.4123099999999999e-05 9.3518940362910007e+02
3.2520144922003676e-02 4.3887298648500002e-05 3.4819500000000001e-05 9.3522325326449993e+02
3.3184820445813230e-02 4.5086601561120004e-05 3.5530200000000001e-05 9.3525732271979996e+02
3.3862987887692660e-02 4.6318701748649993e-05 3.6255299999999998e-05 9.3529163208960006e+02
3.4555116462740516e-02 4.7584401826990007e-05 3.6995300000000001e-05 9.3532617123270006e+02
3.4710848908415574e-02 4.7870299693839997e-05 3.7161800000000001e-05 9.3533387666670001e+02
3.5705765632703390e-02 4.8013899962450004e-05 3.8225500000000002e-05 9.3533768431169995e+02
3.6190650245182691e-02 4.8884701265269996e-05 3.8743900000000000e-05 9.3536029073669999e+02
3.6764595537185744e-02 4.9920498059249994e-05 3.9357499999999997e-05 9.3538680481020003e+02
3.7347724170046170e-02 5.0978398185919999e-05 3.9980900000000002e-05 9.3541345870079999e+02
3.7940129948432849e-02 5.2058599241440000e-05 4.0614200000000002e-05 9.3544024264290010e+02
3.8541907483377907e-02 5.3161699756499999e-05 4.1257500000000003e-05 9.3546717635549999e+02
3.9153244015328124e-02 5.4288198430999997e-05 4.1910999999999999e-05 9.3549425007299999e+02
3.9774234210732992e-02 5.5438601263319996e-05 4.2574799999999998e-05 9.3552146370150001e+02
4.0405159191034282e-02 5.6613297948239995e-05 4.3249199999999999e-05 9.3554882728830000e+02
4.1046019389420471e-02 5.7812899551080002e-05 4.3934199999999997e-05 9.3557633069220003e+02
4.1697190276124625e-02 5.9037997871239995e-05 4.4630199999999998e-05 9.3560397410099995e+02
4.2358578444415006e-02 6.0288999023690009e-05 4.5337100000000003e-05 9.3563177732760005e+02
4.2549448380963861e-02 6.0651299975859995e-05 4.5541099999999997e-05 9.3563974248900001e+02
4.3740238175900857e-02 6.0833198906699995e-05 4.6813800000000002e-05 9.3564365013750000e+02
4.5854886274473032e-02 6.4782902450840000e-05 4.9073799999999998e-05 9.3572599057799994e+02
4.8180087401599556e-02 6.9195997901699998e-05 5.1558599999999998e-05 9.3581365787159996e+02
5.0623240020302433e-02 7.3909702371599995e-05 5.4169200000000003e-05 9.3590278418340006e+02
5.3190452397117956e-02 7.8944498346630003e-05 5.6912100000000000e-05 9.3599338970190001e+02
5.5887837732656438e-02 8.4322299027779992e-05 5.9793799999999997e-05 9.3608550419339997e+02
5.8722166587791814e-02 9.0066499795649990e-05 6.2821499999999995e-05 9.3617915789369999e+02
6.1700398546921942e-02 9.6201898222459989e-05 6.6002599999999997e-05 9.3627437052180005e+02
6.4829683480590566e-02 1.0275499726340999e-04 6.9344700000000000e-05 9.3637116226620003e+02
6.8117831355171340e-02 1.0975499711746999e-04 7.2856100000000002e-05 9.3646956308100005e+02
7.1572933822013338e-02 1.1723199746169999e-04 7.6545399999999994e-05 9.3656960282640000e+02
7.2872355791586060e-02 1.2007500056640000e-04 7.7932800000000000e-05 9.3660639068670002e+02
7.6294350046888545e-02 1.2043499631464001e-04 8.1586400000000002e-05 9.3661091798129996e+02
7.8557740452832786e-02 1.2521799885310001e-04 8.4002899999999995e-05 9.3666865324139997e+02
8.1070439170188191e-02 1.3058099681828001e-04 8.6685400000000002e-05 9.3673145543940007e+02
8.3663493660002267e-02 1.3617299667415003e-04 8.9453500000000007e-05 9.3679492723830003e+02
8.6339540033127660e-02 1.4200499619000000e-04 9.2310000000000002e-05 9.3685905859080003e+02
8.9101308842231525e-02 1.4808700429182000e-04 9.5257800000000001e-05 9.3692387963880003e+02
9.1951438062670962e-02 1.5442999846642999e-04 9.8299699999999997e-05 9.3698938014720000e+02
9.3544637803481184e-02 1.5800363917307320e-04 1.0000000000000000e-04 9.3702641442654260e+02
9.5903497535323040e-02 1.5916849624067600e-04 1.0251654161845312e-04 9.3704551982538101e+02
9.8321839236042596e-02 1.6037268167533509e-04 1.0509648865744982e-04 9.3706472191197201e+02
1.0080116282722228e-01 1.6161752329700227e-04 1.0774143837229049e-04 9.3708402148532502e+02
1.0334300605307865e-01 1.6290439375601397e-04 1.1045302824578685e-04 9.3710341935131896e+02
1.0594894543421357e-01 1.6423471204667257e-04 1.1323293700109828e-04 9.3712291632275696e+02
1.0862059724541523e-01 1.6560994507192978e-04 1.1608288564005868e-04 9.3714251321942049e+02
1.1135961851811600e-01 1.6703160926089761e-04 1.1900463850763460e-04 9.3716221086812550e+02
1.1416770806812841e-01 1.6850127224096994e-04 1.2200000438317249e-04 9.3718201010277846e+02
1.1704660754929740e-01 1.7002055456639964e-04 1.2507083759910902e-04 9.3720191176443223e+02
1.1999810253372137e-01 1.7159113150523597e-04 1.2821903918783410e-04 9.3722191670134396e+02
1.2302402361921291e-01 1.7321473488659357e-04 1.3144655805741624e-04 9.3724202576903224e+02
1.2612624756468549e-01 1.7489315501028956e-04 1.3475539219691488e-04 9.3726223983033572e+02
1.2930669845417073e-01 1.7662824262095484e-04 1.3814758991202480e-04 9.3728255975547097e+02
1.3256734889018756e-01 1.7842191094879554e-04 1.4162525109181429e-04 9.3730298642209334e+02
1.3591022121720461e-01 1.8027613781925622e-04 1.4519052850734082e-04 9.3732352071535547e+02
1.3933738877595325e-01 1.8219296783390969e-04 1.4884562914294419e-04 9.3734416352796813e+02
1.4285097718937009e-01 1.8417451462497930e-04 1.5259281556103961e-04 9.3736491576026197e+02
1.4645316568096658e-01 1.8622296318597921e-04 1.5643440730125400e-04 9.3738577832024737e+02
1.5014618842644281e-01 1.8834057228104254e-04 1.6037278231476734e-04 9.3740675212367898e+02
1.5393233593938441e-01 1.9052967693559438e-04 1.6441037843474655e-04 9.3742783809411640e+02
1.5781395649190155e-01 1.9279269101111582e-04 1.6854969488377741e-04 9.3744903716298870e+02
1.6179345757109154e-01 1.9513210986683822e-04 1.7279329381922668e-04 9.3747035026965796e+02
1.6587330737222791e-01 1.9755051311130247e-04 1.7714380191748697e-04 9.3749177836148340e+02
1.7005603632960287e-01 2.0005056744681790e-04 1.8160391199808276e-04 9.3751332239388728e+02
1.7434423868597146e-01 2.0263502960995652e-04 1.8617638468863929e-04 9.3753498333042069e+02
1.7874057410157190e-01 2.0530674941132557e-04 1.9086405013174276e-04 9.3755676214282846e+02
1.8324776930371955e-01 2.0806867287797009e-04 1.9566980973474379e-04 9.3757865981111797e+02
1.8786861977799760e-01 2.1092384550187057e-04 2.0059663796358511e-04 9.3760067732362540e+02
1.9260599150209370e-01 2.1387541559811756e-04 2.0564758418175971e-04 9.3762281567708465e+02
1.9746282272335750e-01 2.1692663777646634e-04 2.1082577453553406e-04 9.3764507587669573e+02
2.0244212578118195e-01 2.2008087653009969e-04 2.1613441388660035e-04 9.3766745893619338e+02
2.0754698897533844e-01 2.2334160994555568e-04 2.2157678779334851e-04 9.3768996587791958e+02
2.1278057848142476e-01 2.2671243353791180e-04 2.2715626454198286e-04 9.3771259773289160e+02
2.1814614031461380e-01 2.3019706421545405e-04 2.3287629722873400e-04 9.3773535554087448e+02
2.2364700234292034e-01 2.3379934437820220e-04 2.3874042589445131e-04 9.3775824035045366e+02
2.2928657635123639e-01 2.3752324615481220e-04 2.4475227971289428e-04 9.3778125321910613e+02
2.3506836015741286e-01 2.4137287578252544e-04 2.5091557923406983e-04 9.3780439521327480e+02
2.4099593978170192e-01 2.4535247813499634e-04 2.5723413868400152e-04 9.3782766740844238e+02
2.4707299167090471e-01 2.4946644140298984e-04 2.6371186832234862e-04 9.3785107088920518e+02
2.5330328497860410e-01 2.5371930193311074e-04 2.7035277685932835e-04 9.3787460674934960e+02
2.5969068390289662e-01 2.5811574922990002e-04 2.7716097393343312e-04 9.3789827609192730e+02
2.6623915008307369e-01 2.6266063112681374e-04 2.8414067265147039e-04 9.3792208002933148e+02
2.7295274505673867e-01 2.6735895913178711e-04 2.9129619219249090e-04 9.3794601968337565e+02
2.7983563277888313e-01 2.7221591395327691e-04 2.9863196047721197e-04 9.3797009618537083e+02
2.8689208220448581e-01 2.7723685121287686e-04 3.0615251690458269e-04 9.3799431067620321e+02
2.9412646993623492e-01 2.8242730735080466e-04 3.1386251515717553e-04 9.3801866430641496e+02
3.0154328293901672e-01 2.8779300573077171e-04 3.2176672607713729e-04 9.3804315823628508e+02
3.0914712132285366e-01 2.9333986295096892e-04 3.2987004061447149e-04 9.3806779363590806e+02
3.1694270119601847e-01 2.9907399536812550e-04 3.3817747284946948e-04 9.3809257168527643e+02
3.2493485759009288e-01 3.0500172584183624e-04 3.4669416309115352e-04 9.3811749357436406e+02
3.3312854745878684e-01 3.1112959070659355e-04 3.5542538105364337e-04 9.3814256050320819e+02
3.4152885275237632e-01 3.1746434697921136e-04 3.6437652911240376e-04 9.3816777368199246e+02
3.5014098356966777e-01 3.2401297980958962e-04 3.7355314564237836e-04 9.3819313433113359e+02
3.5897028138944348e-01 3.3078271018303375e-04 3.8296090844007095e-04 9.3821864368136437e+02
3.6802222238339299e-01 3.3778100288262404e-04 3.9260563823168091e-04 9.3824430297382105e+02
3.7730242081258419e-01 3.4501557472041221e-04 4.0249330226945575e-04 9.3827011346012989e+02
3.8681663250958137e-01 3.5249440304652412e-04 4.1263001801847732e-04 9.3829607640249458e+02
3.9657075844836998e-01 3.6022573454554954e-04 4.2302205693615431e-04 9.3832219307378421e+02
4.0657084840430141e-01 3.6821809432991933e-04 4.3367584834674866e-04 9.3834846475762299e+02
4.1682310470632955e-01 3.7648029534029682e-04 4.4459798341332568e-04 9.3837489274847974e+02
4.2733388608386419e-01 3.8502144806334900e-04 4.5579521920957339e-04 9.3840147835175856e+02
4.3810971161062900e-01 3.9385097057761302e-04 4.6727448289400126e-04 9.3842822288389073e+02
4.4915726474796869e-01 4.0297859893853458e-04 4.7904287598908926e-04 9.3845512767242667e+02
4.6048339749011474e-01 4.1241439791413128e-04 4.9110767876802525e-04 9.3848219405612883e+02
4.7209513461397934e-01 4.2216877208311673e-04 5.0347635475173145e-04 9.3850942338506604e+02
4.8399967803611366e-01 4.3225247730772416e-04 5.1615655531895112e-04 9.3853681702070799e+02
4.9620441127953346e-01 4.4267663259388046e-04 5.2915612443223559e-04 9.3856437633602150e+02
5.0871690405318137e-01 4.5345273235180731e-04 5.4248310348274317e-04 9.3859210271556458e+02
5.2154491694686800e-01 4.6459265907057096e-04 5.5614573625683227e-04 9.3861999755558804e+02
5.3469640624460069e-01 4.7610869642055348e-04 5.7015247402751005e-04 9.3864806226412861e+02
5.4817952885928889e-01 4.8801354279829614e-04 5.8451198077387077e-04 9.3867629826111181e+02
5.6200264739188410e-01 5.0032032532864863e-04 5.9923313853173872e-04 9.3870470697845008e+02
5.7617433531809348e-01 5.1304261433966487e-04 6.1432505287881166e-04 9.3873328986014303e+02
5.9070338230588360e-01 5.2619443832620499e-04 6.2979705855767995e-04 9.3876204836238071e+02
6.0559879966707264e-01 5.3979029941874550e-04 6.4565872524018758e-04 9.3879098395364429e+02
6.2086982594639262e-01 5.5384518937445337e-04 6.6191986343668041e-04 9.3882009811481169e+02
6.3652593265148572e-01 5.6837460610815582e-04 6.7859053055378219e-04 9.3884939233925911e+02
6.5257683012739409e-01 5.8339457078143762e-04 6.9568103710442844e-04 9.3887886813296871e+02
6.6903247357917961e-01 5.9892164546870527e-04 7.1320195307397814e-04 9.3890852701463314e+02
6.8590306924641464e-01 6.1497295141970082e-04 7.3116411444632586e-04 9.3893837051576338e+02
7.0319908073336990e-01 6.3156618793860063e-04 7.4957862989402711e-04 9.3896840018079718e+02
7.2093123549882898e-01 6.4871965190052105e-04 7.6845688763656195e-04 9.3899861756720611e+02
7.3911053150955008e-01 6.6645225792694369e-04 7.8781056247094689e-04 9.3902902424560818e+02
7.5774824406150576e-01 6.8478355924231436e-04 8.0765162297903375e-04 9.3905962179987671e+02
7.7685593277313003e-01 7.0373376923481116e-04 8.2799233891592402e-04 9.3909041182725218e+02
7.9644544875490841e-01 7.2332378374505215e-04 8.4884528878404332e-04 9.3912139593845711e+02
8.1652894195976145e-01 7.4357520410732849e-04 8.7022336759754674e-04 9.3915257575780674e+02
8.3711886871877683e-01 7.6451036096876002e-04 8.9213979484181923e-04 9.3918395292332684e+02
8.5822799946696637e-01 7.8615233891264603e-04 9.1460812263297791e-04 9.3921552908686760e+02
8.7986942666383861e-01 8.0852500191315739e-04 9.3764224408239213e-04 9.3924730591422156e+02
9.0205657291369934e-01 8.3165301964944029e-04 9.6125640187136817e-04 9.3927928508523996e+02
9.2480319929071853e-01 8.5556189470814917e-04 9.8546519704127158e-04 9.3931146829395311e+02
9.4812341387392363e-01 8.8027799070439954e-04 1.0102835980044952e-03 9.3934385724869071e+02
9.7203168049741551e-01 9.0582856135215336e-04 1.0357269497818177e-03 9.3937645367219898e+02
9.9654282772123393e-01 9.3224178051609023e-04 1.0618109834718246e-03 9.3940925930176934e+02
1.0216720580284353e+00 9.5954677327810087e-04 1.0885518259582301e-03 9.3944227588935564e+02
1.0474349572540884e+00 9.8777364805266183e-04 1.1159660098610557e-03 9.3947550520170034e+02
1.0738475042520328e+00 1.0169535297864969e-03 1.1440704837377886e-03 9.3950894902046025e+02
1.1009260808054042e+00 1.0471185942791481e-03 1.1728826225407987e-03 9.3954260914233225e+02
1.1286874817870614e+00 1.0783021036622838e-03 1.2024202383374332e-03 9.3957648737918146e+02
1.1571489255762251e+00 1.1105384430768728e-03 1.2327015912993852e-03 9.3961058555816896e+02
1.1863280647377883e+00 1.1438631585886753e-03 1.2637454009680946e-03 9.3964490552188113e+02
1.2162429969709181e+00 1.1783129963838426e-03 1.2955708578030957e-03 9.3967944912846201e+02
1.2469122763337441e+00 1.2139259432878608e-03 1.3281976350204225e-03 9.3971421825174446e+02
1.2783549247510908e+00 1.2507412686525088e-03 1.3616459007283381e-03 9.3974921478138185e+02
1.3105904438123972e+00 1.2887995676570205e-03 1.3959363303678504e-03 9.3978444062298604e+02
1.3436388268671309e+00 1.3281428060711946e-03 1.4310901194656571e-03 9.3981989769825827e+02
1.3775205714252154e+00 1.3688143665298242e-03 1.4671289967073619e-03 9.3985558794512929e+02
1.4122566918701414e+00 1.4108590963694502e-03 1.5040752373389845e-03 9.3989151331789537e+02
1.4478687324926629e+00 1.4543233570802057e-03 1.5419516769050070e-03 9.3992767578735845e+02
1.4843787808531550e+00 1.4992550754272718e-03 1.5807817253313938e-03 9.3996407734096499e+02
1.5218094814809218e+00 1.5457037962983123e-03 1.6205893813622323e-03 9.4000071998294879e+02
1.5601840499189521e+00 1.5937207373351728e-03 1.6613992473588680e-03 9.4003760573447391e+02
1.5995262871228335e+00 1.6433588454100672e-03 1.7032365444706206e-03 9.4007473663377732e+02
1.6398605942227558e+00 1.6946728550085435e-03 1.7461271281864004e-03 9.4011211473631431e+02
1.6812119876577554e+00 1.7477193485835921e-03 1.7900975042767649e-03 9.4014974211490687e+02
1.7236061146915986e+00 1.8025568189474596e-03 1.8351748451362296e-03 9.4018762085988851e+02
1.7670692693199130e+00 1.8592457337699582e-03 1.8813870065358346e-03 9.4022575307925649e+02
1.8116284085784415e+00 1.9178486022543859e-03 1.9287625447962802e-03 9.4026414089881985e+02
1.8573111692625324e+00 1.9784300440645951e-03 1.9773307343921602e-03 9.4030278646235195e+02
1.9041458850682353e+00 2.0410568605792011e-03 2.0271215859981027e-03 9.4034169193174318e+02
1.9521616041656333e+00 2.1057981085514988e-03 2.0781658649878924e-03 9.4038085948715673e+02
2.0013881072153112e+00 2.1727251762563220e-03 2.1304951103979382e-03 9.4042029132718278e+02
2.0518559258391358e+00 2.2419118622077992e-03 2.1841416543667137e-03 9.4045998966899606e+02
2.1035963615567974e+00 2.3134344565348035e-03 2.2391386420621004e-03 9.4049995674851414e+02
2.1566415051998749e+00 2.3873718251038543e-03 2.2955200521088746e-03 9.4054019482055810e+02
2.2110242568154406e+00 2.4638054964821804e-03 2.3533207175288531e-03 9.4058070615901249e+02
2.2667783460715687e+00 2.5428197518368848e-03 2.4125763472065517e-03 9.4062149305698983e+02
2.3239383531773981e+00 2.6245017178693161e-03 2.4733235478935373e-03 9.4066255782699272e+02
2.3825397303307234e+00 2.7089414628871265e-03 2.5355998467649498e-03 9.4070390280108063e+02
2.4426188237064133e+00 2.7962320961199467e-03 2.5994437145420396e-03 9.4074553033103757e+02
2.5042128959993044e+00 2.8864698703882099e-03 2.6648945891949104e-03 9.4078744278853844e+02
2.5673601495355416e+00 2.9797542882383093e-03 2.7319929002399849e-03 9.4082964256532114e+02
2.6320997499667000e+00 3.0761882116611301e-03 2.8007800936471010e-03 9.4087213207335583e+02
2.6984718505613996e+00 3.1758779755149641e-03 2.8712986573715136e-03 9.4091491374502186e+02
2.7665176171094545e+00 3.2789335047778267e-03 2.9435921475264577e-03 9.4095799003327681e+02
2.8362792534540193e+00 3.3854684357585083e-03 3.0177052152122923e-03 9.4100136341183691e+02
2.9078000276675695e+00 3.4956002413999996e-03 3.0936836340187098e-03 9.4104503637535254e+02
2.9811242988879383e+00 3.6094503608134596e-03 3.1715743282168299e-03 9.4108901143958792e+02
3.0562975448310667e+00 3.7271443331855585e-03 3.2514254016584813e-03 9.4113329114160217e+02
3.1333663899975268e+00 3.8488119362068579e-03 3.3332861674003696e-03 9.4117787803993087e+02
3.2123786345903098e+00 3.9745873291738652e-03 3.4172071780712832e-03 9.4122277471477037e+02
3.2933832841618123e+00 4.1046092009225420e-03 3.5032402570009365e-03 9.4126798376816362e+02
3.3764305800084289e+00 4.2390209227564342e-03 3.5914385301295459e-03 9.4131350782418713e+02
3.4615720303315696e+00 4.3779707065379880e-03 3.6818564587176488e-03 9.4135934952913976e+02
3.5488604421844534e+00 4.5216117681174265e-03 3.7745498728762256e-03 9.4140551155173273e+02
3.6383499542244881e+00 4.6701024962793741e-03 3.8695760059376514e-03 9.4145199658328295e+02
3.7300960702915420e+00 4.8236066273935219e-03 3.9669935296885233e-03 9.4149880733790621e+02
3.8241556938329433e+00 4.9822934259619173e-03 4.0668625904859458e-03 9.4154594655271217e+02
3.9205871631965516e+00 5.1463378712619696e-03 4.1692448462793694e-03 9.4159341698800324e+02
4.0194502878137959e+00 5.3159208502909609e-03 4.2742035045606665e-03 9.4164122142747181e+02
4.1208063852951113e+00 5.4912293572248238e-03 4.3818033612656503e-03 9.4168936267840343e+02
4.2247183194608091e+00 5.6724566996111591e-03 4.4921108406508923e-03 9.4173784357187640e+02
4.3312505393309229e+00 5.8598027115237686e-03 4.6051940361701684e-03 9.4178666696296932e+02
4.4404691190982577e+00 6.0534739739138439e-03 4.7211227523756257e-03 9.4183583573096507e+02
4.5524417991094071e+00 6.2536840424007130e-03 4.8399685478692570e-03 9.4188535277955953e+02
4.6672380278791668e+00 6.4606536827533576e-03 4.9618047793309758e-03 9.4193522103707130e+02
4.7849290051644022e+00 6.6746111143223550e-03 5.0867066466502237e-03 9.4198544345665482e+02
4.9055877261240797e+00 6.8957922616906522e-03 5.2147512391887236e-03 9.4203602301651154e+02
5.0292890265928625e+00 7.1244410148206937e-03 5.3460175832026604e-03 9.4208696272010729e+02
5.1561096294963287e+00 7.3608094979847076e-03 5.4805866904532813e-03 9.4213826559638994e+02
5.2861281924366432e+00 7.6051583477747733e-03 5.6185416080356933e-03 9.4218993470000623e+02
5.4194253564781363e+00 7.8577570004991198e-03 5.7599674694562182e-03 9.4224197311152693e+02
5.5560837961631000e+00 8.1188839892816517e-03 5.9049515469896466e-03 9.4229438393766679e+02
5.6961882707887987e+00 8.3888272511922525e-03 6.0535833053483087e-03 9.4234717031151240e+02
5.8398256769774992e+00 8.6678844447465389e-03 6.2059544566958154e-03 9.4240033539274646e+02
5.9870851025721281e+00 8.9563632781251776e-03 6.3621590170390386e-03 9.4245388236787937e+02
6.1380578818909868e+00 9.2545818484746686e-03 6.5222933640328292e-03 9.4250781445048165e+02
6.2928376523757912e+00 9.5628689926637329e-03 6.6864562962328043e-03 9.4256213488141259e+02
6.4515204126681747e+00 9.8815646498820967e-03 6.8547490938323059e-03 9.4261684692906260e+02
6.6142045821506530e+00 1.0211020236481428e-02 7.0272755809207641e-03 9.4267195388958351e+02
6.7809910619890337e+00 1.0551599033471878e-02 7.2041421893013612e-03 9.4272745908713546e+02
6.9519832977140625e+00 1.0903676587101370e-02 7.3854580239070874e-03 9.4278336587412184e+02
7.1272873433811723e+00 1.1267641122959440e-02 7.5713349298549932e-03 9.4283967763143846e+02
7.3070119273481025e+00 1.1643893974062194e-02 7.7618875611797176e-03 9.4289639776871661e+02
7.4912685197111983e+00 1.2032850023390463e-02 7.9572334512881225e-03 9.4295352972457397e+02
7.6801714014422071e+00 1.2434938161369083e-02 8.1574930851781319e-03 9.4301107696686393e+02
7.8738377352684648e+00 1.2850601758791802e-02 8.3627899734658086e-03 9.4306904299292830e+02
8.0723876383404143e+00 1.3280299155713226e-02 8.5732507282658254e-03 9.4312743132985167e+02
8.2759442567315364e+00 1.3724504166846951e-02 8.7890051409716223e-03 9.4318624553472068e+02
8.4846338418169278e+00 1.4183706604027180e-02 9.0101862619827808e-03 9.4324548919488223e+02
8.6985858285778370e+00 1.4658412816309823e-02 9.2369304824280879e-03 9.4330516592820766e+02
8.9179329158807796e+00 1.5149146248308770e-02 9.4693776179343263e-03 9.4336527938335325e+02
9.1428111487810000e+00 1.5656448017382904e-02 9.7076709944916642e-03 9.4342583324003147e+02
9.3733600029013324e+00 1.6180877510310328e-02 9.9519575364681815e-03 9.4348683120927649e+02
9.6097224709387898e+00 1.6723013000107777e-02 1.0202387856827051e-02 9.4354827703371882e+02
9.8520451513525416e+00 1.7283452283675289e-02 1.0459116349601462e-02 9.4361017448785537e+02
1.0100478339288282e+01 1.7862813340969314e-02 1.0722301284683544e-02 9.4367252737833144e+02
1.0355176119795388e+01 1.8461735016431093e-02 1.0992104904985190e-02 9.4373533954421396e+02
1.0616296463394672e+01 1.9080877723421669e-02 1.1268693526029805e-02 9.4379861485727702e+02
1.0884001324056014e+01 1.9720924172440330e-02 1.1552237638035789e-02 9.4386235722228434e+02
1.1158456739646638e+01 2.0382580123929440e-02 1.1842912010553897e-02 9.4392657057727558e+02
1.1439832934912351e+01 2.1066575166495828e-02 1.2140895799722150e-02 9.4399125889385641e+02
1.1728304427055521e+01 2.1773663521406590e-02 1.2446372658203612e-02 9.4405642617748993e+02
1.2024050133975496e+01 2.2504624874246957e-02 1.2759530847874118e-02 9.4412207646779075e+02
1.2327253485238318e+01 2.3260265234656591e-02 1.3080563355328291e-02 9.4418821383882243e+02
1.2638102535844759e+01 2.4041417825092781e-02 1.3409668010274354e-02 9.4425484239939738e+02
1.2956790082867181e+01 2.4848943999600432e-02 1.3747047606889733e-02 9.4432196629337750e+02
1.3283513785027537e+01 2.5683734193601877e-02 1.4092910028211184e-02 9.4438958969998328e+02
1.3618476285290715e+01 2.6546708905753908e-02 1.4447468373635322e-02 9.4445771683409885e+02
1.3961885336549233e+01 2.7438819712954636e-02 1.4810941089606943e-02 9.4452635194658262e+02
1.4313953930477268e+01 2.8361050319619420e-02 1.5183552103574634e-02 9.4459549932458185e+02
1.4674900429633905e+01 2.9314417642382868e-02 1.5565530961295225e-02 9.4466516329184913e+02
1.5044948702897555e+01 3.0299972931422971e-02 1.5957112967570439e-02 9.4473534820906082e+02
1.5424328264315562e+01 3.1318802929643848e-02 1.6358539330501375e-02 9.4480605847414029e+02
1.5813274415455076e+01 3.2372031070995247e-02 1.6770057309348458e-02 9.4487729852258326e+02
1.6212028391343509e+01 3.3460818719250211e-02 1.7191920366086723e-02 9.4494907282778468e+02
1.6620837510089103e+01 3.4586366448606860e-02 1.7624388320748547e-02 9.4502138590136997e+02
1.7039955326274356e+01 3.5749915367526294e-02 1.8067727510648036e-02 9.4509424229353044e+02
1.7469641788217515e+01 3.6952748487266512e-02 1.8522210953584077e-02 9.4516764659335809e+02
1.7910163399199647e+01 3.8196192136621357e-02 1.8988118515120833e-02 9.4524160342918788e+02
1.8361793382757156e+01 3.9481617424424104e-02 1.9465737080047358e-02 9.4531611746894168e+02
1.8824811852142624e+01 4.0810441751429324e-02 1.9955360728120729e-02 9.4539119342047093e+02
1.9299505984058602e+01 4.2184130373238836e-02 2.0457290914198727e-02 9.4546683603191161e+02
1.9786170196772485e+01 4.3604198015996201e-02 2.0971836652872028e-02 9.4554305009203154e+02
2.0285106332722744e+01 4.5072210546630714e-02 2.1499314707707429e-02 9.4561984043059192e+02
2.0796623845729876e+01 4.6589786699493041e-02 2.2040049785217300e-02 9.4569721191870110e+02
2.1321039992928089e+01 4.8158599861285976e-02 2.2594374733672609e-02 9.4577516946918013e+02
2.1858680031536860e+01 4.9780379916258957e-02 2.3162630746880151e-02 9.4585371803693067e+02
2.2409877420594352e+01 5.1456915153700676e-02 2.3745167573047760e-02 9.4593286261930041e+02
2.2974974027777797e+01 5.3190054239833126e-02 2.4342343728863774e-02 9.4601260825645716e+02
2.3554320341439190e+01 5.4981708256281722e-02 2.4954526718920723e-02 9.4609296003176485e+02
2.4148275687987727e+01 5.6833852807368877e-02 2.5582093260616057e-02 9.4617392307216528e+02
2.4757208454753858e+01 5.8748530198554930e-02 2.6225429514666412e-02 9.4625550254855659e+02
2.5381496318473182e+01 6.0727851688428501e-02 2.6884931321374664e-02 9.4633770367618388e+02
2.6021526479531865e+01 6.2773999816729362e-02 2.7561004442793191e-02 9.4642053171502857e+02
2.6677695902118899e+01 6.4889230810971019e-02 2.8254064810929867e-02 9.4650399197019976e+02
2.7350411560434146e+01 6.7075877074316545e-02 2.8964538782146953e-02 9.4658808979233413e+02
2.8040090691104865e+01 6.9336349757451260e-02 2.9692863397906930e-02 9.4667283057799568e+02
2.8747161051967161e+01 7.1673141417287478e-02 3.0439486652023007e-02 9.4675821977008115e+02
2.9472061187373253e+01 7.4088828765434434e-02 3.1204867764576240e-02 9.4684426285822849e+02
3.0215240700188538e+01 7.6586075509462212e-02 3.1989477462664541e-02 9.4693096537922827e+02
3.0977160530647605e+01 7.9167635290094046e-02 3.2793798268153623e-02 9.4701833291744072e+02
3.1758293242241958e+01 8.1836354717565118e-02 3.3618324792603883e-02 9.4710637110521441e+02
3.2559123314816802e+01 8.4595176510496264e-02 3.4463564039551364e-02 9.4719508562331043e+02
3.3380147445058668e+01 8.7447142740743292e-02 3.5330035714325483e-02 9.4728448220133282e+02
3.4221874854560298e+01 9.0395398187800569e-02 3.6218272541591066e-02 9.4737456661815611e+02
3.5084827605653729e+01 9.3443193806456937e-02 3.7128820590806008e-02 9.4746534470236247e+02
3.5969540925207674e+01 9.6593890311528305e-02 3.8062239609791465e-02 9.4755682233268362e+02
3.6876563536589806e+01 9.9850961883619235e-02 3.9019103366616008e-02 9.4764900543844203e+02
3.7806457999999999e+01 1.0321800000000000e-01 4.0000000000000001e-02 9.4774372400000004e+02
4.2963647000000002e+01 1.2648799999999999e-01 4.5440000000000001e-02 9.4828824399999996e+02
4.8123738000000003e+01 1.5178600000000000e-01 5.0880000000000002e-02 9.4881321900000000e+02
5.3286642000000001e+01 1.7923800000000001e-01 5.6320000000000002e-02 9.4932497000000001e+02
5.8452306000000000e+01 2.0913999999999999e-01 6.1760000000000002e-02 9.4983091500000000e+02
6.3620719000000001e+01 2.4196999999999999e-01 6.7199999999999996e-02 9.5033943999999997e+02
6.8791922000000000e+01 2.7839399999999997e-01 7.2639999999999996e-02 9.5085966299999995e+02
7.3966002000000003e+01 3.1926100000000002e-01 7.8079999999999997e-02 9.5140116000000000e+02
7.9143102999999996e+01 3.6559399999999997e-01 8.3519999999999997e-02 9.5197372199999995e+02
8.4323419000000001e+01 4.1857499999999997e-01 8.8959999999999997e-02 9.5258713799999998e+02
8.9507199999999997e+01 4.7953000000000001e-01 9.4399999999999998e-02 9.5325102600000002e+02
9.4694744000000000e+01 5.4991400000000001e-01 9.9839999999999998e-02 9.5397469799999999e+02
9.9886402000000004e+01 6.3128899999999999e-01 1.0528000000000000e-01 9.5476706300000001e+02
1.0508257000000000e+02 7.2531400000000001e-01 1.1072000000000000e-01 9.5563654699999995e+02
1.1028368900000000e+02 8.3372400000000002e-01 1.1616000000000000e-01 9.5659105099999999e+02
1.1549024300000001e+02 9.5831500000000003e-01 1.2160000000000000e-01 9.5763791500000002e+02
1.2070274999999999e+02 1.1005730000000000e+00 1.2703999999999999e-01 9.5878105200000005e+02
1.2592169300000000e+02 1.2598119999999999e+00 1.3247999999999999e-01 9.6000706300000002e+02
1.3114756600000001e+02 1.4393530000000001e+00 1.3791999999999999e-01 9.6133380899999997e+02
1.3638094799999999e+02 1.6416720000000000e+00 1.4335999999999999e-01 9.6277112899999997e+02
1.4162245899999999e+02 1.8689169999999999e+00 1.4879999999999999e-01 9.6432549300000005e+02
1.4687274800000000e+02 2.1231140000000002e+00 1.5423999999999999e-01 9.6600187100000005e+02
1.5213249200000001e+02 2.4062160000000001e+00 1.5967999999999999e-01 9.6780424800000003e+02
1.5740238400000001e+02 2.7201160000000000e+00 1.6511999999999999e-01 9.6973585400000002e+02
1.6268313499999999e+02 3.0666590000000000e+00 1.7055999999999999e-01 9.7179929600000003e+02
1.6797546900000000e+02 3.4476410000000000e+00 1.7599999999999999e-01 9.7399666000000002e+02
1.7328011799999999e+02 3.8648080000000000e+00 1.8143999999999999e-01 9.7632957399999998e+02
1.7859782400000000e+02 4.3198629999999998e+00 1.8687999999999999e-01 9.7879926799999998e+02
1.8392933400000001e+02 4.8144580000000001e+00 1.9231999999999999e-01 9.8140662199999997e+02
1.8927539700000000e+02 5.3502049999999999e+00 1.9775999999999999e-01 9.8415220599999998e+02
1.9463676699999999e+02 5.9286649999999996e+00 2.0319999999999999e-01 9.8703631900000005e+02
2.0001419899999999e+02 6.5513570000000003e+00 2.0863999999999999e-01 9.9005901500000004e+02
2.0540844500000000e+02 7.2197560000000003e+00 2.1407999999999999e-01 9.9322013600000002e+02
2.1082025800000000e+02 7.9352900000000002e+00 2.1951999999999999e-01 9.9651932999999997e+02
2.1625038900000001e+02 8.6993449999999992e+00 2.2495999999999999e-01 9.9995607600000005e+02
2.2169958299999999e+02 9.5132639999999995e+00 2.3039999999999999e-01 1.0035296949999999e+03
2.2716858400000001e+02 1.0378347000000000e+01 2.3583999999999999e-01 1.0072393750000000e+03
2.3265812900000000e+02 1.1295847000000000e+01 2.4127999999999999e-01 1.0110841740000000e+03
2.3816895099999999e+02 1.2266978000000000e+01 2.4671999999999999e-01 1.0150630330000000e+03
2.4370177600000000e+02 1.3292907000000000e+01 2.5216000000000000e-01 1.0191747890000000e+03
2.4925732400000001e+02 1.4374757000000001e+01 2.5760000000000000e-01 1.0234181770000000e+03
2.5483630800000000e+02 1.5513607000000000e+01 2.6304000000000000e-01 1.0277918400000001e+03
2.6043943200000001e+02 1.6710488999999999e+01 2.6848000000000000e-01 1.0322943319999999e+03
2.6606739399999998e+02 1.7966391000000002e+01 2.7392000000000000e-01 1.0369241230000000e+03
2.7172088200000002e+02 1.9282250999999999e+01 2.7936000000000000e-01 1.0416796030000000e+03
2.7740057500000000e+02 2.0658961999999999e+01 2.8480000000000000e-01 1.0465590860000000e+03
2.8310714400000001e+02 2.2097366000000001e+01 2.9024000000000000e-01 1.0515608139999999e+03
2.8884124900000000e+02 2.3598258000000001e+01 2.9568000000000000e-01 1.0566829590000000e+03
2.9460354000000001e+02 2.5162382000000001e+01 3.0112000000000000e-01 1.0619236249999999e+03
3.0039465600000000e+02 2.6790431999999999e+01 3.0656000000000000e-01 1.0672808560000001e+03
3.0621522700000003e+02 2.8483053999999999e+01 3.1200000000000000e-01 1.0727526350000001e+03
3.1206587100000002e+02 3.0240839999999999e+01 3.1744000000000000e-01 1.0783368880000000e+03
3.1794719300000003e+02 3.2064334000000002e+01 3.2288000000000000e-01 1.0840314920000001e+03
3.2385978799999998e+02 3.3954028000000001e+01 3.2832000000000000e-01 1.0898342729999999e+03
3.2980423999999999e+02 3.5910367000000001e+01 3.3376000000000000e-01 1.0957430170000000e+03
3.3578111799999999e+02 3.7933743999999997e+01 3.3920000000000000e-01 1.1017554670000000e+03
3.4179097999999999e+02 4.0024504000000000e+01 3.4464000000000000e-01 1.1078693360000000e+03
3.4783437300000003e+02 4.2182944999999997e+01 3.5008000000000000e-01 1.1140823029999999e+03
3.5391183000000001e+02 4.4409317999999999e+01 3.5552000000000000e-01 1.1203920250000001e+03
3.6002386899999999e+02 4.6703828999999999e+01 3.6096000000000000e-01 1.1267961390000000e+03
3.6617099999999999e+02 4.9066640000000000e+01 3.6640000000000000e-01 1.1332922670000000e+03
3.7235371400000002e+02 5.1497869999999999e+01 3.7184000000000000e-01 1.1398780190000000e+03
3.7857069500000000e+02 5.3676273999999999e+01 3.7728000000000000e-01 1.1456945440000000e+03
3.8481757199999998e+02 5.5694063000000000e+01 3.8272000000000000e-01 1.1510041620000000e+03
3.9109278599999999e+02 5.7670400000000001e+01 3.8816000000000001e-01 1.1561311650000000e+03
3.9739557800000000e+02 5.9632581000000002e+01 3.9360000000000001e-01 1.1611505490000000e+03
4.0372546999999997e+02 6.1593674999999998e+01 3.9904000000000001e-01 1.1660982620000000e+03
4.1008209299999999e+02 6.3525367000000003e+01 4.0448000000000001e-01 1.1709062899999999e+03
4.1646290399999998e+02 6.5205376999999999e+01 4.0992000000000001e-01 1.1750317270000000e+03
4.2286578100000003e+02 6.6861368999999996e+01 4.1536000000000001e-01 1.1790444040000000e+03
4.2929037299999999e+02 6.8523549000000003e+01 4.2080000000000001e-01 1.1830196390000001e+03
4.3573653999999999e+02 7.0200571999999994e+01 4.2624000000000001e-01 1.1869788460000000e+03
4.4220422600000001e+02 7.1896629000000004e+01 4.3168000000000001e-01 1.1909322079999999e+03
4.4869341800000001e+02 7.3614203000000003e+01 4.3712000000000001e-01 1.1948855900000001e+03
4.5520412499999998e+02 7.5354941999999994e+01 4.4256000000000001e-01 1.1988427420000000e+03
4.6173637500000001e+02 7.7120025999999996e+01 4.4800000000000001e-01 1.2028062230000000e+03
4.6829020900000000e+02 7.8910347999999999e+01 4.5344000000000001e-01 1.2067778590000000e+03
4.7486567400000001e+02 8.0726608999999996e+01 4.5888000000000001e-01 1.2107589929999999e+03
4.8146282500000001e+02 8.2569376000000005e+01 4.6432000000000001e-01 1.2147506340000000e+03
4.8808172100000002e+02 8.4439124000000007e+01 4.6976000000000001e-01 1.2187535490000000e+03
4.9472242599999998e+02 8.6336251000000004e+01 4.7520000000000001e-01 1.2227683250000000e+03
5.0138500499999998e+02 8.8261104000000003e+01 4.8064000000000001e-01 1.2267954150000000e+03
5.0806952600000000e+02 9.0213982000000001e+01 4.8608000000000001e-01 1.2308351630000000e+03
5.1477605800000003e+02 9.2195149999999998e+01 4.9152000000000001e-01 1.2348878290000000e+03
5.2150467400000002e+02 9.4204843999999994e+01 4.9696000000000001e-01 1.2389536069999999e+03
5.2825544300000001e+02 9.6243274999999997e+01 5.0239999999999996e-01 1.2430326319999999e+03
5.3502844000000005e+02 9.8310633999999993e+01 5.0783999999999996e-01 1.2471249969999999e+03
5.4182373500000006e+02 1.0040709099999999e+02 5.1327999999999996e-01 1.2512307530000000e+03
5.4864140299999997e+02 1.0253280400000000e+02 5.1871999999999996e-01 1.2553499210000000e+03
5.5548151700000005e+02 1.0468791500000000e+02 5.2415999999999996e-01 1.2594824950000000e+03
5.6234414900000002e+02 1.0687255399999999e+02 5.2959999999999996e-01 1.2636284459999999e+03
5.6922937100000001e+02 1.0908684100000001e+02 5.3503999999999996e-01 1.2677877229999999e+03
5.7613725699999998e+02 1.1133088400000000e+02 5.4047999999999996e-01 1.2719602600000001e+03
5.8306787799999995e+02 1.1360478300000000e+02 5.4591999999999996e-01 1.2761459749999999e+03
5.9002130599999998e+02 1.1590863100000000e+02 5.5135999999999996e-01 1.2803447759999999e+03
5.9699761100000001e+02 1.1824251099999999e+02 5.5679999999999996e-01 1.2845565560000000e+03
6.0399686399999996e+02 1.2060650099999999e+02 5.6223999999999996e-01 1.2887812010000000e+03
6.1101913500000001e+02 1.2300067100000000e+02 5.6767999999999996e-01 1.2930185890000000e+03
6.1806449199999997e+02 1.2542508599999999e+02 5.7311999999999996e-01 1.2972685899999999e+03
6.2513300400000003e+02 1.2787980399999999e+02 5.7855999999999996e-01 1.3015310660000000e+03
6.3222473800000000e+02 1.3036487900000000e+02 5.8399999999999996e-01 1.3058058770000000e+03
6.3933976099999995e+02 1.3288035900000000e+02 5.8943999999999996e-01 1.3100928770000000e+03
6.4647813900000006e+02 1.3542628900000000e+02 5.9487999999999996e-01 1.3143919149999999e+03
6.5363993700000003e+02 1.3800270699999999e+02 6.0031999999999996e-01 1.3187028379999999e+03
6.6082521899999995e+02 1.4060964799999999e+02 6.0575999999999997e-01 1.3230254900000000e+03
6.6803404899999998e+02 1.4324714299999999e+02 6.1119999999999997e-01 1.3273597119999999e+03
6.7526648899999998e+02 1.4591522100000000e+02 6.1663999999999997e-01 1.3317053430000001e+03
6.8252260100000001e+02 1.4861390399999999e+02 6.2207999999999997e-01 1.3360622220000000e+03
6.8980244500000003e+02 1.5134321299999999e+02 6.2751999999999997e-01 1.3404301860000000e+03
6.9710608100000002e+02 1.5410316499999999e+02 6.3295999999999997e-01 1.3448090689999999e+03
7.0443356900000003e+02 1.5689377400000001e+02 6.3839999999999997e-01 1.3491987079999999e+03
7.1178496600000005e+02 1.5971505099999999e+02 6.4383999999999997e-01 1.3535989370000000e+03
7.1916033000000004e+02 1.6256700599999999e+02 6.4927999999999997e-01 1.3580095910000000e+03
7.2655971699999998e+02 1.6544964300000001e+02 6.5471999999999997e-01 1.3624305059999999e+03
7.3398318099999995e+02 1.6836296500000000e+02 6.6015999999999997e-01 1.3668615150000001e+03
7.4143077900000003e+02 1.7130697499999999e+02 6.6559999999999997e-01 1.3713024559999999e+03
7.4890256199999999e+02 1.7428166899999999e+02 6.7103999999999997e-01 1.3757531640000000e+03
7.5639858500000003e+02 1.7728704600000000e+02 6.7647999999999997e-01 1.3802134759999999e+03
7.6391889800000001e+02 1.8032309900000001e+02 6.8191999999999997e-01 1.3846832310000000e+03
7.7146355300000005e+02 1.8338981999999999e+02 6.8735999999999997e-01 1.3891622660000000e+03
7.7903260000000000e+02 1.8648720100000000e+02 6.9279999999999997e-01 1.3936504219999999e+03
7.8662608799999998e+02 1.8961523000000000e+02 6.9823999999999997e-01 1.3981475410000000e+03
7.9424406399999998e+02 1.9277389400000001e+02 7.0367999999999997e-01 1.4026534650000001e+03
8.0188657799999999e+02 1.9596317900000000e+02 7.0911999999999997e-01 1.4071680369999999e+03
8.0955367500000000e+02 1.9918306799999999e+02 7.1455999999999997e-01 1.4116911030000001e+03
8.1724540100000002e+02 2.0243354400000001e+02 7.1999999999999997e-01 1.4162225100000001e+03
8.2496180100000004e+02 2.0571458899999999e+02 7.2543999999999997e-01 1.4207621059999999e+03
8.3270291899999995e+02 2.0902618100000001e+02 7.3087999999999997e-01 1.4253097410000000e+03
8.4046879899999999e+02 2.1236830100000000e+02 7.3631999999999997e-01 1.4298652669999999e+03
8.4825948300000005e+02 2.1574092400000001e+02 7.4175999999999997e-01 1.4344285359999999e+03
8.5607501300000001e+02 2.1914402799999999e+02 7.4719999999999998e-01 1.4389994039999999e+03
8.6391542900000002e+02 2.2257758699999999e+02 7.5263999999999998e-01 1.4435777270000001e+03
8.7178077199999996e+02 2.2604157599999999e+02 7.5807999999999998e-01 1.4481633640000000e+03
8.7967108199999996e+02 2.2953596800000000e+02 7.6351999999999998e-01 1.4527561760000001e+03
8.8758639700000003e+02 2.3306073499999999e+02 7.6895999999999998e-01 1.4573560230000001e+03
8.9552675399999998e+02 2.3661584800000000e+02 7.7439999999999998e-01 1.4619627710000000e+03
9.0349219200000005e+02 2.4020128000000000e+02 7.7983999999999998e-01 1.4665762840000000e+03
9.1148274600000002e+02 2.4381699900000001e+02 7.8527999999999998e-01 1.4711964300000000e+03
9.1949845200000004e+02 2.4746297400000000e+02 7.9071999999999998e-01 1.4758230790000000e+03
9.2753934500000003e+02 2.5113917499999999e+02 7.9615999999999998e-01 1.4804561020000001e+03
9.3560545999999999e+02 2.5484556900000001e+02 8.0159999999999998e-01 1.4850953709999999e+03
9.4369682999999998e+02 2.5858212400000002e+02 8.0703999999999998e-01 1.4897407630000000e+03
9.5181348800000001e+02 2.6234880700000002e+02 8.1247999999999998e-01 1.4943921539999999e+03
9.5995546700000000e+02 2.6614558299999999e+02 8.1791999999999998e-01 1.4990494209999999e+03
9.6812279799999999e+02 2.6997241900000000e+02 8.2335999999999998e-01 1.5037124480000000e+03
9.7631551200000001e+02 2.7382928099999998e+02 8.2879999999999998e-01 1.5083811140000000e+03
9.8453363899999999e+02 2.7771613400000001e+02 8.3423999999999998e-01 1.5130553060000000e+03
9.9277720899999997e+02 2.8163294200000001e+02 8.3967999999999998e-01 1.5177349079999999e+03
1.0010462520000000e+03 2.8557967000000002e+02 8.4511999999999998e-01 1.5224198100000001e+03
1.0093407960000000e+03 2.8955628300000001e+02 8.5055999999999998e-01 1.5271098999999999e+03
1.0176608680000001e+03 2.9356274400000001e+02 8.5599999999999998e-01 1.5318050720000001e+03
1.0260064970000001e+03 2.9759901800000000e+02 8.6143999999999998e-01 1.5365052180000000e+03
1.0343777080000000e+03 3.0166506800000002e+02 8.6687999999999998e-01 1.5412102339999999e+03
1.0427745279999999e+03 3.0576085899999998e+02 8.7231999999999998e-01 1.5459200180000000e+03
1.0511969839999999e+03 3.0988635399999998e+02 8.7775999999999998e-01 1.5506344690000001e+03
1.0596450990000001e+03 3.1404151800000000e+02 8.8319999999999999e-01 1.5553534890000001e+03
1.0681188979999999e+03 3.1822631300000000e+02 8.8863999999999999e-01 1.5600769800000000e+03
1.0766184060000000e+03 3.2244070499999998e+02 8.9407999999999999e-01 1.5648048490000001e+03
1.0851436460000000e+03 3.2668465900000001e+02 8.9951999999999999e-01 1.5695370020000000e+03
1.0936946410000000e+03 3.3095813800000002e+02 9.0495999999999999e-01 1.5742733490000001e+03
1.1022714140000000e+03 3.3526110999999997e+02 9.1039999999999999e-01 1.5790138019999999e+03
1.1108739869999999e+03 3.3959353900000002e+02 9.1583999999999999e-01 1.5837582749999999e+03
1.1195023810000000e+03 3.4395539300000002e+02 9.2127999999999999e-01 1.5885066840000000e+03
1.1281566170000001e+03 3.4834663999999998e+02 9.2671999999999999e-01 1.5932589490000000e+03
1.1368367169999999e+03 3.5276724899999999e+02 9.3215999999999999e-01 1.5980149910000000e+03
1.1455427010000001e+03 3.5721719100000001e+02 9.3759999999999999e-01 1.6027747350000000e+03
1.1542745880000000e+03 3.6169644099999999e+02 9.4303999999999999e-01 1.6075381100000000e+03
1.1630323989999999e+03 3.6620497300000000e+02 9.4847999999999999e-01 1.6123050499999999e+03
1.1718161520000001e+03 3.7074276800000001e+02 9.5391999999999999e-01 1.6170754919999999e+03
1.1806258660000001e+03 3.7530981100000002e+02 9.5935999999999999e-01 1.6218493810000000e+03
1.1894615600000000e+03 3.7990609599999999e+02 9.6479999999999999e-01 1.6266266710000000e+03
1.1983232519999999e+03 3.8453162500000002e+02 9.7023999999999999e-01 1.6314073280000000e+03
1.2072109610000000e+03 3.8918642399999999e+02 9.7567999999999999e-01 1.6361913390000000e+03
1.2161247049999999e+03 3.9387054999999998e+02 9.8111999999999999e-01 1.6409787249999999e+03
1.2250645019999999e+03 3.9858414499999998e+02 9.8655999999999999e-01 1.6457695950000000e+03
1.2340303730000001e+03 4.0332779299999999e+02 9.9199999999999999e-01 1.6505644970000001e+03
1.2430223400000000e+03 4.0810125599999998e+02 9.9743999999999999e-01 1.6553631530000000e+03
1.2520404180000000e+03 4.1290310599999998e+02 1.0028800000000000e+00 1.6601640910000001e+03
1.2610846200000001e+03 4.1773329500000000e+02 1.0083200000000001e+00 1.6649672390000001e+03
1.2701549580000001e+03 4.2259177599999998e+02 1.0137600000000000e+00 1.6697725270000001e+03
1.2792514430000001e+03 4.2747850099999999e+02 1.0192000000000001e+00 1.6745798850000001e+03
1.2883740860000000e+03 4.3239342299999998e+02 1.0246400000000000e+00 1.6793892450000001e+03
1.2975228979999999e+03 4.3733649600000001e+02 1.0300800000000001e+00 1.6842005400000000e+03
1.3066978890000000e+03 4.4230767100000003e+02 1.0355200000000000e+00 1.6890137050000001e+03
1.3158990699999999e+03 4.4730690399999997e+02 1.0409600000000001e+00 1.6938286740000001e+03
1.3251264490000001e+03 4.5233414599999998e+02 1.0464000000000000e+00 1.6986453839999999e+03
1.3343800360000000e+03 4.5738935199999997e+02 1.0518400000000001e+00 1.7034637729999999e+03
1.3436598400000000e+03 4.6247247599999997e+02 1.0572800000000000e+00 1.7082837800000000e+03
1.3529658700000000e+03 4.6758347099999997e+02 1.0627200000000001e+00 1.7131053449999999e+03
1.3622981350000000e+03 4.7272229099999998e+02 1.0681600000000000e+00 1.7179284090000001e+03
1.3716566410000000e+03 4.7788889100000000e+02 1.0736000000000001e+00 1.7227529130000000e+03
1.3810413960000001e+03 4.8308322600000002e+02 1.0790400000000000e+00 1.7275788020000000e+03
1.3904524090000000e+03 4.8830524900000000e+02 1.0844800000000001e+00 1.7324060179999999e+03
1.3998896860000000e+03 4.9355491599999999e+02 1.0899200000000000e+00 1.7372345080000000e+03
1.4093532339999999e+03 4.9883218199999999e+02 1.0953599999999999e+00 1.7420642170000001e+03
1.4188430590000000e+03 5.0413700100000000e+02 1.1008000000000000e+00 1.7468950930000001e+03
1.4283591680000000e+03 5.0946933000000001e+02 1.1062399999999999e+00 1.7517270830000000e+03
1.4379015669999999e+03 5.1482912299999998e+02 1.1116800000000000e+00 1.7565601360000001e+03
1.4474702600000001e+03 5.2021633699999995e+02 1.1171199999999999e+00 1.7613942030000001e+03
1.4570652540000001e+03 5.2563092700000004e+02 1.1225600000000000e+00 1.7662292339999999e+03
1.4666865539999999e+03 5.3107285000000002e+02 1.1279999999999999e+00 1.7710651800000001e+03
1.4763341640000001e+03 5.3654206099999999e+02 1.1334400000000000e+00 1.7759019949999999e+03
1.4860080889999999e+03 5.4203851799999995e+02 1.1388799999999999e+00 1.7807396320000000e+03
1.4957083339999999e+03 5.4756217600000002e+02 1.1443200000000000e+00 1.7855780440000001e+03
1.5054349020000000e+03 5.5311299299999996e+02 1.1497599999999999e+00 1.7904171870000000e+03
1.5151877970000000e+03 5.5869092499999999e+02 1.1552000000000000e+00 1.7952570160000000e+03
1.5249670240000000e+03 5.6429593000000000e+02 1.1606399999999999e+00 1.8000974890000000e+03
1.5347725840000001e+03 5.6992796599999997e+02 1.1660800000000000e+00 1.8049385620000000e+03
1.5446044830000001e+03 5.7558698900000002e+02 1.1715199999999999e+00 1.8097801939999999e+03
1.5544627210000001e+03 5.8127295800000002e+02 1.1769600000000000e+00 1.8146223430000000e+03
1.5643473030000000e+03 5.8698582999999996e+02 1.1823999999999999e+00 1.8194649690000001e+03
1.5742582299999999e+03 5.9272556399999996e+02 1.1878400000000000e+00 1.8243080319999999e+03
1.5841955049999999e+03 5.9849211800000000e+02 1.1932799999999999e+00 1.8291514940000000e+03
1.5941591300000000e+03 6.0428544999999997e+02 1.1987200000000000e+00 1.8339953160000000e+03
1.6041491070000000e+03 6.1010551899999996e+02 1.2041599999999999e+00 1.8388394599999999e+03
1.6141654370000001e+03 6.1595228399999996e+02 1.2096000000000000e+00 1.8436838889999999e+03
1.6242081220000000e+03 6.2182570399999997e+02 1.2150399999999999e+00 1.8485285670000001e+03
1.6342770969999999e+03 6.2767239099999995e+02 1.2204800000000000e+00 1.8533296940000000e+03
1.6443719779999999e+03 6.3346478100000002e+02 1.2259199999999999e+00 1.8580650519999999e+03
1.6544925400000000e+03 6.3924924799999997e+02 1.2313600000000000e+00 1.8627729910000000e+03
1.6646386610000000e+03 6.4503669400000001e+02 1.2367999999999999e+00 1.8674625890000000e+03
1.6748102550000001e+03 6.5083242399999995e+02 1.2422400000000000e+00 1.8721382870000000e+03
1.6850072550000000e+03 6.5663963999999999e+02 1.2476799999999999e+00 1.8768027810000001e+03
1.6952296030000000e+03 6.6246049900000003e+02 1.2531200000000000e+00 1.8814578930000000e+03
1.7054772539999999e+03 6.6829655600000001e+02 1.2585599999999999e+00 1.8861049410000001e+03
1.7157501649999999e+03 6.7414898200000005e+02 1.2640000000000000e+00 1.8907449240000001e+03
1.7260483010000000e+03 6.8001869299999998e+02 1.2694399999999999e+00 1.8953786270000001e+03
1.7363716290000000e+03 6.8590642400000002e+02 1.2748800000000000e+00 1.9000066800000000e+03
1.7467201200000000e+03 6.9181277499999999e+02 1.2803199999999999e+00 1.9046296010000001e+03
1.7570937480000000e+03 6.9773824400000001e+02 1.2857600000000000e+00 1.9092478229999999e+03
1.7674924870000000e+03 7.0368325500000003e+02 1.2911999999999999e+00 1.9138617119999999e+03
1.7779163149999999e+03 7.0964816399999995e+02 1.2966400000000000e+00 1.9184715830000000e+03
1.7883652110000000e+03 7.1563328300000001e+02 1.3020799999999999e+00 1.9230777069999999e+03
1.7988391549999999e+03 7.2163887999999997e+02 1.3075200000000000e+00 1.9276803210000000e+03
1.8093381280000001e+03 7.2766518900000005e+02 1.3129599999999999e+00 1.9322796350000001e+03
1.8198621129999999e+03 7.3371241899999995e+02 1.3184000000000000e+00 1.9368758330000001e+03
1.8304110949999999e+03 7.3978075200000001e+02 1.3238399999999999e+00 1.9414690780000001e+03
1.8409850560000000e+03 7.4587035200000003e+02 1.3292800000000000e+00 1.9460595200000000e+03
1.8515839820000001e+03 7.5198136399999999e+02 1.3347199999999999e+00 1.9506472890000000e+03
1.8622078590000001e+03 7.5811391900000001e+02 1.3401600000000000e+00 1.9552325060000001e+03
1.8728566730000000e+03 7.6426813500000003e+02 1.3455999999999999e+00 1.9598152780000000e+03
1.8835304120000001e+03 7.7044411800000000e+02 1.3510400000000000e+00 1.9643957040000000e+03
1.8942290620000001e+03 7.7664196400000003e+02 1.3564799999999999e+00 1.9689738749999999e+03
1.9049526109999999e+03 7.8286176100000000e+02 1.3619200000000000e+00 1.9735498709999999e+03
1.9157010490000000e+03 7.8910358699999995e+02 1.3673599999999999e+00 1.9781237699999999e+03
1.9264743639999999e+03 7.9536751500000003e+02 1.3728000000000000e+00 1.9826956390000000e+03
1.9372725439999999e+03 8.0165361099999996e+02 1.3782399999999999e+00 1.9872655430000000e+03
1.9480955799999999e+03 8.0796193400000004e+02 1.3836800000000000e+00 1.9918335410000000e+03
1.9589434610000001e+03 8.1429254100000003e+02 1.3891199999999999e+00 1.9963996880000000e+03
1.9698161780000000e+03 8.2064548000000002e+02 1.3945600000000000e+00 2.0009640340000001e+03
1.9807137190000001e+03 8.2702079900000001e+02 1.3999999999999999e+00 2.0055266270000000e+03
