# epsilon[MeV/fm^3] P[MeV/fm^3] nB[fm^-3] muB[MeV]
4.3514892049562272e-07 9.0000000794219998e-12 4.6796200000000002e-10 9.2990010724260003e+02
5.4394952759824855e-07 1.2854500250148002e-11 5.8496400000000005e-10 9.2990743275720001e+02
6.8239664606092796e-07 1.8414700022552000e-11 7.3384599999999997e-10 9.2991587774760001e+02
8.5763463874259032e-07 2.6380199998860002e-11 9.2229000000000003e-10 9.2992551188760001e+02
1.0799253715994732e-06 3.7791099667920001e-11 1.1613300000000000e-09 9.2993648532329996e+02
1.3625442882637764e-06 5.4137899979800000e-11 1.4652400000000000e-09 9.2994894782519998e+02
1.7226605254650248e-06 7.7555599791040007e-11 1.8524800000000000e-09 9.2996308925910000e+02
2.1826057027272589e-06 1.1110299984364001e-10 2.3470600000000000e-09 9.2997909967860005e+02
2.7713348204539073e-06 1.5916099965360000e-10 2.9801100000000000e-09 9.2999716876169998e+02
3.5266032513682487e-06 2.2800800111288001e-10 3.7922200000000000e-09 9.3001754656409992e+02
4.4975537964996660e-06 3.2663399940042002e-10 4.8362200000000001e-09 9.3004045271789994e+02
4.5807460305493105e-06 3.3555999792714001e-10 4.9256699999999996e-09 9.3004228160820003e+02
4.7281205653478515e-06 3.3656599963290001e-10 5.0841300000000003e-09 9.3004248152130003e+02
6.5759177435918250e-06 5.4515600232911993e-10 7.0708799999999999e-09 9.3007696075620004e+02
9.1998724984833464e-06 8.8567000200420000e-10 9.8920399999999997e-09 9.3011730648750006e+02
1.2918168885426129e-05 1.4388700552640002e-09 1.3889600000000001e-08 9.3016406831190000e+02
1.8201380444258739e-05 2.3376200076990001e-09 1.9569300000000001e-08 9.3021808578930006e+02
2.5725895950178280e-05 3.7977398937599994e-09 2.7657999999999999e-08 9.3028025838780002e+02
3.6463989818522291e-05 6.1698799253159997e-09 3.9200400000000002e-08 9.3035162548649998e+02
5.1813630126296458e-05 1.0023700173792000e-08 5.5698400000000002e-08 9.3043332628019994e+02
7.3785560512054020e-05 1.6284700005120000e-08 7.9311899999999997e-08 9.3052664006250006e+02
1.0527189036420272e-04 2.6456400399219999e-08 1.1314700000000000e-07 9.3063298613190000e+02
1.5043483705694415e-04 4.2981499428689995e-08 1.6167299999999999e-07 9.3075400323120004e+02
1.5143539825673478e-04 4.3369399516159995e-08 1.6274800000000000e-07 9.3075639185940008e+02
1.5666718390755263e-04 4.3499599327679997e-08 1.6836899999999999e-07 9.3075719132400002e+02
1.8247319946392853e-04 5.3487099479700000e-08 1.9609400000000001e-07 9.3081203831400001e+02
2.1304949570856091e-04 6.5965099669560007e-08 2.2894200000000001e-07 9.3087079295249998e+02
2.4880173202308656e-04 8.1354199584480006e-08 2.6734800000000002e-07 9.3093285559410003e+02
2.9061049213158235e-04 1.0033299847065000e-07 3.1225699999999999e-07 9.3099838615049998e+02
3.3950651358852186e-04 1.2374000051775000e-07 3.6477499999999998e-07 9.3106758453479995e+02
3.9669496520679297e-04 1.5260700009555001e-07 4.2619500000000001e-07 9.3114063056550003e+02
4.6358813252914599e-04 1.8820900209407997e-07 4.9803199999999997e-07 9.3121772415570001e+02
5.4183717856390442e-04 2.3211699768180001e-07 5.8205699999999998e-07 9.3129908512530005e+02
6.3337419989345891e-04 2.8626699988691999e-07 6.8034199999999997e-07 9.3138494352930002e+02
7.4046361643000222e-04 3.5305100162730003e-07 7.9531500000000002e-07 9.3147551899979999e+02
7.4543957324912111e-04 3.5623800038969997e-07 8.0065699999999999e-07 9.3147951660449996e+02
7.7046470619140960e-04 3.5730600246279002e-07 8.2752300000000002e-07 9.3148080575760002e+02
7.7218701201869997e-04 3.5837800248323999e-07 8.2937200000000002e-07 9.3148210505190002e+02
7.7564281539113634e-04 3.6053199741144001e-07 8.3308200000000005e-07 9.3148469349929996e+02
7.7911352986319152e-04 3.6269800105895999e-07 8.3680799999999998e-07 9.3148728185280004e+02
7.8260009510663572e-04 3.6487800290032998e-07 8.4055099999999997e-07 9.3148988034750005e+02
7.8610250285012515e-04 3.6706999922346001e-07 8.4431100000000000e-07 9.3149248879559991e+02
7.8962075319254110e-04 3.6927600351839998e-07 8.4808799999999996e-07 9.3149508719639994e+02
7.9315485471188711e-04 3.7149499796798001e-07 8.5188199999999998e-07 9.3149769564450003e+02
7.9670479058673201e-04 3.7372699824480005e-07 8.5569300000000004e-07 9.3150031404599997e+02
8.0027057791247260e-04 3.7597299948234002e-07 8.5952100000000004e-07 9.3150293244750003e+02
8.0385221698387247e-04 3.7823200230633998e-07 8.6336599999999998e-07 9.3150555094289996e+02
8.0745063029167934e-04 3.8050499711466001e-07 8.6722899999999999e-07 9.3150817929779998e+02
8.1106395596088781e-04 3.8279099715107999e-07 8.7110800000000002e-07 9.3151080774659999e+02
8.1469498722525535e-04 3.8509200436278001e-07 8.7500600000000005e-07 9.3151343619540000e+02
8.1834093096975699e-04 3.8740599815679997e-07 8.7891999999999998e-07 9.3151607459759998e+02
8.3652972322216491e-04 3.8856800310954005e-07 8.9844600000000005e-07 9.3151737379799999e+02
8.9649746606902973e-04 4.2637900225708002e-07 9.6282100000000007e-07 9.3155798930399999e+02
9.6293679962426715e-04 4.6927300060880000e-07 1.0341400000000000e-06 9.3160093353000002e+02
1.0343084479593990e-03 5.1648199988999994e-07 1.1107499999999999e-06 9.3164493704189999e+02
1.1110033276598183e-03 5.6844100521450010e-07 1.1930700000000001e-06 9.3169002988770001e+02
1.1934040547386528e-03 6.2562700512179996e-07 1.2815100000000000e-06 9.3173623206809998e+02
1.2819398888523502e-03 6.8856500094819997e-07 1.3765300000000001e-06 9.3178357353719991e+02
1.3770588621277026e-03 7.5783499966439992e-07 1.4786100000000000e-06 9.3183208434300002e+02
1.4792742600387720e-03 8.3407400117300003e-07 1.5882999999999999e-06 9.3188178448619999e+02
1.5890902438860661e-03 9.1798299673799988e-07 1.7061399999999999e-06 9.3193271378040004e+02
1.7070948934908867e-03 1.0103300084124001e-06 1.8327600000000000e-06 9.3198488236679998e+02
1.7418302566492478e-03 1.0379399925766002e-06 1.8700300000000001e-06 9.3199978345169995e+02
1.8026805910135908e-03 1.0410599913928000e-06 1.9353200000000000e-06 9.3200143242960007e+02
2.0389359400714486e-03 1.2275099896319999e-06 2.1888000000000001e-06 9.3209187794249999e+02
2.3114099463439177e-03 1.4516999917321999e-06 2.4811100000000001e-06 9.3218792017709995e+02
2.6204004641994278e-03 1.7168400063888003e-06 2.8125600000000001e-06 9.3228811983419996e+02
2.9707928967162671e-03 2.0304000155634000e-06 3.1883800000000001e-06 9.3239264696670000e+02
3.3681648965264784e-03 2.4012300084080001e-06 3.6145400000000001e-06 9.3250170129989999e+02
3.8188055776886142e-03 2.8397900147328003e-06 4.0977700000000004e-06 9.3261546284010001e+02
4.3298558716110781e-03 3.3584500068246004e-06 4.6457100000000001e-06 9.3273413140649996e+02
4.9094492242661523e-03 3.9718300068571995e-06 5.2670599999999997e-06 9.3285792691289998e+02
5.5667590537662745e-03 4.6972400276543001e-06 5.9716300000000001e-06 9.3298704917850000e+02
6.3122329168583428e-03 5.5551399798486997e-06 6.7705900000000002e-06 9.3312173811779996e+02
6.3691536418958340e-03 5.6221100036384002e-06 6.8315900000000001e-06 9.3313158221820004e+02
6.6107787783348925e-03 5.6389700285964000e-06 7.0905299999999997e-06 9.3313397075249998e+02
7.1832281514335565e-03 6.2999099885847007e-06 7.7039700000000007e-06 9.3322329697740008e+02
7.8228640480689938e-03 7.0594400109160007e-06 8.3893400000000006e-06 9.3331767013950002e+02
8.5195476220300548e-03 7.9105299722335996e-06 9.1357600000000004e-06 9.3341477175390003e+02
9.2783521214718639e-03 8.8642300383220009e-06 9.9486500000000000e-06 9.3351470163630006e+02
1.0104791977484120e-02 9.9329099737559988e-06 1.0833900000000000e-05 9.3361751969490001e+02
1.1005037422914624e-02 1.1130399980334000e-05 1.1798100000000000e-05 9.3372332602710003e+02
1.1985504705131824e-02 1.2472300012974001e-05 1.2848100000000000e-05 9.3383220044789994e+02
1.3053499763127112e-02 1.3976000053347000e-05 1.3991700000000000e-05 9.3394422305399996e+02
1.4216706487829026e-02 1.5661000693130000e-05 1.5237100000000000e-05 9.3405949366109996e+02
1.5483652631007537e-02 1.7549100191680000e-05 1.6593399999999999e-05 9.3417811227269999e+02
1.5623499832828706e-02 1.7760599953030001e-05 1.6743099999999999e-05 9.3419079468840005e+02
1.6269961736847121e-02 1.7813900213129999e-05 1.7435099999999998e-05 9.3419395273319992e+02
1.7094324515795702e-02 1.9027400207749999e-05 1.8317499999999999e-05 9.3426180186839997e+02
1.8000874089488257e-02 2.0384500450440000e-05 1.9287799999999999e-05 9.3433394852489994e+02
1.8955614232225096e-02 2.1838399047120000e-05 2.0309599999999999e-05 9.3440734433310001e+02
1.9960983560824267e-02 2.3396100553499999e-05 2.1385500000000000e-05 9.3448202938830002e+02
2.1019794814794490e-02 2.5064799654149998e-05 2.2518500000000001e-05 9.3455801364390004e+02
2.2134768910989058e-02 2.6852600343399999e-05 2.3711500000000002e-05 9.3463531710059999e+02
2.3309000859656603e-02 2.8767899159999994e-05 2.4967799999999998e-05 9.3471396971249999e+02
2.4545494036103295e-02 3.0819700065419999e-05 2.6290599999999999e-05 9.3479400162150000e+02
2.5847718880420045e-02 3.3017999946119998e-05 2.7683600000000000e-05 9.3487541254589996e+02
2.7219055484112444e-02 3.5372998881120002e-05 2.9150400000000001e-05 9.3495825272219997e+02
2.7775365070038964e-02 3.6339601209739997e-05 2.9745400000000002e-05 9.3499105302509997e+02
2.8289610775747390e-02 3.6448598719180002e-05 3.0295400000000001e-05 9.3499466085090000e+02
2.8802930737171755e-02 3.7332599735440002e-05 3.0844399999999999e-05 9.3502356336480000e+02
2.9391538203060320e-02 3.8352800962709990e-05 3.1473899999999997e-05 9.3505628375879996e+02
2.9992229144074897e-02 3.9400800335690003e-05 3.2116300000000003e-05 9.3508923392610006e+02
3.0605097595990186e-02 4.0477499896860003e-05 3.2771700000000003e-05 9.3512239395989991e+02
3.1230612131930052e-02 4.1583600119840003e-05 3.3440600000000000e-05 9.3515578386089999e+02
3.1868867160453597e-02 4.2719998743180005e-05 3.4123099999999999e-05 9.3518940362910007e+02
3.2520144922003676e-02 4.3887298648500002e-05 3.4819500000000001e-05 9.3522325326449993e+02
3.3184820445813230e-02 4.5086601561120004e-05 3.5530200000000001e-05 9.3525732271979996e+02
3.3862987887692660e-02 4.6318701748649993e-05 3.6255299999999998e-05 9.3529163208960006e+02
3.4555116462740516e-02 4.7584401826990007e-05 3.6995300000000001e-05 9.3532617123270006e+02
3.4710848908415574e-02 4.7870299693839997e-05 3.7161800000000001e-05 9.3533387666670001e+02
3.5705765632703390e-02 4.8013899962450004e-05 3.8225500000000002e-05 9.3533768431169995e+02
3.6190650245182691e-02 4.8884701265269996e-05 3.8743900000000000e-05 9.3536029073669999e+02
3.6764595537185744e-02 4.9920498059249994e-05 3.9357499999999997e-05 9.3538680481020003e+02
3.7347724170046170e-02 5.0978398185919999e-05 3.9980900000000002e-05 9.3541345870079999e+02
3.7940129948432849e-02 5.2058599241440000e-05 4.0614200000000002e-05 9.3544024264290010e+02
3.8541907483377907e-02 5.3161699756499999e-05 4.1257500000000003e-05 9.3546717635549999e+02
3.9153244015328124e-02 5.4288198430999997e-05 4.1910999999999999e-05 9.3549425007299999e+02
3.9774234210732992e-02 5.5438601263319996e-05 4.2574799999999998e-05 9.3552146370150001e+02
4.0405159191034282e-02 5.6613297948239995e-05 4.3249199999999999e-05 9.3554882728830000e+02
4.1046019389420471e-02 5.7812899551080002e-05 4.3934199999999997e-05 9.3557633069220003e+02
4.1697190276124625e-02 5.9037997871239995e-05 4.4630199999999998e-05 9.3560397410099995e+02
4.2358578444415006e-02 6.0288999023690009e-05 4.5337100000000003e-05 9.3563177732760005e+02
4.2549448380963861e-02 6.0651299975859995e-05 4.5541099999999997e-05 9.3563974248900001e+02
4.3740238175900857e-02 6.0833198906699995e-05 4.6813800000000002e-05 9.3564365013750000e+02
4.5854886274473032e-02 6.4782902450840000e-05 4.9073799999999998e-05 9.3572599057799994e+02
4.8180087401599556e-02 6.9195997901699998e-05 5.1558599999999998e-05 9.3581365787159996e+02
5.0623240020302433e-02 7.3909702371599995e-05 5.4169200000000003e-05 9.3590278418340006e+02
5.3190452397117956e-02 7.8944498346630003e-05 5.6912100000000000e-05 9.3599338970190001e+02
5.5887837732656438e-02 8.4322299027779992e-05 5.9793799999999997e-05 9.3608550419339997e+02
5.8722166587791814e-02 9.0066499795649990e-05 6.2821499999999995e-05 9.3617915789369999e+02
6.1700398546921942e-02 9.6201898222459989e-05 6.6002599999999997e-05 9.3627437052180005e+02
6.4829683480590566e-02 1.0275499726340999e-04 6.9344700000000000e-05 9.3637116226620003e+02
6.8117831355171340e-02 1.0975499711746999e-04 7.2856100000000002e-05 9.3646956308100005e+02
7.1572933822013338e-02 1.1723199746169999e-04 7.6545399999999994e-05 9.3656960282640000e+02
7.2872355791586060e-02 1.2007500056640000e-04 7.7932800000000000e-05 9.3660639068670002e+02
7.6294350046888545e-02 1.2043499631464001e-04 8.1586400000000002e-05 9.3661091798129996e+02
7.8557740452832786e-02 1.2521799885310001e-04 8.4002899999999995e-05 9.3666865324139997e+02
8.1070439170188191e-02 1.3058099681828001e-04 8.6685400000000002e-05 9.3673145543940007e+02
8.3663493660002267e-02 1.3617299667415003e-04 8.9453500000000007e-05 9.3679492723830003e+02
8.6339540033127660e-02 1.4200499619000000e-04 9.2310000000000002e-05 9.3685905859080003e+02
8.9101308842231525e-02 1.4808700429182000e-04 9.5257800000000001e-05 9.3692387963880003e+02
9.1951438062670962e-02 1.5442999846642999e-04 9.8299699999999997e-05 9.3698938014720000e+02
9.3544637803481184e-02 1.5800363917307320e-04 1.0000000000000000e-04 9.3702641442654260e+02
9.5903180512040498e-02 1.5910276153071896e-04 1.0251638207090561e-04 9.3704324453363552e+02
9.8321189202175183e-02 1.6023898788605729e-04 1.0509616328653627e-04 9.3706016576037621e+02
1.0080016319079474e-01 1.6141357078993946e-04 1.0774094070277365e-04 9.3707717886099317e+02
1.0334163959711408e-01 1.6262780507662918e-04 1.1045235159746584e-04 9.3709428459615935e+02
1.0594719429576370e-01 1.6388302929119924e-04 1.1323207448312822e-04 9.3711148373304457e+02
1.0861844289393069e-01 1.6518062716511399e-04 1.1608183014513218e-04 9.3712877704536754e+02
1.1135704173313654e-01 1.6652202914162450e-04 1.1900338270602284e-04 9.3714616531344939e+02
1.1416468891627252e-01 1.6790871395265747e-04 1.2199854071662261e-04 9.3716364932426666e+02
1.1704312536053010e-01 1.6934221024893681e-04 1.2506915827459539e-04 9.3718122987150343e+02
1.1999413587687845e-01 1.7082409828513427e-04 1.2821713617116025e-04 9.3719890775560896e+02
1.2301955027675925e-01 1.7235601166190752e-04 1.3144442306666494e-04 9.3721668378385027e+02
1.2612124450668438e-01 1.7393963912674533e-04 1.3475301669574357e-04 9.3723455877036690e+02
1.2930114181144034e-01 1.7557672643560542e-04 1.3814496510280278e-04 9.3725253353622975e+02
1.3256121392662057e-01 1.7726907827739756e-04 1.4162236790860025e-04 9.3727060890949269e+02
1.3590348230122498e-01 1.7901856026343254e-04 1.4518737760869558e-04 9.3728878572525537e+02
1.3933001935108510e-01 1.8082710098403103e-04 1.4884220090457766e-04 9.3730706482571532e+02
1.4284294974389158e-01 1.8269669413455885e-04 1.5258910006828817e-04 9.3732544706022850e+02
1.4644445171662165e-01 1.8462940071323290e-04 1.5643039434138498e-04 9.3734393328536748e+02
1.5013675842618218e-01 1.8662735129312000e-04 1.6036846136910851e-04 9.3736252436497989e+02
1.5392215933410705e-01 1.8869274837083353e-04 1.6440573867063639e-04 9.3738122117024852e+02
1.5780300162616678e-01 1.9082786879451723e-04 1.6854472514633452e-04 9.3740002457975072e+02
1.6178169166777082e-01 1.9303506627379221e-04 1.7278798262293412e-04 9.3741893547951952e+02
1.6586069649606475e-01 1.9531677397443458e-04 1.7713813743758906e-04 9.3743795476310447e+02
1.7004254534964813e-01 1.9767550720064359e-04 1.8159788206179120e-04 9.3745708333163373e+02
1.7432983123686069e-01 2.0011386616785746e-04 1.8616997676614572e-04 9.3747632209387552e+02
1.7872521254361012e-01 2.0263453886917363e-04 1.9085725132703420e-04 9.3749567196630198e+02
1.8323141468173798e-01 2.0524030403853280e-04 1.9566260677621877e-04 9.3751513387315140e+02
1.8785123177894561e-01 2.0793403421393396e-04 2.0058901719446654e-04 9.3753470874649338e+02
1.9258752841132859e-01 2.1071869890405695e-04 2.0563953155030234e-04 9.3755439752629206e+02
1.9744324137959338e-01 2.1359736786178321e-04 2.1081727558502303e-04 9.3757420116047251e+02
2.0242138153005773e-01 2.1657321446822358e-04 2.1612545374513791e-04 9.3759412060498505e+02
2.0752503562156407e-01 2.1964951923098347e-04 2.2156735116342648e-04 9.3761415682387280e+02
2.1275736823946356e-01 2.2282967340052237e-04 2.2714633568983724e-04 9.3763431078933763e+02
2.1812162375785710e-01 2.2611718270859309e-04 2.3286585997347919e-04 9.3765458348180812e+02
2.2362112835131082e-01 2.2951567123288336e-04 2.3872946359699198e-04 9.3767497589000675e+02
2.2925929205729240e-01 2.3302888539211887e-04 2.4474077526460980e-04 9.3769548901102030e+02
2.3503961089060849e-01 2.3666069807603266e-04 2.5090351504527186e-04 9.3771612385036678e+02
2.4096566901115241e-01 2.4041511291475327e-04 2.5722149667215926e-04 9.3773688142206686e+02
2.4704114094630822e-01 2.4429626869231814e-04 2.6369862990008016e-04 9.3775776274871487e+02
2.5326979386938792e-01 2.4830844390917790e-04 2.7033892292215690e-04 9.3777876886154752e+02
2.5965548993551490e-01 2.5245606149872058e-04 2.7714648484730345e-04 9.3779990080051857e+02
2.6620218867640211e-01 2.5674369370301612e-04 2.8412552824002467e-04 9.3782115961436921e+02
2.7291394945550995e-01 2.6117606711315467e-04 2.9128037172410163e-04 9.3784254636070148e+02
2.7979493398510585e-01 2.6575806787973650e-04 2.9861544265176985e-04 9.3786406210605173e+02
2.8684940890678701e-01 2.7049474709925668e-04 3.0613527984003620e-04 9.3788570792596670e+02
2.9408174843706486e-01 2.7539132638232188e-04 3.1384453637582242e-04 9.3790748490507588e+02
3.0149643707965423e-01 2.8045320360983928e-04 3.2174798249166533e-04 9.3792939413716897e+02
3.0909807240614606e-01 2.8568595888352080e-04 3.2985050851374643e-04 9.3795143672527058e+02
3.1689136790679012e-01 2.9109536067726415e-04 3.3815712788406896e-04 9.3797361378172002e+02
3.2488115591315436e-01 2.9668737219619136e-04 3.4667298025864738e-04 9.3799592642824473e+02
3.3307239059447324e-01 3.0246815795035426e-04 3.5540333468361677e-04 9.3801837579604285e+02
3.4147015102954298e-01 3.0844409055035416e-04 3.6435359285122329e-04 9.3804096302585936e+02
3.5007964435606903e-01 3.1462175773236747e-04 3.7352929243770209e-04 9.3806368926806681e+02
3.5890620899941744e-01 3.2100796962032028e-04 3.8293611052509923e-04 9.3808655568274617e+02
3.6795531798277314e-01 3.2760976623321877e-04 3.9257986710915000e-04 9.3810956343976670e+02
3.7723258232075735e-01 3.3443442524591079e-04 4.0246652869537289e-04 9.3813271371886901e+02
3.8674375449860826e-01 3.4148947001183387e-04 4.1260221198559897e-04 9.3815600770974663e+02
3.9649473203908248e-01 3.4878267785659416e-04 4.2299318765720676e-04 9.3817944661212994e+02
4.0649156115928831e-01 3.5632208865151805e-04 4.3364588423739335e-04 9.3820303163586959e+02
4.1674044051971970e-01 3.6411601367662949e-04 4.4456689207486940e-04 9.3822676400102205e+02
4.2724772506781378e-01 3.7217304478282095e-04 4.5576296741142562e-04 9.3825064493793377e+02
4.3801992997841666e-01 3.8050206386332046e-04 4.6724103655588020e-04 9.3827467568732914e+02
4.4906373469360050e-01 3.8911225264489507e-04 4.7900820016298060e-04 9.3829885750039534e+02
4.6038598706433537e-01 3.9801310280958280e-04 4.9107173761989316e-04 9.3832319163887212e+02
4.7199370759658649e-01 4.0721442645811430e-04 5.0343911154298844e-04 9.3834767937513834e+02
4.8389409380446774e-01 4.1672636692655530e-04 5.1611797238768813e-04 9.3837232199230311e+02
4.9609452467315140e-01 4.2655940996809709e-04 5.2911616317421822e-04 9.3839712078429488e+02
5.0860256523430170e-01 4.3672439531231905e-04 5.4244172433217806e-04 9.3842207705595069e+02
5.2142597125686774e-01 4.4723252861466711e-04 5.5610289866690722e-04 9.3844719212311168e+02
5.3457269405614682e-01 4.5809539380932087e-04 5.7010813645071645e-04 9.3847246731271207e+02
5.4805088542409830e-01 4.6932496587906745e-04 5.8446610064211385e-04 9.3849790396287290e+02
5.6186890268396472e-01 4.8093362405625747e-04 5.9918567223624087e-04 9.3852350342299792e+02
5.7603531387233720e-01 4.9293416546939859e-04 6.1427595574981974e-04 9.3854926705386640e+02
5.9055890305187331e-01 5.0533981925042558e-04 6.2974628484398177e-04 9.3857519622772929e+02
6.0544867575796790e-01 5.1816426111820561e-04 6.4560622808844869e-04 9.3860129232840677e+02
6.2071386458274835e-01 5.3142162845434718e-04 6.6186559487061043e-04 9.3862755675138442e+02
6.3636393489986065e-01 5.4512653588793759e-04 6.7853444145314222e-04 9.3865399090391168e+02
6.5240859073359481e-01 5.5929409140638919e-04 6.9562307718389006e-04 9.3868059620510144e+02
6.6885778077598657e-01 5.7393991301014869e-04 7.1314207086184639e-04 9.3870737408602906e+02
6.8572170455563108e-01 5.8908014592963780e-04 7.3110225726314088e-04 9.3873432598983391e+02
7.0301081876202920e-01 6.0473148042339796e-04 7.4951474383105855e-04 9.3876145337182095e+02
7.2073584372939048e-01 6.2091117017706334e-04 7.6839091753420929e-04 9.3878875769956278e+02
7.3890777008391240e-01 6.3763705132344336e-04 7.8774245189706753e-04 9.3881624045300350e+02
7.5753786555865665e-01 6.5492756210468086e-04 8.0758131420721074e-04 9.3884390312456242e+02
7.7663768198025007e-01 6.7280176319816352e-04 8.2791977290369459e-04 9.3887174721924009e+02
7.9621906243174134e-01 6.9127935872859429e-04 8.4877040515111122e-04 9.3889977425472512e+02
8.1629414859605376e-01 7.1038071798938294e-04 8.7014610460399476e-04 9.3892798576149869e+02
8.3687538828459096e-01 7.3012689789730587e-04 8.9206008936634936e-04 9.3895638328294524e+02
8.5797554315565838e-01 7.5053966620518601e-04 9.1452591015120019e-04 9.3898496837546008e+02
8.7960769662749183e-01 7.7164152549818305e-04 9.3755745864519018e-04 9.3901374260855971e+02
9.0178526199079700e-01 7.9345573800014666e-04 9.6116897608336819e-04 9.3904270756499204e+02
9.2452199072582941e-01 8.1600635121737819e-04 9.8537506203944230e-04 9.3907186484084946e+02
9.4783198102917532e-01 8.3931822444807203e-04 1.0101906834369147e-03 9.3910121604568019e+02
9.7172968655551428e-01 8.6341705618665451e-04 1.0356311837866304e-03 9.3913076280260293e+02
9.9622992537979493e-01 8.8832941245324060e-04 1.0617122926564367e-03 9.3916050674842211e+02
1.0213478891853660e+00 9.1408275607942442e-04 1.0884501353787654e-03 9.3919044953374237e+02
1.0470991526837738e+00 9.4070547698270042e-04 1.1158612430021198e-03 9.3922059282308601e+02
1.0734996832720598e+00 9.6822692346288178e-04 1.1439625624925823e-03 9.3925093829501066e+02
1.1005658509335461e+00 9.9667743455501704e-04 1.1727714671916172e-03 9.3928148764222851e+02
1.1283144383882520e+00 1.0260883734744741e-03 1.2023057675366029e-03 9.3931224257172573e+02
1.1567626514992311e+00 1.0564921621910553e-03 1.2325837220506853e-03 9.3934320480488316e+02
1.1859281299412856e+00 1.0879223171702617e-03 1.2636240486087094e-03 9.3937437607759887e+02
1.2158289581386694e+00 1.1204134863211047e-03 1.2954459359861574e-03 9.3940575814041108e+02
1.2464836764785638e+00 1.1540014871911962e-03 1.3280690556981959e-03 9.3943735275862116e+02
1.2779112928072818e+00 1.1887233464512219e-03 1.3615135741361099e-03 9.3946916171242071e+02
1.3101312942163208e+00 1.2246173407123272e-03 1.3958001650085812e-03 9.3950118679701609e+02
1.3431636591255820e+00 1.2617230387214052e-03 1.4309500220954664e-03 9.3953342982275694e+02
1.3770288696712427e+00 1.3000813449808133e-03 1.4669848723219102e-03 9.3956589261526324e+02
1.4117479244059643e+00 1.3397345448405915e-03 1.5039269891608279e-03 9.3959857701555688e+02
1.4473423513193100e+00 1.3807263511128993e-03 1.5417992063720017e-03 9.3963148488019033e+02
1.4838342211864484e+00 1.4231019522600551e-03 1.5806249320862238e-03 9.3966461808137990e+02
1.5212461612534163e+00 1.4669080622092992e-03 1.6204281632431526e-03 9.3969797850713826e+02
1.5596013692674298e+00 1.5121929718491965e-03 1.6612335003917467e-03 9.3973156806140867e+02
1.5989236278609398e+00 1.5590066022644440e-03 1.7030661628623710e-03 9.3976538866420026e+02
1.6392373192983580e+00 1.6074005597677770e-03 1.7459520043199041e-03 9.3979944225172414e+02
1.6805674405945843e+00 1.6574281927896235e-03 1.7899175287073867e-03 9.3983373077653221e+02
1.7229396190147248e+00 1.7091446506882408e-03 1.8349899065900240e-03 9.3986825620765478e+02
1.7663801279646016e+00 1.7626069445451460e-03 1.8811969919095661e-03 9.3990302053074186e+02
1.8109159032819113e+00 1.8178740100128791e-03 1.9285673391593713e-03 9.3993802574820290e+02
1.8565745599381316e+00 1.8750067722843608e-03 1.9771302209906807e-03 9.3997327387935150e+02
1.9033844091615342e+00 1.9340682132554833e-03 2.0269156462609434e-03 9.4000876696054706e+02
1.9513744759919209e+00 1.9951234409549597e-03 2.0779543785352469e-03 9.4004450704534190e+02
2.0005745172779665e+00 2.0582397613179786e-03 2.1302779550522385e-03 9.4008049620462600e+02
2.0510150401283296e+00 2.1234867523827806e-03 2.1839187061661663e-03 9.4011673652677473e+02
2.1027273208279733e+00 2.1909363409919553e-03 2.2389097752769757e-03 9.4015323011779947e+02
2.1557434242314191e+00 2.2606628820829970e-03 2.2952851392607104e-03 9.4018997910149631e+02
2.2100962236449675e+00 2.3327432406555549e-03 2.3530796294127456e-03 9.4022698561959658e+02
2.2658194212102085e+00 2.4072568765057065e-03 2.4123289529167091e-03 9.4026425183192237e+02
2.3229475688014594e+00 2.4842859318206837e-03 2.4730697148522720e-03 9.4030177991653954e+02
2.3815160894500940e+00 2.5639153217306074e-03 2.5353394407553170e-03 9.4033957206991192e+02
2.4415612993090403e+00 2.6462328279170536e-03 2.5991765997443158e-03 9.4037763050706019e+02
2.5031204301710726e+00 2.7313291953816386e-03 2.6646206282271200e-03 9.4041595746171890e+02
2.5662316525548530e+00 2.8192982324813051e-03 2.7317119542026968e-03 9.4045455518649726e+02
2.6309340993730510e+00 2.9102369143405916e-03 2.8004920221727384e-03 9.4049342595303858e+02
2.6972678901971938e+00 3.0042454897548569e-03 2.8710033186783936e-03 9.4053257205218506e+02
2.7652741561343204e+00 3.1014275917023485e-03 2.9432893984778293e-03 9.4057199579413907e+02
2.8349950653308422e+00 3.2018903515869043e-03 3.0173949113806325e-03 9.4061169950863018e+02
2.9064738491194393e+00 3.3057445173372540e-03 3.0933656297555462e-03 9.4065168554508136e+02
2.9797548288251923e+00 3.4131045754930821e-03 3.1712484767283770e-03 9.4069195627277838e+02
3.0548834432475842e+00 3.5240888774124707e-03 3.2510915550873990e-03 9.4073251408103692e+02
3.1319062768354007e+00 3.6388197697398137e-03 3.3329441769139323e-03 9.4077336137937675e+02
3.2108710885720106e+00 3.7574237292780700e-03 3.4168568939563094e-03 9.4081450059769270e+02
3.2918268415889234e+00 3.8800315024139823e-03 3.5028815287658018e-03 9.4085593418642975e+02
3.3748237335260090e+00 4.0067782492500302e-03 3.5910712066136441e-03 9.4089766461675742e+02
3.4599132276571676e+00 4.1378036926019201e-03 3.6814803882086484e-03 9.4093969438074976e+02
3.5471480848007908e+00 4.2732522720259451e-03 3.7741649032355354e-03 9.4098202599156070e+02
3.6365823960347763e+00 4.4132733030459621e-03 3.8691819847344743e-03 9.4102466198360753e+02
3.7282716162363831e+00 4.5580211417555298e-03 3.9665903043429257e-03 9.4106760491275145e+02
3.8222725984677308e+00 4.7076553549766512e-03 4.0664500084213705e-03 9.4111085735648157e+02
3.9186436292282627e+00 4.8623408961627279e-03 4.1688227550850587e-03 9.4115442191410023e+02
4.0174444645960241e+00 5.0222482872395949e-03 4.2737717521644531e-03 9.4119830120691040e+02
4.1187363672801807e+00 5.1875538065851347e-03 4.3813617961176339e-03 9.4124249787840245e+02
4.2225821446077294e+00 5.3584396833546632e-03 4.4916593119184722e-03 9.4128701459444642e+02
4.3290461874679886e+00 5.5350942983663368e-03 4.6047323939450227e-03 9.4133185404348319e+02
4.4381945102389713e+00 5.7177123917679954e-03 4.7206508478931488e-03 9.4137701893671738e+02
4.5500947917204453e+00 5.9064952777144152e-03 4.8394862337410565e-03 9.4142251200831390e+02
4.6648164170990247e+00 6.1016510662915769e-03 4.9613119097910389e-03 9.4146833601559365e+02
4.7824305209713387e+00 6.3033948929326388e-03 5.0862030778153723e-03 9.4151449373923344e+02
4.9030100314519345e+00 6.5119491555784871e-03 5.2142368293340222e-03 9.4156098798346522e+02
5.0266297153932804e+00 6.7275437598443132e-03 5.3454921930524467e-03 9.4160782157627966e+02
5.1533662247459002e+00 6.9504163724624941e-03 5.4800501834885587e-03 9.4165499736963068e+02
5.2832981440873841e+00 7.1808126832811469e-03 5.6179938508185848e-03 9.4170251823963861e+02
5.4165060393497475e+00 7.4189866761071883e-03 5.7594083319723053e-03 9.4175038708679915e+02
5.5530725077753740e+00 7.6652009086925019e-03 5.9043809030089409e-03 9.4179860683619688e+02
5.6930822291324574e+00 7.9197268021717736e-03 6.0530010328057431e-03 9.4184718043770886e+02
5.8366220182217816e+00 8.1828449402711768e-03 6.2053604380920618e-03 9.4189611086622597e+02
5.9837808787073294e+00 8.4548453786176779e-03 6.3615531398626326e-03 9.4194540112186178e+02
6.1346500583041372e+00 8.7360279644899518e-03 6.5216755212044999e-03 9.4199505423017342e+02
6.2893231053575906e+00 9.0267026673634104e-03 6.6858263865729548e-03 9.4204507324237977e+02
6.4478959268492639e+00 9.3271899206136995e-03 6.8541070225527669e-03 9.4209546123558005e+02
6.6104668478652586e+00 9.6378209747553824e-03 7.0266212601417600e-03 9.4214622131298074e+02
6.7771366725639153e+00 9.9589382626051968e-03 7.2034755385948831e-03 9.4219735660411754e+02
6.9480087466807099e+00 1.0290895776772427e-02 7.3847789708677523e-03 9.4224887026508304e+02
7.1231890216090950e+00 1.0634059459892559e-02 7.5706434106996541e-03 9.4230076547875649e+02
7.3027861200969841e+00 1.0988807608034336e-02 7.7611835213769811e-03 9.4235304545503334e+02
7.4869114035996782e+00 1.1355531287725016e-02 7.9565168462191471e-03 9.4240571343106001e+02
7.6756790413309384e+00 1.1734634767053461e-02 8.1567638808300105e-03 9.4245877267146557e+02
7.8692060810550561e+00 1.2126535961326373e-02 8.3620481471588792e-03 9.4251222646860424e+02
8.0676125216638006e+00 1.2531666893768886e-02 8.5724962694164689e-03 9.4256607814278891e+02
8.2710213875832501e+00 1.2950474171777443e-02 8.7882380518919650e-03 9.4262033104253737e+02
8.4795588050566497e+00 1.3383419479249922e-02 9.0094065587189003e-03 9.4267498854481278e+02
8.6933540803505789e+00 1.3830980085535781e-02 9.2361381956383697e-03 9.4273005405527101e+02
8.9125397799329402e+00 1.4293649371567234e-02 9.4685727938096011e-03 9.4278553100850900e+02
9.1372518126724938e+00 1.4771937373751555e-02 9.7068536957190081e-03 9.4284142286831229e+02
9.3676295141108490e+00 1.5266371346223880e-02 9.9511278432400565e-03 9.4289773312790953e+02
9.6038157328592284e+00 1.5777496342080546e-02 1.0201545867897769e-02 9.4295446531022822e+02
9.8459569191735898e+00 1.6305875814233636e-02 1.0458262183392970e-02 9.4301162296814914e+02
1.0094203215762926e+01 1.6852092236548974e-02 1.0721435080442527e-02 9.4306920968476743e+02
1.0348708550887196e+01 1.7416747745952529e-02 1.0991226823993673e-02 9.4312722907365185e+02
1.0609630733802440e+01 1.8000464806212781e-02 1.1267803752871381e-02 9.4318568477911288e+02
1.0877131552612443e+01 1.8603886894131092e-02 1.1551336381919918e-02 9.4324458047646442e+02
1.1151376874587486e+01 1.9227679208896311e-02 1.1841999506700510e-02 9.4330391987229564e+02
1.1432536749012446e+01 1.9872529405385683e-02 1.2139972310809157e-02 9.4336370670473980e+02
1.1720785512628012e+01 2.0539148352220399e-02 1.2445438475879882e-02 9.4342394474374930e+02
1.2016301897730393e+01 2.1228270915411487e-02 1.2758586294340487e-02 9.4348463779137262e+02
1.2319269142996530e+01 2.1940656768459847e-02 1.3079608784989564e-02 9.4354578968202952e+02
1.2629875107103569e+01 2.2677091229803582e-02 1.3408703811465058e-02 9.4360740428279576e+02
1.2948312385213006e+01 2.3438386128535688e-02 1.3746074203676666e-02 9.4366948549368260e+02
1.3274778428391761e+01 2.4225380699346530e-02 1.4091927882275906e-02 9.4373203724792711e+02
1.3609475666044206e+01 2.5038942507677641e-02 1.4446477986239761e-02 9.4379506351227815e+02
1.3952611631431088e+01 2.5879968406106710e-02 1.4809943003645503e-02 9.4385856828728890e+02
1.4304399090353151e+01 2.6749385523018063e-02 1.5182546905716358e-02 9.4392255560760827e+02
1.4665056173079268e+01 2.7648152284648536e-02 1.5564519284219510e-02 9.4398702954228042e+02
1.5034806509600871e+01 2.8577259471635388e-02 1.5956095492300159e-02 9.4405199419504333e+02
1.5413879368296566e+01 2.9537731311231007e-02 1.6357516788837307e-02 9.4411745370462904e+02
1.5802509798092892e+01 3.0530626606388424e-02 1.6769030486409021e-02 9.4418341224507026e+02
1.6200938774209362e+01 3.1557039902962283e-02 1.7190890102957258e-02 9.4424987402600732e+02
1.6609413347578283e+01 3.2618102696312198e-02 1.7623355517244570e-02 9.4431684329299583e+02
1.7028186798031694e+01 3.3714984678637969e-02 1.8066693128196844e-02 9.4438432432782486e+02
1.7457518791350811e+01 3.4848895028422651e-02 1.8521176018229536e-02 9.4445232144882721e+02
1.7897675540275067e+01 3.6021083743404160e-02 1.8987084120656198e-02 9.4452083901120238e+02
1.8348929969570690e+01 3.7232843018545195e-02 1.9464704391281278e-02 9.4458988140733618e+02
1.8811561885261167e+01 3.8485508670520439e-02 1.9954330984281447e-02 9.4465945306712433e+02
1.9285858148124493e+01 3.9780461610291355e-02 2.0456265432482208e-02 9.4472955845830404e+02
1.9772112851564859e+01 4.1119129365391971e-02 2.0970816832139551e-02 9.4480020208677786e+02
2.0270627503968960e+01 4.2502987653603677e-02 2.1498302032338514e-02 9.4487138849695316e+02
2.0781711215660110e+01 4.3933562009753992e-02 2.2039045829124058e-02 9.4494312227207615e+02
2.1305680890566009e+01 4.5412429467432430e-02 2.2593381164481906e-02 9.4501540803457021e+02
2.1842861422719029e+01 4.6941220297477541e-02 2.3161649330290128e-02 9.4508825044638172e+02
2.2393585897710881e+01 4.8521619805151489e-02 2.3744200177365424e-02 9.4516165420932407e+02
2.2958195799226552e+01 5.0155370187983363e-02 2.4341392329730888e-02 9.4523562406542544e+02
2.3537041220785575e+01 5.1844272456329263e-02 2.4953593404235121e-02 9.4531016479728328e+02
2.4130481082821984e+01 5.3590188418766393e-02 2.5581180235656274e-02 9.4538528122841785e+02
2.4738883355237430e+01 5.5395042734509702e-02 2.6224539107427149e-02 9.4546097822363106e+02
2.5362625285565613e+01 5.7260825035113740e-02 2.6884065988121549e-02 9.4553726068937067e+02
2.6002093632889380e+01 5.9189592117798541e-02 2.7560166773845284e-02 9.4561413357409174e+02
2.6657684907655561e+01 6.1183470212817392e-02 2.8253257536678490e-02 9.4569160186862837e+02
2.7329805617536405e+01 6.3244657327366477e-02 2.8963764779320340e-02 9.4576967060656307e+02
2.8018872519489655e+01 6.5375425668618981e-02 2.9692125696089713e-02 9.4584834486460534e+02
2.8725312878174069e+01 6.7578124148556420e-02 3.0438788440440873e-02 9.4592762976296672e+02
2.9449564730880269e+01 6.9855180973357342e-02 3.1204212399155423e-02 9.4600753046574573e+02
3.0192077159141316e+01 7.2209106320198155e-02 3.1988868473377050e-02 9.4608805218131329e+02
3.0953310567191377e+01 7.4642495104417006e-02 3.2793239366659031e-02 9.4616920016270160e+02
3.1733736967445221e+01 7.7158029840091277e-02 3.3617819880199094e-02 9.4625097970799527e+02
3.2533840273175500e+01 7.9758483597181795e-02 3.4463117215439924e-02 9.4633339616073283e+02
3.3354116598569270e+01 8.2446723058503937e-02 3.5329651284219013e-02 9.4641645491030249e+02
3.4195074566349916e+01 8.5225711679895524e-02 3.6217955026655098e-02 9.4650016139234697e+02
3.5057235623155087e+01 8.8098512957065125e-02 3.7128574736963516e-02 9.4658452108917243e+02
3.5941134362866286e+01 9.1068293802722050e-02 3.8062070397397736e-02 9.4666953953015889e+02
3.6847318858090595e+01 9.4138328037711036e-02 3.9019016020518889e-02 9.4675522229217518e+02
3.7776350999999998e+01 9.7311999999999996e-02 4.0000000000000001e-02 9.4684340299999997e+02
4.2928980000000003e+01 1.2630900000000000e-01 4.5440000000000001e-02 9.4752135599999997e+02
4.8085363999999998e+01 1.6028300000000001e-01 5.0880000000000002e-02 9.4822600100000000e+02
5.3245649000000000e+01 1.9954500000000000e-01 5.6320000000000002e-02 9.4895764399999996e+02
5.8409984999999999e+01 2.4447300000000000e-01 6.1760000000000002e-02 9.4971775000000002e+02
6.3578533000000000e+01 2.9555300000000001e-01 6.7199999999999996e-02 9.5050900500000000e+02
6.8751473000000004e+01 3.5338799999999998e-01 7.2639999999999996e-02 9.5133520099999998e+02
7.3929006000000001e+01 4.1871500000000000e-01 7.8079999999999997e-02 9.5220104800000001e+02
7.9111362000000000e+01 4.9240299999999998e-01 8.3519999999999997e-02 9.5311196600000005e+02
8.4298803000000007e+01 5.7545400000000002e-01 8.8959999999999997e-02 9.5407388200000003e+02
8.9491622000000007e+01 6.6899799999999998e-01 9.4399999999999998e-02 9.5509305400000005e+02
9.4690149000000005e+01 7.7428100000000000e-01 9.9839999999999998e-02 9.5617591300000004e+02
9.9894746999999995e+01 8.9266199999999996e-01 1.0528000000000000e-01 9.5732893899999999e+02
1.0510581500000001e+02 1.0255970000000001e+00 1.1072000000000000e-01 9.5855855199999996e+02
1.1032378700000000e+02 1.1746330000000000e+00 1.1616000000000000e-01 9.5987103400000001e+02
1.1554913100000000e+02 1.3413919999999999e+00 1.2160000000000000e-01 9.6127246100000002e+02
1.2078228700000000e+02 1.5241560000000001e+00 1.2703999999999999e-01 9.6274134000000004e+02
1.2602363200000001e+02 1.7253829999999999e+00 1.3247999999999999e-01 9.6429076999999995e+02
1.3127365599999999e+02 1.9480409999999999e+00 1.3791999999999999e-01 9.6593627900000001e+02
1.3653290400000000e+02 2.1943489999999999e+00 1.4335999999999999e-01 9.6768621900000005e+02
1.4180196200000000e+02 2.4663719999999998e+00 1.4879999999999999e-01 9.6954694800000004e+02
1.4708144899999999e+02 2.7661069999999999e+00 1.5423999999999999e-01 9.7152370900000005e+02
1.5237200700000000e+02 3.0955180000000002e+00 1.5967999999999999e-01 9.7362096099999997e+02
1.5767430300000001e+02 3.4565399999999999e+00 1.6511999999999999e-01 9.7584254899999996e+02
1.6298902300000000e+02 3.8510840000000002e+00 1.7055999999999999e-01 9.7819180400000005e+02
1.6831686999999999e+02 4.2810370000000004e+00 1.7599999999999999e-01 9.8067160699999999e+02
1.7365855999999999e+02 4.7482639999999998e+00 1.8143999999999999e-01 9.8328443400000003e+02
1.7901482300000001e+02 5.2545979999999997e+00 1.8687999999999999e-01 9.8603239499999995e+02
1.8438640000000001e+02 5.8018460000000003e+00 1.9231999999999999e-01 9.8891726200000005e+02
1.8977404000000001e+02 6.3917799999999998e+00 1.9775999999999999e-01 9.9194048799999996e+02
1.9517849799999999e+02 7.0261380000000004e+00 2.0319999999999999e-01 9.9510323000000005e+02
2.0060053800000000e+02 7.7066169999999996e+00 2.0863999999999999e-01 9.9840636199999994e+02
2.0604092299999999e+02 8.4348720000000004e+00 2.1407999999999999e-01 1.0018504880000000e+03
2.1150042300000001e+02 9.2125109999999992e+00 2.1951999999999999e-01 1.0054359550000000e+03
2.1697980799999999e+02 1.0041093999999999e+01 2.2495999999999999e-01 1.0091628600000000e+03
2.2247984600000001e+02 1.0922124999999999e+01 2.3039999999999999e-01 1.0130310570000000e+03
2.2800130500000000e+02 1.1857054000000000e+01 2.3583999999999999e-01 1.0170401660000000e+03
2.3354495199999999e+02 1.2847265999999999e+01 2.4127999999999999e-01 1.0211895780000000e+03
2.3911154700000000e+02 1.3894086000000000e+01 2.4671999999999999e-01 1.0254784580000000e+03
2.4470184699999999e+02 1.4998766000000000e+01 2.5216000000000000e-01 1.0299057539999999e+03
2.5031660199999999e+02 1.6162489999999998e+01 2.5760000000000000e-01 1.0344701970000001e+03
2.5595655300000001e+02 1.7386365000000001e+01 2.6304000000000000e-01 1.0391703130000001e+03
2.6162243599999999e+02 1.8671420999999999e+01 2.6848000000000000e-01 1.0440044210000001e+03
2.6731497500000000e+02 2.0018605000000001e+01 2.7392000000000000e-01 1.0489706480000000e+03
2.7303488199999998e+02 2.1428785000000001e+01 2.7936000000000000e-01 1.0540669280000000e+03
2.7878286000000003e+02 2.2902740999999999e+01 2.8480000000000000e-01 1.0592910130000000e+03
2.8455959799999999e+02 2.4441168000000001e+01 2.9024000000000000e-01 1.0646404860000000e+03
2.9036577100000000e+02 2.6044671999999998e+01 2.9568000000000000e-01 1.0701127640000000e+03
2.9620204100000001e+02 2.7713773000000000e+01 3.0112000000000000e-01 1.0757051100000001e+03
3.0206905200000000e+02 2.9448903000000001e+01 3.0656000000000000e-01 1.0814146499999999e+03
3.0796743600000002e+02 3.1250408000000000e+01 3.1200000000000000e-01 1.0872383769999999e+03
3.1389780500000001e+02 3.3118546000000002e+01 3.1744000000000000e-01 1.0931731680000000e+03
3.1986075399999999e+02 3.5053493000000003e+01 3.2288000000000000e-01 1.0992157990000001e+03
3.2585686099999998e+02 3.7055343000000001e+01 3.2832000000000000e-01 1.1053629530000001e+03
3.3188668699999999e+02 3.9124108999999997e+01 3.3376000000000000e-01 1.1116112390000001e+03
3.3795077300000003e+02 4.1259729000000000e+01 3.3920000000000000e-01 1.1179572029999999e+03
3.4404963900000001e+02 4.3462068000000002e+01 3.4464000000000000e-01 1.1243973410000001e+03
3.5018283800000000e+02 4.5519219999999997e+01 3.5008000000000000e-01 1.1303206700000001e+03
3.5634575799999999e+02 4.7350917000000003e+01 3.5552000000000000e-01 1.1355121700000000e+03
3.6253626300000002e+02 4.9133440999999998e+01 3.6096000000000000e-01 1.1404873829999999e+03
3.6875348300000002e+02 5.0899473999999998e+01 3.6640000000000000e-01 1.1453427620000000e+03
3.7499689400000000e+02 5.2663352000000003e+01 3.7184000000000000e-01 1.1501207110000000e+03
3.8126614200000000e+02 5.4433103000000003e+01 3.7728000000000000e-01 1.1548449260000000e+03
3.8756097999999997e+02 5.6213811000000000e+01 3.8272000000000000e-01 1.1595303329999999e+03
3.9388122600000003e+02 5.8008951000000003e+01 3.8816000000000001e-01 1.1641870469999999e+03
4.0022674400000000e+02 5.9821027000000001e+01 3.9360000000000001e-01 1.1688222750000000e+03
4.0659743200000003e+02 6.1651913999999998e+01 3.9904000000000001e-01 1.1734413380000001e+03
4.1299321400000002e+02 6.3503053000000001e+01 4.0448000000000001e-01 1.1780482640000000e+03
4.1941374700000000e+02 6.5284777000000005e+01 4.0992000000000001e-01 1.1824239530000000e+03
4.2585689500000001e+02 6.6951007000000004e+01 4.1536000000000001e-01 1.1864614160000001e+03
4.3232184699999999e+02 6.8618195999999998e+01 4.2080000000000001e-01 1.1904485820000000e+03
4.3880843299999998e+02 7.0299411000000006e+01 4.2624000000000001e-01 1.1944176370000000e+03
4.4531659200000001e+02 7.1999579999999995e+01 4.3168000000000001e-01 1.1983805390000000e+03
4.5184630800000002e+02 7.3721288999999999e+01 4.3712000000000001e-01 1.2023433950000001e+03
4.5839759099999998e+02 7.5466119000000006e+01 4.4256000000000001e-01 1.2063098040000000e+03
4.6497046799999998e+02 7.7235129000000001e+01 4.4800000000000001e-01 1.2102820600000000e+03
4.7156497500000000e+02 7.9029072999999997e+01 4.5344000000000001e-01 1.2142616920000000e+03
4.7818115399999999e+02 8.0848509000000007e+01 4.5888000000000001e-01 1.2182497510000001e+03
4.8481905300000000e+02 8.2693864000000005e+01 4.6432000000000001e-01 1.2222469619999999e+03
4.9147872500000000e+02 8.4565470000000005e+01 4.6976000000000001e-01 1.2262538239999999e+03
4.9816022199999998e+02 8.6463589999999996e+01 4.7520000000000001e-01 1.2302706710000000e+03
5.0486360000000002e+02 8.8388434000000004e+01 4.8064000000000001e-01 1.2342977129999999e+03
5.1158891299999999e+02 9.0340168000000006e+01 4.8608000000000001e-01 1.2383350690000000e+03
5.1833622000000003e+02 9.2318927000000002e+01 4.9152000000000001e-01 1.2423827799999999e+03
5.2510557500000004e+02 9.4324815000000001e+01 4.9696000000000001e-01 1.2464408330000001e+03
5.3189703499999996e+02 9.6357916000000003e+01 5.0239999999999996e-01 1.2505091689999999e+03
5.3871065499999997e+02 9.8418290999999996e+01 5.0783999999999996e-01 1.2545876880000001e+03
5.4554649099999995e+02 1.0050598700000000e+02 5.1327999999999996e-01 1.2586762639999999e+03
5.5240459799999996e+02 1.0262103399999999e+02 5.1871999999999996e-01 1.2627747440000001e+03
5.5928502800000001e+02 1.0476344899999999e+02 5.2415999999999996e-01 1.2668829559999999e+03
5.6618783299999996e+02 1.0693323900000000e+02 5.2959999999999996e-01 1.2710007089999999e+03
5.7311306700000000e+02 1.0913039999999999e+02 5.3503999999999996e-01 1.2751278000000000e+03
5.8006077700000003e+02 1.1135491700000000e+02 5.4047999999999996e-01 1.2792640160000001e+03
5.8703101400000003e+02 1.1360676900000000e+02 5.4591999999999996e-01 1.2834091330000001e+03
5.9402382599999999e+02 1.1588592500000000e+02 5.5135999999999996e-01 1.2875629200000001e+03
6.0103925800000002e+02 1.1819235000000000e+02 5.5679999999999996e-01 1.2917251400000000e+03
6.0807735700000001e+02 1.2052600000000000e+02 5.6223999999999996e-01 1.2958955530000001e+03
6.1513816499999996e+02 1.2288682500000000e+02 5.6767999999999996e-01 1.3000739129999999e+03
6.2222172599999999e+02 1.2527477100000000e+02 5.7311999999999996e-01 1.3042599740000001e+03
6.2932808100000000e+02 1.2768978000000000e+02 5.7855999999999996e-01 1.3084534870000000e+03
6.3645726999999999e+02 1.3013178500000001e+02 5.8399999999999996e-01 1.3126542010000001e+03
6.4360933100000000e+02 1.3260072000000000e+02 5.8943999999999996e-01 1.3168618660000000e+03
6.5078430100000003e+02 1.3509651099999999e+02 5.9487999999999996e-01 1.3210762330000000e+03
6.5798221699999999e+02 1.3761908299999999e+02 6.0031999999999996e-01 1.3252970519999999e+03
6.6520311100000004e+02 1.4016835599999999e+02 6.0575999999999997e-01 1.3295240750000000e+03
6.7244701899999995e+02 1.4274424700000000e+02 6.1119999999999997e-01 1.3337570550000000e+03
6.7971397100000002e+02 1.4534667099999999e+02 6.1663999999999997e-01 1.3379957469999999e+03
6.8700399700000003e+02 1.4797553900000000e+02 6.2207999999999997e-01 1.3422399089999999e+03
6.9431712700000003e+02 1.5063076100000001e+02 6.2751999999999997e-01 1.3464892990000001e+03
7.0165338899999995e+02 1.5331224300000000e+02 6.3295999999999997e-01 1.3507436789999999e+03
7.0901280999999994e+02 1.5601989100000000e+02 6.3839999999999997e-01 1.3550028150000001e+03
7.1639541299999996e+02 1.5875360699999999e+02 6.4383999999999997e-01 1.3592664740000000e+03
7.2380122400000005e+02 1.6151329200000001e+02 6.4927999999999997e-01 1.3635344259999999e+03
7.3123026500000003e+02 1.6429884500000000e+02 6.5471999999999997e-01 1.3678064460000001e+03
7.3868255699999997e+02 1.6711016400000000e+02 6.6015999999999997e-01 1.3720823100000000e+03
7.4615812200000005e+02 1.6994714500000001e+02 6.6559999999999997e-01 1.3763617990000000e+03
7.5365697699999998e+02 1.7280968300000001e+02 6.7103999999999997e-01 1.3806446970000000e+03
7.6117914199999996e+02 1.7569767200000001e+02 6.7647999999999997e-01 1.3849307910000000e+03
7.6872463200000004e+02 1.7861100500000001e+02 6.8191999999999997e-01 1.3892198719999999e+03
7.7629346399999997e+02 1.8154957400000001e+02 6.8735999999999997e-01 1.3935117339999999e+03
7.8388565200000005e+02 1.8451326900000001e+02 6.9279999999999997e-01 1.3978061760000001e+03
7.9150120900000002e+02 1.8750198100000000e+02 6.9823999999999997e-01 1.4021029990000000e+03
7.9914014899999995e+02 1.9051559800000001e+02 7.0367999999999997e-01 1.4064020089999999e+03
8.0680248099999994e+02 1.9355401100000000e+02 7.0911999999999997e-01 1.4107030139999999e+03
8.1448821699999996e+02 1.9661710700000000e+02 7.1455999999999997e-01 1.4150058280000001e+03
8.2219736699999999e+02 1.9970477500000001e+02 7.1999999999999997e-01 1.4193102660000000e+03
8.2992993700000000e+02 2.0281690100000000e+02 7.2543999999999997e-01 1.4236161490000000e+03
8.3768593699999997e+02 2.0595337300000000e+02 7.3087999999999997e-01 1.4279232990000000e+03
8.4546537100000000e+02 2.0911407700000001e+02 7.3631999999999997e-01 1.4322315440000000e+03
8.5326824599999998e+02 2.1229890200000000e+02 7.4175999999999997e-01 1.4365407140000000e+03
8.6109456699999998e+02 2.1550773200000000e+02 7.4719999999999998e-01 1.4408506440000001e+03
8.6894433600000002e+02 2.1874045500000000e+02 7.5263999999999998e-01 1.4451611720000001e+03
8.7681755599999997e+02 2.2199695700000001e+02 7.5807999999999998e-01 1.4494721370000000e+03
8.8471423100000004e+02 2.2527712500000001e+02 7.6351999999999998e-01 1.4537833850000000e+03
8.9263436000000002e+02 2.2858084400000001e+02 7.6895999999999998e-01 1.4580947639999999e+03
9.0057794400000000e+02 2.3190800300000001e+02 7.7439999999999998e-01 1.4624061250000000e+03
9.0854498200000000e+02 2.3525848600000000e+02 7.7983999999999998e-01 1.4667173220000000e+03
9.1653547400000002e+02 2.3863218200000000e+02 7.8527999999999998e-01 1.4710282119999999e+03
9.2454941699999995e+02 2.4202897700000000e+02 7.9071999999999998e-01 1.4753386579999999e+03
9.3258680900000002e+02 2.4544875900000000e+02 7.9615999999999998e-01 1.4796485230000001e+03
9.4064764500000001e+02 2.4889141599999999e+02 8.0159999999999998e-01 1.4839576740000000e+03
9.4873192200000005e+02 2.5235683399999999e+02 8.0703999999999998e-01 1.4882659810000000e+03
9.5683963400000005e+02 2.5584490299999999e+02 8.1247999999999998e-01 1.4925733190000001e+03
9.6497077600000000e+02 2.5935551099999998e+02 8.1791999999999998e-01 1.4968795620000001e+03
9.7312534300000004e+02 2.6288854700000002e+02 8.2335999999999998e-01 1.5011845910000000e+03
9.8130332599999997e+02 2.6644389999999999e+02 8.2879999999999998e-01 1.5054882869999999e+03
9.8950471800000003e+02 2.7002146099999999e+02 8.3423999999999998e-01 1.5097905350000001e+03
9.9772951100000000e+02 2.7362111900000002e+02 8.3967999999999998e-01 1.5140912229999999e+03
1.0059776970000000e+03 2.7724276400000002e+02 8.4511999999999998e-01 1.5183902410000001e+03
1.0142492650000000e+03 2.8088628899999998e+02 8.5055999999999998e-01 1.5226874820000000e+03
1.0225442060000000e+03 2.8455158499999999e+02 8.5599999999999998e-01 1.5269828419999999e+03
1.0308625099999999e+03 2.8823854299999999e+02 8.6143999999999998e-01 1.5312762190000001e+03
1.0392041640000000e+03 2.9194705699999997e+02 8.6687999999999998e-01 1.5355675140000001e+03
1.0475691589999999e+03 2.9567702000000003e+02 8.7231999999999998e-01 1.5398566290000001e+03
1.0559574809999999e+03 2.9942832499999997e+02 8.7775999999999998e-01 1.5441434710000001e+03
1.0643691180000001e+03 3.0320086700000002e+02 8.8319999999999999e-01 1.5484279480000000e+03
1.0728040570000001e+03 3.0699454100000003e+02 8.8863999999999999e-01 1.5527099700000001e+03
1.0812622839999999e+03 3.1080924199999998e+02 8.9407999999999999e-01 1.5569894500000000e+03
1.0897437860000000e+03 3.1464486599999998e+02 8.9951999999999999e-01 1.5612663030000001e+03
1.0982485469999999e+03 3.1850130999999999e+02 9.0495999999999999e-01 1.5655404450000001e+03
1.1067765520000000e+03 3.2237847099999999e+02 9.1039999999999999e-01 1.5698117960000000e+03
1.1153277869999999e+03 3.2627624700000001e+02 9.1583999999999999e-01 1.5740802770000000e+03
1.1239022350000000e+03 3.3019453600000003e+02 9.2127999999999999e-01 1.5783458129999999e+03
1.1324998810000000e+03 3.3413323800000001e+02 9.2671999999999999e-01 1.5826083269999999e+03
1.1411207070000000e+03 3.3809225199999997e+02 9.3215999999999999e-01 1.5868677490000000e+03
1.1497646960000000e+03 3.4207147900000001e+02 9.3759999999999999e-01 1.5911240069999999e+03
1.1584318320000000e+03 3.4607081899999997e+02 9.4303999999999999e-01 1.5953770320000001e+03
1.1671220960000001e+03 3.5009017499999999e+02 9.4847999999999999e-01 1.5996267580000001e+03
1.1758354700000000e+03 3.5412944800000002e+02 9.5391999999999999e-01 1.6038731200000000e+03
1.1845719360000001e+03 3.5818854199999998e+02 9.5935999999999999e-01 1.6081160550000000e+03
1.1933314750000000e+03 3.6226736000000000e+02 9.6479999999999999e-01 1.6123555010000000e+03
1.2021140670000000e+03 3.6636580700000002e+02 9.7023999999999999e-01 1.6165913980000000e+03
1.2109196939999999e+03 3.7048378700000001e+02 9.7567999999999999e-01 1.6208236890000001e+03
1.2197483350000000e+03 3.7462120599999997e+02 9.8111999999999999e-01 1.6250523169999999e+03
1.2285999710000001e+03 3.7877796999999998e+02 9.8655999999999999e-01 1.6292772270000000e+03
1.2374745809999999e+03 3.8295398699999998e+02 9.9199999999999999e-01 1.6334983660000000e+03
1.2463721439999999e+03 3.8714916299999999e+02 9.9743999999999999e-01 1.6377156820000000e+03
1.2552926399999999e+03 3.9136340700000000e+02 1.0028800000000000e+00 1.6419291260000000e+03
1.2642360470000001e+03 3.9559662800000001e+02 1.0083200000000001e+00 1.6461386480000001e+03
1.2732023429999999e+03 3.9984873599999997e+02 1.0137600000000000e+00 1.6503442020000000e+03
1.2821915080000001e+03 4.0411964000000000e+02 1.0192000000000001e+00 1.6545457409999999e+03
1.2912035189999999e+03 4.0840925199999998e+02 1.0246400000000000e+00 1.6587432209999999e+03
1.3002383530000000e+03 4.1271748300000002e+02 1.0300800000000001e+00 1.6629365980000000e+03
1.3092959890000000e+03 4.1704424499999999e+02 1.0355200000000000e+00 1.6671258319999999e+03
1.3183764040000001e+03 4.2138945200000001e+02 1.0409600000000001e+00 1.6713108820000000e+03
1.3274795750000001e+03 4.2575301700000000e+02 1.0464000000000000e+00 1.6754917080000000e+03
1.3366054779999999e+03 4.3013485400000002e+02 1.0518400000000001e+00 1.6796682730000000e+03
1.3457540910000000e+03 4.3453487799999999e+02 1.0572800000000000e+00 1.6838405390000000e+03
1.3549253900000001e+03 4.3895300500000002e+02 1.0627200000000001e+00 1.6880084710000001e+03
1.3641193510000001e+03 4.4338914999999997e+02 1.0681600000000000e+00 1.6921720359999999e+03
1.3733359510000000e+03 4.4784323100000000e+02 1.0736000000000001e+00 1.6963311990000000e+03
1.3825751660000001e+03 4.5231516499999998e+02 1.0790400000000000e+00 1.7004859280000001e+03
1.3918369700000001e+03 4.5680487099999999e+02 1.0844800000000001e+00 1.7046361919999999e+03
1.4011213410000000e+03 4.6131226600000002e+02 1.0899200000000000e+00 1.7087819620000000e+03
1.4104282519999999e+03 4.6583727199999998e+02 1.0953599999999999e+00 1.7129232090000000e+03
1.4197576810000000e+03 4.7037980700000003e+02 1.1008000000000000e+00 1.7170599040000000e+03
1.4291096010000001e+03 4.7493979300000001e+02 1.1062399999999999e+00 1.7211920200000000e+03
1.4384839880000000e+03 4.7951715100000001e+02 1.1116800000000000e+00 1.7253195330000001e+03
1.4478808170000000e+03 4.8411180400000001e+02 1.1171199999999999e+00 1.7294424160000001e+03
1.4573000620000000e+03 4.8872367300000002e+02 1.1225600000000000e+00 1.7335606459999999e+03
1.4667416980000000e+03 4.9335268300000001e+02 1.1279999999999999e+00 1.7376741999999999e+03
1.4762057000000000e+03 4.9799875700000001e+02 1.1334400000000000e+00 1.7417830550000001e+03
1.4856920419999999e+03 5.0266182099999997e+02 1.1388799999999999e+00 1.7458871910000000e+03
1.4952006980000001e+03 5.0734179999999998e+02 1.1443200000000000e+00 1.7499865870000001e+03
1.5047316420000000e+03 5.1203861900000004e+02 1.1497599999999999e+00 1.7540812229999999e+03
1.5142848489999999e+03 5.1675220600000000e+02 1.1552000000000000e+00 1.7581710820000001e+03
1.5238602920000001e+03 5.2148248799999999e+02 1.1606399999999999e+00 1.7622561439999999e+03
1.5334579450000001e+03 5.2622939299999996e+02 1.1660800000000000e+00 1.7663363939999999e+03
1.5430777820000001e+03 5.3099285099999997e+02 1.1715199999999999e+00 1.7704118160000000e+03
1.5527197770000000e+03 5.3577278999999999e+02 1.1769600000000000e+00 1.7744823930000000e+03
1.5623839040000000e+03 5.4056914099999995e+02 1.1823999999999999e+00 1.7785481119999999e+03
1.5720701349999999e+03 5.4538183600000002e+02 1.1878400000000000e+00 1.7826089589999999e+03
1.5817784440000000e+03 5.5021080600000005e+02 1.1932799999999999e+00 1.7866649219999999e+03
1.5915088049999999e+03 5.5505598399999997e+02 1.1987200000000000e+00 1.7907159879999999e+03
1.6012611910000001e+03 5.5991730399999994e+02 1.2041599999999999e+00 1.7947621480000000e+03
1.6110355750000001e+03 5.6479470000000003e+02 1.2096000000000000e+00 1.7988033909999999e+03
1.6208319309999999e+03 5.6968811000000005e+02 1.2150399999999999e+00 1.8028397080000000e+03
1.6306502310000001e+03 5.7459746900000005e+02 1.2204800000000000e+00 1.8068710930000000e+03
1.6404904489999999e+03 5.7952271699999994e+02 1.2259199999999999e+00 1.8108975390000001e+03
1.6503525580000000e+03 5.8446379500000000e+02 1.2313600000000000e+00 1.8149190420000000e+03
1.6602365319999999e+03 5.8942064700000003e+02 1.2367999999999999e+00 1.8189355989999999e+03
1.6701423420000001e+03 5.9439322000000004e+02 1.2422400000000000e+00 1.8229472120000000e+03
1.6800699620000000e+03 5.9938146800000004e+02 1.2476799999999999e+00 1.8269538880000000e+03
1.6900193660000000e+03 6.0438535700000000e+02 1.2531200000000000e+00 1.8309556410000000e+03
1.6999905269999999e+03 6.0940488500000004e+02 1.2585599999999999e+00 1.8349525120000001e+03
1.7099834180000000e+03 6.1444020499999999e+02 1.2640000000000000e+00 1.8389446660000001e+03
1.7199980140000000e+03 6.1949093900000003e+02 1.2694399999999999e+00 1.8429318440000000e+03
1.7300342860000001e+03 6.2455683099999999e+02 1.2748800000000000e+00 1.8469138880000000e+03
1.7400922069999999e+03 6.2963782000000003e+02 1.2803199999999999e+00 1.8508907939999999e+03
1.7501717490000001e+03 6.3473384699999997e+02 1.2857600000000000e+00 1.8548625589999999e+03
1.7602728840000000e+03 6.3984485199999995e+02 1.2911999999999999e+00 1.8588291800000000e+03
1.7703955840000001e+03 6.4497077700000000e+02 1.2966400000000000e+00 1.8627906550000000e+03
1.7805398210000001e+03 6.5011156200000005e+02 1.3020799999999999e+00 1.8667469810000000e+03
1.7907055660000001e+03 6.5526715000000002e+02 1.3075200000000000e+00 1.8706981579999999e+03
1.8008927930000000e+03 6.6043748300000004e+02 1.3129599999999999e+00 1.8746441850000001e+03
1.8111014720000001e+03 6.6562250500000005e+02 1.3184000000000000e+00 1.8785850590000000e+03
1.8213315760000000e+03 6.7082215799999994e+02 1.3238399999999999e+00 1.8825207820000001e+03
1.8315830759999999e+03 6.7603638599999999e+02 1.3292800000000000e+00 1.8864513540000000e+03
1.8418559459999999e+03 6.8126513499999999e+02 1.3347199999999999e+00 1.8903767730000000e+03
1.8521501559999999e+03 6.8650834799999996e+02 1.3401600000000000e+00 1.8942970410000000e+03
1.8624656789999999e+03 6.9176597100000004e+02 1.3455999999999999e+00 1.8982121600000000e+03
1.8728024860000000e+03 6.9703795000000002e+02 1.3510400000000000e+00 1.9021221290000001e+03
1.8831605500000001e+03 7.0232422999999994e+02 1.3564799999999999e+00 1.9060269510000001e+03
1.8935398430000000e+03 7.0762475800000004e+02 1.3619200000000000e+00 1.9099266279999999e+03
1.9039403359999999e+03 7.1293948200000000e+02 1.3673599999999999e+00 1.9138211620000000e+03
1.9143620030000000e+03 7.1826834699999995e+02 1.3728000000000000e+00 1.9177105540000000e+03
1.9248048130000000e+03 7.2361130300000002e+02 1.3782399999999999e+00 1.9215948089999999e+03
1.9352687410000001e+03 7.2896829800000000e+02 1.3836800000000000e+00 1.9254739279999999e+03
1.9457537570000000e+03 7.3433928000000003e+02 1.3891199999999999e+00 1.9293479150000001e+03
1.9562598350000001e+03 7.3972419700000000e+02 1.3945600000000000e+00 1.9332167740000000e+03
1.9667869450000001e+03 7.4512300000000005e+02 1.3999999999999999e+00 1.9370805080000000e+03
