# epsilon[MeV/fm^3] P[MeV/fm^3] nB[fm^-3] muB[MeV]
4.3514892049562272e-07 9.0000000794219998e-12 4.6796200000000002e-10 9.2990010724260003e+02
5.4394952759824855e-07 1.2854500250148002e-11 5.8496400000000005e-10 9.2990743275720001e+02
6.8239664606092796e-07 1.8414700022552000e-11 7.3384599999999997e-10 9.2991587774760001e+02
8.5763463874259032e-07 2.6380199998860002e-11 9.2229000000000003e-10 9.2992551188760001e+02
1.0799253715994732e-06 3.7791099667920001e-11 1.1613300000000000e-09 9.2993648532329996e+02
1.3625442882637764e-06 5.4137899979800000e-11 1.4652400000000000e-09 9.2994894782519998e+02
1.7226605254650248e-06 7.7555599791040007e-11 1.8524800000000000e-09 9.2996308925910000e+02
2.1826057027272589e-06 1.1110299984364001e-10 2.3470600000000000e-09 9.2997909967860005e+02
2.7713348204539073e-06 1.5916099965360000e-10 2.9801100000000000e-09 9.2999716876169998e+02
3.5266032513682487e-06 2.2800800111288001e-10 3.7922200000000000e-09 9.3001754656409992e+02
4.4975537964996660e-06 3.2663399940042002e-10 4.8362200000000001e-09 9.3004045271789994e+02
4.5807460305493105e-06 3.3555999792714001e-10 4.9256699999999996e-09 9.3004228160820003e+02
4.7281205653478515e-06 3.3656599963290001e-10 5.0841300000000003e-09 9.3004248152130003e+02
6.5759177435918250e-06 5.4515600232911993e-10 7.0708799999999999e-09 9.3007696075620004e+02
9.1998724984833464e-06 8.8567000200420000e-10 9.8920399999999997e-09 9.3011730648750006e+02
1.2918168885426129e-05 1.4388700552640002e-09 1.3889600000000001e-08 9.3016406831190000e+02
1.8201380444258739e-05 2.3376200076990001e-09 1.9569300000000001e-08 9.3021808578930006e+02
2.5725895950178280e-05 3.7977398937599994e-09 2.7657999999999999e-08 9.3028025838780002e+02
3.6463989818522291e-05 6.1698799253159997e-09 3.9200400000000002e-08 9.3035162548649998e+02
5.1813630126296458e-05 1.0023700173792000e-08 5.5698400000000002e-08 9.3043332628019994e+02
7.3785560512054020e-05 1.6284700005120000e-08 7.9311899999999997e-08 9.3052664006250006e+02
1.0527189036420272e-04 2.6456400399219999e-08 1.1314700000000000e-07 9.3063298613190000e+02
1.5043483705694415e-04 4.2981499428689995e-08 1.6167299999999999e-07 9.3075400323120004e+02
1.5143539825673478e-04 4.3369399516159995e-08 1.6274800000000000e-07 9.3075639185940008e+02
1.5666718390755263e-04 4.3499599327679997e-08 1.6836899999999999e-07 9.3075719132400002e+02
1.8247319946392853e-04 5.3487099479700000e-08 1.9609400000000001e-07 9.3081203831400001e+02
2.1304949570856091e-04 6.5965099669560007e-08 2.2894200000000001e-07 9.3087079295249998e+02
2.4880173202308656e-04 8.1354199584480006e-08 2.6734800000000002e-07 9.3093285559410003e+02
2.9061049213158235e-04 1.0033299847065000e-07 3.1225699999999999e-07 9.3099838615049998e+02
3.3950651358852186e-04 1.2374000051775000e-07 3.6477499999999998e-07 9.3106758453479995e+02
3.9669496520679297e-04 1.5260700009555001e-07 4.2619500000000001e-07 9.3114063056550003e+02
4.6358813252914599e-04 1.8820900209407997e-07 4.9803199999999997e-07 9.3121772415570001e+02
5.4183717856390442e-04 2.3211699768180001e-07 5.8205699999999998e-07 9.3129908512530005e+02
6.3337419989345891e-04 2.8626699988691999e-07 6.8034199999999997e-07 9.3138494352930002e+02
7.4046361643000222e-04 3.5305100162730003e-07 7.9531500000000002e-07 9.3147551899979999e+02
7.4543957324912111e-04 3.5623800038969997e-07 8.0065699999999999e-07 9.3147951660449996e+02
7.7046470619140960e-04 3.5730600246279002e-07 8.2752300000000002e-07 9.3148080575760002e+02
7.7218701201869997e-04 3.5837800248323999e-07 8.2937200000000002e-07 9.3148210505190002e+02
7.7564281539113634e-04 3.6053199741144001e-07 8.3308200000000005e-07 9.3148469349929996e+02
7.7911352986319152e-04 3.6269800105895999e-07 8.3680799999999998e-07 9.3148728185280004e+02
7.8260009510663572e-04 3.6487800290032998e-07 8.4055099999999997e-07 9.3148988034750005e+02
7.8610250285012515e-04 3.6706999922346001e-07 8.4431100000000000e-07 9.3149248879559991e+02
7.8962075319254110e-04 3.6927600351839998e-07 8.4808799999999996e-07 9.3149508719639994e+02
7.9315485471188711e-04 3.7149499796798001e-07 8.5188199999999998e-07 9.3149769564450003e+02
7.9670479058673201e-04 3.7372699824480005e-07 8.5569300000000004e-07 9.3150031404599997e+02
8.0027057791247260e-04 3.7597299948234002e-07 8.5952100000000004e-07 9.3150293244750003e+02
8.0385221698387247e-04 3.7823200230633998e-07 8.6336599999999998e-07 9.3150555094289996e+02
8.0745063029167934e-04 3.8050499711466001e-07 8.6722899999999999e-07 9.3150817929779998e+02
8.1106395596088781e-04 3.8279099715107999e-07 8.7110800000000002e-07 9.3151080774659999e+02
8.1469498722525535e-04 3.8509200436278001e-07 8.7500600000000005e-07 9.3151343619540000e+02
8.1834093096975699e-04 3.8740599815679997e-07 8.7891999999999998e-07 9.3151607459759998e+02
8.3652972322216491e-04 3.8856800310954005e-07 8.9844600000000005e-07 9.3151737379799999e+02
8.9649746606902973e-04 4.2637900225708002e-07 9.6282100000000007e-07 9.3155798930399999e+02
9.6293679962426715e-04 4.6927300060880000e-07 1.0341400000000000e-06 9.3160093353000002e+02
1.0343084479593990e-03 5.1648199988999994e-07 1.1107499999999999e-06 9.3164493704189999e+02
1.1110033276598183e-03 5.6844100521450010e-07 1.1930700000000001e-06 9.3169002988770001e+02
1.1934040547386528e-03 6.2562700512179996e-07 1.2815100000000000e-06 9.3173623206809998e+02
1.2819398888523502e-03 6.8856500094819997e-07 1.3765300000000001e-06 9.3178357353719991e+02
1.3770588621277026e-03 7.5783499966439992e-07 1.4786100000000000e-06 9.3183208434300002e+02
1.4792742600387720e-03 8.3407400117300003e-07 1.5882999999999999e-06 9.3188178448619999e+02
1.5890902438860661e-03 9.1798299673799988e-07 1.7061399999999999e-06 9.3193271378040004e+02
1.7070948934908867e-03 1.0103300084124001e-06 1.8327600000000000e-06 9.3198488236679998e+02
1.7418302566492478e-03 1.0379399925766002e-06 1.8700300000000001e-06 9.3199978345169995e+02
1.8026805910135908e-03 1.0410599913928000e-06 1.9353200000000000e-06 9.3200143242960007e+02
2.0389359400714486e-03 1.2275099896319999e-06 2.1888000000000001e-06 9.3209187794249999e+02
2.3114099463439177e-03 1.4516999917321999e-06 2.4811100000000001e-06 9.3218792017709995e+02
2.6204004641994278e-03 1.7168400063888003e-06 2.8125600000000001e-06 9.3228811983419996e+02
2.9707928967162671e-03 2.0304000155634000e-06 3.1883800000000001e-06 9.3239264696670000e+02
3.3681648965264784e-03 2.4012300084080001e-06 3.6145400000000001e-06 9.3250170129989999e+02
3.8188055776886142e-03 2.8397900147328003e-06 4.0977700000000004e-06 9.3261546284010001e+02
4.3298558716110781e-03 3.3584500068246004e-06 4.6457100000000001e-06 9.3273413140649996e+02
4.9094492242661523e-03 3.9718300068571995e-06 5.2670599999999997e-06 9.3285792691289998e+02
5.5667590537662745e-03 4.6972400276543001e-06 5.9716300000000001e-06 9.3298704917850000e+02
6.3122329168583428e-03 5.5551399798486997e-06 6.7705900000000002e-06 9.3312173811779996e+02
6.3691536418958340e-03 5.6221100036384002e-06 6.8315900000000001e-06 9.3313158221820004e+02
6.6107787783348925e-03 5.6389700285964000e-06 7.0905299999999997e-06 9.3313397075249998e+02
7.1832281514335565e-03 6.2999099885847007e-06 7.7039700000000007e-06 9.3322329697740008e+02
7.8228640480689938e-03 7.0594400109160007e-06 8.3893400000000006e-06 9.3331767013950002e+02
8.5195476220300548e-03 7.9105299722335996e-06 9.1357600000000004e-06 9.3341477175390003e+02
9.2783521214718639e-03 8.8642300383220009e-06 9.9486500000000000e-06 9.3351470163630006e+02
1.0104791977484120e-02 9.9329099737559988e-06 1.0833900000000000e-05 9.3361751969490001e+02
1.1005037422914624e-02 1.1130399980334000e-05 1.1798100000000000e-05 9.3372332602710003e+02
1.1985504705131824e-02 1.2472300012974001e-05 1.2848100000000000e-05 9.3383220044789994e+02
1.3053499763127112e-02 1.3976000053347000e-05 1.3991700000000000e-05 9.3394422305399996e+02
1.4216706487829026e-02 1.5661000693130000e-05 1.5237100000000000e-05 9.3405949366109996e+02
1.5483652631007537e-02 1.7549100191680000e-05 1.6593399999999999e-05 9.3417811227269999e+02
1.5623499832828706e-02 1.7760599953030001e-05 1.6743099999999999e-05 9.3419079468840005e+02
1.6269961736847121e-02 1.7813900213129999e-05 1.7435099999999998e-05 9.3419395273319992e+02
1.7094324515795702e-02 1.9027400207749999e-05 1.8317499999999999e-05 9.3426180186839997e+02
1.8000874089488257e-02 2.0384500450440000e-05 1.9287799999999999e-05 9.3433394852489994e+02
1.8955614232225096e-02 2.1838399047120000e-05 2.0309599999999999e-05 9.3440734433310001e+02
1.9960983560824267e-02 2.3396100553499999e-05 2.1385500000000000e-05 9.3448202938830002e+02
2.1019794814794490e-02 2.5064799654149998e-05 2.2518500000000001e-05 9.3455801364390004e+02
2.2134768910989058e-02 2.6852600343399999e-05 2.3711500000000002e-05 9.3463531710059999e+02
2.3309000859656603e-02 2.8767899159999994e-05 2.4967799999999998e-05 9.3471396971249999e+02
2.4545494036103295e-02 3.0819700065419999e-05 2.6290599999999999e-05 9.3479400162150000e+02
2.5847718880420045e-02 3.3017999946119998e-05 2.7683600000000000e-05 9.3487541254589996e+02
2.7219055484112444e-02 3.5372998881120002e-05 2.9150400000000001e-05 9.3495825272219997e+02
2.7775365070038964e-02 3.6339601209739997e-05 2.9745400000000002e-05 9.3499105302509997e+02
2.8289610775747390e-02 3.6448598719180002e-05 3.0295400000000001e-05 9.3499466085090000e+02
2.8802930737171755e-02 3.7332599735440002e-05 3.0844399999999999e-05 9.3502356336480000e+02
2.9391538203060320e-02 3.8352800962709990e-05 3.1473899999999997e-05 9.3505628375879996e+02
2.9992229144074897e-02 3.9400800335690003e-05 3.2116300000000003e-05 9.3508923392610006e+02
3.0605097595990186e-02 4.0477499896860003e-05 3.2771700000000003e-05 9.3512239395989991e+02
3.1230612131930052e-02 4.1583600119840003e-05 3.3440600000000000e-05 9.3515578386089999e+02
3.1868867160453597e-02 4.2719998743180005e-05 3.4123099999999999e-05 9.3518940362910007e+02
3.2520144922003676e-02 4.3887298648500002e-05 3.4819500000000001e-05 9.3522325326449993e+02
3.3184820445813230e-02 4.5086601561120004e-05 3.5530200000000001e-05 9.3525732271979996e+02
3.3862987887692660e-02 4.6318701748649993e-05 3.6255299999999998e-05 9.3529163208960006e+02
3.4555116462740516e-02 4.7584401826990007e-05 3.6995300000000001e-05 9.3532617123270006e+02
3.4710848908415574e-02 4.7870299693839997e-05 3.7161800000000001e-05 9.3533387666670001e+02
3.5705765632703390e-02 4.8013899962450004e-05 3.8225500000000002e-05 9.3533768431169995e+02
3.6190650245182691e-02 4.8884701265269996e-05 3.8743900000000000e-05 9.3536029073669999e+02
3.6764595537185744e-02 4.9920498059249994e-05 3.9357499999999997e-05 9.3538680481020003e+02
3.7347724170046170e-02 5.0978398185919999e-05 3.9980900000000002e-05 9.3541345870079999e+02
3.7940129948432849e-02 5.2058599241440000e-05 4.0614200000000002e-05 9.3544024264290010e+02
3.8541907483377907e-02 5.3161699756499999e-05 4.1257500000000003e-05 9.3546717635549999e+02
3.9153244015328124e-02 5.4288198430999997e-05 4.1910999999999999e-05 9.3549425007299999e+02
3.9774234210732992e-02 5.5438601263319996e-05 4.2574799999999998e-05 9.3552146370150001e+02
4.0405159191034282e-02 5.6613297948239995e-05 4.3249199999999999e-05 9.3554882728830000e+02
4.1046019389420471e-02 5.7812899551080002e-05 4.3934199999999997e-05 9.3557633069220003e+02
4.1697190276124625e-02 5.9037997871239995e-05 4.4630199999999998e-05 9.3560397410099995e+02
4.2358578444415006e-02 6.0288999023690009e-05 4.5337100000000003e-05 9.3563177732760005e+02
4.2549448380963861e-02 6.0651299975859995e-05 4.5541099999999997e-05 9.3563974248900001e+02
4.3740238175900857e-02 6.0833198906699995e-05 4.6813800000000002e-05 9.3564365013750000e+02
4.5854886274473032e-02 6.4782902450840000e-05 4.9073799999999998e-05 9.3572599057799994e+02
4.8180087401599556e-02 6.9195997901699998e-05 5.1558599999999998e-05 9.3581365787159996e+02
5.0623240020302433e-02 7.3909702371599995e-05 5.4169200000000003e-05 9.3590278418340006e+02
5.3190452397117956e-02 7.8944498346630003e-05 5.6912100000000000e-05 9.3599338970190001e+02
5.5887837732656438e-02 8.4322299027779992e-05 5.9793799999999997e-05 9.3608550419339997e+02
5.8722166587791814e-02 9.0066499795649990e-05 6.2821499999999995e-05 9.3617915789369999e+02
6.1700398546921942e-02 9.6201898222459989e-05 6.6002599999999997e-05 9.3627437052180005e+02
6.4829683480590566e-02 1.0275499726340999e-04 6.9344700000000000e-05 9.3637116226620003e+02
6.8117831355171340e-02 1.0975499711746999e-04 7.2856100000000002e-05 9.3646956308100005e+02
7.1572933822013338e-02 1.1723199746169999e-04 7.6545399999999994e-05 9.3656960282640000e+02
7.2872355791586060e-02 1.2007500056640000e-04 7.7932800000000000e-05 9.3660639068670002e+02
7.6294350046888545e-02 1.2043499631464001e-04 8.1586400000000002e-05 9.3661091798129996e+02
7.8557740452832786e-02 1.2521799885310001e-04 8.4002899999999995e-05 9.3666865324139997e+02
8.1070439170188191e-02 1.3058099681828001e-04 8.6685400000000002e-05 9.3673145543940007e+02
8.3663493660002267e-02 1.3617299667415003e-04 8.9453500000000007e-05 9.3679492723830003e+02
8.6339540033127660e-02 1.4200499619000000e-04 9.2310000000000002e-05 9.3685905859080003e+02
8.9101308842231525e-02 1.4808700429182000e-04 9.5257800000000001e-05 9.3692387963880003e+02
9.1951438062670962e-02 1.5442999846642999e-04 9.8299699999999997e-05 9.3698938014720000e+02
9.3544637803481184e-02 1.5800363917307320e-04 1.0000000000000000e-04 9.3702641442654260e+02
9.5903459167267141e-02 1.5931478744667343e-04 1.0251689650553319e-04 9.3704332875048533e+02
9.8321760564937397e-02 1.6067020250612723e-04 1.0509721235729082e-04 9.3706035163559295e+02
1.0080104184488468e-01 1.6207137887983339e-04 1.0774254525309723e-04 9.3707748398362776e+02
1.0334284067567502e-01 1.6351986155422791e-04 1.1045453313059125e-04 9.3709472670399941e+02
1.0594873349972136e-01 1.6501724767734074e-04 1.1323485518036289e-04 9.3711208071382669e+02
1.0862033651100488e-01 1.6656518831986727e-04 1.1608523288458615e-04 9.3712954693800259e+02
1.1135930665745018e-01 1.6816539029569725e-04 1.1900743108178921e-04 9.3714712630925840e+02
1.1416734266857692e-01 1.6981961804390770e-04 1.2200325905842024e-04 9.3716481976822797e+02
1.1704618610906416e-01 1.7152969557429577e-04 1.2507457166788174e-04 9.3718262826351247e+02
1.1999762245888185e-01 1.7329750847859611e-04 1.2822327047772454e-04 9.3720055275174889e+02
1.2302348222065852e-01 1.7512500600960082e-04 1.3145130494571011e-04 9.3721859419767361e+02
1.2612564205497273e-01 1.7701420323047425e-04 1.3476067362546638e-04 9.3723675357419086e+02
1.2930602594427154e-01 1.7896718323663247e-04 1.3815342540248154e-04 9.3725503186244066e+02
1.3256660638613896e-01 1.8098609945263797e-04 1.4163166076119926e-04 9.3727343005186663e+02
1.3590940561665338e-01 1.8307317800664123e-04 1.4519753308399639e-04 9.3729194914028517e+02
1.3933649686459318e-01 1.8523072018498808e-04 1.4885324998284574e-04 9.3731059013395429e+02
1.4285000563726877e-01 1.8746110496969918e-04 1.5260107466448538e-04 9.3732935404764464e+02
1.4645211103877784e-01 1.8976679166161930e-04 1.5644332732993698e-04 9.3734824190470988e+02
1.5014504712150178e-01 1.9215032259212929e-04 1.6038238660923709e-04 9.3736725473715671e+02
1.5393110427168152e-01 1.9461432592640987e-04 1.6442069103226611e-04 9.3738639358572038e+02
1.5781263062993195e-01 1.9716151856134957e-04 1.6856074053658358e-04 9.3740565949993356e+02
1.6179203354757610e-01 1.9979470912129060e-04 1.7280509801319947e-04 9.3742505353819990e+02
1.6587178107970232e-01 2.0251680105491736e-04 1.7715639089123503e-04 9.3744457676787056e+02
1.7005440351587001e-01 2.0533079583670086e-04 1.8161731276245137e-04 9.3746423026531647e+02
1.7434249494941423e-01 2.0823979627643052e-04 1.8619062504664875e-04 9.3748401511600389e+02
1.7873871488632137e-01 2.1124700994048156e-04 1.9087915869896207e-04 9.3750393241457073e+02
1.8324578989467430e-01 2.1435575268859033e-04 1.9568581596010785e-04 9.3752398326490220e+02
1.8786651529569026e-01 2.1756945233003855e-04 2.0061357215066136e-04 9.3754416878020902e+02
1.9260375689739964e-01 2.2089165240327639e-04 2.0566547751047103e-04 9.3756449008310426e+02
1.9746045277204133e-01 2.2432601608315277e-04 2.1084465908434473e-04 9.3758494830568191e+02
2.0243961507827671e-01 2.2787633022006100e-04 2.1615432265517071e-04 9.3760554458959689e+02
2.0754433192935276e-01 2.3154650951545357e-04 2.2159775472566624e-04 9.3762628008614422e+02
2.1277776930837283e-01 2.3534060083832981e-04 2.2717832454997603e-04 9.3764715595633891e+02
2.1814317303186267e-01 2.3926278768745621e-04 2.3289948621637235e-04 9.3766817337099951e+02
2.2364387076284967e-01 2.4331739480423960e-04 2.3876478078234300e-04 9.3768933351082694e+02
2.2928327407470420e-01 2.4750889294133927e-04 2.4477783846338233e-04 9.3771063756648994e+02
2.3506488056702274e-01 2.5184190379227669e-04 2.5094238087683635e-04 9.3773208673870647e+02
2.4099227603486481e-01 2.5632120508747728e-04 2.5726222334218385e-04 9.3775368223832891e+02
2.4706913669268954e-01 2.6095173586236441e-04 2.6374127723917341e-04 9.3777542528642925e+02
2.5329923145437100e-01 2.6573860190331382e-04 2.7038355242526988e-04 9.3779731711438342e+02
2.5968642427070671e-01 2.7068708137747375e-04 2.7719315971390048e-04 9.3781935896395794e+02
2.6623467652586835e-01 2.7580263065265798e-04 2.8417431341502835e-04 9.3784155208739833e+02
2.7294804949428109e-01 2.8109089031372884e-04 2.9133133393961986e-04 9.3786389774751513e+02
2.7983070685945655e-01 2.8655769138210527e-04 2.9866865046961164e-04 9.3788639721777383e+02
2.8688691729634003e-01 2.9220906174525245e-04 3.0619080369502342e-04 9.3790905178238336e+02
2.9412105711877368e-01 2.9805123280324236e-04 3.1390244861990128e-04 9.3793186273638662e+02
3.0153761299371923e-01 3.0409064633971571e-04 3.2180835743882505e-04 9.3795483138575207e+02
3.0914118472392182e-01 3.1033396162481915e-04 3.2991342248574901e-04 9.3797795904746431e+02
3.1693648810074182e-01 3.1678806275795137e-04 3.3822265925699600e-04 9.3800124704961661e+02
3.2492835782892299e-01 3.2346006625841344e-04 3.4674120951026473e-04 9.3802469673150529e+02
3.3312175052511256e-01 3.3035732891233377e-04 3.5547434444156408e-04 9.3804830944372304e+02
3.4152174779199124e-01 3.3748745588451983e-04 3.6442746794202840e-04 9.3807208654825467e+02
3.5013355936992097e-01 3.4485830910418070e-04 3.7360611993662347e-04 9.3809602941857167e+02
3.5896252636806392e-01 3.5247801593376709e-04 3.8301597980679782e-04 9.3812013943972920e+02
3.6801412457697863e-01 3.6035497813048791e-04 3.9266286989918990e-04 9.3814441800846498e+02
3.7729396786474473e-01 3.6849788111038324e-04 4.0255275912255174e-04 9.3816886653329550e+02
3.8680781165872652e-01 3.7691570352517054e-04 4.1269176663510666e-04 9.3819348643461603e+02
3.9656155651513053e-01 3.8561772716242201e-04 4.2308616562460884e-04 9.3821827914480150e+02
4.0656125177857494e-01 3.9461354717999113e-04 4.3374238718343861e-04 9.3824324610830558e+02
4.1681309933393701e-01 4.0391308268597080e-04 4.4466702428111476e-04 9.3826838878176375e+02
4.2732345745280859e-01 4.1352658767585259e-04 4.5586683583667497e-04 9.3829370863409611e+02
4.3809884473694249e-01 4.2346466233894234e-04 4.6734875089342971e-04 9.3831920714660987e+02
4.4914594416113829e-01 4.3373826474650318e-04 4.7911987289866260e-04 9.3834488581310472e+02
4.6047160721807151e-01 4.4435872293451038e-04 4.9118748409091072e-04 9.3837074613997709e+02
4.7208285816764117e-01 4.5533774739434340e-04 5.0355904999752836e-04 9.3839678964632833e+02
4.8398689839346715e-01 4.6668744398518621e-04 5.1624222404530312e-04 9.3842301786406927e+02
4.9619111086924100e-01 4.7842032728237342e-04 5.2924485228696106e-04 9.3844943233803042e+02
5.0870306473770188e-01 4.9054933437640326e-04 5.4257497824647491e-04 9.3847603462607060e+02
5.2153052000507383e-01 5.0308783913782806e-04 5.5624084788615457e-04 9.3850282629918604e+02
5.3468143235387955e-01 5.1604966696375612e-04 5.7025091469857991e-04 9.3852980894162181e+02
5.4816395807711282e-01 5.2944911002222070e-04 5.8461384492650831e-04 9.3855698415098459e+02
5.6198645913683298e-01 5.4330094301122947e-04 5.9933852291397356e-04 9.3858435353835466e+02
5.7615750835031365e-01 5.5762043944986494e-04 6.1443405659186419e-04 9.3861191872839925e+02
5.9068589470696942e-01 5.7242338851940715e-04 6.2990978310136338e-04 9.3863968135948937e+02
6.0558062881934993e-01 5.8772611247303924e-04 6.4577527455870608e-04 9.3866764308381312e+02
6.2085094851159039e-01 6.0354548463334011e-04 6.6204034396480491e-04 9.3869580556749463e+02
6.3650632454877665e-01 6.1989894799740358e-04 6.7871505126337731e-04 9.3872417049071066e+02
6.5255646651078503e-01 6.3680453447010254e-04 6.9580970955130641e-04 9.3875273954781039e+02
6.6901132881423386e-01 6.5428088474670085e-04 7.1333489144504976e-04 9.3878151444743514e+02
6.8588111688628850e-01 6.7234726886674322e-04 7.3130143560702296e-04 9.3881049691263865e+02
7.0317629349414013e-01 6.9102360746187684e-04 7.4972045343595984e-04 9.3883968868100976e+02
7.2090758523409315e-01 7.1033049372104388e-04 7.6860333592537690e-04 9.3886909150479607e+02
7.3908598918427904e-01 7.3028921609725680e-04 7.8796176069435451e-04 9.3889870715102700e+02
7.5772277972512447e-01 7.5092178178099540e-04 8.0780769919495791e-04 9.3892853740163969e+02
7.7682951553180657e-01 7.7225094096611182e-04 8.2815342410073737e-04 9.3895858405360457e+02
7.9641804674302796e-01 7.9430021193499501e-04 8.4901151688084281e-04 9.3898884891905436e+02
8.1650052231056081e-01 8.1709390699065811e-04 8.7039487556441766e-04 9.3901933382541165e+02
8.3708939753411560e-01 8.4065715926433943e-04 8.9231672270004172e-04 9.3905004061551779e+02
8.5819744178621160e-01 8.6501595042817985e-04 9.1479061351512115e-04 9.3908097114776513e+02
8.7983774643183399e-01 8.9019713934352816e-04 9.3783044428023376e-04 9.3911212729622866e+02
9.0202373294779703e-01 9.1622849167646966e-04 9.6145046088358583e-04 9.3914351095079780e+02
9.2476916124684172e-01 9.4313871051322599e-04 9.8566526762083428e-04 9.3917512401731290e+02
9.4808813821163629e-01 9.7095746800919080e-04 1.0104898362056924e-03 9.3920696841769893e+02
9.7199512644396890e-01 9.9971543810649377e-04 1.0359395150068482e-03 9.3923904609010242e+02
9.9650495323455934e-01 1.0294443303561676e-03 1.0620300385168738e-03 9.3927135898902964e+02
1.0216328197590547e+00 1.0601769248822189e-03 1.0887775370589479e-03 9.3930390908548554e+02
1.0473943105059123e+00 1.0919471085261475e-03 1.1161985467373547e-03 9.3933669836711476e+02
1.0738054029420119e+00 1.1247899122117703e-03 1.1443100196378727e-03 9.3936972883833971e+02
1.1008824774220001e+00 1.1587415495715515e-03 1.1731293342843161e-03 9.3940300252050827e+02
1.1286423273475070e+00 1.1938394568770324e-03 1.2026743063576657e-03 9.3943652145203464e+02
1.1571021695825401e+00 1.2301223343173836e-03 1.2329631996843642e-03 9.3947028768854409e+02
1.1862796551315062e+00 1.2676301886715923e-03 1.2640147375005209e-03 9.3950430330302095e+02
1.2161928800864985e+00 1.3064043774213513e-03 1.2958481139989596e-03 9.3953857038595595e+02
1.2468603968506242e+00 1.3464876543532722e-03 1.3284830061661892e-03 9.3957309104549472e+02
1.2783012256443449e+00 1.3879242167007205e-03 1.3619395859165719e-03 9.3960786740758954e+02
1.3105348663019543e+00 1.4307597538772382e-03 1.3962385325311378e-03 9.3964290161614849e+02
1.3435813103655214e+00 1.4750414978553028e-03 1.4314010454086852e-03 9.3967819583319090e+02
1.3774610534837923e+00 1.5208182752459636e-03 1.4674488571369956e-03 9.3971375223899997e+02
1.4121951081237445e+00 1.5681405611367865e-03 1.5044042468921877e-03 9.3974957303227939e+02
1.4478050166026708e+00 1.6170605347474584e-03 1.5422900541744334e-03 9.3978566043030980e+02
1.4843128644488863e+00 1.6676321369644370e-03 1.5811296928884705e-03 9.3982201666910862e+02
1.5217412940993347e+00 1.7199111298180708e-03 1.6209471657775568e-03 9.3985864400358741e+02
1.5601135189425976e+00 1.7739551579677823e-03 1.6617670792197187e-03 9.3989554470771463e+02
1.5994533377160056e+00 1.8298238122630938e-03 1.7036146583953708e-03 9.3993272107467794e+02
1.6397851492657936e+00 1.8875786954506021e-03 1.7465157628356268e-03 9.3997017541704838e+02
1.6811339676794463e+00 1.9472834900993391e-03 1.7904969023608314e-03 9.4000791006694590e+02
1.7235254377996174e+00 2.0090040288194100e-03 1.8355852534190911e-03 9.4004592737620555e+02
1.7669858511292520e+00 2.0728083668513529e-03 1.8818086758348321e-03 9.4008422971654693e+02
1.8115421621377699e+00 2.1387668571062435e-03 1.9291957299776567e-03 9.4012281947974327e+02
1.8572220049784305e+00 2.2069522277392969e-03 1.9777756943620320e-03 9.4016169907779295e+02
1.9040537106272328e+00 2.2774396623424877e-03 2.0275785836885909e-03 9.4020087094309258e+02
1.9520663244540006e+00 2.3503068828446307e-03 2.0786351673381318e-03 9.4024033752861067e+02
2.0012896242365321e+00 2.4256342352103168e-03 2.1309769883296314e-03 9.4028010130806558e+02
2.0517541386290032e+00 2.5035047780322113e-03 2.1846363827539264e-03 9.4032016477610011e+02
2.1034911660960569e+00 2.5840043741143718e-03 2.2396464996949348e-03 9.4036053044846255e+02
2.1565327943243480e+00 2.6672217851476110e-03 2.2960413216506731e-03 9.4040120086218690e+02
2.2109119201235590e+00 2.7532487695812575e-03 2.3538556854665561e-03 9.4044217857577416e+02
2.2666622698292520e+00 2.8421801837992659e-03 2.4131253037938294e-03 9.4048346616937681e+02
2.3238184202201810e+00 2.9341140867121928e-03 2.4738867870862545e-03 9.4052506624498528e+02
2.3824158199630721e+00 3.0291518478804155e-03 2.5361776661485696e-03 9.4056698142661298e+02
2.4424908115981494e+00 3.1273982592877831e-03 2.6000364152505093e-03 9.4060921436048648e+02
2.5040806540790421e+00 3.2289616508889424e-03 2.6655024758205454e-03 9.4065176771523488e+02
2.5672235458810659e+00 3.3339540100577672e-03 2.7326162807338808e-03 9.4069464418208247e+02
2.6319586486921973e+00 3.4424911050685769e-03 2.8014192792095573e-03 9.4073784647504294e+02
2.6983261117014483e+00 3.5546926127463284e-03 2.8719539623319433e-03 9.4078137733111362e+02
2.7663670964996805e+00 3.6706822504264827e-03 2.9442638892122029e-03 9.4082523951047278e+02
2.8361238026083346e+00 3.7905879123701068e-03 3.0183937138057956e-03 9.4086943579668014e+02
2.9076394936518808e+00 3.9145418107845885e-03 3.0943892124024072e-03 9.4091396899687584e+02
2.9809585241902465e+00 4.0426806216054849e-03 3.1722973118051613e-03 9.4095884194198356e+02
3.0561263672278307e+00 4.1751456352002040e-03 3.2521661182163264e-03 9.4100405748691435e+02
3.1331896424162058e+00 4.3120829121597627e-03 3.3340449468472364e-03 9.4104961851077405e+02
3.2121961449679635e+00 4.4536434443503223e-03 3.4179843522705259e-03 9.4109552791706972e+02
3.2931948752996694e+00 4.5999833214021620e-03 3.5040361595332732e-03 9.4114178863391862e+02
3.3762360694222697e+00 4.7512639028195799e-03 3.5922534960500384e-03 9.4118840361426260e+02
3.4613712300978436e+00 4.9076519959015798e-03 3.6826908242953843e-03 9.4123537583607890e+02
3.5486531587820016e+00 5.0693200396694869e-03 3.7754039753158239e-03 9.4128270830259737e+02
3.6381359883717264e+00 5.2364462950042620e-03 3.8704501830817040e-03 9.4133040404251597e+02
3.7298752167790048e+00 5.4092150412032528e-03 3.9678881197000538e-03 9.4137846611022167e+02
3.8239277413510377e+00 5.5878167791730228e-03 4.0677779315099081e-03 9.4142689758601023e+02
3.9203518941584030e+00 5.7724484414823831e-03 4.1701812760822059e-03 9.4147570157630980e+02
4.0192074781730263e+00 5.9633136095071622e-03 4.2751613601468364e-03 9.4152488121390650e+02
4.1205558043584309e+00 6.1606227379062042e-03 4.3827829784700819e-03 9.4157443965817095e+02
4.2244597296952486e+00 6.3645933866761000e-03 4.4931125537061656e-03 9.4162438009528807e+02
4.3309836961655925e+00 6.5754504610405096e-03 4.6062181772473180e-03 9.4167470573848595e+02
4.4401937707204358e+00 6.7934264594385688e-03 4.7221696510972386e-03 9.4172541982827249e+02
4.5521576862548319e+00 7.0187617298858671e-03 4.8410385307936458e-03 9.4177652563266849e+02
4.6669448836163507e+00 7.2517047349906312e-03 4.9628981694060537e-03 9.4182802644744504e+02
4.7846265546728191e+00 7.4925123259173831e-03 5.0878237626357133e-03 9.4187992559636371e+02
4.9052756864660232e+00 7.7414500256000321e-03 5.2158923950451977e-03 9.4193222643141780e+02
5.0289671064788246e+00 7.9987923215168524e-03 5.3471830874459413e-03 9.4198493233307750e+02
5.1557775290437116e+00 8.2648229683500336e-03 5.4817768454726284e-03 9.4203804671053285e+02
5.2857856029216057e+00 8.5398353008636092e-03 5.6197567093740847e-03 9.4209157300194568e+02
5.4190719600803865e+00 8.8241325573446723e-03 5.7612078050510848e-03 9.4214551467469619e+02
5.5557192657034458e+00 9.1180282139646084e-03 5.9062173963722294e-03 9.4219987522563849e+02
5.6958122694592497e+00 9.4218463304289891e-03 6.0548749387998270e-03 9.4225465818135422e+02
5.8394378580636941e+00 9.7359219072971747e-03 6.2072721343584738e-03 9.4230986709840909e+02
5.9866851091678983e+00 1.0060601255365776e-02 6.3635029879799097e-03 9.4236550556361522e+02
6.1376453466048169e+00 1.0396242377523105e-02 6.5236638652585322e-03 9.4242157719428940e+02
6.2924121970289679e+00 1.0743215363495817e-02 6.6878535516527579e-03 9.4247808563851936e+02
6.4510816479843580e+00 1.1101902797922837e-02 6.8561733131683690e-03 9.4253503457542877e+02
6.6137521074366754e+00 1.1472700182206683e-02 7.0287269585608400e-03 9.4259242771544848e+02
6.7805244648066347e+00 1.1856016370607235e-02 7.2056209030946002e-03 9.4265026880058542e+02
6.9515021535423527e+00 1.2252274021058884e-02 7.3869642338980825e-03 9.4270856160469805e+02
7.1267912152695168e+00 1.2661910061208009e-02 7.5728687769543671e-03 9.4276730993377225e+02
7.3065003655591987e+00 1.3085376170184829e-02 7.7634491657683352e-03 9.4282651762619957e+02
7.4907410613540470e+00 1.3523139276640702e-02 7.9588229117521052e-03 9.4288618855305731e+02
7.6796275700947216e+00 1.3975682073600146e-02 8.1591104763716598e-03 9.4294632661839535e+02
7.8732770405893824e+00 1.4443503550695128e-02 8.3644353450986284e-03 9.4300693575951959e+02
8.0718095756702546e+00 1.4927119544368622e-02 8.5749241032122697e-03 9.4306801994728266e+02
8.2753483066823108e+00 1.5427063306654096e-02 8.7907065134978299e-03 9.4312958318637561e+02
8.4840194698502067e+00 1.5943886093157913e-02 9.0119155958885769e-03 9.4319162951561873e+02
8.6979524845709477e+00 1.6478157770893238e-02 9.2386877090999946e-03 9.4325416300826282e+02
8.9172800336807363e+00 1.7030467446635458e-02 9.4711626343058596e-03 9.4331718777228741e+02
9.1421381457458750e+00 1.7601424116492112e-02 9.7094836609071793e-03 9.4338070795069984e+02
9.3726662794286462e+00 1.8191657337403376e-02 9.9537976744460202e-03 9.4344472772184406e+02
9.6090074099806486e+00 1.8801817921313822e-02 1.0204255246717966e-02 9.4350925129970585e+02
9.8513081179170712e+00 1.9432578652780509e-02 1.0461010728137784e-02 9.4357428293422572e+02
1.0099718679927028e+01 2.0084635030808991e-02 1.0724222342414715e-02 9.4363982691160948e+02
1.0354393162076267e+01 2.0758706035735021e-02 1.0994052283594785e-02 9.4370588755464621e+02
1.0615489515360085e+01 2.1455534921997577e-02 1.1270666815529263e-02 9.4377246922302709e+02
1.0883169673665698e+01 2.2175890037677417e-02 1.1554236373829709e-02 9.4383957631366559e+02
1.1157599654204821e+01 2.2920565671704699e-02 1.1844935670371558e-02 9.4390721326102482e+02
1.1438949660478826e+01 2.3690382929670066e-02 1.2142943800409900e-02 9.4397538453744323e+02
1.1727394187840130e+01 2.4486190639204423e-02 1.2448444352372265e-02 9.4404409465346657e+02
1.2023112131715548e+01 2.5308866285926289e-02 1.2761625520395482e-02 9.4411334815818145e+02
1.2326286898558562e+01 2.6159316980988362e-02 1.3082680219674736e-02 9.4418314963955140e+02
1.2637106519599337e+01 2.7038480461290190e-02 1.3411806204694912e-02 9.4425350372475850e+02
1.2955763767463097e+01 2.7947326123459959e-02 1.3749206190416178e-02 9.4432441508054433e+02
1.3282456275729118e+01 2.8886856092745335e-02 1.4095087976487196e-02 9.4439588841355646e+02
1.3617386661504529e+01 2.9858106327992052e-02 1.4449664574561458e-02 9.4446792847070014e+02
1.3960762651088993e+01 3.0862147763928788e-02 1.4813154338794184e-02 9.4454054003948647e+02
1.4312797208808004e+01 3.1900087492017275e-02 1.5185781099598549e-02 9.4461372794839224e+02
1.4673708669094994e+01 3.2973069981170507e-02 1.5567774300742930e-02 9.4468749706721587e+02
1.5043720871903952e+01 3.4082278339684503e-02 1.5959369139871938e-02 9.4476185230744181e+02
1.5423063301536608e+01 3.5228935619775116e-02 1.6360806712536664e-02 9.4483679862260601e+02
1.5811971228970302e+01 3.6414306166158553e-02 1.6772334159821479e-02 9.4491234100866177e+02
1.6210685857774774e+01 3.7639697010162364e-02 1.7194204819656771e-02 9.4498848450435548e+02
1.6619454473708387e+01 3.8906459310904230e-02 1.7626678381909455e-02 9.4506523419160112e+02
1.7038530598086648e+01 4.0215989845127774e-02 1.8070021047345348e-02 9.4514259519585892e+02
1.7468174145017901e+01 4.1569732547337521e-02 1.8524505690559381e-02 9.4522057268652009e+02
1.7908651582604048e+01 4.2969180101932167e-02 1.8990412026972884e-02 9.4529917187728915e+02
1.8360236098206002e+01 4.4415875589090915e-02 1.9468026783998591e-02 9.4537839802657766e+02
1.8823207767876525e+01 4.5911414186228058e-02 1.9957643876477412e-02 9.4545825643789442e+02
1.9297853730065455e+01 4.7457444926891780e-02 2.0459564586492951e-02 9.4553875246024472e+02
1.9784468363705084e+01 4.9055672519046668e-02 2.0974097747672740e-02 9.4561989148853058e+02
2.0283353470786206e+01 5.0707859224744876e-02 2.1501559934087859e-02 9.4570167896395299e+02
2.0794818463537844e+01 5.2415826803258098e-02 2.2042275653864823e-02 9.4578412037442308e+02
2.1319180556327069e+01 5.4181458519813742e-02 2.2596577547627488e-02 9.4586722125497113e+02
2.1856764962397673e+01 5.6006701222149430e-02 2.3164806591888486e-02 9.4595098718816485e+02
2.2407905095569827e+01 5.7893567487175925e-02 2.3747312307513535e-02 9.4603542380452609e+02
2.2972942777025800e+01 5.9844137840115358e-02 2.4344452973384448e-02 9.4612053678295570e+02
2.3552228447309979e+01 6.1860563048561627e-02 2.4956595845390117e-02 9.4620633185116230e+02
2.4146121383674650e+01 6.3945066493992411e-02 2.5584117380877857e-02 9.4629281478609028e+02
2.4754989922906525e+01 6.6099946623348296e-02 2.6227403468700710e-02 9.4637999141435773e+02
2.5379211689771761e+01 6.8327579483380849e-02 2.6886849664999487e-02 9.4646786761269402e+02
2.6019173831221750e+01 7.0630421340565741e-02 2.7562861434862321e-02 9.4655644930838571e+02
2.6675273256504486e+01 7.3011011389468750e-02 2.8255854400007465e-02 9.4664574247972087e+02
2.7347916883330619e+01 7.5471974552551030e-02 2.8966254592638806e-02 9.4673575315644280e+02
2.8037521890246811e+01 7.8016024374501156e-02 2.9694498715627380e-02 9.4682648742020672e+02
2.8744515975372941e+01 8.0645966014284975e-02 3.0441034409176046e-02 9.4691795140503712e+02
2.9469337621663740e+01 8.3364699338213152e-02 3.1206320524128021e-02 9.4701015129779466e+02
3.0212436368858999e+01 8.6175222117435335e-02 3.1990827402084032e-02 9.4710309333864370e+02
3.0974273092291540e+01 8.9080633333388531e-02 3.2795037162497313e-02 9.4719678382152745e+02
3.1755320288725478e+01 9.2084136594843297e-02 3.3619443996919414e-02 9.4729122909464331e+02
3.2556062369402206e+01 9.5189043670315457e-02 3.4464554470574019e-02 9.4738643556092677e+02
3.3376995960475831e+01 9.8398778139738977e-02 3.5330887831440769e-02 9.4748240967853610e+02
3.4218630211024369e+01 1.0171687916942555e-01 3.6218976327035059e-02 9.4757915796134569e+02
3.5081487108827744e+01 1.0514700541447415e-01 3.7129365529074788e-02 9.4767668697943998e+02
3.5966101804108590e+01 1.0869293905293345e-01 3.8062614666229531e-02 9.4777500335961770e+02
3.6873022941436183e+01 1.1235858995616385e-01 3.9019296965152418e-02 9.4787411378589081e+02
3.7802813000000000e+01 1.1614800000000000e-01 4.0000000000000001e-02 9.4797583599999996e+02
4.2961770999999999e+01 1.4763399999999999e-01 4.5440000000000001e-02 9.4871231399999999e+02
4.8124741999999998e+01 1.8333600000000000e-01 5.0880000000000002e-02 9.4945304099999998e+02
5.3291753000000000e+01 2.2340099999999999e-01 5.6320000000000002e-02 9.5019985699999995e+02
5.8462843999999997e+01 2.6808100000000001e-01 6.1760000000000002e-02 9.5095590100000004e+02
6.3638077000000003e+01 3.1775999999999999e-01 6.7199999999999996e-02 9.5172555799999998e+02
6.8817539999999994e+01 3.7296600000000002e-01 7.2639999999999996e-02 9.5251425700000004e+02
7.4001351999999997e+01 4.3437599999999998e-01 7.8079999999999997e-02 9.5332822299999998e+02
7.9189671000000004e+01 5.0281399999999998e-01 8.3519999999999997e-02 9.5417424600000004e+02
8.4382688000000002e+01 5.7924399999999998e-01 8.8959999999999997e-02 9.5505945999999994e+02
8.9580636999999996e+01 6.6476199999999996e-01 9.4399999999999998e-02 9.5599116800000002e+02
9.4783790999999994e+01 7.6058599999999998e-01 9.9839999999999998e-02 9.5697668899999996e+02
9.9992461000000006e+01 8.6804099999999995e-01 1.0528000000000000e-01 9.5802324499999997e+02
1.0520699999999999e+02 9.8855000000000004e-01 1.1072000000000000e-01 9.5913786700000003e+02
1.1042779600000000e+02 1.1236230000000000e+00 1.1616000000000000e-01 9.6032732399999998e+02
1.1565522100000000e+02 1.2718630000000000e+00 1.2160000000000000e-01 9.6157316000000003e+02
1.2088958700000001e+02 1.4353620000000000e+00 1.2703999999999999e-01 9.6288704900000005e+02
1.2613132100000000e+02 1.6170830000000000e+00 1.3247999999999999e-01 9.6428619300000003e+02
1.3138091200000000e+02 1.8191750000000000e+00 1.3791999999999999e-01 9.6577962900000000e+02
1.3663889100000000e+02 2.0436260000000002e+00 1.4335999999999999e-01 9.6737420299999997e+02
1.4190582599999999e+02 2.2923550000000001e+00 1.4879999999999999e-01 9.6907552899999996e+02
1.4718231000000000e+02 2.5672419999999998e+00 1.5423999999999999e-01 9.7088834599999996e+02
1.5246896000000001e+02 2.8701349999999999e+00 1.5967999999999999e-01 9.7281670199999996e+02
1.5776641599999999e+02 3.2028550000000000e+00 1.6511999999999999e-01 9.7486407099999997e+02
1.6307533300000000e+02 3.5671940000000002e+00 1.7055999999999999e-01 9.7703342299999997e+02
1.6839638099999999e+02 3.9649179999999999e+00 1.7599999999999999e-01 9.7932728299999997e+02
1.7373024500000000e+02 4.3977599999999999e+00 1.8143999999999999e-01 9.8174777500000005e+02
1.7907761700000000e+02 4.8674220000000004e+00 1.8687999999999999e-01 9.8429665999999997e+02
1.8443920199999999e+02 5.3755720000000000e+00 1.9231999999999999e-01 9.8697537199999999e+02
1.8981570700000000e+02 5.9238439999999999e+00 1.9775999999999999e-01 9.8978504099999998e+02
1.9520784900000001e+02 6.5138330000000000e+00 2.0319999999999999e-01 9.9272652400000004e+02
2.0061634599999999e+02 7.1470979999999997e+00 2.0863999999999999e-01 9.9580042700000001e+02
2.0604192000000000e+02 7.8251590000000002e+00 2.1407999999999999e-01 9.9900712499999997e+02
2.1148529400000001e+02 8.5494959999999995e+00 2.1951999999999999e-01 1.0023467820000000e+03
2.1694719200000000e+02 9.3215489999999992e+00 2.2495999999999999e-01 1.0058193690000001e+03
2.2242833600000000e+02 1.0142716000000000e+01 2.3039999999999999e-01 1.0094246800000000e+03
2.2792944800000001e+02 1.1014355999999999e+01 2.3583999999999999e-01 1.0131623430000000e+03
2.3345124600000000e+02 1.1937782000000000e+01 2.4127999999999999e-01 1.0170318370000000e+03
2.3899444700000001e+02 1.2914269000000001e+01 2.4671999999999999e-01 1.0210324980000000e+03
2.4455976100000001e+02 1.3945043000000000e+01 2.5216000000000000e-01 1.0251635320000000e+03
2.5014789700000000e+02 1.5031290000000000e+01 2.5760000000000000e-01 1.0294240239999999e+03
2.5575955600000000e+02 1.6174150000000001e+01 2.6304000000000000e-01 1.0338129429999999e+03
2.6139543300000003e+02 1.7374717000000000e+01 2.6848000000000000e-01 1.0383291509999999e+03
2.6705621800000000e+02 1.8634039000000001e+01 2.7392000000000000e-01 1.0429714059999999e+03
2.7274259400000000e+02 1.9953118000000000e+01 2.7936000000000000e-01 1.0477383729999999e+03
2.7845523400000002e+02 2.1332906000000001e+01 2.8480000000000000e-01 1.0526286220000000e+03
2.8419480700000003e+02 2.2774311000000001e+01 2.9024000000000000e-01 1.0576406380000001e+03
2.8996197100000001e+02 2.4278186999999999e+01 2.9568000000000000e-01 1.0627728230000000e+03
2.9575737500000002e+02 2.5845341999999999e+01 3.0112000000000000e-01 1.0680235020000000e+03
3.0158165800000000e+02 2.7476531999999999e+01 3.0656000000000000e-01 1.0733909240000000e+03
3.0743545200000000e+02 2.9172466000000000e+01 3.1200000000000000e-01 1.0788732689999999e+03
3.1331937799999997e+02 3.0933800000000002e+01 3.1744000000000000e-01 1.0844686509999999e+03
3.1923404299999999e+02 3.2761139000000000e+01 3.2288000000000000e-01 1.0901751250000000e+03
3.2518004900000000e+02 3.4655040000000000e+01 3.2832000000000000e-01 1.0959906860000001e+03
3.3115798400000000e+02 3.6616010000000003e+01 3.3376000000000000e-01 1.1019132800000000e+03
3.3716842300000002e+02 3.8644503999999998e+01 3.3920000000000000e-01 1.1079408020000001e+03
3.4321193199999999e+02 4.0740931000000003e+01 3.4464000000000000e-01 1.1140711070000000e+03
3.4928906400000000e+02 4.2905648999999997e+01 3.5008000000000000e-01 1.1203020120000001e+03
3.5540036199999997e+02 4.5138972000000003e+01 3.5552000000000000e-01 1.1266313000000000e+03
3.6154634800000002e+02 4.7429445000000001e+01 3.6096000000000000e-01 1.1330242390000001e+03
3.6772493800000001e+02 4.9430092000000002e+01 3.6640000000000000e-01 1.1385253170000001e+03
3.7393229700000001e+02 5.1328825999999999e+01 3.7184000000000000e-01 1.1436687260000001e+03
3.8016717599999998e+02 5.3197564999999997e+01 3.7728000000000000e-01 1.1486572450000001e+03
3.8642892300000000e+02 5.5058365000000002e+01 3.8272000000000000e-01 1.1535534140000000e+03
3.9271712900000000e+02 5.6922265000000003e+01 3.8816000000000001e-01 1.1583884960000000e+03
3.9903151600000001e+02 5.8795867000000001e+01 3.9360000000000001e-01 1.1631810880000000e+03
4.0537188900000001e+02 6.0683537000000001e+01 3.9904000000000001e-01 1.1679433850000000e+03
4.1173810600000002e+02 6.2588366999999998e+01 4.0448000000000001e-01 1.1726839010000001e+03
4.1813006700000000e+02 6.4512646000000004e+01 4.0992000000000001e-01 1.1774088440000000e+03
4.2454770000000002e+02 6.6458134999999999e+01 4.1536000000000001e-01 1.1821228930000000e+03
4.3098972900000001e+02 6.8208421999999999e+01 4.2080000000000001e-01 1.1863091500000000e+03
4.3745396299999999e+02 6.9916051999999993e+01 4.2624000000000001e-01 1.1903405670000000e+03
4.4394001500000002e+02 7.1630171000000004e+01 4.3168000000000001e-01 1.1943359519999999e+03
4.5044776000000002e+02 7.3360127000000006e+01 4.3712000000000001e-01 1.1983177470000001e+03
4.5697715399999998e+02 7.5110176999999993e+01 4.4256000000000001e-01 1.2022959719999999e+03
4.6352819299999999e+02 7.6882767000000001e+01 4.4800000000000001e-01 1.2062762130000001e+03
4.7010089799999997e+02 7.8679494000000005e+01 4.5344000000000001e-01 1.2102619629999999e+03
4.7669530700000001e+02 8.0501487999999995e+01 4.5888000000000001e-01 1.2142555709999999e+03
4.8331146699999999e+02 8.2349598999999998e+01 4.6432000000000001e-01 1.2182586940000001e+03
4.8994943300000000e+02 8.4224492999999995e+01 4.6976000000000001e-01 1.2222725330000001e+03
4.9660926599999999e+02 8.6126707999999994e+01 4.7520000000000001e-01 1.2262979840000000e+03
5.0329103099999998e+02 8.8056692999999996e+01 4.8064000000000001e-01 1.2303357200000000e+03
5.0999479600000001e+02 9.0014827999999994e+01 4.8608000000000001e-01 1.2343862520000000e+03
5.1672063200000002e+02 9.2001441999999997e+01 4.9152000000000001e-01 1.2384499690000000e+03
5.2346861200000001e+02 9.4016823000000002e+01 4.9696000000000001e-01 1.2425271620000001e+03
5.3023880899999995e+02 9.6061224999999993e+01 5.0239999999999996e-01 1.2466180480000000e+03
5.3703129999999999e+02 9.8134876000000006e+01 5.0783999999999996e-01 1.2507227829999999e+03
5.4384615799999995e+02 1.0023798200000000e+02 5.1327999999999996e-01 1.2548414740000001e+03
5.5068346099999997e+02 1.0237072800000000e+02 5.1871999999999996e-01 1.2589741850000000e+03
5.5754328399999997e+02 1.0453328300000000e+02 5.2415999999999996e-01 1.2631209500000000e+03
5.6442570499999999e+02 1.0672580200000000e+02 5.2959999999999996e-01 1.2672817709999999e+03
5.7133079999999995e+02 1.0894842700000000e+02 5.3503999999999996e-01 1.2714566299999999e+03
5.7825864500000000e+02 1.1120128900000000e+02 5.4047999999999996e-01 1.2756454839999999e+03
5.8520931499999995e+02 1.1348450800000001e+02 5.4591999999999996e-01 1.2798482750000001e+03
5.9218288800000005e+02 1.1579819600000000e+02 5.5135999999999996e-01 1.2840649300000000e+03
5.9917943700000001e+02 1.1814245500000000e+02 5.5679999999999996e-01 1.2882953620000001e+03
6.0619903799999997e+02 1.2051738200000000e+02 5.6223999999999996e-01 1.2925394750000000e+03
6.1324176399999999e+02 1.2292306300000000e+02 5.6767999999999996e-01 1.2967971590000000e+03
6.2030768999999998e+02 1.2535957999999999e+02 5.7311999999999996e-01 1.3010682999999999e+03
6.2739688799999999e+02 1.2782700900000000e+02 5.7855999999999996e-01 1.3053527740000000e+03
6.3450943099999995e+02 1.3032542000000001e+02 5.8399999999999996e-01 1.3096504510000000e+03
6.4164538900000002e+02 1.3285487599999999e+02 5.8943999999999996e-01 1.3139611960000000e+03
6.4880483400000003e+02 1.3541543799999999e+02 5.9487999999999996e-01 1.3182848690000001e+03
6.5598783500000002e+02 1.3800715900000000e+02 6.0031999999999996e-01 1.3226213270000001e+03
6.6319446200000004e+02 1.4063008900000000e+02 6.0575999999999997e-01 1.3269704210000000e+03
6.7042478300000005e+02 1.4328427500000001e+02 6.1119999999999997e-01 1.3313320010000000e+03
6.7767886599999997e+02 1.4596975800000001e+02 6.1663999999999997e-01 1.3357059130000000e+03
6.8495677699999999e+02 1.4868657600000000e+02 6.2207999999999997e-01 1.3400920020000001e+03
6.9225858200000005e+02 1.5143476400000000e+02 6.2751999999999997e-01 1.3444901120000000e+03
6.9958434499999998e+02 1.5421435199999999e+02 6.3295999999999997e-01 1.3489000840000001e+03
7.0693413199999998e+02 1.5702536799999999e+02 6.3839999999999997e-01 1.3533217580000000e+03
7.1430800599999998e+02 1.5986783700000001e+02 6.4383999999999997e-01 1.3577549739999999e+03
7.2170602799999995e+02 1.6274178100000000e+02 6.4927999999999997e-01 1.3621995720000000e+03
7.2912825999999995e+02 1.6564721700000001e+02 6.5471999999999997e-01 1.3666553890000000e+03
7.3657476399999996e+02 1.6858416299999999e+02 6.6015999999999997e-01 1.3711222660000001e+03
7.4404559700000004e+02 1.7155263099999999e+02 6.6559999999999997e-01 1.3756000409999999e+03
7.5154082000000005e+02 1.7455263299999999e+02 6.7103999999999997e-01 1.3800885519999999e+03
7.5906049099999996e+02 1.7758417700000001e+02 6.7647999999999997e-01 1.3845876410000001e+03
7.6660466599999995e+02 1.8064727099999999e+02 6.8191999999999997e-01 1.3890971460000001e+03
7.7417340100000001e+02 1.8374191800000000e+02 6.8735999999999997e-01 1.3936169090000001e+03
7.8176675299999999e+02 1.8686812100000000e+02 6.9279999999999997e-01 1.3981467709999999e+03
7.8938477499999999e+02 1.9002588000000000e+02 6.9823999999999997e-01 1.4026865760000001e+03
7.9702752199999998e+02 1.9321519400000000e+02 7.0367999999999997e-01 1.4072361670000000e+03
8.0469504600000005e+02 1.9643606000000000e+02 7.0911999999999997e-01 1.4117953889999999e+03
8.1238739799999996e+02 1.9968847299999999e+02 7.1455999999999997e-01 1.4163640869999999e+03
8.2010463100000004e+02 2.0297242700000001e+02 7.1999999999999997e-01 1.4209421100000000e+03
8.2784679500000004e+02 2.0628791400000000e+02 7.2543999999999997e-01 1.4255293059999999e+03
8.3561393799999996e+02 2.0963492400000001e+02 7.3087999999999997e-01 1.4301255249999999e+03
8.4340611000000001e+02 2.1301344700000001e+02 7.3631999999999997e-01 1.4347306189999999e+03
8.5122335899999996e+02 2.1642347100000001e+02 7.4175999999999997e-01 1.4393444410000000e+03
8.5906573100000003e+02 2.1986498300000000e+02 7.4719999999999998e-01 1.4439668449999999e+03
8.6693327399999998e+02 2.2333796799999999e+02 7.5263999999999998e-01 1.4485976889999999e+03
8.7482603099999994e+02 2.2684241100000000e+02 7.5807999999999998e-01 1.4532368300000001e+03
8.8274404900000002e+02 2.3037829500000001e+02 7.6351999999999998e-01 1.4578841270000000e+03
8.9068737099999998e+02 2.3394560300000001e+02 7.6895999999999998e-01 1.4625394420000000e+03
8.9865604099999996e+02 2.3754431700000001e+02 7.7439999999999998e-01 1.4672026380000000e+03
9.0665010099999995e+02 2.4117441600000001e+02 7.7983999999999998e-01 1.4718735799999999e+03
9.1466959199999997e+02 2.4483588200000000e+02 7.8527999999999998e-01 1.4765521349999999e+03
9.2271455600000002e+02 2.4852869200000001e+02 7.9071999999999998e-01 1.4812381700000001e+03
9.3078503300000000e+02 2.5225282600000000e+02 7.9615999999999998e-01 1.4859315549999999e+03
9.3888106300000004e+02 2.5600826000000001e+02 8.0159999999999998e-01 1.4906321630000000e+03
9.4700268400000004e+02 2.5979497300000003e+02 8.0703999999999998e-01 1.4953398680000000e+03
9.5514993600000003e+02 2.6361293999999998e+02 8.1247999999999998e-01 1.5000545440000001e+03
9.6332285400000001e+02 2.6746213599999999e+02 8.1791999999999998e-01 1.5047760690000000e+03
9.7152147800000000e+02 2.7134253799999999e+02 8.2335999999999998e-01 1.5095043220000000e+03
9.7974584200000004e+02 2.7525412000000000e+02 8.2879999999999998e-01 1.5142391840000000e+03
9.8799598200000003e+02 2.7919685700000002e+02 8.3423999999999998e-01 1.5189805369999999e+03
9.9627193399999999e+02 2.8317072200000001e+02 8.3967999999999998e-01 1.5237282670000000e+03
1.0045737319999999e+03 2.8717568799999998e+02 8.4511999999999998e-01 1.5284822590000001e+03
1.0129014079999999e+03 2.9121173099999999e+02 8.5055999999999998e-01 1.5332424010000000e+03
1.0212549980000000e+03 2.9527882099999999e+02 8.5599999999999998e-01 1.5380085839999999e+03
1.0296345329999999e+03 2.9937693300000001e+02 8.6143999999999998e-01 1.5427806989999999e+03
1.0380400450000000e+03 3.0350603799999999e+02 8.6687999999999998e-01 1.5475586400000000e+03
1.0464715650000001e+03 3.0766611000000000e+02 8.7231999999999998e-01 1.5523423020000000e+03
1.0549291250000001e+03 3.1185712000000001e+02 8.7775999999999998e-01 1.5571315830000001e+03
1.0634127539999999e+03 3.1607904000000002e+02 8.8319999999999999e-01 1.5619263810000000e+03
1.0719224830000001e+03 3.2033184399999999e+02 8.8863999999999999e-01 1.5667265970000001e+03
1.0804583410000000e+03 3.2461550299999999e+02 8.9407999999999999e-01 1.5715321340000000e+03
1.0890203560000000e+03 3.2892998899999998e+02 8.9951999999999999e-01 1.5763428970000000e+03
1.0976085559999999e+03 3.3327527500000002e+02 9.0495999999999999e-01 1.5811587919999999e+03
1.1062229689999999e+03 3.3765133400000002e+02 9.1039999999999999e-01 1.5859797280000000e+03
1.1148636230000000e+03 3.4205813799999999e+02 9.1583999999999999e-01 1.5908056150000000e+03
1.1235305430000001e+03 3.4649566199999998e+02 9.2127999999999999e-01 1.5956363650000001e+03
1.1322237570000000e+03 3.5096388000000002e+02 9.2671999999999999e-01 1.6004718929999999e+03
1.1409432899999999e+03 3.5546276499999999e+02 9.3215999999999999e-01 1.6053121160000001e+03
1.1496891670000000e+03 3.5999229300000002e+02 9.3759999999999999e-01 1.6101569529999999e+03
1.1584614130000000e+03 3.6455244099999999e+02 9.4303999999999999e-01 1.6150063259999999e+03
1.1672600530000000e+03 3.6914318600000001e+02 9.4847999999999999e-01 1.6198601570000001e+03
1.1760851110000001e+03 3.7376450799999998e+02 9.5391999999999999e-01 1.6247183749999999e+03
1.1849366090000001e+03 3.7841638699999999e+02 9.5935999999999999e-01 1.6295809099999999e+03
1.1938145730000001e+03 3.8309880600000002e+02 9.6479999999999999e-01 1.6344476950000001e+03
1.2027190240000000e+03 3.8781175300000001e+02 9.7023999999999999e-01 1.6393186700000001e+03
1.2116499850000000e+03 3.9255521800000002e+02 9.7567999999999999e-01 1.6441937770000000e+03
1.2206074779999999e+03 3.9732919800000002e+02 9.8111999999999999e-01 1.6490729670000001e+03
1.2295915270000000e+03 4.0213369699999998e+02 9.8655999999999999e-01 1.6539561990000000e+03
1.2386021510000000e+03 4.0696873099999999e+02 9.9199999999999999e-01 1.6588434470000000e+03
1.2476393740000001e+03 4.1183433900000000e+02 9.9743999999999999e-01 1.6637347030000001e+03
1.2567032180000001e+03 4.1673059100000000e+02 1.0028800000000000e+00 1.6686299950000000e+03
1.2657937030000001e+03 4.2165764100000001e+02 1.0083200000000001e+00 1.6735294320000000e+03
1.2749108550000001e+03 4.2661596800000001e+02 1.0137600000000000e+00 1.6784334429999999e+03
1.2840546990000000e+03 4.3160597300000001e+02 1.0192000000000001e+00 1.6833423749999999e+03
1.2932252559999999e+03 4.3662565300000000e+02 1.0246400000000000e+00 1.6882542140000000e+03
1.3024225429999999e+03 4.4167495800000000e+02 1.0300800000000001e+00 1.6931688810000001e+03
1.3116465730000000e+03 4.4675384800000000e+02 1.0355200000000000e+00 1.6980863090000000e+03
1.3208973630000000e+03 4.5186228599999998e+02 1.0409600000000001e+00 1.7030064299999999e+03
1.3301749250000000e+03 4.5700023199999998e+02 1.0464000000000000e+00 1.7079291800000001e+03
1.3394792760000000e+03 4.6216764599999999e+02 1.0518400000000001e+00 1.7128544939999999e+03
1.3488104269999999e+03 4.6736449099999999e+02 1.0572800000000000e+00 1.7177823089999999e+03
1.3581683940000000e+03 4.7259072700000002e+02 1.0627200000000001e+00 1.7227125630000000e+03
1.3675531880000001e+03 4.7784631800000000e+02 1.0681600000000000e+00 1.7276451950000001e+03
1.3769648230000000e+03 4.8313122299999998e+02 1.0736000000000001e+00 1.7325801460000000e+03
1.3864033110000000e+03 4.8844540599999999e+02 1.0790400000000000e+00 1.7375173560000001e+03
1.3958686640000001e+03 4.9378882900000002e+02 1.0844800000000001e+00 1.7424567680000000e+03
1.4053608930000000e+03 4.9916145499999999e+02 1.0899200000000000e+00 1.7473983260000000e+03
1.4148800120000001e+03 5.0456324499999999e+02 1.0953599999999999e+00 1.7523419739999999e+03
1.4244260300000001e+03 5.0999416300000001e+02 1.1008000000000000e+00 1.7572876580000000e+03
1.4339989590000000e+03 5.1545417199999997e+02 1.1062399999999999e+00 1.7622353230000001e+03
1.4435988090000001e+03 5.2094323499999996e+02 1.1116800000000000e+00 1.7671849179999999e+03
1.4532255900000000e+03 5.2646131600000001e+02 1.1171199999999999e+00 1.7721363899999999e+03
1.4628793129999999e+03 5.3200837799999999e+02 1.1225600000000000e+00 1.7770896900000000e+03
1.4725599880000000e+03 5.3758438500000000e+02 1.1279999999999999e+00 1.7820447660000000e+03
1.4822676240000001e+03 5.4318930200000000e+02 1.1334400000000000e+00 1.7870015719999999e+03
1.4920022300000001e+03 5.4882309199999997e+02 1.1388799999999999e+00 1.7919600570000000e+03
1.5017638150000000e+03 5.5448572000000001e+02 1.1443200000000000e+00 1.7969201760000001e+03
1.5115523880000001e+03 5.6017715099999998e+02 1.1497599999999999e+00 1.8018818819999999e+03
1.5213679580000000e+03 5.6589734999999996e+02 1.1552000000000000e+00 1.8068451299999999e+03
1.5312105329999999e+03 5.7164628100000004e+02 1.1606399999999999e+00 1.8118098749999999e+03
1.5410801200000001e+03 5.7742390999999998e+02 1.1660800000000000e+00 1.8167760730000000e+03
1.5509767280000001e+03 5.8323020399999996e+02 1.1715199999999999e+00 1.8217436809999999e+03
1.5609003640000001e+03 5.8906512599999996e+02 1.1769600000000000e+00 1.8267126559999999e+03
1.5708510360000000e+03 5.9492864399999996e+02 1.1823999999999999e+00 1.8316829590000000e+03
1.5808287499999999e+03 6.0082072300000004e+02 1.1878400000000000e+00 1.8366545460000000e+03
1.5908335130000000e+03 6.0674132999999995e+02 1.1932799999999999e+00 1.8416273799999999e+03
1.6008653330000000e+03 6.1269043099999999e+02 1.1987200000000000e+00 1.8466014190000001e+03
1.6109242150000000e+03 6.1866799300000002e+02 1.2041599999999999e+00 1.8515766269999999e+03
1.6210101660000000e+03 6.2467398300000002e+02 1.2096000000000000e+00 1.8565529640000000e+03
1.6311231920000000e+03 6.3070836899999995e+02 1.2150399999999999e+00 1.8615303930000000e+03
1.6412632980000001e+03 6.3677111600000001e+02 1.2204800000000000e+00 1.8665088790000000e+03
1.6514304910000001e+03 6.4286219400000004e+02 1.2259199999999999e+00 1.8714883840000000e+03
1.6616247719999999e+03 6.4897136000000000e+02 1.2313600000000000e+00 1.8764605799999999e+03
1.6718458810000000e+03 6.5500224200000002e+02 1.2367999999999999e+00 1.8813474320000000e+03
1.6820934560000001e+03 6.6101123099999995e+02 1.2422400000000000e+00 1.8861951640000000e+03
1.6923673389999999e+03 6.6701852099999996e+02 1.2476799999999999e+00 1.8910203469999999e+03
1.7026674260000000e+03 6.7303189899999995e+02 1.2531200000000000e+00 1.8958294050000000e+03
1.7129936399999999e+03 6.7905568200000005e+02 1.2585599999999999e+00 1.9006259170000001e+03
1.7233459190000001e+03 6.8509264499999995e+02 1.2640000000000000e+00 1.9054121909999999e+03
1.7337242120000001e+03 6.9114472799999999e+02 1.2694399999999999e+00 1.9101898460000000e+03
1.7441284760000001e+03 6.9721336399999996e+02 1.2748800000000000e+00 1.9149600829999999e+03
1.7545586719999999e+03 7.0329965800000002e+02 1.2803199999999999e+00 1.9197238299999999e+03
1.7650147680000000e+03 7.0940448300000003e+02 1.2857600000000000e+00 1.9244818220000000e+03
1.7754967340000001e+03 7.1552854700000000e+02 1.2911999999999999e+00 1.9292346580000001e+03
1.7860045430000000e+03 7.2167243800000006e+02 1.2966400000000000e+00 1.9339828339999999e+03
1.7965381700000000e+03 7.2783664599999997e+02 1.3020799999999999e+00 1.9387267690000001e+03
1.8070975950000000e+03 7.3402158999999995e+02 1.3075200000000000e+00 1.9434668170000000e+03
1.8176827960000001e+03 7.4022762899999998e+02 1.3129599999999999e+00 1.9482032850000001e+03
1.8282937549999999e+03 7.4645507499999997e+02 1.3184000000000000e+00 1.9529364399999999e+03
1.8389304540000001e+03 7.5270420000000001e+02 1.3238399999999999e+00 1.9576665149999999e+03
1.8495928770000000e+03 7.5897524399999998e+02 1.3292800000000000e+00 1.9623937169999999e+03
1.8602810090000000e+03 7.6526841999999999e+02 1.3347199999999999e+00 1.9671182280000000e+03
1.8709948370000000e+03 7.7158391700000004e+02 1.3401600000000000e+00 1.9718402129999999e+03
1.8817343450000001e+03 7.7792190600000004e+02 1.3455999999999999e+00 1.9765598170000001e+03
1.8924995230000000e+03 7.8428254000000004e+02 1.3510400000000000e+00 1.9812771749999999e+03
1.9032903580000000e+03 7.9066595500000005e+02 1.3564799999999999e+00 1.9859924050000000e+03
1.9141068379999999e+03 7.9707227699999999e+02 1.3619200000000000e+00 1.9907056160000000e+03
1.9249489540000000e+03 8.0350162100000000e+02 1.3673599999999999e+00 1.9954169090000000e+03
1.9358166940000001e+03 8.0995408799999996e+02 1.3728000000000000e+00 2.0001263739999999e+03
1.9467100490000000e+03 8.1642977599999995e+02 1.3782399999999999e+00 2.0048340940000001e+03
1.9576290100000001e+03 8.2292876999999999e+02 1.3836800000000000e+00 2.0095401460000000e+03
1.9685735689999999e+03 8.2945114999999998e+02 1.3891199999999999e+00 2.0142446020000000e+03
1.9795437150000000e+03 8.3599698999999998e+02 1.3945600000000000e+00 2.0189475250000000e+03
1.9905394420000000e+03 8.4256635800000004e+02 1.3999999999999999e+00 2.0236489779999999e+03
