# epsilon[MeV/fm^3] P[MeV/fm^3] nB[fm^-3] muB[MeV]
4.3514892049562272e-07 9.0000000794219998e-12 4.6796200000000002e-10 9.2990010724260003e+02
5.4394952759824855e-07 1.2854500250148002e-11 5.8496400000000005e-10 9.2990743275720001e+02
6.8239664606092796e-07 1.8414700022552000e-11 7.3384599999999997e-10 9.2991587774760001e+02
8.5763463874259032e-07 2.6380199998860002e-11 9.2229000000000003e-10 9.2992551188760001e+02
1.0799253715994732e-06 3.7791099667920001e-11 1.1613300000000000e-09 9.2993648532329996e+02
1.3625442882637764e-06 5.4137899979800000e-11 1.4652400000000000e-09 9.2994894782519998e+02
1.7226605254650248e-06 7.7555599791040007e-11 1.8524800000000000e-09 9.2996308925910000e+02
2.1826057027272589e-06 1.1110299984364001e-10 2.3470600000000000e-09 9.2997909967860005e+02
2.7713348204539073e-06 1.5916099965360000e-10 2.9801100000000000e-09 9.2999716876169998e+02
3.5266032513682487e-06 2.2800800111288001e-10 3.7922200000000000e-09 9.3001754656409992e+02
4.4975537964996660e-06 3.2663399940042002e-10 4.8362200000000001e-09 9.3004045271789994e+02
4.5807460305493105e-06 3.3555999792714001e-10 4.9256699999999996e-09 9.3004228160820003e+02
4.7281205653478515e-06 3.3656599963290001e-10 5.0841300000000003e-09 9.3004248152130003e+02
6.5759177435918250e-06 5.4515600232911993e-10 7.0708799999999999e-09 9.3007696075620004e+02
9.1998724984833464e-06 8.8567000200420000e-10 9.8920399999999997e-09 9.3011730648750006e+02
1.2918168885426129e-05 1.4388700552640002e-09 1.3889600000000001e-08 9.3016406831190000e+02
1.8201380444258739e-05 2.3376200076990001e-09 1.9569300000000001e-08 9.3021808578930006e+02
2.5725895950178280e-05 3.7977398937599994e-09 2.7657999999999999e-08 9.3028025838780002e+02
3.6463989818522291e-05 6.1698799253159997e-09 3.9200400000000002e-08 9.3035162548649998e+02
5.1813630126296458e-05 1.0023700173792000e-08 5.5698400000000002e-08 9.3043332628019994e+02
7.3785560512054020e-05 1.6284700005120000e-08 7.9311899999999997e-08 9.3052664006250006e+02
1.0527189036420272e-04 2.6456400399219999e-08 1.1314700000000000e-07 9.3063298613190000e+02
1.5043483705694415e-04 4.2981499428689995e-08 1.6167299999999999e-07 9.3075400323120004e+02
1.5143539825673478e-04 4.3369399516159995e-08 1.6274800000000000e-07 9.3075639185940008e+02
1.5666718390755263e-04 4.3499599327679997e-08 1.6836899999999999e-07 9.3075719132400002e+02
1.8247319946392853e-04 5.3487099479700000e-08 1.9609400000000001e-07 9.3081203831400001e+02
2.1304949570856091e-04 6.5965099669560007e-08 2.2894200000000001e-07 9.3087079295249998e+02
2.4880173202308656e-04 8.1354199584480006e-08 2.6734800000000002e-07 9.3093285559410003e+02
2.9061049213158235e-04 1.0033299847065000e-07 3.1225699999999999e-07 9.3099838615049998e+02
3.3950651358852186e-04 1.2374000051775000e-07 3.6477499999999998e-07 9.3106758453479995e+02
3.9669496520679297e-04 1.5260700009555001e-07 4.2619500000000001e-07 9.3114063056550003e+02
4.6358813252914599e-04 1.8820900209407997e-07 4.9803199999999997e-07 9.3121772415570001e+02
5.4183717856390442e-04 2.3211699768180001e-07 5.8205699999999998e-07 9.3129908512530005e+02
6.3337419989345891e-04 2.8626699988691999e-07 6.8034199999999997e-07 9.3138494352930002e+02
7.4046361643000222e-04 3.5305100162730003e-07 7.9531500000000002e-07 9.3147551899979999e+02
7.4543957324912111e-04 3.5623800038969997e-07 8.0065699999999999e-07 9.3147951660449996e+02
7.7046470619140960e-04 3.5730600246279002e-07 8.2752300000000002e-07 9.3148080575760002e+02
7.7218701201869997e-04 3.5837800248323999e-07 8.2937200000000002e-07 9.3148210505190002e+02
7.7564281539113634e-04 3.6053199741144001e-07 8.3308200000000005e-07 9.3148469349929996e+02
7.7911352986319152e-04 3.6269800105895999e-07 8.3680799999999998e-07 9.3148728185280004e+02
7.8260009510663572e-04 3.6487800290032998e-07 8.4055099999999997e-07 9.3148988034750005e+02
7.8610250285012515e-04 3.6706999922346001e-07 8.4431100000000000e-07 9.3149248879559991e+02
7.8962075319254110e-04 3.6927600351839998e-07 8.4808799999999996e-07 9.3149508719639994e+02
7.9315485471188711e-04 3.7149499796798001e-07 8.5188199999999998e-07 9.3149769564450003e+02
7.9670479058673201e-04 3.7372699824480005e-07 8.5569300000000004e-07 9.3150031404599997e+02
8.0027057791247260e-04 3.7597299948234002e-07 8.5952100000000004e-07 9.3150293244750003e+02
8.0385221698387247e-04 3.7823200230633998e-07 8.6336599999999998e-07 9.3150555094289996e+02
8.0745063029167934e-04 3.8050499711466001e-07 8.6722899999999999e-07 9.3150817929779998e+02
8.1106395596088781e-04 3.8279099715107999e-07 8.7110800000000002e-07 9.3151080774659999e+02
8.1469498722525535e-04 3.8509200436278001e-07 8.7500600000000005e-07 9.3151343619540000e+02
8.1834093096975699e-04 3.8740599815679997e-07 8.7891999999999998e-07 9.3151607459759998e+02
8.3652972322216491e-04 3.8856800310954005e-07 8.9844600000000005e-07 9.3151737379799999e+02
8.9649746606902973e-04 4.2637900225708002e-07 9.6282100000000007e-07 9.3155798930399999e+02
9.6293679962426715e-04 4.6927300060880000e-07 1.0341400000000000e-06 9.3160093353000002e+02
1.0343084479593990e-03 5.1648199988999994e-07 1.1107499999999999e-06 9.3164493704189999e+02
1.1110033276598183e-03 5.6844100521450010e-07 1.1930700000000001e-06 9.3169002988770001e+02
1.1934040547386528e-03 6.2562700512179996e-07 1.2815100000000000e-06 9.3173623206809998e+02
1.2819398888523502e-03 6.8856500094819997e-07 1.3765300000000001e-06 9.3178357353719991e+02
1.3770588621277026e-03 7.5783499966439992e-07 1.4786100000000000e-06 9.3183208434300002e+02
1.4792742600387720e-03 8.3407400117300003e-07 1.5882999999999999e-06 9.3188178448619999e+02
1.5890902438860661e-03 9.1798299673799988e-07 1.7061399999999999e-06 9.3193271378040004e+02
1.7070948934908867e-03 1.0103300084124001e-06 1.8327600000000000e-06 9.3198488236679998e+02
1.7418302566492478e-03 1.0379399925766002e-06 1.8700300000000001e-06 9.3199978345169995e+02
1.8026805910135908e-03 1.0410599913928000e-06 1.9353200000000000e-06 9.3200143242960007e+02
2.0389359400714486e-03 1.2275099896319999e-06 2.1888000000000001e-06 9.3209187794249999e+02
2.3114099463439177e-03 1.4516999917321999e-06 2.4811100000000001e-06 9.3218792017709995e+02
2.6204004641994278e-03 1.7168400063888003e-06 2.8125600000000001e-06 9.3228811983419996e+02
2.9707928967162671e-03 2.0304000155634000e-06 3.1883800000000001e-06 9.3239264696670000e+02
3.3681648965264784e-03 2.4012300084080001e-06 3.6145400000000001e-06 9.3250170129989999e+02
3.8188055776886142e-03 2.8397900147328003e-06 4.0977700000000004e-06 9.3261546284010001e+02
4.3298558716110781e-03 3.3584500068246004e-06 4.6457100000000001e-06 9.3273413140649996e+02
4.9094492242661523e-03 3.9718300068571995e-06 5.2670599999999997e-06 9.3285792691289998e+02
5.5667590537662745e-03 4.6972400276543001e-06 5.9716300000000001e-06 9.3298704917850000e+02
6.3122329168583428e-03 5.5551399798486997e-06 6.7705900000000002e-06 9.3312173811779996e+02
6.3691536418958340e-03 5.6221100036384002e-06 6.8315900000000001e-06 9.3313158221820004e+02
6.6107787783348925e-03 5.6389700285964000e-06 7.0905299999999997e-06 9.3313397075249998e+02
7.1832281514335565e-03 6.2999099885847007e-06 7.7039700000000007e-06 9.3322329697740008e+02
7.8228640480689938e-03 7.0594400109160007e-06 8.3893400000000006e-06 9.3331767013950002e+02
8.5195476220300548e-03 7.9105299722335996e-06 9.1357600000000004e-06 9.3341477175390003e+02
9.2783521214718639e-03 8.8642300383220009e-06 9.9486500000000000e-06 9.3351470163630006e+02
1.0104791977484120e-02 9.9329099737559988e-06 1.0833900000000000e-05 9.3361751969490001e+02
1.1005037422914624e-02 1.1130399980334000e-05 1.1798100000000000e-05 9.3372332602710003e+02
1.1985504705131824e-02 1.2472300012974001e-05 1.2848100000000000e-05 9.3383220044789994e+02
1.3053499763127112e-02 1.3976000053347000e-05 1.3991700000000000e-05 9.3394422305399996e+02
1.4216706487829026e-02 1.5661000693130000e-05 1.5237100000000000e-05 9.3405949366109996e+02
1.5483652631007537e-02 1.7549100191680000e-05 1.6593399999999999e-05 9.3417811227269999e+02
1.5623499832828706e-02 1.7760599953030001e-05 1.6743099999999999e-05 9.3419079468840005e+02
1.6269961736847121e-02 1.7813900213129999e-05 1.7435099999999998e-05 9.3419395273319992e+02
1.7094324515795702e-02 1.9027400207749999e-05 1.8317499999999999e-05 9.3426180186839997e+02
1.8000874089488257e-02 2.0384500450440000e-05 1.9287799999999999e-05 9.3433394852489994e+02
1.8955614232225096e-02 2.1838399047120000e-05 2.0309599999999999e-05 9.3440734433310001e+02
1.9960983560824267e-02 2.3396100553499999e-05 2.1385500000000000e-05 9.3448202938830002e+02
2.1019794814794490e-02 2.5064799654149998e-05 2.2518500000000001e-05 9.3455801364390004e+02
2.2134768910989058e-02 2.6852600343399999e-05 2.3711500000000002e-05 9.3463531710059999e+02
2.3309000859656603e-02 2.8767899159999994e-05 2.4967799999999998e-05 9.3471396971249999e+02
2.4545494036103295e-02 3.0819700065419999e-05 2.6290599999999999e-05 9.3479400162150000e+02
2.5847718880420045e-02 3.3017999946119998e-05 2.7683600000000000e-05 9.3487541254589996e+02
2.7219055484112444e-02 3.5372998881120002e-05 2.9150400000000001e-05 9.3495825272219997e+02
2.7775365070038964e-02 3.6339601209739997e-05 2.9745400000000002e-05 9.3499105302509997e+02
2.8289610775747390e-02 3.6448598719180002e-05 3.0295400000000001e-05 9.3499466085090000e+02
2.8802930737171755e-02 3.7332599735440002e-05 3.0844399999999999e-05 9.3502356336480000e+02
2.9391538203060320e-02 3.8352800962709990e-05 3.1473899999999997e-05 9.3505628375879996e+02
2.9992229144074897e-02 3.9400800335690003e-05 3.2116300000000003e-05 9.3508923392610006e+02
3.0605097595990186e-02 4.0477499896860003e-05 3.2771700000000003e-05 9.3512239395989991e+02
3.1230612131930052e-02 4.1583600119840003e-05 3.3440600000000000e-05 9.3515578386089999e+02
3.1868867160453597e-02 4.2719998743180005e-05 3.4123099999999999e-05 9.3518940362910007e+02
3.2520144922003676e-02 4.3887298648500002e-05 3.4819500000000001e-05 9.3522325326449993e+02
3.3184820445813230e-02 4.5086601561120004e-05 3.5530200000000001e-05 9.3525732271979996e+02
3.3862987887692660e-02 4.6318701748649993e-05 3.6255299999999998e-05 9.3529163208960006e+02
3.4555116462740516e-02 4.7584401826990007e-05 3.6995300000000001e-05 9.3532617123270006e+02
3.4710848908415574e-02 4.7870299693839997e-05 3.7161800000000001e-05 9.3533387666670001e+02
3.5705765632703390e-02 4.8013899962450004e-05 3.8225500000000002e-05 9.3533768431169995e+02
3.6190650245182691e-02 4.8884701265269996e-05 3.8743900000000000e-05 9.3536029073669999e+02
3.6764595537185744e-02 4.9920498059249994e-05 3.9357499999999997e-05 9.3538680481020003e+02
3.7347724170046170e-02 5.0978398185919999e-05 3.9980900000000002e-05 9.3541345870079999e+02
3.7940129948432849e-02 5.2058599241440000e-05 4.0614200000000002e-05 9.3544024264290010e+02
3.8541907483377907e-02 5.3161699756499999e-05 4.1257500000000003e-05 9.3546717635549999e+02
3.9153244015328124e-02 5.4288198430999997e-05 4.1910999999999999e-05 9.3549425007299999e+02
3.9774234210732992e-02 5.5438601263319996e-05 4.2574799999999998e-05 9.3552146370150001e+02
4.0405159191034282e-02 5.6613297948239995e-05 4.3249199999999999e-05 9.3554882728830000e+02
4.1046019389420471e-02 5.7812899551080002e-05 4.3934199999999997e-05 9.3557633069220003e+02
4.1697190276124625e-02 5.9037997871239995e-05 4.4630199999999998e-05 9.3560397410099995e+02
4.2358578444415006e-02 6.0288999023690009e-05 4.5337100000000003e-05 9.3563177732760005e+02
4.2549448380963861e-02 6.0651299975859995e-05 4.5541099999999997e-05 9.3563974248900001e+02
4.3740238175900857e-02 6.0833198906699995e-05 4.6813800000000002e-05 9.3564365013750000e+02
4.5854886274473032e-02 6.4782902450840000e-05 4.9073799999999998e-05 9.3572599057799994e+02
4.8180087401599556e-02 6.9195997901699998e-05 5.1558599999999998e-05 9.3581365787159996e+02
5.0623240020302433e-02 7.3909702371599995e-05 5.4169200000000003e-05 9.3590278418340006e+02
5.3190452397117956e-02 7.8944498346630003e-05 5.6912100000000000e-05 9.3599338970190001e+02
5.5887837732656438e-02 8.4322299027779992e-05 5.9793799999999997e-05 9.3608550419339997e+02
5.8722166587791814e-02 9.0066499795649990e-05 6.2821499999999995e-05 9.3617915789369999e+02
6.1700398546921942e-02 9.6201898222459989e-05 6.6002599999999997e-05 9.3627437052180005e+02
6.4829683480590566e-02 1.0275499726340999e-04 6.9344700000000000e-05 9.3637116226620003e+02
6.8117831355171340e-02 1.0975499711746999e-04 7.2856100000000002e-05 9.3646956308100005e+02
7.1572933822013338e-02 1.1723199746169999e-04 7.6545399999999994e-05 9.3656960282640000e+02
7.2872355791586060e-02 1.2007500056640000e-04 7.7932800000000000e-05 9.3660639068670002e+02
7.6294350046888545e-02 1.2043499631464001e-04 8.1586400000000002e-05 9.3661091798129996e+02
7.8557740452832786e-02 1.2521799885310001e-04 8.4002899999999995e-05 9.3666865324139997e+02
8.1070439170188191e-02 1.3058099681828001e-04 8.6685400000000002e-05 9.3673145543940007e+02
8.3663493660002267e-02 1.3617299667415003e-04 8.9453500000000007e-05 9.3679492723830003e+02
8.6339540033127660e-02 1.4200499619000000e-04 9.2310000000000002e-05 9.3685905859080003e+02
8.9101308842231525e-02 1.4808700429182000e-04 9.5257800000000001e-05 9.3692387963880003e+02
9.1951438062670962e-02 1.5442999846642999e-04 9.8299699999999997e-05 9.3698938014720000e+02
9.3544637803481184e-02 1.5800363917307320e-04 1.0000000000000000e-04 9.3702641442654260e+02
9.5903555601447615e-02 1.5937601812915226e-04 1.0251704506700177e-04 9.3704350878230241e+02
9.8321958296766016e-02 1.6079473303403166e-04 1.0509751531537662e-04 9.3706071674742259e+02
1.0080134592178844e-01 1.6226134833909094e-04 1.0774300862838318e-04 9.3707803926620886e+02
1.0334325633522561e-01 1.6377748131664438e-04 1.1045516313425098e-04 9.3709547729096437e+02
1.0594926617601522e-01 1.6534480384334613e-04 1.1323565821944243e-04 9.3711303178205753e+02
1.0862099184124395e-01 1.6696504424380945e-04 1.1608621556741381e-04 9.3713070370798846e+02
1.1136009048872990e-01 1.6863998919647207e-04 1.1900860022351661e-04 9.3714849404545657e+02
1.1416826106488710e-01 1.7037148570380993e-04 1.2200462168669647e-04 9.3716640377942781e+02
1.1704724535850976e-01 1.7216144312907176e-04 1.2507613502866350e-04 9.3718443390320499e+02
1.1999882908112970e-01 1.7401183530178018e-04 1.2822504204122517e-04 9.3720258541849523e+02
1.2302484297461742e-01 1.7592470269432148e-04 1.3145329241248948e-04 9.3722085933548180e+02
1.2612716394671328e-01 1.7790215467202412e-04 1.3476288493266493e-04 9.3723925667289166e+02
1.2930771623519369e-01 1.7994637181920713e-04 1.3815586873020105e-04 9.3725777845806931e+02
1.3256847260139387e-01 1.8205960834376324e-04 1.4163434453903244e-04 9.3727642572704860e+02
1.3591145555382791e-01 1.8424419456292888e-04 1.4520046599770918e-04 9.3729519952462147e+02
1.3933873860266474e-01 1.8650253947298138e-04 1.4885644098121397e-04 9.3731410090441511e+02
1.4285244754583823e-01 1.8883713340569781e-04 1.5260453296628905e-04 9.3733313092896344e+02
1.4645476178758954e-01 1.9125055077450433e-04 1.5644706243111520e-04 9.3735229066978093e+02
1.5014791569025848e-01 1.9374545291334419e-04 1.6038640829020554e-04 9.3737158120743868e+02
1.5393419996016383e-01 1.9632459101139561e-04 1.6442500936540119e-04 9.3739100363164005e+02
1.5781596306843090e-01 1.9899080914687463e-04 1.6856536589387501e-04 9.3741055904129473e+02
1.6179561270764820e-01 2.0174704742326934e-04 1.7281004107407401e-04 9.3743024854459838e+02
1.6587561728525696e-01 2.0459634521146340e-04 1.7716166265055531e-04 9.3745007325910785e+02
1.7005850745459916e-01 2.0754184450132409e-04 1.8162292453869161e-04 9.3747003431182100e+02
1.7434687768457444e-01 2.1058679336645106e-04 1.8619658849025050e-04 9.3749013283925410e+02
1.7874338786887825e-01 2.1373454954590540e-04 1.9088548580087258e-04 9.3751036998752318e+02
1.8325076497582157e-01 2.1698858414687078e-04 1.9569251906050486e-04 9.3753074691242171e+02
1.8787180473975282e-01 2.2035248547232713e-04 2.0062066394786545e-04 9.3755126477950432e+02
1.9260937339513318e-01 2.2382996297795962e-04 2.0567297107004968e-04 9.3757192476416617e+02
1.9746640945433994e-01 2.2742485136266558e-04 2.1085256784841012e-04 9.3759272805172657e+02
2.0244592553030075e-01 2.3114111479717001e-04 2.1616266045187453e-04 9.3761367583751132e+02
2.0755101020508956e-01 2.3498285129541310e-04 2.2160653577889397e-04 9.3763476932693754e+02
2.1278482994564207e-01 2.3895429723352934e-04 2.2718756348924252e-04 9.3765600973559640e+02
2.1815063106778143e-01 2.4305983202140284e-04 2.3290919808692333e-04 9.3767739828934020e+02
2.2365174174976915e-01 2.4730398293194866e-04 2.3877498105546305e-04 9.3769893622436712e+02
2.2929157409663287e-01 2.5169143009344660e-04 2.4478854304691322e-04 9.3772062478730811e+02
2.3507362625655007e-01 2.5622701165043256e-04 2.5095360612590727e-04 9.3774246523531485e+02
2.4100148459060036e-01 2.6091572909883764e-04 2.5727398607015676e-04 9.3776445883614781e+02
2.4707882589723326e-01 2.6576275280125960e-04 2.6375359472880600e-04 9.3778660686826515e+02
2.5330941969282911e-01 2.7077342768844665e-04 2.7039644244009720e-04 9.3780891062091143e+02
2.5969713054977073e-01 2.7595327915328329e-04 2.7720664050983875e-04 9.3783137139421069e+02
2.6624592049347257e-01 2.8130801914377432e-04 2.8418840375220230e-04 9.3785399049925491e+02
2.7295985145985702e-01 2.8684355246174910e-04 2.9134605309441645e-04 9.3787676925819812e+02
2.7984308781480044e-01 2.9256598327423000e-04 2.9868401824696147e-04 9.3789970900434844e+02
2.8689989893711199e-01 2.9848162184464518e-04 3.0620684044091050e-04 9.3792281108226268e+02
2.9413466186664838e-01 3.0459699149130992e-04 3.1391917523410675e-04 9.3794607684783898e+02
3.0155186401920459e-01 3.1091883578084750e-04 3.2182579538790119e-04 9.3796950766841394e+02
3.0915610596986814e-01 3.1745412596448456e-04 3.2993159381622947e-04 9.3799310492285906e+02
3.1695210430655940e-01 3.2421006866541842e-04 3.3824158660884004e-04 9.3801687000167556e+02
3.2494469455553071e-01 3.3119411382573604e-04 3.4676091613053959e-04 9.3804080430709496e+02
3.3313883418063800e-01 3.3841396292164593e-04 3.5549485419836442e-04 9.3806490925317576e+02
3.4153960565824432e-01 3.4587757745608292e-04 3.6444880533863461e-04 9.3808918626590344e+02
3.5015221962966420e-01 3.5359318773805083e-04 3.7362831012589847e-04 9.3811363678329178e+02
3.5898201813310254e-01 3.6156930195838392e-04 3.8303904860582358e-04 9.3813826225548337e+02
3.6803447791709432e-01 3.6981471557193612e-04 3.9268684380414375e-04 9.3816306414485166e+02
3.7731521383749800e-01 3.7833852099654201e-04 4.0257766532382191e-04 9.3818804392610480e+02
3.8682998234015253e-01 3.8715011763944718e-04 4.1271763303264632e-04 9.3821320308638906e+02
3.9658468503135558e-01 3.9625922226226257e-04 4.2311302084353011e-04 9.3823854312539333e+02
4.0658537233837905e-01 4.0567587969587396e-04 4.3377026058984228e-04 9.3826406555545577e+02
4.1683824726229185e-01 4.1541047391712035e-04 4.4469594599815774e-04 9.3828977190167041e+02
4.2734966922541751e-01 4.2547373949945787e-04 4.5589683676087192e-04 9.3831566370199357e+02
4.3812615801581395e-01 4.3587677345023439e-04 4.6737986271118821e-04 9.3834174250735396e+02
4.4917439783122004e-01 4.4663104744762890e-04 4.7915212810304791e-04 9.3836800988176094e+02
4.6050124142497967e-01 4.5774842049075019e-04 4.9122091599863946e-04 9.3839446740241635e+02
4.7211371435651317e-01 4.6924115197684237e-04 5.0359369276618707e-04 9.3842111665982475e+02
4.8401901934897296e-01 4.8112191522002047e-04 5.1627811269078759e-04 9.3844795925790629e+02
4.9622454075678651e-01 4.9340381142644145e-04 5.2928202270113530e-04 9.3847499681410864e+02
5.0873784914585740e-01 5.0610038414132270e-04 5.4261346721504048e-04 9.3850223095952538e+02
5.2156670598926558e-01 5.1922563418373808e-04 5.5628069310673133e-04 9.3852966333900565e+02
5.3471906848137873e-01 5.3279403508566100e-04 5.7029215479898745e-04 9.3855729561127521e+02
5.4820309447336157e-01 5.4682054905227971e-04 5.8465651948324540e-04 9.3858512944905169e+02
5.6202714753314442e-01 5.6132064346118432e-04 5.9938267247088733e-04 9.3861316653916299e+02
5.7619980213298838e-01 5.7631030791861987e-04 6.1447972267900379e-04 9.3864140858266740e+02
5.9072984896786607e-01 5.9180607189161316e-04 6.2995700825400783e-04 9.3866985729497299e+02
6.0562630040795551e-01 6.0782502293541766e-04 6.4582410233655918e-04 9.3869851440596028e+02
6.2089839608863107e-01 6.2438482553637588e-04 6.6209081897134826e-04 9.3872738166010367e+02
6.3655560864141503e-01 6.4150374059097686e-04 6.7876721916537046e-04 9.3875646081659613e+02
6.5260764956944894e-01 6.5920064554259050e-04 6.9586361709842305e-04 9.3878575364947324e+02
6.6906447527112634e-01 6.7749505519808316e-04 7.1339058648964217e-04 9.3881526194773880e+02
6.8593629321562211e-01 6.9640714324726812e-04 7.3135896712399405e-04 9.3884498751549211e+02
7.0323356827415306e-01 7.1595776450892516e-04 7.4977987154273903e-04 9.3887493217205611e+02
7.2096702921089095e-01 7.3616847792791300e-04 7.6866469190197827e-04 9.3890509775210535e+02
7.3914767533756054e-01 7.5706157034874410e-04 7.8802510700350461e-04 9.3893548610579819e+02
7.5778678333584293e-01 7.7866008109182740e-04 8.0787308950227741e-04 9.3896609909890606e+02
7.7689591425182303e-01 8.0098782735948720e-04 8.2822091329495611e-04 9.3899693861294668e+02
7.9648692066681437e-01 8.2406943049977068e-04 8.4908116109403222e-04 9.3902800654531916e+02
8.1657195404901128e-01 8.4793034315700606e-04 8.7046673219222045e-04 9.3905930480943630e+02
8.3716347229052790e-01 8.7259687733905167e-04 8.9239085042187546e-04 9.3909083533486205e+02
8.5827424743449887e-01 8.9809623343218594e-04 9.1486707231433289e-04 9.3912260006744884e+02
8.7991737359703504e-01 9.2445653019563472e-04 9.3790929546418774e-04 9.3915460096947504e+02
9.0210627508894603e-01 9.5170683576880884e-04 9.6153176710364727e-04 9.3918684001978556e+02
9.2485471474226988e-01 9.7987719972544743e-04 9.8574909289223444e-04 9.3921931921393195e+02
9.4817680244677249e-01 1.0089986862100134e-03 1.0105762459272378e-03 9.3925204056431437e+02
9.7208700390171199e-01 1.0391034081928797e-03 1.0360285759804461e-03 9.3928500610032552e+02
9.9660014958829790e-01 1.0702245628820819e-03 1.0621218189668445e-03 9.3931821786849434e+02
1.0217314439684055e+00 1.1023964683306838e-03 1.0888721066510841e-03 9.3935167793263258e+02
1.0474964749152609e+00 1.1356546012801316e-03 1.1162959765976979e-03 9.3938538837398119e+02
1.0739112233819306e+00 1.1700356362813131e-03 1.1444103823711610e-03 9.3941935129135879e+02
1.1009920733136336e+00 1.2055774861364828e-03 1.1732327039920768e-03 9.3945356880131226e+02
1.1287558218099993e+00 1.2423193437066215e-03 1.2027807586558940e-03 9.3948804303826523e+02
1.1572196895435996e+00 1.2803017251303624e-03 1.2330728117207514e-03 9.3952277615467392e+02
1.1864013314411967e+00 1.3195665145021183e-03 1.2641275879711892e-03 9.3955777032117760e+02
1.2163188476343436e+00 1.3601570100586890e-03 1.2959642831646444e-03 9.3959302772675539e+02
1.2469907946861281e+00 1.4021179719252810e-03 1.3286025758678251e-03 9.3962855057888180e+02
1.2784361971010159e+00 1.4454956714735809e-03 1.3620626395902211e-03 9.3966434110368380e+02
1.3106745591249471e+00 1.4903379423463264e-03 1.3963651552222085e-03 9.3970040154610138e+02
1.3437258768429849e+00 1.5366942332046185e-03 1.4315313237853713e-03 9.3973673417004750e+02
1.3776106505820416e+00 1.5846156622561676e-03 1.4675828795028866e-03 9.3977334125856771e+02
1.4123498976263569e+00 1.6341550736245791e-03 1.5045421031979634e-03 9.3981022511400829e+02
1.4479651652536254e+00 1.6853670956218517e-03 1.5424318360285905e-03 9.3984738805817574e+02
1.4844785440998591e+00 1.7383082009883460e-03 1.5812754935669985e-03 9.3988483243250653e+02
1.5219126818612663e+00 1.7930367691666427e-03 1.6210970802324823e-03 9.3992256059823228e+02
1.5602907973416580e+00 1.8496131506779781e-03 1.6619212040864403e-03 9.3996057493655132e+02
1.5996366948540806e+00 1.9080997336722212e-03 1.7037730919987012e-03 9.3999887784879616e+02
1.6399747789856227e+00 1.9685610127248092e-03 1.7466786051944466e-03 9.4003747175660885e+02
1.6813300697345421e+00 2.0310636599564806e-03 1.7906642551912626e-03 9.4007635910211275e+02
1.7237282180291025e+00 2.0956765985542351e-03 1.8357572201360903e-03 9.4011554234808682e+02
1.7671955216377606e+00 2.1624710787746162e-03 1.8819853615521043e-03 9.4015502397814430e+02
1.8117589414805464e+00 2.2315207565130903e-03 1.9293772415057704e-03 9.4019480649690991e+02
1.8574461183517825e+00 2.3029017745261997e-03 1.9779621402046324e-03 9.4023489243019901e+02
1.9042853900644856e+00 2.3766928463960189e-03 2.0277700740365854e-03 9.4027528432519966e+02
1.9523058090271146e+00 2.4529753433295449e-03 2.0788318140617244e-03 9.4031598475065653e+02
2.0015371602635401e+00 2.5318333838886967e-03 2.1311789049680823e-03 9.4035699629705323e+02
2.0520099798874258e+00 2.6133539267498931e-03 2.1848436845028755e-03 9.4039832157680007e+02
2.1037555740424887e+00 2.6976268665955083e-03 2.2398593033911862e-03 9.4043996322442092e+02
2.1568060383203589e+00 2.7847451332429054e-03 2.2962597457542454e-03 9.4048192389674432e+02
2.2111942776681208e+00 2.8748047941204208e-03 2.3540798500398812e-03 9.4052420627309311e+02
2.2669540267978432e+00 2.9679051602032333e-03 2.4133553304779005e-03 9.4056681305547704e+02
2.3241198711107929e+00 3.0641488955260024e-03 2.4741227990735873e-03 9.4060974696878895e+02
2.3827272681492873e+00 3.1636421303929850e-03 2.5364197881527699e-03 9.4065301076099979e+02
2.4428125695894956e+00 3.2664945784104961e-03 2.6002847734722641e-03 9.4069660720335605e+02
2.5044130437888454e+00 3.3728196574707801e-03 2.6657571979098555e-03 9.4074053909058182e+02
2.5675668989019913e+00 3.4827346148206557e-03 2.7328774957483142e-03 9.4078480924107771e+02
2.6323133065797180e+00 3.5963606563529232e-03 2.8016871175683255e-03 9.4082942049712585e+02
2.6986924262654393e+00 3.7138230802630286e-03 2.8722285557655513e-03 9.4087437572509430e+02
2.7667454301044025e+00 3.8352514152184382e-03 2.9445453707074732e-03 9.4091967781564381e+02
2.8365145284810152e+00 3.9607795631930428e-03 3.0186822175459972e-03 9.4096532968393717e+02
2.9080429962001473e+00 4.0905459471241084e-03 3.0946848737022454e-03 9.4101133426984973e+02
2.9813751993286624e+00 4.2246936635546243e-03 3.1726002670403597e-03 9.4105769453818061e+02
3.0565566227137912e+00 4.3633706404293225e-03 3.2524765047475253e-03 9.4110441347886865e+02
3.1336338981954603e+00 4.5067298002184333e-03 3.3343629029379271e-03 9.4115149410720846e+02
3.2126548335300251e+00 4.6549292285489778e-03 3.4183100169987010e-03 9.4119893946406705e+02
3.2936684420434017e+00 4.8081323485296597e-03 3.5043696726964838e-03 9.4124675261610594e+02
3.3767249730319424e+00 4.9665081009614793e-03 3.5925949980635530e-03 9.4129493665600251e+02
3.4618759429299337e+00 5.1302311306328542e-03 3.6830404560830709e-03 9.4134349470267352e+02
3.5491741672630606e+00 5.2994819789046847e-03 3.7757618781934280e-03 9.4139242990150069e+02
3.6386737934076168e+00 5.4744472827976719e-03 3.8708164986321248e-03 9.4144174542456085e+02
3.7304303341758356e+00 5.6553199808015257e-03 3.9682629896402588e-03 9.4149144447085405e+02
3.8245007022481112e+00 5.8422995256328892e-03 4.0681614975490573e-03 9.4154153026653648e+02
3.9209432454735276e+00 6.0355921041767213e-03 4.1705736797705735e-03 9.4159200606515367e+02
4.0198177830605415e+00 6.2354108648535675e-03 4.2755627427150953e-03 9.4164287514787929e+02
4.1211856426802900e+00 6.4419761526634959e-03 4.3831934806584823e-03 9.4169414082375033e+02
4.2251096985055465e+00 6.6555157521658937e-03 4.4935323155831488e-03 9.4174580642990975e+02
4.3316544102088868e+00 6.8762651386630180e-03 4.6066473380170251e-03 9.4179787533184845e+02
4.4408858629442935e+00 7.1044677378643475e-03 4.7226083488954712e-03 9.4185035092364978e+02
4.5528718083369526e+00 7.3403751943179989e-03 4.8414869024716546e-03 9.4190323662823744e+02
4.6676817065067215e+00 7.5842476489053103e-03 4.9633563503016639e-03 9.4195653589762355e+02
4.7853867691512795e+00 7.8363540257044943e-03 5.0882918863311448e-03 9.4201025221316138e+02
4.9060600037157078e+00 8.0969723285397380e-03 5.2163705931110122e-03 9.4206438908579798e+02
5.0297762586759225e+00 8.3663899475427995e-03 5.3476714891704811e-03 9.4211895005633028e+02
5.1566122699639800e+00 8.6449039760650541e-03 5.4822755775762325e-03 9.4217393869566399e+02
5.2866467085641329e+00 8.9328215382895801e-03 5.6202658957074702e-03 9.4222935860507425e+02
5.4199602293090763e+00 9.2304601279044191e-03 5.7617275662771210e-03 9.4228521341646740e+02
5.5566355209067257e+00 9.5381479582106084e-03 5.9067478496303985e-03 9.4234150679264678e+02
5.6967573572285053e+00 9.8562243240509512e-03 6.0554161973525563e-03 9.4239824242758118e+02
5.8404126498909612e+00 1.0185039975958652e-02 6.2078243072185629e-03 9.4245542404667378e+02
5.9876905021633613e+00 1.0524957506938491e-02 6.3640661795182239e-03 9.4251305540703549e+02
6.1386822642346450e+00 1.0876351752306893e-02 6.5242381747910279e-03 9.4257114029775948e+02
6.2934815898740819e+00 1.1239610203031986e-02 6.6884390730060136e-03 9.4262968254019790e+02
6.4521844945206963e+00 1.1615133433029234e-02 6.8567701342225895e-03 9.4268868598824361e+02
6.6148894148375872e+00 1.2003335540884084e-02 7.0293351607694440e-03 9.4274815452861105e+02
6.7816972697679923e+00 1.2404644606488515e-02 7.2062405609792960e-03 9.4280809208112146e+02
6.9527115231310077e+00 1.2819503163095096e-02 7.3875954145183687e-03 9.4286850259899040e+02
7.1280382477958177e+00 1.3248368685309205e-02 7.5735115393504244e-03 9.4292939006911854e+02
7.3077861914741584e+00 1.3691714093557334e-02 7.7641035603760603e-03 9.4299075851238320e+02
7.4920668441719283e+00 1.4150028275587988e-02 7.9594889797891533e-03 9.4305261198393612e+02
7.6809945073416666e+00 1.4623816625580004e-02 8.1597882491932297e-03 9.4311495457349929e+02
7.8746863647789116e+00 1.5113601601453060e-02 8.3651248435217384e-03 9.4317779040566472e+02
8.0732625553063126e+00 1.5619923300994671e-02 8.5756253368070960e-03 9.4324112364020152e+02
8.2768462472906243e+00 1.6143340057439115e-02 8.7914194798447681e-03 9.4330495847235977e+02
8.4855637150388326e+00 1.6684429055155124e-02 9.0126402797995851e-03 9.4336929913317852e+02
8.6995444171207037e+00 1.7243786966121003e-02 9.2394240818026354e-03 9.4343414988980101e+02
8.9189210766664644e+00 1.7822030607889408e-02 9.4719106525885943e-03 9.4349951504578621e+02
9.1438297636892862e+00 1.8419797623766974e-02 9.7102432662240987e-03 9.4356539894142770e+02
9.3744099794837510e+00 1.9037747185959106e-02 9.9545687919795449e-03 9.4363180595407266e+02
9.6108047431525652e+00 1.9676560722455189e-02 1.0205037784397528e-02 9.4369874049844816e+02
9.8531606803152130e+00 2.0336942668455735e-02 1.0461804575612847e-02 9.4376620702698267e+02
1.0101628114053600e+01 2.1019621243170188e-02 1.0725027369980066e-02 9.4383421003014041e+02
1.0356361158151108e+01 2.1725349252842061e-02 1.0994868341066295e-02 9.4390275403675014e+02
1.0617517812682751e+01 2.2454904920886459e-02 1.1271493731067882e-02 9.4397184361434108e+02
1.0885260062015949e+01 2.3209092746056058e-02 1.1555073952711678e-02 9.4404148336948276e+02
1.1159753975282523e+01 2.3988744389581387e-02 1.1845783693702622e-02 9.4411167794812377e+02
1.1441169809384361e+01 2.4794719592263953e-02 1.2143802023781158e-02 9.4418243203593670e+02
1.1729682114596462e+01 2.5627907122533145e-02 1.2449312504455303e-02 9.4425375035866921e+02
1.2025469842833086e+01 2.6489225756512823e-02 1.2762503301474310e-02 9.4432563768248906e+02
1.2328716458644049e+01 2.7379625291178194e-02 1.3083567300111933e-02 9.4439809881434394e+02
1.2639610053009918e+01 2.8300087591719786e-02 1.3412702223329331e-02 9.4447113860231366e+02
1.2958343460006887e+01 2.9251627674270184e-02 1.3750110752889342e-02 9.4454476193597520e+02
1.3285114376413533e+01 3.0235294825186887e-02 1.4096000653495618e-02 9.4461897374676232e+02
1.3620125484333776e+01 3.1252173758126015e-02 1.4450584900031887e-02 9.4469377900833479e+02
1.3963584576911888e+01 3.2303385810182182e-02 1.4814081807978387e-02 9.4476918273695071e+02
1.4315704687217776e+01 3.3390090178414204e-02 1.5186715167084848e-02 9.4484518999183672e+02
1.4676704220382394e+01 3.4513485198120065e-02 1.5568714378380824e-02 9.4492180587556709e+02
1.5046807089065064e+01 3.5674809664270016e-02 1.5960314594606364e-02 9.4499903553444460e+02
1.5426242852337031e+01 3.6875344197556080e-02 1.6361756864148359e-02 9.4507688415888549e+02
1.5815246858067171e+01 3.8116412656563500e-02 1.6773288278569578e-02 9.4515535698380700e+02
1.6214060388898329e+01 3.9399383597621948e-02 1.7195162123819954e-02 9.4523445928901765e+02
1.6622930811904574e+01 4.0725671783945497e-02 1.7627638035221344e-02 9.4531419639961314e+02
1.7042111732022541e+01 4.2096739745726558e-02 1.8070982156320036e-02 9.4539457368637488e+02
1.7471863149351833e+01 4.3514099392903627e-02 1.8525467301702979e-02 9.4547559656617204e+02
1.7912451620421916e+01 4.4979313682380673e-02 1.8991373123876051e-02 9.4555727050236942e+02
1.8364150423525881e+01 4.6493998341538008e-02 1.9468986284305899e-02 9.4563960100523491e+02
1.8827239728223311e+01 4.8059823649933907e-02 1.9958600628728278e-02 9.4572259363235435e+02
1.9302006769117607e+01 4.9678516281162710e-02 2.0460517366829373e-02 9.4580625398904897e+02
1.9788746024015296e+01 5.1351861206899378e-02 2.0975045256408340e-02 9.4589058772879685e+02
2.0287759396578153e+01 5.3081703665231274e-02 2.1502500792132891e-02 9.4597560055365636e+02
2.0799356403581250e+01 5.4869951195447207e-02 2.2043208399001705e-02 9.4606129821469835e+02
2.1323854366892942e+01 5.6718575741526951e-02 2.2597500630630568e-02 9.4614768651243787e+02
2.1861578610296199e+01 5.8629615826651993e-02 2.3165718372482387e-02 9.4623477129727064e+02
2.2412862661273085e+01 6.0605178801134474e-02 2.3748211050163479e-02 9.4632255846991529e+02
2.2978048457877748e+01 6.2647443166243794e-02 2.4345336842912277e-02 9.4641105398185903e+02
2.3557486560825929e+01 6.4758660976492466e-02 2.4957462902408981e-02 9.4650026383580519e+02
2.4151536370932927e+01 6.6941160323031448e-02 2.5584965577038630e-02 9.4659019408613028e+02
2.4760566352034722e+01 6.9197347900893200e-02 2.6228230641742942e-02 9.4668085083933840e+02
2.5384954259530268e+01 7.1529711662912068e-02 2.6887653533599152e-02 9.4677224025452551e+02
2.6025087374687214e+01 7.3940823563250796e-02 2.7563639593268626e-02 9.4686436854384658e+02
2.6681362744855946e+01 7.6433342393556550e-02 2.8256604312460486e-02 9.4695724197298387e+02
2.7354187429741284e+01 7.9010016714875481e-02 2.8966973587559623e-02 9.4705086686162576e+02
2.8043978753884140e+01 8.1673687888557056e-02 2.9695183979571847e-02 9.4714524958394350e+02
2.8751164565510280e+01 8.4427293209492701e-02 3.0441682980543110e-02 9.4724039656907689e+02
2.9476183501906455e+01 8.7273869145142374e-02 3.1206929286613273e-02 9.4733631430162313e+02
3.0219485261488288e+01 9.0216554683920369e-02 3.1991393077868607e-02 9.4743300932212981e+02
3.0981530882729199e+01 9.3258594796634495e-02 3.2795556305162142e-02 9.4753048822759399e+02
3.1762793030122914e+01 9.6403344014794071e-02 3.3619912984074157e-02 9.4762875767196351e+02
3.2563756287357243e+01 9.9654270129733560e-02 3.4464969496190052e-02 9.4772782436664477e+02
3.3384917457880597e+01 1.0301495801662983e-01 3.5331244897876535e-02 9.4782769508101615e+02
3.4226785873048080e+01 1.0648911358763112e-01 3.6219271236742429e-02 9.4792837664294348e+02
3.5089883708038208e+01 1.1008056787845709e-01 3.7129593875974309e-02 9.4802987593930391e+02
3.5974746305735763e+01 1.1379328127297389e-01 3.8062771826741663e-02 9.4813219991651022e+02
3.6881922508782331e+01 1.1763134787040630e-01 3.9019378088871924e-02 9.4823535558104584e+02
3.7811974999999997e+01 1.2159900000000000e-01 4.0000000000000001e-02 9.4834117900000001e+02
4.2972901999999998e+01 1.5267300000000000e-01 4.5440000000000001e-02 9.4906816400000002e+02
4.8137748000000002e+01 1.8719600000000000e-01 5.0880000000000002e-02 9.4978449599999999e+02
5.3306465000000003e+01 2.2527400000000000e-01 5.6320000000000002e-02 9.5049431400000003e+02
5.8479033000000001e+01 2.6717999999999997e-01 6.1760000000000002e-02 9.5120341499999995e+02
6.3655467000000002e+01 3.1337199999999998e-01 6.7199999999999996e-02 9.5191901399999995e+02
6.8835821999999993e+01 3.6450100000000002e-01 7.2639999999999996e-02 9.5264938900000004e+02
7.4020205000000004e+01 4.2140600000000000e-01 7.8079999999999997e-02 9.5340354700000000e+02
7.9208770000000001e+01 4.8510799999999998e-01 8.3519999999999997e-02 9.5419090700000004e+02
8.4401722000000007e+01 5.5679500000000004e-01 8.8959999999999997e-02 9.5502104999999995e+02
8.9599321000000003e+01 6.3780599999999998e-01 9.4399999999999998e-02 9.5590350999999998e+02
9.4801877000000005e+01 7.2961600000000004e-01 9.9839999999999998e-02 9.5684761900000001e+02
1.0000974900000000e+02 8.3382100000000003e-01 1.0528000000000000e-01 9.5786238700000001e+02
1.0522334499999999e+02 9.5211900000000005e-01 1.1072000000000000e-01 9.5895641899999998e+02
1.1044311900000000e+02 1.0862940000000001e+00 1.1616000000000000e-01 9.6013785199999995e+02
1.1566952100000000e+02 1.2354740000000000e+00 1.2160000000000000e-01 9.6139147300000002e+02
1.2090294500000000e+02 1.4017550000000001e+00 1.2703999999999999e-01 9.6272761600000001e+02
1.2614389700000000e+02 1.5883430000000001e+00 1.3247999999999999e-01 9.6416414099999997e+02
1.3139295000000001e+02 1.7976049999999999e+00 1.3791999999999999e-01 9.6571047699999997e+02
1.3665072200000000e+02 2.0317440000000002e+00 1.4335999999999999e-01 9.6737380599999995e+02
1.4191786700000000e+02 2.2928910000000000e+00 1.4879999999999999e-01 9.6916001100000005e+02
1.4719506500000000e+02 2.5831360000000001e+00 1.5423999999999999e-01 9.7107405200000005e+02
1.5248302600000000e+02 2.9045329999999998e+00 1.5967999999999999e-01 9.7312016100000005e+02
1.5778247600000000e+02 3.2591070000000002e+00 1.6511999999999999e-01 9.7530196300000000e+02
1.6309416400000001e+02 3.6488540000000000e+00 1.7055999999999999e-01 9.7762256300000001e+02
1.6841885099999999e+02 4.0757450000000004e+00 1.7599999999999999e-01 9.8008460900000000e+02
1.7375731400000001e+02 4.5417189999999996e+00 1.8143999999999999e-01 9.8269034699999997e+02
1.7911034000000001e+02 5.0486849999999999e+00 1.8687999999999999e-01 9.8544165899999996e+02
1.8447872500000000e+02 5.5985220000000000e+00 1.9231999999999999e-01 9.8834009800000001e+02
1.8986327299999999e+02 6.1930740000000002e+00 1.9775999999999999e-01 9.9138692000000003e+02
1.9526479499999999e+02 6.8341529999999997e+00 2.0319999999999999e-01 9.9458310100000006e+02
2.0068410499999999e+02 7.5235289999999999e+00 2.0863999999999999e-01 9.9792936099999997e+02
2.0612202199999999e+02 8.2629380000000001e+00 2.1407999999999999e-01 1.0014261770000001e+03
2.1157936500000000e+02 9.0540679999999991e+00 2.1951999999999999e-01 1.0050737910000000e+03
2.1705695600000001e+02 9.8985649999999996e+00 2.2495999999999999e-01 1.0088722220000000e+03
2.2255561399999999e+02 1.0798023000000001e+01 2.3039999999999999e-01 1.0128212710000000e+03
2.2807615899999999e+02 1.1753984000000001e+01 2.3583999999999999e-01 1.0169205220000000e+03
2.3361940600000000e+02 1.2767932000000000e+01 2.4127999999999999e-01 1.0211693480000000e+03
2.3918616700000001e+02 1.3841289000000000e+01 2.4671999999999999e-01 1.0255669089999999e+03
2.4477724900000001e+02 1.4975410999999999e+01 2.5216000000000000e-01 1.0301121530000000e+03
2.5039345299999999e+02 1.6171582000000001e+01 2.5760000000000000e-01 1.0348038190000000e+03
2.5603557000000001e+02 1.7431011000000002e+01 2.6304000000000000e-01 1.0396404359999999e+03
2.6170438600000000e+02 1.8754829000000001e+01 2.6848000000000000e-01 1.0446203230000001e+03
2.6740067599999998e+02 2.0144083999999999e+01 2.7392000000000000e-01 1.0497415960000001e+03
2.7312520300000000e+02 2.1599734000000002e+01 2.7936000000000000e-01 1.0550021660000000e+03
2.7887871999999999e+02 2.3122651000000001e+01 2.8480000000000000e-01 1.0603997489999999e+03
2.8466196600000001e+02 2.4713612000000001e+01 2.9024000000000000e-01 1.0659318670000000e+03
2.9047566499999999e+02 2.6373303000000000e+01 2.9568000000000000e-01 1.0715958630000000e+03
2.9632052800000002e+02 2.8102311000000000e+01 3.0112000000000000e-01 1.0773889019999999e+03
3.0219724900000000e+02 2.9901130999999999e+01 3.0656000000000000e-01 1.0833079889999999e+03
3.0810650500000003e+02 3.1770160000000001e+01 3.1200000000000000e-01 1.0893499770000001e+03
3.1404895800000003e+02 3.3709701000000003e+01 3.1744000000000000e-01 1.0955115810000000e+03
3.2002524799999998e+02 3.5719963000000000e+01 3.2288000000000000e-01 1.1017893950000000e+03
3.2603599900000000e+02 3.7801067000000003e+01 3.2832000000000000e-01 1.1081799000000001e+03
3.3208181300000001e+02 3.9953043000000001e+01 3.3376000000000000e-01 1.1146794870000001e+03
3.3816327600000000e+02 4.2175835999999997e+01 3.3920000000000000e-01 1.1212844689999999e+03
3.4428095000000002e+02 4.4469312000000002e+01 3.4464000000000000e-01 1.1279910980000000e+03
3.5043537500000002e+02 4.6826622000000000e+01 3.5008000000000000e-01 1.1347766170000000e+03
3.5662428799999998e+02 4.8860765000000001e+01 3.5552000000000000e-01 1.1405424829999999e+03
3.6284317800000002e+02 5.0774172999999998e+01 3.6096000000000000e-01 1.1458831200000000e+03
3.6909058900000002e+02 5.2651671000000000e+01 3.6640000000000000e-01 1.1510450030000000e+03
3.7536577000000000e+02 5.4517816000000003e+01 3.7184000000000000e-01 1.1561000010000000e+03
3.8166824500000001e+02 5.6384672000000002e+01 3.7728000000000000e-01 1.1610834510000000e+03
3.8799768599999999e+02 5.8259359000000003e+01 3.8272000000000000e-01 1.1660161510000000e+03
3.9435385500000001e+02 6.0146532000000001e+01 3.8816000000000001e-01 1.1709116170000000e+03
4.0073657700000001e+02 6.2049444999999999e+01 3.9360000000000001e-01 1.1757792099999999e+03
4.0714525300000003e+02 6.3846459000000003e+01 3.9904000000000001e-01 1.1803137409999999e+03
4.1357730099999998e+02 6.5526465000000002e+01 4.0448000000000001e-01 1.1844948030000000e+03
4.2003193099999999e+02 6.7208303000000001e+01 4.0992000000000001e-01 1.1886244509999999e+03
4.2650896899999998e+02 6.8904858000000004e+01 4.1536000000000001e-01 1.1927353069999999e+03
4.3300835000000001e+02 7.0621185999999994e+01 4.2080000000000001e-01 1.1968399580000000e+03
4.3953005999999999e+02 7.2359982000000002e+01 4.2624000000000001e-01 1.2009449370000000e+03
4.4607411300000001e+02 7.4122916000000004e+01 4.3168000000000001e-01 1.2050541280000000e+03
4.5264053799999999e+02 7.5911118999999999e+01 4.3712000000000001e-01 1.2091700290000001e+03
4.5922937700000000e+02 7.7725401000000005e+01 4.4256000000000001e-01 1.2132943160000000e+03
4.6584067900000002e+02 7.9566368999999995e+01 4.4800000000000001e-01 1.2174281500000000e+03
4.7247449699999999e+02 8.1434489999999997e+01 4.5344000000000001e-01 1.2215723350000001e+03
4.7913089100000002e+02 8.3330132000000006e+01 4.5888000000000001e-01 1.2257274319999999e+03
4.8580991999999998e+02 8.5253587999999993e+01 4.6432000000000001e-01 1.2298938189999999e+03
4.9251164699999998e+02 8.7205095000000000e+01 4.6976000000000001e-01 1.2340717410000000e+03
4.9923613399999999e+02 8.9184844999999996e+01 4.7520000000000001e-01 1.2382613360000000e+03
5.0598344600000001e+02 9.1192992000000004e+01 4.8064000000000001e-01 1.2424626639999999e+03
5.1275364600000000e+02 9.3229662000000005e+01 4.8608000000000001e-01 1.2466757200000000e+03
5.1954679799999997e+02 9.5294955000000002e+01 4.9152000000000001e-01 1.2509004480000001e+03
5.2636296500000003e+02 9.7388948999999997e+01 4.9696000000000001e-01 1.2551367490000000e+03
5.3320221100000003e+02 9.9511703999999995e+01 5.0239999999999996e-01 1.2593844919999999e+03
5.4006459600000005e+02 1.0166326500000000e+02 5.0783999999999996e-01 1.2636435160000001e+03
5.4695018200000004e+02 1.0384365900000000e+02 5.1327999999999996e-01 1.2679136400000000e+03
5.5385902799999997e+02 1.0605290500000000e+02 5.1871999999999996e-01 1.2721946610000000e+03
5.6079119400000002e+02 1.0829100800000001e+02 5.2415999999999996e-01 1.2764863640000001e+03
5.6774673600000006e+02 1.1055796300000000e+02 5.2959999999999996e-01 1.2807885180000001e+03
5.7472571100000005e+02 1.1285375700000000e+02 5.3503999999999996e-01 1.2851008830000001e+03
5.8172817399999997e+02 1.1517836600000000e+02 5.4047999999999996e-01 1.2894232130000000e+03
5.8875417800000002e+02 1.1753176000000001e+02 5.4591999999999996e-01 1.2937552499999999e+03
5.9580377599999997e+02 1.1991390300000000e+02 5.5135999999999996e-01 1.2980967360000000e+03
6.0287701800000002e+02 1.2232475100000001e+02 5.5679999999999996e-01 1.3024474060000000e+03
6.0997395300000005e+02 1.2476425399999999e+02 5.6223999999999996e-01 1.3068069929999999e+03
6.1709463000000005e+02 1.2723235699999999e+02 5.6767999999999996e-01 1.3111752260000001e+03
6.2423909400000002e+02 1.2972900000000001e+02 5.7311999999999996e-01 1.3155518370000000e+03
6.3140738999999996e+02 1.3225411700000001e+02 5.7855999999999996e-01 1.3199365539999999e+03
6.3859956199999999e+02 1.3480764099999999e+02 5.8399999999999996e-01 1.3243291050000000e+03
6.4581565100000000e+02 1.3738949700000001e+02 5.8943999999999996e-01 1.3287292210000001e+03
6.5305569900000000e+02 1.3999960799999999e+02 5.9487999999999996e-01 1.3331366330000001e+03
6.6031974300000002e+02 1.4263789299999999e+02 6.0031999999999996e-01 1.3375510730000001e+03
6.6760782200000006e+02 1.4530427000000000e+02 6.0575999999999997e-01 1.3419722750000001e+03
6.7491997100000003e+02 1.4799865100000000e+02 6.1119999999999997e-01 1.3463999770000000e+03
6.8225622599999997e+02 1.5072094700000000e+02 6.1663999999999997e-01 1.3508339160000000e+03
6.8961661800000002e+02 1.5347106600000001e+02 6.2207999999999997e-01 1.3552738350000000e+03
6.9700118099999997e+02 1.5624891299999999e+02 6.2751999999999997e-01 1.3597194800000000e+03
7.0440994499999999e+02 1.5905439300000000e+02 6.3295999999999997e-01 1.3641705959999999e+03
7.1184293800000000e+02 1.6188740500000000e+02 6.3839999999999997e-01 1.3686269380000001e+03
7.1930018900000005e+02 1.6474785100000000e+02 6.4383999999999997e-01 1.3730882570000001e+03
7.2678172400000005e+02 1.6763562800000000e+02 6.4927999999999997e-01 1.3775543140000000e+03
7.3428756799999996e+02 1.7055063200000001e+02 6.5471999999999997e-01 1.3820248710000001e+03
7.4181774499999995e+02 1.7349275900000001e+02 6.6015999999999997e-01 1.3864996920000001e+03
7.4937227700000005e+02 1.7646190100000001e+02 6.6559999999999997e-01 1.3909785469999999e+03
7.5695118600000001e+02 1.7945795100000001e+02 6.7103999999999997e-01 1.3954612099999999e+03
7.6455449099999998e+02 1.8248080200000001e+02 6.7647999999999997e-01 1.3999474590000000e+03
7.7218221300000005e+02 1.8553034199999999e+02 6.8191999999999997e-01 1.4044370730000001e+03
7.7983436800000004e+02 1.8860646299999999e+02 6.8735999999999997e-01 1.4089298400000000e+03
7.8751097200000004e+02 1.9170905099999999e+02 6.9279999999999997e-01 1.4134255459999999e+03
7.9521204299999999e+02 1.9483799700000000e+02 6.9823999999999997e-01 1.4179239869999999e+03
8.0293759299999999e+02 1.9799318600000001e+02 7.0367999999999997e-01 1.4224249580000001e+03
8.1068763600000000e+02 2.0117450600000001e+02 7.0911999999999997e-01 1.4269282610000000e+03
8.1846218399999998e+02 2.0438184400000000e+02 7.1455999999999997e-01 1.4314337000000000e+03
8.2626124800000002e+02 2.0761508599999999e+02 7.1999999999999997e-01 1.4359410849999999e+03
8.3408483899999999e+02 2.1087411700000001e+02 7.2543999999999997e-01 1.4404502270000000e+03
8.4193296499999997e+02 2.1415882300000001e+02 7.3087999999999997e-01 1.4449609450000000e+03
8.4980563400000005e+02 2.1746908900000000e+02 7.3631999999999997e-01 1.4494730569999999e+03
8.5770285400000000e+02 2.2080480000000000e+02 7.4175999999999997e-01 1.4539863880000000e+03
8.6562463000000002e+02 2.2416584200000000e+02 7.4719999999999998e-01 1.4585007660000001e+03
8.7357096899999999e+02 2.2755210000000000e+02 7.5263999999999998e-01 1.4630160220000000e+03
8.8154187300000001e+02 2.3096345800000000e+02 7.5807999999999998e-01 1.4675319919999999e+03
8.8953734699999995e+02 2.3439980299999999e+02 7.6351999999999998e-01 1.4720485140000001e+03
8.9755739300000005e+02 2.3786101800000000e+02 7.6895999999999998e-01 1.4765654310000000e+03
9.0560201300000006e+02 2.4134698900000001e+02 7.7439999999999998e-01 1.4810825870000001e+03
9.1367120799999998e+02 2.4485760200000001e+02 7.7983999999999998e-01 1.4855998340000001e+03
9.2176497800000004e+02 2.4839274300000000e+02 7.8527999999999998e-01 1.4901170230000000e+03
9.2988332200000002e+02 2.5195229699999999e+02 7.9071999999999998e-01 1.4946340090000001e+03
9.3802623800000003e+02 2.5553614999999999e+02 7.9615999999999998e-01 1.4991506540000000e+03
9.4619372499999997e+02 2.5914418899999998e+02 8.0159999999999998e-01 1.5036668179999999e+03
9.5438577899999996e+02 2.6277630099999999e+02 8.0703999999999998e-01 1.5081823680000000e+03
9.6260239700000000e+02 2.6643237199999999e+02 8.1247999999999998e-01 1.5126971719999999e+03
9.7084357399999999e+02 2.7011229100000003e+02 8.1791999999999998e-01 1.5172111030000001e+03
9.7910930599999995e+02 2.7381594400000000e+02 8.2335999999999998e-01 1.5217240350000000e+03
9.8739958500000000e+02 2.7754322100000002e+02 8.2879999999999998e-01 1.5262358449999999e+03
9.9571440700000005e+02 2.8129400900000002e+02 8.3423999999999998e-01 1.5307464160000000e+03
1.0040537640000000e+03 2.8506819899999999e+02 8.3967999999999998e-01 1.5352556300000001e+03
1.0124176470000000e+03 2.8886567900000000e+02 8.4511999999999998e-01 1.5397633730000000e+03
1.0208060500000000e+03 2.9268633899999998e+02 8.5055999999999998e-01 1.5442695360000000e+03
1.0292189619999999e+03 2.9653007100000002e+02 8.5599999999999998e-01 1.5487740090000000e+03
1.0376563750000000e+03 3.0039676500000002e+02 8.6143999999999998e-01 1.5532766879999999e+03
1.0461182790000000e+03 3.0428631200000001e+02 8.6687999999999998e-01 1.5577774680000000e+03
1.0546046620000000e+03 3.0819860499999999e+02 8.7231999999999998e-01 1.5622762510000000e+03
1.0631155140000001e+03 3.1213353599999999e+02 8.7775999999999998e-01 1.5667729380000001e+03
1.0716508229999999e+03 3.1609099900000001e+02 8.8319999999999999e-01 1.5712674330000000e+03
1.0802105770000001e+03 3.2007088700000003e+02 8.8863999999999999e-01 1.5757596440000000e+03
1.0887947620000000e+03 3.2407309400000003e+02 8.9407999999999999e-01 1.5802494799999999e+03
1.0974033669999999e+03 3.2809751599999998e+02 8.9951999999999999e-01 1.5847368520000000e+03
1.1060363769999999e+03 3.3214404800000000e+02 9.0495999999999999e-01 1.5892216739999999e+03
1.1146937789999999e+03 3.3621258599999999e+02 9.1039999999999999e-01 1.5937038630000000e+03
1.1233755570000001e+03 3.4030302599999999e+02 9.1583999999999999e-01 1.5981833360000001e+03
1.1320816960000000e+03 3.4441526599999997e+02 9.2127999999999999e-01 1.6026600140000000e+03
1.1408121819999999e+03 3.4854920399999997e+02 9.2671999999999999e-01 1.6071338200000000e+03
1.1495669980000000e+03 3.5270473900000002e+02 9.3215999999999999e-01 1.6116046770000000e+03
1.1583461279999999e+03 3.5688176900000002e+02 9.3759999999999999e-01 1.6160725120000000e+03
1.1671495560000001e+03 3.6108019400000001e+02 9.4303999999999999e-01 1.6205372540000001e+03
1.1759772640000001e+03 3.6529991500000000e+02 9.4847999999999999e-01 1.6249988330000001e+03
1.1848292360000000e+03 3.6954083200000002e+02 9.5391999999999999e-01 1.6294571810000000e+03
1.1937054519999999e+03 3.7380284899999998e+02 9.5935999999999999e-01 1.6339122310000000e+03
1.2026058960000000e+03 3.7808586600000001e+02 9.6479999999999999e-01 1.6383639209999999e+03
1.2115305480000000e+03 3.8238978700000001e+02 9.7023999999999999e-01 1.6428121870000000e+03
1.2204793910000001e+03 3.8671451600000000e+02 9.7567999999999999e-01 1.6472569690000000e+03
1.2294524039999999e+03 3.9105995700000000e+02 9.8111999999999999e-01 1.6516982080000000e+03
1.2384495680000000e+03 3.9542601500000001e+02 9.8655999999999999e-01 1.6561358459999999e+03
1.2474708639999999e+03 3.9981259599999998e+02 9.9199999999999999e-01 1.6605698279999999e+03
1.2565162720000001e+03 4.0421960600000000e+02 9.9743999999999999e-01 1.6650000990000001e+03
1.2655857710000000e+03 4.0864695300000000e+02 1.0028800000000000e+00 1.6694266080000000e+03
1.2746793399999999e+03 4.1309454399999998e+02 1.0083200000000001e+00 1.6738493020000001e+03
1.2837969599999999e+03 4.1756228700000003e+02 1.0137600000000000e+00 1.6782681330000000e+03
1.2929386070000000e+03 4.2205009200000001e+02 1.0192000000000001e+00 1.6826830530000000e+03
1.3021042620000001e+03 4.2655786899999998e+02 1.0246400000000000e+00 1.6870940160000000e+03
1.3112939019999999e+03 4.3108552900000001e+02 1.0300800000000001e+00 1.6915009749999999e+03
1.3205075059999999e+03 4.3563298300000002e+02 1.0355200000000000e+00 1.6959038869999999e+03
1.3297450520000000e+03 4.4020014200000003e+02 1.0409600000000001e+00 1.7003027110000000e+03
1.3390065159999999e+03 4.4478692000000001e+02 1.0464000000000000e+00 1.7046974060000000e+03
1.3482918770000001e+03 4.4939323100000001e+02 1.0518400000000001e+00 1.7090879310000000e+03
1.3576011120000001e+03 4.5401898999999997e+02 1.0572800000000000e+00 1.7134742500000000e+03
1.3669341970000000e+03 4.5866411099999999e+02 1.0627200000000001e+00 1.7178563240000001e+03
1.3762911099999999e+03 4.6332850999999999e+02 1.0681600000000000e+00 1.7222341200000001e+03
1.3856718269999999e+03 4.6801210600000002e+02 1.0736000000000001e+00 1.7266076029999999e+03
1.3950763240000001e+03 4.7271481499999999e+02 1.0790400000000000e+00 1.7309767409999999e+03
1.4045045789999999e+03 4.7743655799999999e+02 1.0844800000000001e+00 1.7353415020000000e+03
1.4139565660000001e+03 4.8217725400000000e+02 1.0899200000000000e+00 1.7397018570000000e+03
1.4234322629999999e+03 4.8693682600000000e+02 1.0953599999999999e+00 1.7440577790000000e+03
1.4329316440000000e+03 4.9171519599999999e+02 1.1008000000000000e+00 1.7484092400000000e+03
1.4424546849999999e+03 4.9651228800000001e+02 1.1062399999999999e+00 1.7527562180000000e+03
1.4520013630000001e+03 5.0132803100000001e+02 1.1116800000000000e+00 1.7570986889999999e+03
1.4615716510000000e+03 5.0616235200000000e+02 1.1171199999999999e+00 1.7614366339999999e+03
1.4711655270000001e+03 5.1101518399999998e+02 1.1225600000000000e+00 1.7657700370000000e+03
1.4807829640000000e+03 5.1588646600000004e+02 1.1279999999999999e+00 1.7700988870000001e+03
1.4904239390000000e+03 5.2077614100000005e+02 1.1334400000000000e+00 1.7744231780000000e+03
1.5000884260000000e+03 5.2568416700000000e+02 1.1388799999999999e+00 1.7787429159999999e+03
1.5097764000000000e+03 5.3061053100000004e+02 1.1443200000000000e+00 1.7830581330000000e+03
1.5194878380000000e+03 5.3555533800000001e+02 1.1497599999999999e+00 1.7873689640000000e+03
1.5292227160000000e+03 5.4051864100000000e+02 1.1552000000000000e+00 1.7916754960000001e+03
1.5389810080000000e+03 5.4549966900000004e+02 1.1606399999999999e+00 1.7959771049999999e+03
1.5487626889999999e+03 5.5049834699999997e+02 1.1660800000000000e+00 1.8002737709999999e+03
1.5585677300000000e+03 5.5551460199999997e+02 1.1715199999999999e+00 1.8045654770000001e+03
1.5683961050000000e+03 5.6054836100000000e+02 1.1769600000000000e+00 1.8088522069999999e+03
1.5782477870000000e+03 5.6559955000000002e+02 1.1823999999999999e+00 1.8131339459999999e+03
1.5881227490000001e+03 5.7066809899999998e+02 1.1878400000000000e+00 1.8174106790000001e+03
1.5980209629999999e+03 5.7575393499999996e+02 1.1932799999999999e+00 1.8216823919999999e+03
1.6079424019999999e+03 5.8085698900000000e+02 1.1987200000000000e+00 1.8259490710000000e+03
1.6178870390000000e+03 5.8597718999999995e+02 1.2041599999999999e+00 1.8302107030000000e+03
1.6278548450000001e+03 5.9111446799999999e+02 1.2096000000000000e+00 1.8344672770000000e+03
1.6378457940000001e+03 5.9626875500000006e+02 1.2150399999999999e+00 1.8387187799999999e+03
1.6478598580000000e+03 6.0143998199999999e+02 1.2204800000000000e+00 1.8429652030000000e+03
1.6578970090000000e+03 6.0662808099999995e+02 1.2259199999999999e+00 1.8472065330000000e+03
1.6679572200000000e+03 6.1183298400000001e+02 1.2313600000000000e+00 1.8514427630000000e+03
1.6780404619999999e+03 6.1705462599999998e+02 1.2367999999999999e+00 1.8556738820000000e+03
1.6881467080000000e+03 6.2229293900000005e+02 1.2422400000000000e+00 1.8598998819999999e+03
1.6982759309999999e+03 6.2754785700000002e+02 1.2476799999999999e+00 1.8641207540000000e+03
1.7084281010000000e+03 6.3281931599999996e+02 1.2531200000000000e+00 1.8683364919999999e+03
1.7186031909999999e+03 6.3810725000000002e+02 1.2585599999999999e+00 1.8725470869999999e+03
1.7288011730000001e+03 6.4341159600000003e+02 1.2640000000000000e+00 1.8767525340000000e+03
1.7390220200000001e+03 6.4873228800000004e+02 1.2694399999999999e+00 1.8809528260000000e+03
1.7492657019999999e+03 6.5406926499999997e+02 1.2748800000000000e+00 1.8851479580000000e+03
1.7595321930000000e+03 6.5942246399999999e+02 1.2803199999999999e+00 1.8893379230000000e+03
1.7698214630000000e+03 6.6479182100000003e+02 1.2857600000000000e+00 1.8935227190000001e+03
1.7801334850000001e+03 6.7017727500000001e+02 1.2911999999999999e+00 1.8977023389999999e+03
1.7904682299999999e+03 6.7557876499999998e+02 1.2966400000000000e+00 1.9018767809999999e+03
1.8008256710000001e+03 6.8099622999999997e+02 1.3020799999999999e+00 1.9060460399999999e+03
1.8112057789999999e+03 6.8642960900000003e+02 1.3075200000000000e+00 1.9102101140000000e+03
1.8216085260000000e+03 6.9187884299999996e+02 1.3129599999999999e+00 1.9143689990000000e+03
1.8320338830000001e+03 6.9734387100000004e+02 1.3184000000000000e+00 1.9185226940000000e+03
1.8424818230000001e+03 7.0282463499999994e+02 1.3238399999999999e+00 1.9226711969999999e+03
1.8529523170000000e+03 7.0832107599999995e+02 1.3292800000000000e+00 1.9268145050000001e+03
1.8634453370000001e+03 7.1383313599999997e+02 1.3347199999999999e+00 1.9309526180000000e+03
1.8739608539999999e+03 7.1936075800000003e+02 1.3401600000000000e+00 1.9350855349999999e+03
1.8844988410000001e+03 7.2490388199999995e+02 1.3455999999999999e+00 1.9392132549999999e+03
1.8950592690000001e+03 7.3046245399999998e+02 1.3510400000000000e+00 1.9433357770000000e+03
1.9056421089999999e+03 7.3603641600000003e+02 1.3564799999999999e+00 1.9474531030000001e+03
1.9162473339999999e+03 7.4162571300000002e+02 1.3619200000000000e+00 1.9515652310000000e+03
1.9268749160000000e+03 7.4723028799999997e+02 1.3673599999999999e+00 1.9556721630000000e+03
1.9375248250000000e+03 7.5285008600000003e+02 1.3728000000000000e+00 1.9597738999999999e+03
1.9481970340000000e+03 7.5848505200000000e+02 1.3782399999999999e+00 1.9638704430000000e+03
1.9588915150000000e+03 7.6413513300000000e+02 1.3836800000000000e+00 1.9679617929999999e+03
1.9696082380000000e+03 7.6980027299999995e+02 1.3891199999999999e+00 1.9720479519999999e+03
1.9803471770000001e+03 7.7548041999999998e+02 1.3945600000000000e+00 1.9761289220000001e+03
1.9911083030000000e+03 7.8117551900000001e+02 1.3999999999999999e+00 1.9802047060000000e+03
