# epsilon[MeV/fm^3] P[MeV/fm^3] nB[fm^-3] muB[MeV]
4.3514892049562272e-07 9.0000000794219998e-12 4.6796200000000002e-10 9.2990010724260003e+02
5.4394952759824855e-07 1.2854500250148002e-11 5.8496400000000005e-10 9.2990743275720001e+02
6.8239664606092796e-07 1.8414700022552000e-11 7.3384599999999997e-10 9.2991587774760001e+02
8.5763463874259032e-07 2.6380199998860002e-11 9.2229000000000003e-10 9.2992551188760001e+02
1.0799253715994732e-06 3.7791099667920001e-11 1.1613300000000000e-09 9.2993648532329996e+02
1.3625442882637764e-06 5.4137899979800000e-11 1.4652400000000000e-09 9.2994894782519998e+02
1.7226605254650248e-06 7.7555599791040007e-11 1.8524800000000000e-09 9.2996308925910000e+02
2.1826057027272589e-06 1.1110299984364001e-10 2.3470600000000000e-09 9.2997909967860005e+02
2.7713348204539073e-06 1.5916099965360000e-10 2.9801100000000000e-09 9.2999716876169998e+02
3.5266032513682487e-06 2.2800800111288001e-10 3.7922200000000000e-09 9.3001754656409992e+02
4.4975537964996660e-06 3.2663399940042002e-10 4.8362200000000001e-09 9.3004045271789994e+02
4.5807460305493105e-06 3.3555999792714001e-10 4.9256699999999996e-09 9.3004228160820003e+02
4.7281205653478515e-06 3.3656599963290001e-10 5.0841300000000003e-09 9.3004248152130003e+02
6.5759177435918250e-06 5.4515600232911993e-10 7.0708799999999999e-09 9.3007696075620004e+02
9.1998724984833464e-06 8.8567000200420000e-10 9.8920399999999997e-09 9.3011730648750006e+02
1.2918168885426129e-05 1.4388700552640002e-09 1.3889600000000001e-08 9.3016406831190000e+02
1.8201380444258739e-05 2.3376200076990001e-09 1.9569300000000001e-08 9.3021808578930006e+02
2.5725895950178280e-05 3.7977398937599994e-09 2.7657999999999999e-08 9.3028025838780002e+02
3.6463989818522291e-05 6.1698799253159997e-09 3.9200400000000002e-08 9.3035162548649998e+02
5.1813630126296458e-05 1.0023700173792000e-08 5.5698400000000002e-08 9.3043332628019994e+02
7.3785560512054020e-05 1.6284700005120000e-08 7.9311899999999997e-08 9.3052664006250006e+02
1.0527189036420272e-04 2.6456400399219999e-08 1.1314700000000000e-07 9.3063298613190000e+02
1.5043483705694415e-04 4.2981499428689995e-08 1.6167299999999999e-07 9.3075400323120004e+02
1.5143539825673478e-04 4.3369399516159995e-08 1.6274800000000000e-07 9.3075639185940008e+02
1.5666718390755263e-04 4.3499599327679997e-08 1.6836899999999999e-07 9.3075719132400002e+02
1.8247319946392853e-04 5.3487099479700000e-08 1.9609400000000001e-07 9.3081203831400001e+02
2.1304949570856091e-04 6.5965099669560007e-08 2.2894200000000001e-07 9.3087079295249998e+02
2.4880173202308656e-04 8.1354199584480006e-08 2.6734800000000002e-07 9.3093285559410003e+02
2.9061049213158235e-04 1.0033299847065000e-07 3.1225699999999999e-07 9.3099838615049998e+02
3.3950651358852186e-04 1.2374000051775000e-07 3.6477499999999998e-07 9.3106758453479995e+02
3.9669496520679297e-04 1.5260700009555001e-07 4.2619500000000001e-07 9.3114063056550003e+02
4.6358813252914599e-04 1.8820900209407997e-07 4.9803199999999997e-07 9.3121772415570001e+02
5.4183717856390442e-04 2.3211699768180001e-07 5.8205699999999998e-07 9.3129908512530005e+02
6.3337419989345891e-04 2.8626699988691999e-07 6.8034199999999997e-07 9.3138494352930002e+02
7.4046361643000222e-04 3.5305100162730003e-07 7.9531500000000002e-07 9.3147551899979999e+02
7.4543957324912111e-04 3.5623800038969997e-07 8.0065699999999999e-07 9.3147951660449996e+02
7.7046470619140960e-04 3.5730600246279002e-07 8.2752300000000002e-07 9.3148080575760002e+02
7.7218701201869997e-04 3.5837800248323999e-07 8.2937200000000002e-07 9.3148210505190002e+02
7.7564281539113634e-04 3.6053199741144001e-07 8.3308200000000005e-07 9.3148469349929996e+02
7.7911352986319152e-04 3.6269800105895999e-07 8.3680799999999998e-07 9.3148728185280004e+02
7.8260009510663572e-04 3.6487800290032998e-07 8.4055099999999997e-07 9.3148988034750005e+02
7.8610250285012515e-04 3.6706999922346001e-07 8.4431100000000000e-07 9.3149248879559991e+02
7.8962075319254110e-04 3.6927600351839998e-07 8.4808799999999996e-07 9.3149508719639994e+02
7.9315485471188711e-04 3.7149499796798001e-07 8.5188199999999998e-07 9.3149769564450003e+02
7.9670479058673201e-04 3.7372699824480005e-07 8.5569300000000004e-07 9.3150031404599997e+02
8.0027057791247260e-04 3.7597299948234002e-07 8.5952100000000004e-07 9.3150293244750003e+02
8.0385221698387247e-04 3.7823200230633998e-07 8.6336599999999998e-07 9.3150555094289996e+02
8.0745063029167934e-04 3.8050499711466001e-07 8.6722899999999999e-07 9.3150817929779998e+02
8.1106395596088781e-04 3.8279099715107999e-07 8.7110800000000002e-07 9.3151080774659999e+02
8.1469498722525535e-04 3.8509200436278001e-07 8.7500600000000005e-07 9.3151343619540000e+02
8.1834093096975699e-04 3.8740599815679997e-07 8.7891999999999998e-07 9.3151607459759998e+02
8.3652972322216491e-04 3.8856800310954005e-07 8.9844600000000005e-07 9.3151737379799999e+02
8.9649746606902973e-04 4.2637900225708002e-07 9.6282100000000007e-07 9.3155798930399999e+02
9.6293679962426715e-04 4.6927300060880000e-07 1.0341400000000000e-06 9.3160093353000002e+02
1.0343084479593990e-03 5.1648199988999994e-07 1.1107499999999999e-06 9.3164493704189999e+02
1.1110033276598183e-03 5.6844100521450010e-07 1.1930700000000001e-06 9.3169002988770001e+02
1.1934040547386528e-03 6.2562700512179996e-07 1.2815100000000000e-06 9.3173623206809998e+02
1.2819398888523502e-03 6.8856500094819997e-07 1.3765300000000001e-06 9.3178357353719991e+02
1.3770588621277026e-03 7.5783499966439992e-07 1.4786100000000000e-06 9.3183208434300002e+02
1.4792742600387720e-03 8.3407400117300003e-07 1.5882999999999999e-06 9.3188178448619999e+02
1.5890902438860661e-03 9.1798299673799988e-07 1.7061399999999999e-06 9.3193271378040004e+02
1.7070948934908867e-03 1.0103300084124001e-06 1.8327600000000000e-06 9.3198488236679998e+02
1.7418302566492478e-03 1.0379399925766002e-06 1.8700300000000001e-06 9.3199978345169995e+02
1.8026805910135908e-03 1.0410599913928000e-06 1.9353200000000000e-06 9.3200143242960007e+02
2.0389359400714486e-03 1.2275099896319999e-06 2.1888000000000001e-06 9.3209187794249999e+02
2.3114099463439177e-03 1.4516999917321999e-06 2.4811100000000001e-06 9.3218792017709995e+02
2.6204004641994278e-03 1.7168400063888003e-06 2.8125600000000001e-06 9.3228811983419996e+02
2.9707928967162671e-03 2.0304000155634000e-06 3.1883800000000001e-06 9.3239264696670000e+02
3.3681648965264784e-03 2.4012300084080001e-06 3.6145400000000001e-06 9.3250170129989999e+02
3.8188055776886142e-03 2.8397900147328003e-06 4.0977700000000004e-06 9.3261546284010001e+02
4.3298558716110781e-03 3.3584500068246004e-06 4.6457100000000001e-06 9.3273413140649996e+02
4.9094492242661523e-03 3.9718300068571995e-06 5.2670599999999997e-06 9.3285792691289998e+02
5.5667590537662745e-03 4.6972400276543001e-06 5.9716300000000001e-06 9.3298704917850000e+02
6.3122329168583428e-03 5.5551399798486997e-06 6.7705900000000002e-06 9.3312173811779996e+02
6.3691536418958340e-03 5.6221100036384002e-06 6.8315900000000001e-06 9.3313158221820004e+02
6.6107787783348925e-03 5.6389700285964000e-06 7.0905299999999997e-06 9.3313397075249998e+02
7.1832281514335565e-03 6.2999099885847007e-06 7.7039700000000007e-06 9.3322329697740008e+02
7.8228640480689938e-03 7.0594400109160007e-06 8.3893400000000006e-06 9.3331767013950002e+02
8.5195476220300548e-03 7.9105299722335996e-06 9.1357600000000004e-06 9.3341477175390003e+02
9.2783521214718639e-03 8.8642300383220009e-06 9.9486500000000000e-06 9.3351470163630006e+02
1.0104791977484120e-02 9.9329099737559988e-06 1.0833900000000000e-05 9.3361751969490001e+02
1.1005037422914624e-02 1.1130399980334000e-05 1.1798100000000000e-05 9.3372332602710003e+02
1.1985504705131824e-02 1.2472300012974001e-05 1.2848100000000000e-05 9.3383220044789994e+02
1.3053499763127112e-02 1.3976000053347000e-05 1.3991700000000000e-05 9.3394422305399996e+02
1.4216706487829026e-02 1.5661000693130000e-05 1.5237100000000000e-05 9.3405949366109996e+02
1.5483652631007537e-02 1.7549100191680000e-05 1.6593399999999999e-05 9.3417811227269999e+02
1.5623499832828706e-02 1.7760599953030001e-05 1.6743099999999999e-05 9.3419079468840005e+02
1.6269961736847121e-02 1.7813900213129999e-05 1.7435099999999998e-05 9.3419395273319992e+02
1.7094324515795702e-02 1.9027400207749999e-05 1.8317499999999999e-05 9.3426180186839997e+02
1.8000874089488257e-02 2.0384500450440000e-05 1.9287799999999999e-05 9.3433394852489994e+02
1.8955614232225096e-02 2.1838399047120000e-05 2.0309599999999999e-05 9.3440734433310001e+02
1.9960983560824267e-02 2.3396100553499999e-05 2.1385500000000000e-05 9.3448202938830002e+02
2.1019794814794490e-02 2.5064799654149998e-05 2.2518500000000001e-05 9.3455801364390004e+02
2.2134768910989058e-02 2.6852600343399999e-05 2.3711500000000002e-05 9.3463531710059999e+02
2.3309000859656603e-02 2.8767899159999994e-05 2.4967799999999998e-05 9.3471396971249999e+02
2.4545494036103295e-02 3.0819700065419999e-05 2.6290599999999999e-05 9.3479400162150000e+02
2.5847718880420045e-02 3.3017999946119998e-05 2.7683600000000000e-05 9.3487541254589996e+02
2.7219055484112444e-02 3.5372998881120002e-05 2.9150400000000001e-05 9.3495825272219997e+02
2.7775365070038964e-02 3.6339601209739997e-05 2.9745400000000002e-05 9.3499105302509997e+02
2.8289610775747390e-02 3.6448598719180002e-05 3.0295400000000001e-05 9.3499466085090000e+02
2.8802930737171755e-02 3.7332599735440002e-05 3.0844399999999999e-05 9.3502356336480000e+02
2.9391538203060320e-02 3.8352800962709990e-05 3.1473899999999997e-05 9.3505628375879996e+02
2.9992229144074897e-02 3.9400800335690003e-05 3.2116300000000003e-05 9.3508923392610006e+02
3.0605097595990186e-02 4.0477499896860003e-05 3.2771700000000003e-05 9.3512239395989991e+02
3.1230612131930052e-02 4.1583600119840003e-05 3.3440600000000000e-05 9.3515578386089999e+02
3.1868867160453597e-02 4.2719998743180005e-05 3.4123099999999999e-05 9.3518940362910007e+02
3.2520144922003676e-02 4.3887298648500002e-05 3.4819500000000001e-05 9.3522325326449993e+02
3.3184820445813230e-02 4.5086601561120004e-05 3.5530200000000001e-05 9.3525732271979996e+02
3.3862987887692660e-02 4.6318701748649993e-05 3.6255299999999998e-05 9.3529163208960006e+02
3.4555116462740516e-02 4.7584401826990007e-05 3.6995300000000001e-05 9.3532617123270006e+02
3.4710848908415574e-02 4.7870299693839997e-05 3.7161800000000001e-05 9.3533387666670001e+02
3.5705765632703390e-02 4.8013899962450004e-05 3.8225500000000002e-05 9.3533768431169995e+02
3.6190650245182691e-02 4.8884701265269996e-05 3.8743900000000000e-05 9.3536029073669999e+02
3.6764595537185744e-02 4.9920498059249994e-05 3.9357499999999997e-05 9.3538680481020003e+02
3.7347724170046170e-02 5.0978398185919999e-05 3.9980900000000002e-05 9.3541345870079999e+02
3.7940129948432849e-02 5.2058599241440000e-05 4.0614200000000002e-05 9.3544024264290010e+02
3.8541907483377907e-02 5.3161699756499999e-05 4.1257500000000003e-05 9.3546717635549999e+02
3.9153244015328124e-02 5.4288198430999997e-05 4.1910999999999999e-05 9.3549425007299999e+02
3.9774234210732992e-02 5.5438601263319996e-05 4.2574799999999998e-05 9.3552146370150001e+02
4.0405159191034282e-02 5.6613297948239995e-05 4.3249199999999999e-05 9.3554882728830000e+02
4.1046019389420471e-02 5.7812899551080002e-05 4.3934199999999997e-05 9.3557633069220003e+02
4.1697190276124625e-02 5.9037997871239995e-05 4.4630199999999998e-05 9.3560397410099995e+02
4.2358578444415006e-02 6.0288999023690009e-05 4.5337100000000003e-05 9.3563177732760005e+02
4.2549448380963861e-02 6.0651299975859995e-05 4.5541099999999997e-05 9.3563974248900001e+02
4.3740238175900857e-02 6.0833198906699995e-05 4.6813800000000002e-05 9.3564365013750000e+02
4.5854886274473032e-02 6.4782902450840000e-05 4.9073799999999998e-05 9.3572599057799994e+02
4.8180087401599556e-02 6.9195997901699998e-05 5.1558599999999998e-05 9.3581365787159996e+02
5.0623240020302433e-02 7.3909702371599995e-05 5.4169200000000003e-05 9.3590278418340006e+02
5.3190452397117956e-02 7.8944498346630003e-05 5.6912100000000000e-05 9.3599338970190001e+02
5.5887837732656438e-02 8.4322299027779992e-05 5.9793799999999997e-05 9.3608550419339997e+02
5.8722166587791814e-02 9.0066499795649990e-05 6.2821499999999995e-05 9.3617915789369999e+02
6.1700398546921942e-02 9.6201898222459989e-05 6.6002599999999997e-05 9.3627437052180005e+02
6.4829683480590566e-02 1.0275499726340999e-04 6.9344700000000000e-05 9.3637116226620003e+02
6.8117831355171340e-02 1.0975499711746999e-04 7.2856100000000002e-05 9.3646956308100005e+02
7.1572933822013338e-02 1.1723199746169999e-04 7.6545399999999994e-05 9.3656960282640000e+02
7.2872355791586060e-02 1.2007500056640000e-04 7.7932800000000000e-05 9.3660639068670002e+02
7.6294350046888545e-02 1.2043499631464001e-04 8.1586400000000002e-05 9.3661091798129996e+02
7.8557740452832786e-02 1.2521799885310001e-04 8.4002899999999995e-05 9.3666865324139997e+02
8.1070439170188191e-02 1.3058099681828001e-04 8.6685400000000002e-05 9.3673145543940007e+02
8.3663493660002267e-02 1.3617299667415003e-04 8.9453500000000007e-05 9.3679492723830003e+02
8.6339540033127660e-02 1.4200499619000000e-04 9.2310000000000002e-05 9.3685905859080003e+02
8.9101308842231525e-02 1.4808700429182000e-04 9.5257800000000001e-05 9.3692387963880003e+02
9.1951438062670962e-02 1.5442999846642999e-04 9.8299699999999997e-05 9.3698938014720000e+02
9.3544637803481184e-02 1.5800363917307320e-04 1.0000000000000000e-04 9.3702641442654260e+02
9.5903896344871190e-02 1.5945173538810313e-04 1.0251722885163409e-04 9.3704589127438237e+02
9.8322656969927535e-02 1.6094873110299651e-04 1.0509789011425209e-04 9.3706548812701033e+02
1.0080242036113100e-01 1.6249627756237511e-04 1.0774358190088750e-04 9.3708520598071664e+02
1.0334472504918157e-01 1.6409608177030222e-04 1.1045594257593447e-04 9.3710504584027512e+02
1.0595114836755598e-01 1.6574990837317459e-04 1.1323665176856602e-04 9.3712500871901193e+02
1.0862330743113977e-01 1.6745958160619624e-04 1.1608743141165396e-04 9.3714509563887646e+02
1.1136286013954109e-01 1.6922698730558095e-04 1.1901004680683240e-04 9.3716530763051162e+02
1.1417150620570880e-01 1.7105407498870315e-04 1.2200630771636200e-04 9.3718564573332515e+02
1.1705098821049299e-01 1.7294286000449154e-04 1.2507806948246894e-04 9.3720611099556265e+02
1.2000309268380219e-01 1.7489542575643754e-04 1.2822723417484967e-04 9.3722670447437747e+02
1.2302965121302811e-01 1.7691392600067049e-04 1.3145575176704900e-04 9.3724742723590759e+02
1.2613254157942563e-01 1.7900058722163467e-04 1.3476562134243859e-04 9.3726828035534709e+02
1.2931368892315306e-01 1.8115771108798845e-04 1.3815889233053933e-04 9.3728926491702089e+02
1.3257506693769538e-01 1.8338767699143435e-04 1.4163766577445050e-04 9.3731038201446154e+02
1.3591869909441179e-01 1.8569294467128108e-04 1.4520409563016835e-04 9.3733163275048366e+02
1.3934665989796705e-01 1.8807605692763174e-04 1.4886039009859566e-04 9.3735301823726070e+02
1.4286107617342575e-01 1.9053964242619133e-04 1.5260881299106362e-04 9.3737453959640368e+02
1.4646412838580791e-01 1.9308641859778775e-04 1.5645168512920979e-04 9.3739619795903718e+02
1.5015805199292459e-01 1.9571919463580377e-04 1.6039138578007419e-04 9.3741799446587981e+02
1.5394513883233299e-01 1.9844087459482669e-04 1.6443035412730067e-04 9.3743993026732210e+02
1.5782773854327153e-01 2.0125446059393400e-04 1.6857109077934960e-04 9.3746200652350785e+02
1.6180826002445708e-01 2.0416305612814761e-04 1.7281615931565369e-04 9.3748422440441379e+02
1.6588917292864866e-01 2.0716986949170980e-04 1.7716818787166929e-04 9.3750658508993297e+02
1.7007300919490520e-01 2.1027821731695688e-04 1.8162987076380239e-04 9.3752908976995468e+02
1.7436236461948781e-01 2.1349152823269381e-04 1.8620397015521034e-04 9.3755173964444896e+02
1.7875990046638138e-01 2.1681334664610559e-04 1.9089331776350768e-04 9.3757453592355012e+02
1.8326834511843434e-01 2.2024733665237641e-04 1.9570081661142864e-04 9.3759747982764043e+02
1.8789049577014152e-01 2.2379728607632948e-04 2.0062944282152624e-04 9.3762057258743687e+02
1.9262922016312017e-01 2.2746711065054550e-04 2.0568224745601529e-04 9.3764381544407581e+02
1.9748745836535544e-01 2.3126085833456814e-04 2.1086235840289287e-04 9.3766720964919966e+02
2.0246822459532021e-01 2.3518271377996150e-04 2.1617298230950022e-04 9.3769075646504552e+02
2.0757460909209999e-01 2.3923700294614357e-04 2.2161740656471800e-04 9.3771445716453297e+02
2.1280978003268383e-01 2.4342819787208833e-04 2.2719900133101720e-04 9.3773831303135182e+02
2.1817698549761055e-01 2.4776092160915891e-04 2.3292122162761809e-04 9.3776232536005432e+02
2.2367955548618990e-01 2.5223995332051343e-04 2.3878760946604259e-04 9.3778649545614394e+02
2.2932090398254881e-01 2.5687023355270829e-04 2.4480179603937542e-04 9.3781082463616735e+02
2.3510453107378515e-01 2.6165686968531360e-04 2.5096750396658466e-04 9.3783531422780754e+02
2.4103402512154204e-01 2.6660514156455186e-04 2.5728854959328456e-04 9.3785996556997463e+02
2.4711306498835145e-01 2.7172050732717423e-04 2.6376884535035867e-04 9.3788478001290321e+02
2.5334542232012713e-01 2.7700860942099796e-04 2.7041240217189825e-04 9.3790975891824326e+02
2.5973496388622391e-01 2.8247528082874640e-04 2.7722333197394470e-04 9.3793490365915829e+02
2.6628565397851467e-01 2.8812655150205625e-04 2.8420585019556471e-04 9.3796021562042029e+02
2.7300155687097372e-01 2.9396865501274920e-04 2.9136427840382344e-04 9.3798569619850878e+02
2.7988683934129227e-01 3.0000803542870461e-04 2.9870304696426211e-04 9.3801134680170674e+02
2.8694577325609139e-01 3.0625135442191766e-04 3.0622669777852473e-04 9.3803716885020049e+02
2.9418273822133495e-01 3.1270549861658312e-04 3.1393988709082035e-04 9.3806316377617952e+02
3.0160222429958838e-01 3.1937758718531028e-04 3.2184738836495174e-04 9.3808933302393734e+02
3.0920883479580791e-01 3.2627497970184763e-04 3.2995409523368084e-04 9.3811567804997264e+02
3.1700728911339054e-01 3.3340528425898023e-04 3.3826502452225112e-04 9.3814220032309254e+02
3.2500242568225346e-01 3.4077636586055148e-04 3.4678531934792534e-04 9.3816890132451454e+02
3.3319920496076377e-01 3.4839635509687004e-04 3.5552025229745215e-04 9.3819578254797227e+02
3.4160271251337715e-01 3.5627365711306713e-04 3.6447522868441614e-04 9.3822284549981907e+02
3.5021816216589780e-01 3.6441696088029937e-04 3.7365578988847827e-04 9.3825009169913665e+02
3.5905089924031569e-01 3.7283524878002291e-04 3.8306761677856476e-04 9.3827752267783944e+02
3.6810640387122834e-01 3.8153780651190982e-04 3.9271653322211039e-04 9.3830513998078334e+02
3.7739029440590560e-01 3.9053423333633723e-04 4.0260850968251900e-04 9.3833294516587546e+02
3.8690833089010568e-01 3.9983445266274524e-04 4.1274966690705542e-04 9.3836093980418400e+02
3.9666641864180635e-01 4.0944872299554481e-04 4.2314627970744184e-04 9.3838912548004737e+02
4.0667061191506776e-01 4.1938764924964722e-04 4.3380478083548295e-04 9.3841750379118821e+02
4.1692711765630025e-01 4.2966219444809969e-04 4.4473176495610922e-04 9.3844607634882459e+02
4.2744229935526806e-01 4.4028369181472581e-04 4.5593399272028266e-04 9.3847484477778448e+02
4.3822268099321765e-01 4.5126385727511410e-04 4.6741839494027329e-04 9.3850381071662036e+02
4.4927495109058069e-01 4.6261480237974020e-04 4.7919207686987557e-04 9.3853297581772517e+02
4.6060596685676264e-01 4.7434904766347928e-04 4.9126232259220047e-04 9.3856234174744839e+02
4.7222275844459183e-01 4.8647953645624385e-04 5.0363659951774254e-04 9.3859191018621573e+02
4.8413253331206890e-01 4.9901964915998116e-04 5.1632256299549337e-04 9.3862168282864468e+02
4.9634268069412196e-01 5.1198321800777831e-04 5.2932806103993398e-04 9.3865166138366817e+02
5.0886077618714265e-01 5.2538454232135411e-04 5.4266113917682095e-04 9.3868184757465258e+02
5.2169458644914768e-01 5.3923840428376862e-04 5.5633004541074413e-04 9.3871224313952132e+02
5.3485207401848078e-01 5.5356008524474684e-04 5.7034323531751359e-04 9.3874284983087762e+02
5.4834140225404637e-01 5.6836538257660379e-04 5.8470937726451009e-04 9.3877366941612763e+02
5.6217094040013860e-01 5.8367062709936094e-04 5.9943735776220872e-04 9.3880470367760688e+02
5.7634926877900916e-01 5.9949270109427798e-04 6.1453628695016973e-04 9.3883595441270643e+02
5.9088518411439517e-01 6.1584905692566689e-04 6.3001550422087051e-04 9.3886742343399965e+02
6.0578770498930967e-01 6.3275773629152977e-04 6.4588458398483683e-04 9.3889911256937182e+02
6.2106607744148112e-01 6.5023739012425496e-04 6.6215334158062193e-04 9.3893102366214816e+02
6.3672978069991493e-01 6.6830729916332306e-04 6.7883183933326572e-04 9.3896315857122613e+02
6.5278853306613283e-01 6.8698739522271286e-04 6.9593039276496008e-04 9.3899551917120675e+02
6.6925229794374297e-01 7.0629828317647040e-04 7.1345957696174146e-04 9.3902810735252808e+02
6.8613129002007867e-01 7.2626126368668736e-04 7.3143023310012344e-04 9.3906092502159856e+02
7.0343598160374254e-01 7.4689835669896145e-04 7.4985347513768211e-04 9.3909397410093356e+02
7.2117710912198851e-01 7.6823232573125554e-04 7.6874069667171041e-04 9.3912725652929169e+02
7.3936567978196999e-01 7.9028670298294406e-04 7.8810357797015303e-04 9.3916077426181164e+02
7.5801297839999204e-01 8.1308581529174705e-04 8.0795409317914902e-04 9.3919452927015243e+02
7.7713057440299993e-01 8.3665481096717995e-04 8.2830451771160793e-04 9.3922852354263409e+02
7.9673032900665031e-01 8.6101968753011919e-04 8.4916743582136474e-04 9.3926275908437674e+02
8.1682440257441868e-01 8.8620732038908112e-04 8.7055574836756363e-04 9.3929723791744618e+02
8.3742526216230795e-01 9.1224549248484523e-04 8.9248268077404705e-04 9.3933196208099594e+02
8.5854568925383978e-01 9.3916292493612032e-04 9.1496179118863755e-04 9.3936693363141330e+02
8.8019878769012772e-01 9.6698930872005844e-04 9.3800697884732635e-04 9.3940215464246535e+02
9.0239799179995184e-01 9.9575533742255937e-04 9.6163249264850773e-04 9.3943762720544794e+02
9.2515707473487974e-01 1.0254927410944933e-03 9.8585293994252914e-04 9.3947335342933263e+02
9.4849015701460437e-01 1.0562343212511818e-03 1.0106832955419510e-03 9.3950933544091833e+02
9.7241171528780090e-01 1.0880139870537492e-03 1.0361389109580525e-03 9.3954557538498443e+02
9.9693659131393975e-01 1.1208667927122486e-03 1.0622355238692643e-03 9.3958207542444131e+02
1.0220800011716245e+00 1.1548289761518220e-03 1.0889892678273272e-03 9.3961883774048624e+02
1.0478575446991734e+00 1.1899379989845445e-03 1.1164166822071554e-03 9.3965586453275796e+02
1.0742852151732951e+00 1.2262325878310415e-03 1.1445347224064955e-03 9.3969315801949517e+02
1.1013794092318696e+00 1.2637527770374614e-03 1.1733607703016589e-03 9.3973072043769525e+02
1.1291569370469878e+00 1.3025399528349198e-03 1.2029126449657425e-03 9.3976855404327137e+02
1.1576350327545617e+00 1.3426368989901247e-03 1.2332086136559086e-03 9.3980666111121673e+02
1.1868313651469764e+00 1.3840878439975405e-03 1.2642674030764823e-03 9.3984504393576651e+02
1.2167640486354185e+00 1.4269385098651399e-03 1.2961082109247705e-03 9.3988370483056110e+02
1.2474516544886805e+00 1.4712361625475610e-03 1.3287507177266878e-03 9.3992264612881308e+02
1.2789132223554167e+00 1.5170296640822979e-03 1.3622150989694615e-03 9.3996187018347246e+02
1.3111682720769982e+00 1.5643695264864323e-03 1.3965220375388480e-03 9.4000137936739679e+02
1.3442368157982942e+00 1.6133079674733575e-03 1.4316927364685015e-03 9.4004117607352100e+02
1.3781393703838976e+00 1.6638989680509508e-03 1.4677489320093140e-03 9.4008126271502715e+02
1.4128969701474945e+00 1.7161983320647300e-03 1.5047129070267411e-03 9.4012164172551979e+02
1.4485311799022782e+00 1.7702637477516692e-03 1.5426075047343349e-03 9.4016231555919865e+02
1.4850641083405023e+00 1.8261548513725738e-03 1.5814561427719058e-03 9.4020328669103640e+02
1.5225184217504759e+00 1.8839332929932000e-03 1.6212828276369507e-03 9.4024455761695413e+02
1.5609173580795099e+00 1.9436628044866798e-03 1.6621121694781868e-03 9.4028613085400264e+02
1.6002847413515411e+00 2.0054092698322621e-03 1.7039693972602790e-03 9.4032800894054185e+02
1.6406449964483778e+00 2.0692407977879091e-03 1.7468803743090427e-03 9.4037019443642282e+02
1.6820231642637387e+00 2.1352277970169112e-03 1.7908716142466575e-03 9.4041268992317373e+02
1.7244449172394860e+00 2.2034430537513868e-03 1.8359702973266656e-03 9.4045549800418314e+02
1.7679365752936949e+00 2.2739618120783344e-03 1.8822042871787590e-03 9.4049862130488850e+02
1.8125251221504362e+00 2.3468618569367902e-03 1.9296021479736213e-03 9.4054206247296497e+02
1.8582382220814109e+00 2.4222235999176523e-03 1.9781931620183458e-03 9.4058582417851505e+02
1.9051042370698164e+00 2.5001301679607947e-03 2.0280073477932027e-03 9.4062990911426266e+02
1.9531522444071003e+00 2.5806674950473265e-03 2.0790754784408227e-03 9.4067431999574433e+02
2.0024120547335134e+00 2.6639244169881201e-03 2.1314291007191004e-03 9.4071905956150727e+02
2.0529142305336587e+00 2.7499927694131731e-03 2.1851005544294530e-03 9.4076413057330535e+02
2.1046901050985110e+00 2.8389674890698874e-03 2.2401229923323116e-03 9.4080953581629899e+02
2.1577718019656711e+00 2.9309467185420048e-03 2.2965304005620598e-03 9.4085527809925622e+02
2.2121922548499149e+00 3.0260319145046974e-03 2.3543576195539121e-03 9.4090136025475351e+02
2.2679852280764061e+00 3.1243279596352394e-03 2.4136403654955413e-03 9.4094778513938331e+02
2.3251853375292479e+00 3.2259432783026841e-03 2.4744152523166071e-03 9.4099455563395668e+02
2.3838280721283711e+00 3.3309899561641747e-03 2.5367198142296206e-03 9.4104167464371483e+02
2.4439498158480824e+00 3.4395838637997843e-03 2.6005925288359677e-03 9.4108914509853651e+02
2.5055878702909369e+00 3.5518447845222898e-03 2.6660728408112178e-03 9.4113696995315104e+02
2.5687804778309391e+00 3.6678965465028321e-03 2.7332011861842154e-03 9.4118515218735206e+02
2.6335668453404297e+00 3.7878671593582131e-03 2.8020190172248194e-03 9.4123369480621204e+02
2.6999871685153805e+00 3.9118889553504971e-03 2.8725688279555013e-03 9.4128260084030160e+02
2.7680826568141894e+00 4.0400987353546467e-03 2.9448941803024288e-03 9.4133187334590696e+02
2.8378955590254518e+00 4.1726379197552285e-03 3.0190397309020184e-03 9.4138151540525223e+02
2.9094691894805620e+00 4.3096527044386010e-03 3.0950512585793525e-03 9.4143153012672326e+02
2.9828479549274212e+00 4.4512942220526850e-03 3.1729756925152749e-03 9.4148192064509260e+02
3.0580773820819118e+00 4.5977187087121556e-03 3.2528611411193811e-03 9.4153269012174621e+02
3.1352041458742432e+00 4.7490876763329713e-03 3.3347569216265619e-03 9.4158384174491243e+02
3.2142760984076877e+00 4.9055680907863115e-03 3.4187135904351798e-03 9.4163537872989627e+02
3.2953422986476744e+00 5.0673325560684403e-03 3.5047829742054521e-03 9.4168730431930908e+02
3.3784530428596633e+00 5.2345595046896422e-03 3.5930182017370102e-03 9.4173962178330783e+02
3.4636598958146818e+00 5.4074333944922354e-03 3.6834737366451611e-03 9.4179233441982831e+02
3.5510157227818864e+00 5.5861449121147582e-03 3.7762054108557591e-03 9.4184544555482967e+02
3.6405747223280001e+00 5.7708911833267741e-03 3.8712704589392226e-03 9.4189895854253280e+02
3.7323924599439686e+00 5.9618759904662656e-03 3.9687275533046018e-03 9.4195287676566647e+02
3.8265259025197085e+00 6.1593099972195031e-03 4.0686368402752466e-03 9.4200720363571304e+02
3.9230334536883307e+00 6.3634109809913037e-03 4.1710599770680822e-03 9.4206194259315589e+02
4.0219749900617652e+00 6.5744040731219918e-03 4.2760601696990776e-03 9.4211709710773118e+02
4.1234118983802768e+00 6.7925220072160425e-03 4.3837022118380477e-03 9.4217267067868067e+02
4.2274071135989173e+00 7.0180053758563269e-03 4.4940525246365270e-03 9.4222866683500740e+02
4.3340251579345379e+00 7.2511028959870976e-03 4.6071791975530099e-03 9.4228508913573125e+02
4.4433321808975963e+00 7.4920716832584753e-03 4.7231520302004719e-03 9.4234194117015147e+02
4.5553960003336007e+00 7.7411775356350434e-03 4.8420425752417348e-03 9.4239922655810710e+02
4.6702861444996282e+00 7.9986952265813423e-03 4.9639241823588162e-03 9.4245694895024087e+02
4.7880738952020643e+00 8.2649088081477341e-03 5.0888720433231189e-03 9.4251511202826828e+02
4.9088323320222829e+00 8.5401119242908604e-03 5.2169632381939253e-03 9.4257371950524464e+02
5.0326363776577452e+00 8.8246081347744011e-03 5.3482767826734069e-03 9.4263277512583750e+02
5.1595628444066159e+00 9.1187112500072838e-03 5.4828936766469901e-03 9.4269228266660093e+02
5.2896904818247785e+00 9.4227456771888620e-03 5.6208969539387138e-03 9.4275224593625330e+02
5.4231000255847528e+00 9.7370467781426259e-03 5.7623717333118805e-03 9.4281266877595431e+02
5.5598742475669027e+00 1.0061961239233416e-02 5.9074052707461227e-03 9.4287355505958658e+02
5.7000980072139606e+00 1.0397847453775968e-02 6.0560870130227078e-03 9.4293490869404127e+02
5.8438583041807544e+00 1.0745075917356732e-02 6.2085086526507734e-03 9.4299673361950465e+02
5.9912443323117888e+00 1.1104029636504927e-02 6.3647641841679398e-03 9.4305903380974610e+02
6.1423475349801837e+00 1.1475104551163681e-02 6.5249499618496107e-03 9.4312181327241012e+02
6.2972616618222936e+00 1.1858709971427208e-02 6.6891647588620843e-03 9.4318507604931324e+02
6.4560828269032182e+00 1.2255269029025812e-02 6.8575098278955771e-03 9.4324882621673737e+02
6.6189095683492774e+00 1.2665219144056671e-02 7.0300889633139680e-03 9.4331306788573340e+02
6.7858429094844634e+00 1.3089012507475248e-02 7.2070085648592167e-03 9.4337780520242109e+02
6.9569864215087964e+00 1.3527116579879551e-02 7.3883777029491622e-03 9.4344304234829656e+02
7.1324462877574639e+00 1.3980014607137378e-02 7.5743081856084957e-03 9.4350878354053668e+02
7.3123313695806242e+00 1.4448206153425356e-02 7.7649146270735653e-03 9.4357503303231556e+02
7.4967532738847433e+00 1.4932207652267703e-02 7.9603145181128751e-03 9.4364179511311329e+02
7.6858264223773638e+00 1.5432552976182517e-02 8.1606282981059337e-03 9.4370907410903567e+02
7.8796681225582788e+00 1.5949794025563988e-02 8.3659794289244020e-03 9.4377687438313092e+02
8.0783986405011490e+00 1.6484501337450042e-02 8.5764944706603896e-03 9.4384520033571403e+02
8.2821412754707229e+00 1.7037264714846925e-02 8.7923031592480067e-03 9.4391405640469156e+02
8.4910224364219467e+00 1.7608693877304901e-02 9.0135384860253222e-03 9.4398344706589057e+02
8.7051717204284440e+00 1.8199419133462718e-02 9.2403367792851625e-03 9.4405337683338769e+02
8.9247219930890012e+00 1.8810092076302545e-02 9.4728377878642040e-03 9.4412385025984486e+02
9.1498094709619746e+00 1.9441386301882479e-02 9.7111847668212518e-03 9.4419487193684756e+02
9.3805738060787345e+00 2.0093998152339240e-02 9.9555245652567376e-03 9.4426644649524246e+02
9.6171581725885904e+00 2.0768647483980655e-02 1.0206007716326716e-02 9.4433857860548392e+02
9.8597093555889899e+00 2.1466078461315270e-02 1.0462788529506170e-02 9.4441127297797766e+02
1.0108377842196038e+01 2.2187060377894786e-02 1.0726025185157488e-02 9.4448453436343368e+02
1.0363317914911898e+01 2.2932388504874834e-02 1.0995879831461686e-02 9.4455836755321513e+02
1.0624687747346975e+01 2.3702884968230059e-02 1.1272518683771054e-02 9.4463277737969952e+02
1.0892649502356273e+01 2.4499399655591104e-02 1.1556112126443705e-02 9.4470776871663350e+02
1.1167369432650814e+01 2.5322811153703776e-02 1.1846834817221659e-02 9.4478334647949850e+02
1.1449017983946595e+01 2.6174027717544589e-02 1.2144865794215944e-02 9.4485951562587536e+02
1.1737769900714916e+01 2.7053988272161204e-02 1.2450388585563384e-02 9.4493628115581544e+02
1.2033804334599928e+01 2.7963663448343515e-02 1.2763591321821916e-02 9.4501364811220981e+02
1.2337304955570469e+01 2.8904056653267163e-02 1.3084666851172199e-02 9.4509162158117158e+02
1.2648460065875247e+01 2.9876205177290800e-02 1.3413812857495730e-02 9.4517020669240935e+02
1.2967462716872051e+01 3.0881181338127759e-02 1.3751231981400743e-02 9.4524940861961420e+02
1.3294510828803466e+01 3.1920093663654302e-02 1.4097131944269422e-02 9.4532923258084440e+02
1.3629807313593417e+01 3.2994088114659086e-02 1.4451725675401471e-02 9.4540968383891789e+02
1.3973560200740716e+01 3.4104349348882519e-02 1.4815231442331163e-02 9.4549076770180420e+02
1.4325982766387744e+01 3.5252102027740519e-02 1.5187872984396753e-02 9.4557248952302177e+02
1.4687293665644315e+01 3.6438612167173694e-02 1.5569879649643060e-02 9.4565485470204203e+02
1.5057717068248852e+01 3.7665188534112354e-02 1.5961486535140294e-02 9.4573786868469028e+02
1.5437482797651013e+01 3.8933184090097363e-02 1.6362934630803828e-02 9.4582153696355829e+02
1.5826826473602088e+01 4.0243997483649520e-02 1.6774470966802190e-02 9.4590586507841238e+02
1.6225989658341614e+01 4.1599074593033358e-02 1.7196348764642214e-02 9.4599085861661456e+02
1.6635220006470917e+01 4.2999910121117237e-02 1.7628827592023003e-02 9.4607652321353942e+02
1.7054771418606563e+01 4.4448049244088871e-02 1.8072173521552187e-02 9.4616286455299758e+02
1.7484904198909060e+01 4.5945089315844866e-02 1.8526659293420473e-02 9.4624988836766590e+02
1.7925885216584525e+01 4.7492681629934363e-02 1.8992564482132868e-02 9.4633760043951918e+02
1.8377988071459548e+01 4.9092533241000179e-02 1.9470175667397390e-02 9.4642600660026437e+02
1.8841493263731945e+01 5.0746408847726542e-02 1.9959786609274423e-02 9.4651511273178085e+02
1.9316688368002769e+01 5.2456132739370644e-02 2.0461698427692607e-02 9.4660492476656680e+02
1.9803868211697488e+01 5.4223590808024705e-02 2.0976219786439695e-02 9.4669544868818502e+02
2.0303335057987105e+01 5.6050732628828523e-02 2.1503667081739505e-02 9.4678669053171541e+02
2.0815398793322625e+01 5.7939573610426731e-02 2.2044364635528661e-02 9.4687865638421351e+02
2.1340377119699316e+01 5.9892197218043224e-02 2.2598644893550113e-02 9.4697135238516967e+02
2.1878595751769968e+01 6.1910757271624442e-02 2.3166848628382645e-02 9.4706478472697358e+02
2.2430388618929491e+01 6.3997480321586669e-02 2.3749325147528980e-02 9.4715895965538732e+02
2.2996098072496235e+01 6.6154668104788067e-02 2.4346432506688224e-02 9.4725388347001456e+02
2.3576075098118540e+01 6.8384700083433975e-02 2.4958537728340852e-02 9.4734956252478207e+02
2.4170679533538333e+01 7.0690036069716577e-02 2.5586017025778320e-02 9.4744600322842291e+02
2.4780280291846882e+01 7.3073218939083626e-02 2.6229256032712367e-02 9.4754321204496171e+02
2.5405255590371176e+01 7.5536877435129088e-02 2.6888650038602135e-02 9.4764119549420786e+02
2.6045993185333018e+01 7.8083729069199914e-02 2.7564604229841135e-02 9.4773996015225134e+02
2.6702890612426330e+01 8.0716583117916865e-02 2.8257533936949117e-02 9.4783951265196617e+02
2.7376355433462013e+01 8.3438343721916164e-02 2.8967864887917989e-02 9.4793985968351262e+02
2.8066805489233356e+01 8.6252013089229848e-02 2.9696033467863946e-02 9.4804100799485173e+02
2.8774669158758851e+01 8.9160694806838178e-02 3.0442486985142396e-02 9.4814296439225950e+02
2.9500385625063309e+01 9.2167597264047052e-02 3.1207683944085726e-02 9.4824573574084604e+02
3.0244405147662167e+01 9.5276037191466559e-02 3.1992094324527862e-02 9.4834932896508292e+02
3.1007189341917993e+01 9.8489443319493997e-02 3.2796199868283894e-02 9.4845375104933260e+02
3.1789211465442580e+01 1.0181136016033719e-01 3.3620494372757000e-02 9.4855900903838312e+02
3.2590956711722292e+01 1.0524545191774964e-01 3.4465483991849018e-02 9.4866511003799042e+02
3.3412922511148807e+01 1.0879550652879000e-01 3.5331687544355686e-02 9.4877206121542213e+02
3.4255618839642111e+01 1.1246543984206442e-01 3.6219636830031814e-02 9.4887986980000824e+02
3.5119568535057127e+01 1.1625929993706006e-01 3.7129876953516022e-02 9.4898854308369926e+02
3.6005307621570338e+01 1.2018127158933466e-01 3.8062966656309857e-02 9.4909808842162317e+02
3.6913385642247682e+01 1.2423568088648694e-01 3.9019478657010283e-02 9.4920851323265822e+02
3.7844366000000001e+01 1.2842700000000001e-01 4.0000000000000001e-02 9.4932165599999996e+02
4.3010204000000002e+01 1.5241900000000000e-01 4.5440000000000001e-02 9.4988348699999995e+02
4.8178915000000003e+01 1.7645000000000000e-01 5.0880000000000002e-02 9.5038241900000003e+02
5.3350200000000001e+01 2.0067599999999999e-01 5.6320000000000002e-02 9.5083411400000000e+02
5.8523845000000001e+01 2.2558500000000001e-01 6.1760000000000002e-02 9.5125551499999995e+02
6.3699733999999999e+01 2.5197500000000000e-01 6.7199999999999996e-02 9.5166412700000001e+02
6.8877844999999994e+01 2.8092899999999998e-01 7.2639999999999996e-02 9.5207742099999996e+02
7.4058249000000004e+01 3.1378000000000000e-01 7.8079999999999997e-02 9.5251239699999996e+02
7.9241108999999994e+01 3.5207300000000002e-01 8.3519999999999997e-02 9.5298526700000002e+02
8.4426671999999996e+01 3.9753200000000000e-01 8.8959999999999997e-02 9.5351124800000002e+02
8.9615266000000005e+01 4.5202599999999998e-01 9.4399999999999998e-02 9.5410443599999996e+02
9.4807292000000004e+01 5.1754100000000003e-01 9.9839999999999998e-02 9.5477773100000002e+02
1.0000321900000000e+02 5.9614299999999998e-01 1.0528000000000000e-01 9.5554280600000004e+02
1.0520357300000001e+02 6.8996000000000002e-01 1.1072000000000000e-01 9.5641010800000004e+02
1.1040893800000001e+02 8.0115099999999995e-01 1.1616000000000000e-01 9.5738887599999998e+02
1.1561993699999999e+02 9.3128400000000000e-01 1.2160000000000000e-01 9.5848217299999999e+02
1.2083716699999999e+02 1.0810540000000000e+00 1.2703999999999999e-01 9.5968546300000003e+02
1.2606127400000000e+02 1.2537640000000001e+00 1.3247999999999999e-01 9.6101500599999997e+02
1.3129296900000000e+02 1.4518590000000000e+00 1.3791999999999999e-01 9.6247872900000004e+02
1.3653299600000000e+02 1.6775300000000000e+00 1.4335999999999999e-01 9.6408184900000003e+02
1.4178212400000001e+02 1.9328369999999999e+00 1.4879999999999999e-01 9.6582807400000002e+02
1.4704114000000001e+02 2.2197320000000000e+00 1.5423999999999999e-01 9.6772002999999995e+02
1.5231084100000001e+02 2.5400830000000001e+00 1.5967999999999999e-01 9.6975950499999999e+02
1.5759203299999999e+02 2.8956729999999999e+00 1.6511999999999999e-01 9.7194761100000005e+02
1.6288552700000000e+02 3.2882150000000001e+00 1.7055999999999999e-01 9.7428490999999997e+02
1.6819213500000001e+02 3.7193510000000001e+00 1.7599999999999999e-01 9.7677151900000001e+02
1.7351266899999999e+02 4.1906619999999997e+00 1.8143999999999999e-01 9.7940719400000000e+02
1.7884793800000000e+02 4.7036730000000002e+00 1.8687999999999999e-01 9.8219140600000003e+02
1.8419874799999999e+02 5.2598549999999999e+00 1.9231999999999999e-01 9.8512339599999996e+02
1.8956590199999999e+02 5.8606330000000000e+00 1.9775999999999999e-01 9.8820222600000000e+02
1.9495019500000001e+02 6.5073889999999999e+00 2.0319999999999999e-01 9.9142682500000001e+02
2.0035241800000000e+02 7.2014670000000001e+00 2.0863999999999999e-01 9.9479601400000001e+02
2.0577335299999999e+02 7.9441730000000002e+00 2.1407999999999999e-01 9.9830853600000000e+02
2.1121377799999999e+02 8.7367830000000009e+00 2.1951999999999999e-01 1.0019630770000000e+03
2.1667446000000001e+02 9.5805380000000007e+00 2.2495999999999999e-01 1.0057582750000000e+03
2.2215616199999999e+02 1.0476651000000000e+01 2.3039999999999999e-01 1.0096927360000000e+03
2.2765963900000000e+02 1.1426304999999999e+01 2.3583999999999999e-01 1.0137650350000000e+03
2.3318563499999999e+02 1.2430653000000000e+01 2.4127999999999999e-01 1.0179737229999999e+03
2.3873488900000001e+02 1.3490819999999999e+01 2.4671999999999999e-01 1.0223173260000000e+03
2.4430813200000000e+02 1.4607900000000001e+01 2.5216000000000000e-01 1.0267943459999999e+03
2.4990608399999999e+02 1.5782954999999999e+01 2.5760000000000000e-01 1.0314032580000001e+03
2.5552946100000000e+02 1.7017014000000000e+01 2.6304000000000000e-01 1.0361425079999999e+03
2.6117896600000000e+02 1.8311076000000000e+01 2.6848000000000000e-01 1.0410105090000000e+03
2.6685529700000001e+02 1.9666098999999999e+01 2.7392000000000000e-01 1.0460056410000000e+03
2.7255913900000002e+02 2.1083008000000000e+01 2.7936000000000000e-01 1.0511262409999999e+03
2.7829117300000001e+02 2.2562687000000000e+01 2.8480000000000000e-01 1.0563706070000001e+03
2.8405206600000002e+02 2.4105979000000001e+01 2.9024000000000000e-01 1.0617369920000001e+03
2.8984247800000003e+02 2.5713688000000001e+01 2.9568000000000000e-01 1.0672236040000000e+03
2.9566305799999998e+02 2.7386571000000000e+01 3.0112000000000000e-01 1.0728286000000001e+03
3.0151444500000002e+02 2.9125340999999999e+01 3.0656000000000000e-01 1.0785500900000000e+03
3.0739726800000000e+02 3.0930665999999999e+01 3.1200000000000000e-01 1.0843861350000000e+03
3.1331214499999999e+02 3.2803167000000002e+01 3.1744000000000000e-01 1.0903347470000001e+03
3.1925968300000000e+02 3.4743416000000003e+01 3.2288000000000000e-01 1.0963938920000001e+03
3.2524047899999999e+02 3.6751938000000003e+01 3.2832000000000000e-01 1.1025614880000001e+03
3.3125511599999999e+02 3.8829210000000003e+01 3.3376000000000000e-01 1.1088354119999999e+03
3.3730416700000001e+02 4.0975659000000000e+01 3.3920000000000000e-01 1.1152134980000001e+03
3.4338819400000000e+02 4.3191667000000002e+01 3.4464000000000000e-01 1.1216935450000001e+03
3.4950774500000000e+02 4.5477564999999998e+01 3.5008000000000000e-01 1.1282733180000000e+03
3.5566335600000002e+02 4.7833640000000003e+01 3.5552000000000000e-01 1.1349505529999999e+03
3.6185555199999999e+02 5.0260133000000003e+01 3.6096000000000000e-01 1.1417229600000001e+03
3.6808274599999999e+02 5.2408087000000002e+01 3.6640000000000000e-01 1.1476295809999999e+03
3.7434038500000003e+02 5.4405774000000001e+01 3.7184000000000000e-01 1.1530411280000001e+03
3.8062690800000001e+02 5.6363557999999998e+01 3.7728000000000000e-01 1.1582674139999999e+03
3.8694154400000002e+02 5.8308242999999997e+01 3.8272000000000000e-01 1.1633843549999999e+03
3.9328380700000002e+02 6.0252771000000003e+01 3.8816000000000001e-01 1.1684286380000001e+03
3.9965336500000001e+02 6.2204754000000001e+01 3.9360000000000001e-01 1.1734217739999999e+03
4.0604997900000001e+02 6.4169182000000006e+01 3.9904000000000001e-01 1.1783777630000000e+03
4.1247347700000000e+02 6.6149567000000005e+01 4.0448000000000001e-01 1.1833063529999999e+03
4.1892234800000000e+02 6.7911912999999998e+01 4.0992000000000001e-01 1.1876341250000000e+03
4.2539414399999998e+02 6.9628552999999997e+01 4.1536000000000001e-01 1.1917936840000000e+03
4.3188844399999999e+02 7.1351303999999999e+01 4.2080000000000001e-01 1.1959136990000000e+03
4.3840510899999998e+02 7.3089866999999998e+01 4.2624000000000001e-01 1.2000181150000001e+03
4.4494408600000003e+02 7.4848661000000007e+01 4.3168000000000001e-01 1.2041176350000001e+03
4.5150536499999998e+02 7.6630233000000004e+01 4.3712000000000001e-01 1.2082182490000000e+03
4.5808896399999998e+02 7.8436250999999999e+01 4.4256000000000001e-01 1.2123237240000001e+03
4.6469491699999998e+02 8.0267904999999999e+01 4.4800000000000001e-01 1.2164366110000001e+03
4.7132326799999998e+02 8.2126088999999993e+01 4.5344000000000001e-01 1.2205587200000000e+03
4.7797407199999998e+02 8.4011509000000004e+01 4.5888000000000001e-01 1.2246913770000001e+03
4.8464738899999998e+02 8.5924740000000000e+01 4.6432000000000001e-01 1.2288355790000001e+03
4.9134328399999998e+02 8.7866260999999994e+01 4.6976000000000001e-01 1.2329920830000001e+03
4.9806182600000000e+02 8.9836481000000006e+01 4.7520000000000001e-01 1.2371614720000000e+03
5.0480308600000001e+02 9.1835753999999994e+01 4.8064000000000001e-01 1.2413441940000000e+03
5.1156713800000000e+02 9.3864390000000000e+01 4.8608000000000001e-01 1.2455405909999999e+03
5.1835405600000001e+02 9.5922667000000004e+01 4.9152000000000001e-01 1.2497509250000001e+03
5.2516391799999997e+02 9.8010829999999999e+01 4.9696000000000001e-01 1.2539753870000000e+03
5.3199679900000001e+02 1.0012910400000000e+02 5.0239999999999996e-01 1.2582141180000001e+03
5.3885278000000005e+02 1.0227768900000000e+02 5.0783999999999996e-01 1.2624672080000000e+03
5.4573193700000002e+02 1.0445677000000001e+02 5.1327999999999996e-01 1.2667347150000001e+03
5.5263434900000004e+02 1.0666651600000000e+02 5.1871999999999996e-01 1.2710166589999999e+03
5.5956009400000005e+02 1.0890708100000001e+02 5.2415999999999996e-01 1.2753130369999999e+03
5.6650925199999995e+02 1.1117860700000000e+02 5.2959999999999996e-01 1.2796238200000000e+03
5.7348190099999999e+02 1.1348122700000000e+02 5.3503999999999996e-01 1.2839489619999999e+03
5.8047811799999999e+02 1.1581506000000000e+02 5.4047999999999996e-01 1.2882883950000000e+03
5.8749798099999998e+02 1.1818021800000000e+02 5.4591999999999996e-01 1.2926420400000000e+03
5.9454156699999999e+02 1.2057680499999999e+02 5.5135999999999996e-01 1.2970098029999999e+03
6.0160895300000004e+02 1.2300491599999999e+02 5.5679999999999996e-01 1.3013915790000001e+03
6.0870021399999996e+02 1.2546464000000000e+02 5.6223999999999996e-01 1.3057872530000000e+03
6.1581542700000000e+02 1.2795605600000000e+02 5.6767999999999996e-01 1.3101967010000001e+03
6.2295466399999998e+02 1.3047924100000000e+02 5.7311999999999996e-01 1.3146197920000000e+03
6.3011800100000005e+02 1.3303426300000001e+02 5.7855999999999996e-01 1.3190563890000001e+03
6.3730551100000002e+02 1.3562118599999999e+02 5.8399999999999996e-01 1.3235063459999999e+03
6.4451726499999995e+02 1.3824006800000001e+02 5.8943999999999996e-01 1.3279695160000001e+03
6.5175333499999999e+02 1.4089096200000000e+02 5.9487999999999996e-01 1.3324457460000001e+03
6.5901379199999997e+02 1.4357391699999999e+02 6.0031999999999996e-01 1.3369348789999999e+03
6.6629870600000004e+02 1.4628897599999999e+02 6.0575999999999997e-01 1.3414367560000001e+03
6.7360814500000004e+02 1.4903617900000000e+02 6.1119999999999997e-01 1.3459512139999999e+03
6.8094217800000001e+02 1.5181556399999999e+02 6.1663999999999997e-01 1.3504780890000000e+03
6.8830087100000003e+02 1.5462716100000000e+02 6.2207999999999997e-01 1.3550172140000000e+03
6.9568429200000003e+02 1.5747099800000001e+02 6.2751999999999997e-01 1.3595684220000001e+03
7.0309250399999996e+02 1.6034710300000000e+02 6.3295999999999997e-01 1.3641315450000000e+03
7.1052557300000001e+02 1.6325549500000000e+02 6.3839999999999997e-01 1.3687064120000000e+03
7.1798356100000001e+02 1.6619619399999999e+02 6.4383999999999997e-01 1.3732928540000000e+03
7.2546653200000003e+02 1.6916921700000000e+02 6.4927999999999997e-01 1.3778907010000000e+03
7.3297454700000003e+02 1.7217457500000000e+02 6.5471999999999997e-01 1.3824997820000001e+03
7.4050766699999997e+02 1.7521227999999999e+02 6.6015999999999997e-01 1.3871199280000001e+03
7.4806595100000004e+02 1.7828233900000001e+02 6.6559999999999997e-01 1.3917509689999999e+03
7.5564945799999998e+02 1.8138475800000001e+02 6.7103999999999997e-01 1.3963927349999999e+03
7.6325824599999999e+02 1.8451954100000000e+02 6.7647999999999997e-01 1.4010450590000000e+03
7.7089237200000002e+02 1.8768668700000001e+02 6.8191999999999997e-01 1.4057077740000000e+03
7.7855189199999995e+02 1.9088619800000001e+02 6.8735999999999997e-01 1.4103807119999999e+03
7.8623686199999997e+02 1.9411806899999999e+02 6.9279999999999997e-01 1.4150637079999999e+03
7.9394733499999995e+02 1.9738229600000000e+02 6.9823999999999997e-01 1.4197565979999999e+03
8.0168336499999998e+02 2.0067887200000001e+02 7.0367999999999997e-01 1.4244592200000000e+03
8.0944500500000004e+02 2.0400779000000000e+02 7.0911999999999997e-01 1.4291714110000000e+03
8.1723230500000000e+02 2.0736903899999999e+02 7.1455999999999997e-01 1.4338930130000001e+03
8.2504531799999995e+02 2.1076260900000000e+02 7.1999999999999997e-01 1.4386238659999999e+03
8.3288409200000001e+02 2.1418848600000001e+02 7.2543999999999997e-01 1.4433638149999999e+03
8.4074867700000004e+02 2.1764665800000000e+02 7.3087999999999997e-01 1.4481127030000000e+03
8.4863912100000005e+02 2.2113710699999999e+02 7.3631999999999997e-01 1.4528703770000000e+03
8.5655547100000001e+02 2.2465981900000000e+02 7.4175999999999997e-01 1.4576366869999999e+03
8.6449777400000005e+02 2.2821477500000000e+02 7.4719999999999998e-01 1.4624114810000001e+03
8.7246607600000004e+02 2.3180195800000001e+02 7.5263999999999998e-01 1.4671946129999999e+03
8.8046042100000000e+02 2.3542134600000000e+02 7.5807999999999998e-01 1.4719859349999999e+03
8.8848085400000002e+02 2.3907292100000001e+02 7.6351999999999998e-01 1.4767853050000001e+03
8.9652741900000001e+02 2.4275665900000001e+02 7.6895999999999998e-01 1.4815925789999999e+03
9.0460015699999997e+02 2.4647254000000001e+02 7.7439999999999998e-01 1.4864076180000000e+03
9.1269911100000002e+02 2.5022053900000000e+02 7.7983999999999998e-01 1.4912302820000000e+03
9.2082432200000005e+02 2.5400063399999999e+02 7.8527999999999998e-01 1.4960604370000001e+03
9.2897582899999998e+02 2.5781279999999998e+02 7.9071999999999998e-01 1.5008979460000000e+03
9.3715367400000002e+02 2.6165701200000001e+02 7.9615999999999998e-01 1.5057426790000000e+03
9.4535789399999999e+02 2.6553324400000002e+02 8.0159999999999998e-01 1.5105945039999999e+03
9.5358852800000000e+02 2.6944147099999998e+02 8.0703999999999998e-01 1.5154532930000000e+03
9.6184561399999996e+02 2.7338166500000000e+02 8.1247999999999998e-01 1.5203189210000000e+03
9.7012918800000000e+02 2.7735379999999998e+02 8.1791999999999998e-01 1.5251912620000001e+03
9.7843928700000004e+02 2.8135784899999999e+02 8.2335999999999998e-01 1.5300701939999999e+03
9.8677594499999998e+02 2.8539378399999998e+02 8.2879999999999998e-01 1.5349555980000000e+03
9.9513919899999996e+02 2.8946157699999998e+02 8.3423999999999998e-01 1.5398473550000001e+03
1.0035290810000000e+03 2.9356120099999998e+02 8.3967999999999998e-01 1.5447453490000000e+03
1.0119456259999999e+03 2.9769262600000002e+02 8.4511999999999998e-01 1.5496494650000000e+03
1.0203888680000000e+03 3.0185582499999998e+02 8.5055999999999998e-01 1.5545595929999999e+03
1.0288588370000000e+03 3.0605077000000000e+02 8.5599999999999998e-01 1.5594756219999999e+03
1.0373555660000000e+03 3.1027743199999998e+02 8.6143999999999998e-01 1.5643974450000001e+03
1.0458790859999999e+03 3.1453578299999998e+02 8.6687999999999998e-01 1.5693249550000000e+03
1.0544294290000000e+03 3.1882579500000003e+02 8.7231999999999998e-01 1.5742580510000000e+03
1.0630066230000000e+03 3.2314744000000002e+02 8.7775999999999998e-01 1.5791966299999999e+03
1.0716106980000000e+03 3.2750069200000002e+02 8.8319999999999999e-01 1.5841405940000000e+03
1.0802416840000001e+03 3.3188552299999998e+02 8.8863999999999999e-01 1.5890898470000000e+03
1.0888996099999999e+03 3.3630190800000003e+02 8.9407999999999999e-01 1.5940442940000000e+03
1.0975845019999999e+03 3.4074982100000000e+02 8.9951999999999999e-01 1.5990038450000000e+03
1.1062963880000000e+03 3.4522923700000001e+02 9.0495999999999999e-01 1.6039684119999999e+03
1.1150352969999999e+03 3.4974013500000001e+02 9.1039999999999999e-01 1.6089379080000001e+03
1.1238012530000001e+03 3.5428249299999999e+02 9.1583999999999999e-01 1.6139122520000001e+03
1.1325942840000000e+03 3.5885629100000000e+02 9.2127999999999999e-01 1.6188913660000001e+03
1.1414144150000000e+03 3.6346151400000002e+02 9.2671999999999999e-01 1.6238751760000000e+03
1.1502616710000000e+03 3.6809814999999998e+02 9.3215999999999999e-01 1.6288636130000000e+03
1.1591360769999999e+03 3.7276618900000000e+02 9.3759999999999999e-01 1.6338566169999999e+03
1.1680376590000001e+03 3.7746563400000002e+02 9.4303999999999999e-01 1.6388541330000000e+03
1.1769664399999999e+03 3.8219649299999998e+02 9.4847999999999999e-01 1.6438561210000000e+03
1.1859224449999999e+03 3.8695879300000001e+02 9.5391999999999999e-01 1.6488625569999999e+03
1.1949056980000000e+03 3.9175259199999999e+02 9.5935999999999999e-01 1.6538734500000000e+03
1.2039162229999999e+03 3.9657800700000001e+02 9.6479999999999999e-01 1.6588888740000000e+03
1.2129540450000000e+03 4.0143535500000002e+02 9.7023999999999999e-01 1.6639091030000000e+03
1.2220191940000000e+03 4.0632541600000002e+02 9.7567999999999999e-01 1.6689348860000000e+03
1.2311116939999999e+03 4.1124630200000001e+02 9.8111999999999999e-01 1.6739642320000000e+03
1.2402315639999999e+03 4.1619773300000003e+02 9.8655999999999999e-01 1.6789968160000001e+03
1.2493788199999999e+03 4.2117966699999999e+02 9.9199999999999999e-01 1.6840325620000001e+03
1.2585534789999999e+03 4.2619206300000002e+02 9.9743999999999999e-01 1.6890713920000001e+03
1.2677555589999999e+03 4.3123487999999998e+02 1.0028800000000000e+00 1.6941132319999999e+03
1.2769850759999999e+03 4.3630807700000003e+02 1.0083200000000001e+00 1.6991580090000000e+03
1.2862420450000000e+03 4.4141161299999999e+02 1.0137600000000000e+00 1.7042056510000000e+03
1.2955264810000001e+03 4.4654544700000002e+02 1.0192000000000001e+00 1.7092560860000001e+03
1.3048383990000000e+03 4.5170953900000001e+02 1.0246400000000000e+00 1.7143092460000000e+03
1.3141778150000000e+03 4.5690384899999998e+02 1.0300800000000001e+00 1.7193650620000001e+03
1.3235447429999999e+03 4.6212833499999999e+02 1.0355200000000000e+00 1.7244234680000000e+03
1.3329391960000000e+03 4.6738296000000003e+02 1.0409600000000001e+00 1.7294843980000001e+03
1.3423611870000000e+03 4.7266768200000001e+02 1.0464000000000000e+00 1.7345477880000001e+03
1.3518107310000000e+03 4.7798246200000000e+02 1.0518400000000001e+00 1.7396135740000000e+03
1.3612878400000000e+03 4.8332726200000002e+02 1.0572800000000000e+00 1.7446816950000000e+03
1.3707925260000000e+03 4.8870204100000001e+02 1.0627200000000001e+00 1.7497520890000001e+03
1.3803248030000000e+03 4.9410676100000001e+02 1.0681600000000000e+00 1.7548246979999999e+03
1.3898846799999999e+03 4.9954138399999999e+02 1.0736000000000001e+00 1.7598994610000000e+03
1.3994721709999999e+03 5.0500587100000001e+02 1.0790400000000000e+00 1.7649763230000001e+03
1.4090872859999999e+03 5.1050018399999999e+02 1.0844800000000001e+00 1.7700552259999999e+03
1.4187300359999999e+03 5.1602428399999997e+02 1.0899200000000000e+00 1.7751361159999999e+03
1.4284004330000000e+03 5.2157813399999998e+02 1.0953599999999999e+00 1.7802189360000000e+03
1.4380984860000001e+03 5.2716169700000000e+02 1.1008000000000000e+00 1.7853036360000001e+03
1.4478242049999999e+03 5.3277493400000003e+02 1.1062399999999999e+00 1.7903901610000000e+03
1.4575776000000001e+03 5.3841781000000003e+02 1.1116800000000000e+00 1.7954784609999999e+03
1.4673586820000000e+03 5.4409028599999999e+02 1.1171199999999999e+00 1.8005684839999999e+03
1.4771674579999999e+03 5.4979232700000000e+02 1.1225600000000000e+00 1.8056601830000000e+03
1.4870039380000001e+03 5.5552389600000004e+02 1.1279999999999999e+00 1.8107535069999999e+03
1.4968681300000001e+03 5.6128495599999997e+02 1.1334400000000000e+00 1.8158484100000001e+03
1.5067600440000001e+03 5.6707547199999999e+02 1.1388799999999999e+00 1.8209448440000001e+03
1.5166796870000001e+03 5.7289540699999998e+02 1.1443200000000000e+00 1.8260427629999999e+03
1.5266270669999999e+03 5.7874472600000001e+02 1.1497599999999999e+00 1.8311421230000001e+03
1.5366021920000001e+03 5.8462339399999996e+02 1.1552000000000000e+00 1.8362428780000000e+03
1.5466050700000001e+03 5.9053137600000002e+02 1.1606399999999999e+00 1.8413449860000001e+03
1.5566357069999999e+03 5.9646863599999995e+02 1.1660800000000000e+00 1.8464484040000000e+03
1.5666941110000000e+03 6.0243514000000005e+02 1.1715199999999999e+00 1.8515530900000001e+03
1.5767802879999999e+03 6.0843085399999995e+02 1.1769600000000000e+00 1.8566590020000001e+03
1.5868942450000000e+03 6.1445574199999999e+02 1.1823999999999999e+00 1.8617661009999999e+03
1.5970359890000000e+03 6.2050977100000000e+02 1.1878400000000000e+00 1.8668743460000001e+03
1.6072055250000001e+03 6.2659290799999997e+02 1.1932799999999999e+00 1.8719836989999999e+03
1.6174028590000000e+03 6.3270511699999997e+02 1.1987200000000000e+00 1.8770941220000000e+03
1.6276279970000001e+03 6.3884636599999999e+02 1.2041599999999999e+00 1.8822055760000001e+03
1.6378808730000001e+03 6.4495815700000003e+02 1.2096000000000000e+00 1.8872696309999999e+03
1.6481610599999999e+03 6.5100828100000001e+02 1.2150399999999999e+00 1.8922600660000001e+03
1.6584683090000001e+03 6.5704920700000002e+02 1.2204800000000000e+00 1.8972206490000001e+03
1.6688024880000000e+03 6.6309311100000002e+02 1.2259199999999999e+00 1.9021616039999999e+03
1.6791635050000000e+03 6.6914586899999995e+02 1.2313600000000000e+00 1.9070878880000000e+03
1.6895512900000001e+03 6.7521101299999998e+02 1.2367999999999999e+00 1.9120024920000001e+03
1.6999657830000001e+03 6.8129091200000005e+02 1.2422400000000000e+00 1.9169074310000001e+03
1.7104069370000000e+03 6.8738726999999994e+02 1.2476799999999999e+00 1.9218041579999999e+03
1.7208747100000001e+03 6.9350137299999994e+02 1.2531200000000000e+00 1.9266937730000000e+03
1.7313690660000000e+03 6.9963422200000002e+02 1.2585599999999999e+00 1.9315771350000000e+03
1.7418899730000001e+03 7.0578661999999997e+02 1.2640000000000000e+00 1.9364549340000001e+03
1.7524374020000000e+03 7.1195922499999995e+02 1.2694399999999999e+00 1.9413277380000000e+03
1.7630113260000001e+03 7.1815258400000005e+02 1.2748800000000000e+00 1.9461960180000001e+03
1.7736117240000001e+03 7.2436715800000002e+02 1.2803199999999999e+00 1.9510601750000001e+03
1.7842385720000000e+03 7.3060334000000000e+02 1.2857600000000000e+00 1.9559205509999999e+03
1.7948918520000000e+03 7.3686147300000005e+02 1.2911999999999999e+00 1.9607774420000001e+03
1.8055715450000000e+03 7.4314185099999997e+02 1.2966400000000000e+00 1.9656311049999999e+03
1.8162776340000000e+03 7.4944473400000004e+02 1.3020799999999999e+00 1.9704817690000000e+03
1.8270101040000000e+03 7.5577035200000000e+02 1.3075200000000000e+00 1.9753296330000001e+03
1.8377689390000000e+03 7.6211890700000004e+02 1.3129599999999999e+00 1.9801748760000000e+03
1.8485541260000000e+03 7.6849058300000002e+02 1.3184000000000000e+00 1.9850176580000000e+03
1.8593656510000001e+03 7.7488554199999999e+02 1.3238399999999999e+00 1.9898581230000000e+03
1.8702035040000001e+03 7.8130393000000004e+02 1.3292800000000000e+00 1.9946964009999999e+03
1.8810676710000000e+03 7.8774588100000005e+02 1.3347199999999999e+00 1.9995326080000000e+03
1.8919581420000000e+03 7.9421151499999996e+02 1.3401600000000000e+00 2.0043668520000001e+03
1.9028749069999999e+03 8.0070094099999994e+02 1.3455999999999999e+00 2.0091992310000001e+03
1.9138179550000000e+03 8.0721426099999996e+02 1.3510400000000000e+00 2.0140298330000001e+03
1.9247872780000000e+03 8.1375156400000003e+02 1.3564799999999999e+00 2.0188587410000000e+03
1.9357828660000000e+03 8.2031293600000004e+02 1.3619200000000000e+00 2.0236860300000001e+03
1.9468047099999999e+03 8.2689845300000002e+02 1.3673599999999999e+00 2.0285117690000000e+03
1.9578528030000000e+03 8.3350818600000002e+02 1.3728000000000000e+00 2.0333360220000000e+03
1.9689271360000000e+03 8.4014220100000000e+02 1.3782399999999999e+00 2.0381588489999999e+03
1.9800277020000001e+03 8.4680055900000002e+02 1.3836800000000000e+00 2.0429803050000000e+03
1.9911544930000000e+03 8.5348331399999995e+02 1.3891199999999999e+00 2.0478004410000001e+03
2.0023075030000000e+03 8.6019051999999999e+02 1.3945600000000000e+00 2.0526193050000002e+03
2.0134867250000000e+03 8.6692222500000003e+02 1.3999999999999999e+00 2.0574369409999999e+03
