# epsilon[MeV/fm^3] P[MeV/fm^3] nB[fm^-3] muB[MeV]
4.3514892049562272e-07 9.0000000794219998e-12 4.6796200000000002e-10 9.2990010724260003e+02
5.4394952759824855e-07 1.2854500250148002e-11 5.8496400000000005e-10 9.2990743275720001e+02
6.8239664606092796e-07 1.8414700022552000e-11 7.3384599999999997e-10 9.2991587774760001e+02
8.5763463874259032e-07 2.6380199998860002e-11 9.2229000000000003e-10 9.2992551188760001e+02
1.0799253715994732e-06 3.7791099667920001e-11 1.1613300000000000e-09 9.2993648532329996e+02
1.3625442882637764e-06 5.4137899979800000e-11 1.4652400000000000e-09 9.2994894782519998e+02
1.7226605254650248e-06 7.7555599791040007e-11 1.8524800000000000e-09 9.2996308925910000e+02
2.1826057027272589e-06 1.1110299984364001e-10 2.3470600000000000e-09 9.2997909967860005e+02
2.7713348204539073e-06 1.5916099965360000e-10 2.9801100000000000e-09 9.2999716876169998e+02
3.5266032513682487e-06 2.2800800111288001e-10 3.7922200000000000e-09 9.3001754656409992e+02
4.4975537964996660e-06 3.2663399940042002e-10 4.8362200000000001e-09 9.3004045271789994e+02
4.5807460305493105e-06 3.3555999792714001e-10 4.9256699999999996e-09 9.3004228160820003e+02
4.7281205653478515e-06 3.3656599963290001e-10 5.0841300000000003e-09 9.3004248152130003e+02
6.5759177435918250e-06 5.4515600232911993e-10 7.0708799999999999e-09 9.3007696075620004e+02
9.1998724984833464e-06 8.8567000200420000e-10 9.8920399999999997e-09 9.3011730648750006e+02
1.2918168885426129e-05 1.4388700552640002e-09 1.3889600000000001e-08 9.3016406831190000e+02
1.8201380444258739e-05 2.3376200076990001e-09 1.9569300000000001e-08 9.3021808578930006e+02
2.5725895950178280e-05 3.7977398937599994e-09 2.7657999999999999e-08 9.3028025838780002e+02
3.6463989818522291e-05 6.1698799253159997e-09 3.9200400000000002e-08 9.3035162548649998e+02
5.1813630126296458e-05 1.0023700173792000e-08 5.5698400000000002e-08 9.3043332628019994e+02
7.3785560512054020e-05 1.6284700005120000e-08 7.9311899999999997e-08 9.3052664006250006e+02
1.0527189036420272e-04 2.6456400399219999e-08 1.1314700000000000e-07 9.3063298613190000e+02
1.5043483705694415e-04 4.2981499428689995e-08 1.6167299999999999e-07 9.3075400323120004e+02
1.5143539825673478e-04 4.3369399516159995e-08 1.6274800000000000e-07 9.3075639185940008e+02
1.5666718390755263e-04 4.3499599327679997e-08 1.6836899999999999e-07 9.3075719132400002e+02
1.8247319946392853e-04 5.3487099479700000e-08 1.9609400000000001e-07 9.3081203831400001e+02
2.1304949570856091e-04 6.5965099669560007e-08 2.2894200000000001e-07 9.3087079295249998e+02
2.4880173202308656e-04 8.1354199584480006e-08 2.6734800000000002e-07 9.3093285559410003e+02
2.9061049213158235e-04 1.0033299847065000e-07 3.1225699999999999e-07 9.3099838615049998e+02
3.3950651358852186e-04 1.2374000051775000e-07 3.6477499999999998e-07 9.3106758453479995e+02
3.9669496520679297e-04 1.5260700009555001e-07 4.2619500000000001e-07 9.3114063056550003e+02
4.6358813252914599e-04 1.8820900209407997e-07 4.9803199999999997e-07 9.3121772415570001e+02
5.4183717856390442e-04 2.3211699768180001e-07 5.8205699999999998e-07 9.3129908512530005e+02
6.3337419989345891e-04 2.8626699988691999e-07 6.8034199999999997e-07 9.3138494352930002e+02
7.4046361643000222e-04 3.5305100162730003e-07 7.9531500000000002e-07 9.3147551899979999e+02
7.4543957324912111e-04 3.5623800038969997e-07 8.0065699999999999e-07 9.3147951660449996e+02
7.7046470619140960e-04 3.5730600246279002e-07 8.2752300000000002e-07 9.3148080575760002e+02
7.7218701201869997e-04 3.5837800248323999e-07 8.2937200000000002e-07 9.3148210505190002e+02
7.7564281539113634e-04 3.6053199741144001e-07 8.3308200000000005e-07 9.3148469349929996e+02
7.7911352986319152e-04 3.6269800105895999e-07 8.3680799999999998e-07 9.3148728185280004e+02
7.8260009510663572e-04 3.6487800290032998e-07 8.4055099999999997e-07 9.3148988034750005e+02
7.8610250285012515e-04 3.6706999922346001e-07 8.4431100000000000e-07 9.3149248879559991e+02
7.8962075319254110e-04 3.6927600351839998e-07 8.4808799999999996e-07 9.3149508719639994e+02
7.9315485471188711e-04 3.7149499796798001e-07 8.5188199999999998e-07 9.3149769564450003e+02
7.9670479058673201e-04 3.7372699824480005e-07 8.5569300000000004e-07 9.3150031404599997e+02
8.0027057791247260e-04 3.7597299948234002e-07 8.5952100000000004e-07 9.3150293244750003e+02
8.0385221698387247e-04 3.7823200230633998e-07 8.6336599999999998e-07 9.3150555094289996e+02
8.0745063029167934e-04 3.8050499711466001e-07 8.6722899999999999e-07 9.3150817929779998e+02
8.1106395596088781e-04 3.8279099715107999e-07 8.7110800000000002e-07 9.3151080774659999e+02
8.1469498722525535e-04 3.8509200436278001e-07 8.7500600000000005e-07 9.3151343619540000e+02
8.1834093096975699e-04 3.8740599815679997e-07 8.7891999999999998e-07 9.3151607459759998e+02
8.3652972322216491e-04 3.8856800310954005e-07 8.9844600000000005e-07 9.3151737379799999e+02
8.9649746606902973e-04 4.2637900225708002e-07 9.6282100000000007e-07 9.3155798930399999e+02
9.6293679962426715e-04 4.6927300060880000e-07 1.0341400000000000e-06 9.3160093353000002e+02
1.0343084479593990e-03 5.1648199988999994e-07 1.1107499999999999e-06 9.3164493704189999e+02
1.1110033276598183e-03 5.6844100521450010e-07 1.1930700000000001e-06 9.3169002988770001e+02
1.1934040547386528e-03 6.2562700512179996e-07 1.2815100000000000e-06 9.3173623206809998e+02
1.2819398888523502e-03 6.8856500094819997e-07 1.3765300000000001e-06 9.3178357353719991e+02
1.3770588621277026e-03 7.5783499966439992e-07 1.4786100000000000e-06 9.3183208434300002e+02
1.4792742600387720e-03 8.3407400117300003e-07 1.5882999999999999e-06 9.3188178448619999e+02
1.5890902438860661e-03 9.1798299673799988e-07 1.7061399999999999e-06 9.3193271378040004e+02
1.7070948934908867e-03 1.0103300084124001e-06 1.8327600000000000e-06 9.3198488236679998e+02
1.7418302566492478e-03 1.0379399925766002e-06 1.8700300000000001e-06 9.3199978345169995e+02
1.8026805910135908e-03 1.0410599913928000e-06 1.9353200000000000e-06 9.3200143242960007e+02
2.0389359400714486e-03 1.2275099896319999e-06 2.1888000000000001e-06 9.3209187794249999e+02
2.3114099463439177e-03 1.4516999917321999e-06 2.4811100000000001e-06 9.3218792017709995e+02
2.6204004641994278e-03 1.7168400063888003e-06 2.8125600000000001e-06 9.3228811983419996e+02
2.9707928967162671e-03 2.0304000155634000e-06 3.1883800000000001e-06 9.3239264696670000e+02
3.3681648965264784e-03 2.4012300084080001e-06 3.6145400000000001e-06 9.3250170129989999e+02
3.8188055776886142e-03 2.8397900147328003e-06 4.0977700000000004e-06 9.3261546284010001e+02
4.3298558716110781e-03 3.3584500068246004e-06 4.6457100000000001e-06 9.3273413140649996e+02
4.9094492242661523e-03 3.9718300068571995e-06 5.2670599999999997e-06 9.3285792691289998e+02
5.5667590537662745e-03 4.6972400276543001e-06 5.9716300000000001e-06 9.3298704917850000e+02
6.3122329168583428e-03 5.5551399798486997e-06 6.7705900000000002e-06 9.3312173811779996e+02
6.3691536418958340e-03 5.6221100036384002e-06 6.8315900000000001e-06 9.3313158221820004e+02
6.6107787783348925e-03 5.6389700285964000e-06 7.0905299999999997e-06 9.3313397075249998e+02
7.1832281514335565e-03 6.2999099885847007e-06 7.7039700000000007e-06 9.3322329697740008e+02
7.8228640480689938e-03 7.0594400109160007e-06 8.3893400000000006e-06 9.3331767013950002e+02
8.5195476220300548e-03 7.9105299722335996e-06 9.1357600000000004e-06 9.3341477175390003e+02
9.2783521214718639e-03 8.8642300383220009e-06 9.9486500000000000e-06 9.3351470163630006e+02
1.0104791977484120e-02 9.9329099737559988e-06 1.0833900000000000e-05 9.3361751969490001e+02
1.1005037422914624e-02 1.1130399980334000e-05 1.1798100000000000e-05 9.3372332602710003e+02
1.1985504705131824e-02 1.2472300012974001e-05 1.2848100000000000e-05 9.3383220044789994e+02
1.3053499763127112e-02 1.3976000053347000e-05 1.3991700000000000e-05 9.3394422305399996e+02
1.4216706487829026e-02 1.5661000693130000e-05 1.5237100000000000e-05 9.3405949366109996e+02
1.5483652631007537e-02 1.7549100191680000e-05 1.6593399999999999e-05 9.3417811227269999e+02
1.5623499832828706e-02 1.7760599953030001e-05 1.6743099999999999e-05 9.3419079468840005e+02
1.6269961736847121e-02 1.7813900213129999e-05 1.7435099999999998e-05 9.3419395273319992e+02
1.7094324515795702e-02 1.9027400207749999e-05 1.8317499999999999e-05 9.3426180186839997e+02
1.8000874089488257e-02 2.0384500450440000e-05 1.9287799999999999e-05 9.3433394852489994e+02
1.8955614232225096e-02 2.1838399047120000e-05 2.0309599999999999e-05 9.3440734433310001e+02
1.9960983560824267e-02 2.3396100553499999e-05 2.1385500000000000e-05 9.3448202938830002e+02
2.1019794814794490e-02 2.5064799654149998e-05 2.2518500000000001e-05 9.3455801364390004e+02
2.2134768910989058e-02 2.6852600343399999e-05 2.3711500000000002e-05 9.3463531710059999e+02
2.3309000859656603e-02 2.8767899159999994e-05 2.4967799999999998e-05 9.3471396971249999e+02
2.4545494036103295e-02 3.0819700065419999e-05 2.6290599999999999e-05 9.3479400162150000e+02
2.5847718880420045e-02 3.3017999946119998e-05 2.7683600000000000e-05 9.3487541254589996e+02
2.7219055484112444e-02 3.5372998881120002e-05 2.9150400000000001e-05 9.3495825272219997e+02
2.7775365070038964e-02 3.6339601209739997e-05 2.9745400000000002e-05 9.3499105302509997e+02
2.8289610775747390e-02 3.6448598719180002e-05 3.0295400000000001e-05 9.3499466085090000e+02
2.8802930737171755e-02 3.7332599735440002e-05 3.0844399999999999e-05 9.3502356336480000e+02
2.9391538203060320e-02 3.8352800962709990e-05 3.1473899999999997e-05 9.3505628375879996e+02
2.9992229144074897e-02 3.9400800335690003e-05 3.2116300000000003e-05 9.3508923392610006e+02
3.0605097595990186e-02 4.0477499896860003e-05 3.2771700000000003e-05 9.3512239395989991e+02
3.1230612131930052e-02 4.1583600119840003e-05 3.3440600000000000e-05 9.3515578386089999e+02
3.1868867160453597e-02 4.2719998743180005e-05 3.4123099999999999e-05 9.3518940362910007e+02
3.2520144922003676e-02 4.3887298648500002e-05 3.4819500000000001e-05 9.3522325326449993e+02
3.3184820445813230e-02 4.5086601561120004e-05 3.5530200000000001e-05 9.3525732271979996e+02
3.3862987887692660e-02 4.6318701748649993e-05 3.6255299999999998e-05 9.3529163208960006e+02
3.4555116462740516e-02 4.7584401826990007e-05 3.6995300000000001e-05 9.3532617123270006e+02
3.4710848908415574e-02 4.7870299693839997e-05 3.7161800000000001e-05 9.3533387666670001e+02
3.5705765632703390e-02 4.8013899962450004e-05 3.8225500000000002e-05 9.3533768431169995e+02
3.6190650245182691e-02 4.8884701265269996e-05 3.8743900000000000e-05 9.3536029073669999e+02
3.6764595537185744e-02 4.9920498059249994e-05 3.9357499999999997e-05 9.3538680481020003e+02
3.7347724170046170e-02 5.0978398185919999e-05 3.9980900000000002e-05 9.3541345870079999e+02
3.7940129948432849e-02 5.2058599241440000e-05 4.0614200000000002e-05 9.3544024264290010e+02
3.8541907483377907e-02 5.3161699756499999e-05 4.1257500000000003e-05 9.3546717635549999e+02
3.9153244015328124e-02 5.4288198430999997e-05 4.1910999999999999e-05 9.3549425007299999e+02
3.9774234210732992e-02 5.5438601263319996e-05 4.2574799999999998e-05 9.3552146370150001e+02
4.0405159191034282e-02 5.6613297948239995e-05 4.3249199999999999e-05 9.3554882728830000e+02
4.1046019389420471e-02 5.7812899551080002e-05 4.3934199999999997e-05 9.3557633069220003e+02
4.1697190276124625e-02 5.9037997871239995e-05 4.4630199999999998e-05 9.3560397410099995e+02
4.2358578444415006e-02 6.0288999023690009e-05 4.5337100000000003e-05 9.3563177732760005e+02
4.2549448380963861e-02 6.0651299975859995e-05 4.5541099999999997e-05 9.3563974248900001e+02
4.3740238175900857e-02 6.0833198906699995e-05 4.6813800000000002e-05 9.3564365013750000e+02
4.5854886274473032e-02 6.4782902450840000e-05 4.9073799999999998e-05 9.3572599057799994e+02
4.8180087401599556e-02 6.9195997901699998e-05 5.1558599999999998e-05 9.3581365787159996e+02
5.0623240020302433e-02 7.3909702371599995e-05 5.4169200000000003e-05 9.3590278418340006e+02
5.3190452397117956e-02 7.8944498346630003e-05 5.6912100000000000e-05 9.3599338970190001e+02
5.5887837732656438e-02 8.4322299027779992e-05 5.9793799999999997e-05 9.3608550419339997e+02
5.8722166587791814e-02 9.0066499795649990e-05 6.2821499999999995e-05 9.3617915789369999e+02
6.1700398546921942e-02 9.6201898222459989e-05 6.6002599999999997e-05 9.3627437052180005e+02
6.4829683480590566e-02 1.0275499726340999e-04 6.9344700000000000e-05 9.3637116226620003e+02
6.8117831355171340e-02 1.0975499711746999e-04 7.2856100000000002e-05 9.3646956308100005e+02
7.1572933822013338e-02 1.1723199746169999e-04 7.6545399999999994e-05 9.3656960282640000e+02
7.2872355791586060e-02 1.2007500056640000e-04 7.7932800000000000e-05 9.3660639068670002e+02
7.6294350046888545e-02 1.2043499631464001e-04 8.1586400000000002e-05 9.3661091798129996e+02
7.8557740452832786e-02 1.2521799885310001e-04 8.4002899999999995e-05 9.3666865324139997e+02
8.1070439170188191e-02 1.3058099681828001e-04 8.6685400000000002e-05 9.3673145543940007e+02
8.3663493660002267e-02 1.3617299667415003e-04 8.9453500000000007e-05 9.3679492723830003e+02
8.6339540033127660e-02 1.4200499619000000e-04 9.2310000000000002e-05 9.3685905859080003e+02
8.9101308842231525e-02 1.4808700429182000e-04 9.5257800000000001e-05 9.3692387963880003e+02
9.1951438062670962e-02 1.5442999846642999e-04 9.8299699999999997e-05 9.3698938014720000e+02
9.3544637803481184e-02 1.5800363917307320e-04 1.0000000000000000e-04 9.3702641442654260e+02
9.5904800481094565e-02 1.6002637630043262e-04 1.0251862300856407e-04 9.3704757280411434e+02
9.8324510856957634e-02 1.6211744376063344e-04 1.0510073320149727e-04 9.3706889857658211e+02
1.0080527133952745e-01 1.6427914982909274e-04 1.0774793043282878e-04 9.3709039314033100e+02
1.0334862224353178e-01 1.6651388075736466e-04 1.1046185485636255e-04 9.3711205790354984e+02
1.0595614274635710e-01 1.6882410340726190e-04 1.1324418794027652e-04 9.3713389428632991e+02
1.0862945186856660e-01 1.7121236797396099e-04 1.1609665350724694e-04 9.3715590372076520e+02
1.1137020947915673e-01 1.7368131080109666e-04 1.1902101880074019e-04 9.3717808765105394e+02
1.1418011732617717e-01 1.7623365729095390e-04 1.2201909557812957e-04 9.3720044753359980e+02
1.1706092009335331e-01 1.7887222491296895e-04 1.2509274123131088e-04 9.3722298483711700e+02
1.2001440648336777e-01 1.8159992631386129e-04 1.2824385993550857e-04 9.3724570104273175e+02
1.2304241032847352e-01 1.8441977253282911e-04 1.3147440382698018e-04 9.3726859764408891e+02
1.2614681172912812e-01 1.8733487632535784e-04 1.3478637421034608e-04 9.3729167614745575e+02
1.2932953822135607e-01 1.9034845559931046e-04 1.3818182279628802e-04 9.3731493807183062e+02
1.3259256597356420e-01 1.9346383696709323e-04 1.4166285297038080e-04 9.3733838494904865e+02
1.3593792101355293e-01 1.9668445941781724e-04 1.4523162109383810e-04 9.3736201832389156e+02
1.3936768048648554e-01 2.0001387811350942e-04 1.4889033783697543e-04 9.3738583975419522e+02
1.4288397394459659e-01 2.0345576831356469e-04 1.5264126954621170e-04 9.3740985081096210e+02
1.4648898466943971e-01 2.0701392943176959e-04 1.5648673964545202e-04 9.3743405307847058e+02
1.5018495102749671e-01 2.1069228923037734e-04 1.6042913007271623e-04 9.3745844815438841e+02
1.5397416785998838e-01 2.1449490815586309e-04 1.6447088275289734e-04 9.3748303764988486e+02
1.5785898790775169e-01 2.1842598382114614e-04 1.6861450110755921e-04 9.3750782318974598e+02
1.6184182327206620e-01 2.2248985563922655e-04 1.7286255160270278e-04 9.3753280641248773e+02
1.6592514691233812e-01 2.2669100961335102e-04 1.7721766533545456e-04 9.3755798897047509e+02
1.7011149418157134e-01 2.3103408328899638e-04 1.8168253966065640e-04 9.3758337253003651e+02
1.7440346440057888e-01 2.3552387087313618e-04 1.8625993985835738e-04 9.3760895877158237e+02
1.7880372247191217e-01 2.4016532852644216e-04 1.9095270084323572e-04 9.3763474938972581e+02
1.8331500053451050e-01 2.4496357983426215e-04 1.9576372891700450e-04 9.3766074609340103e+02
1.8794009966009742e-01 2.4992392146241368e-04 2.0069600356487958e-04 9.3768695060598509e+02
1.9268189159237845e-01 2.5505182900403670e-04 2.0575257929721739e-04 9.3771336466542061e+02
1.9754332053011875e-01 2.6035296302395988e-04 2.1093658753745678e-04 9.3773999002433834e+02
2.0252740495520860e-01 2.6583317530725140e-04 2.1625123855752696e-04 9.3776682845018240e+02
2.0763723950685173e-01 2.7149851531885422e-04 2.2169982346191490e-04 9.3779388172533459e+02
2.1287599690303999e-01 2.7735523688143403e-04 2.2728571622161308e-04 9.3782115164724200e+02
2.1824692991050731e-01 2.8340980507881268e-04 2.3301237575920039e-04 9.3784864002854385e+02
2.2375337336438655e-01 2.8966890339260744e-04 2.3888334808634014e-04 9.3787634869720091e+02
2.2939874623882256e-01 2.9613944107995403e-04 2.4490226849501140e-04 9.3790427949662433e+02
2.3518655376982806e-01 3.0282856080045717e-04 2.5107286380382277e-04 9.3793243428580763e+02
2.4112038963169941e-01 3.0974364650078825e-04 2.5739895466079079e-04 9.3796081493945906e+02
2.4720393816834413e-01 3.1689233156563361e-04 2.6388445790400213e-04 9.3798942334813341e+02
2.5344097668090604e-01 3.2428250724399091e-04 2.7053338898161124e-04 9.3801826141836784e+02
2.5983537777310733e-01 3.3192233136011536e-04 2.7734986443266345e-04 9.3804733107281652e+02
2.6639111175576469e-01 3.3982023731873124e-04 2.8433810443027034e-04 9.3807663425038822e+02
2.7311224911197235e-01 3.4798494341445004e-04 2.9150243538870335e-04 9.3810617290638334e+02
2.8000296302448197e-01 3.5642546245567071e-04 2.9884729263600775e-04 9.3813594901263457e+02
2.8706753196684998e-01 3.6515111171358627e-04 3.0637722315378493e-04 9.3816596455764522e+02
2.9431034235995979e-01 3.7417152320727977e-04 3.1409688838582523e-04 9.3819622154673277e+02
3.0173589129556899e-01 3.8349665433626019e-04 3.2201106711732139e-04 9.3822672200217005e+02
3.0934878932857313e-01 3.9313679887218052e-04 3.3012465842643371e-04 9.3825746796333135e+02
3.1715376333971851e-01 4.0310259832186559e-04 3.3844268471002180e-04 9.3828846148683522e+02
3.2515565947054270e-01 4.1340505367419740e-04 3.4697029478540474e-04 9.3831970464669280e+02
3.3335944613236440e-01 4.2405553754382228e-04 3.5571276707005678e-04 9.3835119953445576e+02
3.4177021709119099e-01 4.3506580672508766e-04 3.6467551284119466e-04 9.3838294825936475e+02
3.5039319463045970e-01 4.4644801517006334e-04 3.7386407957726097e-04 9.3841495294850040e+02
3.5923373279357568e-01 4.5821472740497618e-04 3.8328415438335821e-04 9.3844721574693438e+02
3.6829732070825971e-01 4.7037893239986524e-04 3.9294156750273833e-04 9.3847973881788346e+02
3.7758958599477183e-01 4.8295405790677211e-04 4.0284229591651004e-04 9.3851252434286334e+02
3.8711629826012389e-01 4.9595398528228950e-04 4.1299246703377249e-04 9.3854557452184508e+02
3.9688337268045359e-01 5.0939306481083185e-04 4.2339836247444755e-04 9.3857889157341140e+02
4.0689687367378230e-01 5.2328613154554516e-04 4.3406642194713277e-04 9.3861247773491618e+02
4.1716301866543765e-01 5.3764852168433814e-04 4.4500324722436036e-04 9.3864633526264356e+02
4.2768818194847996e-01 5.5249608949911686e-04 4.5621560621770461e-04 9.3868046643197044e+02
4.3847889864152767e-01 5.6784522483690559e-04 4.6771043715524211e-04 9.3871487353752696e+02
4.4954186874643981e-01 5.8371287121217555e-04 4.7949485286392885e-04 9.3874955889336456e+02
4.6088396130837633e-01 6.0011654451035449e-04 4.9157614515953183e-04 9.3878452483311753e+02
4.7251221868081711e-01 6.1707435232316013e-04 5.0396178934680432e-04 9.3881977371017217e+02
4.8443386089818907e-01 6.3460501393710353e-04 5.1665944883267398e-04 9.3885530789783559e+02
4.9665629015881646e-01 6.5272788099722632e-04 5.2967697985527675e-04 9.3889112978950504e+02
5.0918709542097695e-01 6.7146295886888236e-04 5.4302243633173929e-04 9.3892724179883942e+02
5.2203405711491835e-01 6.9083092872114450e-04 5.5670407482768895e-04 9.3896364635993245e+02
5.3520515197376095e-01 7.1085317035621417e-04 5.7073035965154182e-04 9.3900034592748761e+02
5.4870855798628437e-01 7.3155178581003183e-04 5.8510996807669628e-04 9.3903734297699361e+02
5.6255265947467648e-01 7.5294962375014587e-04 5.9985179569484008e-04 9.3907464000490313e+02
5.7674605230039400e-01 7.7507030469776625e-04 6.1496496190365586e-04 9.3911223952881039e+02
5.9129754920136957e-01 7.9793824710184852e-04 6.3045881553229325e-04 9.3915014408763261e+02
6.0621618526387833e-01 8.2157869429398970e-04 6.4634294060806100e-04 9.3918835624179405e+02
6.2151122353246113e-01 8.4601774235389083e-04 6.6262716226787974e-04 9.3922687857340691e+02
6.3719216076138840e-01 8.7128236891614538e-04 6.7932155281811896e-04 9.3926571368645966e+02
6.5326873331123581e-01 8.9740046295015610e-04 6.9643643794654278e-04 9.3930486420700265e+02
6.6975092319423046e-01 9.2440085554604495e-04 7.1398240309016622e-04 9.3934433278333802e+02
6.8664896427212629e-01 9.5231335174055366e-04 7.3197029996294118e-04 9.3938412208620935e+02
7.0397334861045169e-01 9.8116876341805244e-04 7.5041125324726374e-04 9.3942423480899504e+02
7.2173483299307717e-01 1.0109989433229848e-03 7.6931666745341559e-04 9.3946467366790102e+02
7.3994444560114914e-01 1.0418368202212902e-03 7.8869823395114264e-04 9.3950544140215766e+02
7.5861349286053303e-01 1.0737164352496188e-03 8.0856793817768381e-04 9.3954654077421571e+02
7.7775356646202287e-01 1.1066729794924647e-03 8.2893806702666957e-04 9.3958797456994694e+02
7.9737655055867052e-01 1.1407428328286963e-03 8.4982121642242084e-04 9.3962974559884378e+02
8.1749462914470594e-01 1.1759636040903638e-03 8.7123029908428779e-04 9.3967185669422338e+02
8.3812029362063289e-01 1.2123741725781217e-03 8.9317855248579757e-04 9.3971431071343068e+02
8.5926635054919109e-01 1.2500147309790828e-03 9.1567954701347550e-04 9.3975711053804559e+02
8.8094592960700613e-01 1.2889268297344907e-03 9.3874719433035159e-04 9.3980025907409117e+02
9.0317249173686154e-01 1.3291534229061791e-03 9.6239575594927204e-04 9.3984375925224265e+02
9.2595983750565425e-01 1.3707389155924498e-03 9.8663985202126613e-04 9.3988761402804039e+02
9.4932211567322733e-01 1.4137292129457210e-03 1.0114944703443615e-03 9.3993182638210237e+02
9.7327383197739292e-01 1.4581717708460336e-03 1.0369749755983529e-03 9.3997639932034167e+02
9.9782985814060832e-01 1.5041156482863782e-03 1.0630971188111964e-03 9.4002133587418189e+02
1.0230054411038902e+00 1.5516115615276493e-03 1.0898770470628117e-03 9.4006663910077805e+02
1.0488162124937064e+00 1.6007119400830170e-03 1.1173313134322457e-03 9.4011231208323773e+02
1.0752781983277178e+00 1.6514709845935149e-03 1.1454768871942832e-03 9.4015835793084352e+02
1.1024078289654022e+00 1.7039447266587282e-03 1.1743311642717445e-03 9.4020477977927999e+02
1.1302219493097336e+00 1.7581910906886318e-03 1.2039119779498780e-03 9.4025158079085872e+02
1.1587378292662547e+00 1.8142699578448519e-03 1.2342376098593911e-03 9.4029876415475144e+02
1.1879731744660322e+00 1.8722432321419324e-03 1.2653268012348560e-03 9.4034633308721652e+02
1.2179461372591627e+00 1.9321749087815845e-03 1.2971987644553702e-03 9.4039429083183791e+02
1.2486753279856404e+00 1.9941311447953356e-03 1.3298731948745367e-03 9.4044264065975608e+02
1.2801798265305977e+00 2.0581803320735680e-03 1.3633702829469988e-03 9.4049138586990784e+02
1.3124791941710872e+00 2.1243931728615667e-03 1.3977107266589491e-03 9.4054052978926666e+02
1.3455934857217611e+00 2.1928427578058996e-03 1.4329157442702174e-03 9.4059007577308273e+02
1.3795432619869918e+00 2.2636046466372986e-03 1.4690070873757232e-03 9.4064002720513008e+02
1.4143496025271605e+00 2.3367569515790935e-03 1.5060070542942891e-03 9.4069038749794902e+02
1.4500341187470487e+00 2.4123804235732845e-03 1.5439385037929927e-03 9.4074116009309807e+02
1.4866189673144501e+00 2.4905585414194235e-03 1.5828248691554519e-03 9.4079234846140241e+02
1.5241268639173391e+00 2.5713776039247016e-03 1.6226901726026381e-03 9.4084395610320814e+02
1.5625810973681393e+00 2.6549268251669822e-03 1.6635590400750366e-03 9.4089598654863767e+02
1.6020055440638448e+00 2.7412984329759143e-03 1.7054567163851831e-03 9.4094844335784558e+02
1.6424246828109774e+00 2.8305877707408586e-03 1.7484090807498339e-03 9.4100133012128003e+02
1.6838636100245818e+00 2.9228934026579918e-03 1.7924426627112615e-03 9.4105465045994526e+02
1.7263480553106965e+00 3.0183172225327830e-03 1.8375846584574023e-03 9.4110840802566395e+02
1.7699043974419724e+00 3.1169645662579297e-03 1.8838629475508100e-03 9.4116260650134677e+02
1.8145596807363704e+00 3.2189443280909408e-03 1.9313061100766598e-03 9.4121724960125971e+02
1.8603416318490897e+00 3.3243690808596928e-03 1.9799434442202375e-03 9.4127234107129675e+02
1.9072786769881662e+00 3.4333552002286699e-03 2.0298049842846721e-03 9.4132788468925401e+02
1.9553999595644267e+00 3.5460229931630603e-03 2.0809215191598990e-03 9.4138388426510539e+02
2.0047353582867564e+00 3.6624968307325087e-03 2.1333246112541222e-03 9.4144034364128368e+02
2.0553155057139163e+00 3.7829052854011307e-03 2.1870466158993409e-03 9.4149726669296001e+02
2.1071718072744265e+00 3.9073812729553360e-03 2.2421207012427607e-03 9.4155465732832965e+02
2.1603364607663353e+00 4.0360621992261451e-03 2.2985808686362534e-03 9.4161251948889776e+02
2.2148424763489656e+00 4.1690901117679320e-03 2.3564619735362683e-03 9.4167085714976872e+02
2.2707236970390632e+00 4.3066118566610573e-03 2.4157997469269653e-03 9.4172967431993993e+02
2.3280148197240709e+00 4.4487792406114682e-03 2.4766308172796295e-03 9.4178897504259328e+02
2.3867514167055717e+00 4.5957491985262021e-03 2.5389927330617440e-03 9.4184876339539494e+02
2.4469699577862847e+00 4.7476839667497869e-03 2.6029239858094601e-03 9.4190904349079437e+02
2.5087078329143169e+00 4.9047512621527446e-03 2.6684640337775092e-03 9.4196981947632628e+02
2.5720033753987463e+00 5.0671244672699355e-03 2.7356533261809865e-03 9.4203109553491765e+02
2.6368958857109281e+00 5.2349828216930400e-03 2.8045333280437589e-03 9.4209287588519476e+02
2.7034256558863334e+00 5.4085116199285429e-03 2.8751465456686581e-03 9.4215516478179461e+02
2.7716339945420412e+00 5.5879024159395489e-03 2.9475365527449533e-03 9.4221796651567774e+02
2.8415632525254328e+00 5.7733532345972558e-03 3.0217480171090081e-03 9.4228128541444619e+02
2.9132568492100157e+00 5.9650687902755069e-03 3.0978267281744241e-03 9.4234512584266247e+02
2.9867592994546959e+00 6.1632607128297035e-03 3.1758196250483693e-03 9.4240949220217192e+02
3.0621162412432441e+00 6.3681477812095461e-03 3.2557748253512014e-03 9.4247438893242736e+02
3.1393744640211088e+00 6.5799561649634575e-03 3.3377416547569201e-03 9.4253982051081925e+02
3.2185819377471905e+00 6.7989196739013328e-03 3.4217706772724605e-03 9.4260579145300483e+02
3.2997878426785872e+00 7.0252800161911466e-03 3.5079137262741928e-03 9.4267230631324378e+02
3.3830425999068257e+00 7.2592870651743578e-03 3.5962239363205566e-03 9.4273936968473549e+02
3.4683979026645324e+00 7.5011991351946507e-03 3.6867557757601587e-03 9.4280698619995894e+02
3.5559067484219820e+00 7.7512832667444749e-03 3.7795650801551637e-03 9.4287516053101706e+02
3.6456234717934497e+00 8.0098155212441503e-03 3.8747090865403071e-03 9.4294389738998188e+02
3.7376037782738063e+00 8.2770812857789478e-03 3.9722464685383423e-03 9.4301320152924643e+02
3.8319047788262979e+00 8.5533755881305375e-03 4.0722373723532856e-03 9.4308307774187642e+02
3.9285850253429784e+00 8.8390034224505205e-03 4.1747434536633047e-03 9.4315353086196706e+02
4.0277045469998383e+00 9.1342800859356369e-03 4.2798279154357011e-03 9.4322456576500213e+02
4.1293248875291688e+00 9.4395315268761826e-03 4.3875555466869175e-03 9.4329618736821760e+02
4.2335091434323289e+00 9.7550947044619252e-03 4.4979927622111424e-03 9.4336840063096702e+02
4.3403220031566319e+00 1.0081317960742662e-02 4.6112076433016220e-03 9.4344121055509186e+02
4.4498297872606729e+00 1.0418561405154011e-02 4.7272699794894055e-03 9.4351462218529355e+02
4.5621004895930541e+00 1.0767197312032946e-02 4.8462513113248663e-03 9.4358864060951021e+02
4.6772038195100416e+00 1.1127610531561792e-02 4.9682249742279347e-03 9.4366327095929728e+02
4.7952112451584146e+00 1.1500198914594466e-02 5.0932661434337076e-03 9.4373851841020962e+02
4.9161960378503329e+00 1.1885373751833727e-02 5.2214518800606348e-03 9.4381438818218851e+02
5.0402333175578109e+00 1.2283560227844390e-02 5.3528611783292728e-03 9.4389088553995339e+02
5.1674000995550209e+00 1.2695197890403589e-02 5.4875750139602051e-03 9.4396801579339456e+02
5.2977753422374132e+00 1.3120741135706236e-02 5.6256763937805303e-03 9.4404578429797061e+02
5.4314399961473123e+00 1.3560659709961252e-02 5.7672504065688999e-03 9.4412419645511079e+02
5.5684770542364532e+00 1.4015439227932275e-02 5.9123842751700071e-03 9.4420325771261946e+02
5.7089716033966669e+00 1.4485581708995301e-02 6.0611674099100635e-03 9.4428297356508551e+02
5.8530108772906742e+00 1.4971606131304866e-02 6.2136914633456036e-03 9.4436334955429436e+02
6.0006843105158598e+00 1.5474049004680704e-02 6.3700503863788572e-03 9.4444439126964403e+02
6.1520835941345791e+00 1.5993464962847048e-02 6.5303404857735645e-03 9.4452610434856581e+02
6.3073027326055344e+00 1.6530427375678506e-02 6.6946604831061435e-03 9.4460849447694818e+02
6.4664381021515416e+00 1.7085528982128270e-02 6.8631115751878339e-03 9.4469156738956622e+02
6.6295885105999357e+00 1.7659382544537354e-02 7.0357974959944442e-03 9.4477532887051166e+02
6.7968552587327764e+00 1.8252621525047148e-02 7.2128245801411127e-03 9.4485978475363004e+02
6.9683422031849167e+00 1.8865900784861857e-02 7.3943018279404998e-03 9.4494494092296100e+02
7.1441558209290559e+00 1.9499897307133016e-02 7.5803409720838089e-03 9.4503080331318199e+02
7.3244052753877220e+00 2.0155310944263601e-02 7.7710565459848443e-03 9.4511737791005771e+02
7.5092024842133167e+00 2.0832865190457118e-02 7.9665659538285544e-03 9.4520467075089073e+02
7.6986621887782558e+00 2.1533307980364159e-02 8.1669895423662799e-03 9.4529268792497965e+02
7.8929020254183788e+00 2.2257412514708162e-02 8.3724506745011529e-03 9.4538143557408159e+02
8.0920425984738458e+00 2.3005978113801742e-02 8.5830758047081169e-03 9.4547091989287333e+02
8.2962075551728898e+00 2.3779831099895777e-02 8.7989945563340353e-03 9.4556114712942599e+02
8.5055236624049044e+00 2.4579825709335201e-02 9.0203398008246727e-03 9.4565212358567533e+02
8.7201208854305339e+00 2.5406845035528442e-02 9.2472477389262658e-03 9.4574385561790291e+02
8.9401324685776782e+00 2.6261802003771522e-02 9.4798579839108325e-03 9.4583634963721704e+02
9.1656950179734409e+00 2.7145640379002672e-02 9.7183136468752609e-03 9.4592961211004194e+02
9.3969485863634681e+00 2.8059335807600123e-02 9.9627614241658002e-03 9.4602364955861026e+02
9.6340367600712913e+00 2.9003896894372997e-02 1.0213351686980603e-02 9.4611846856145723e+02
9.8771067481516646e+00 2.9980366315933999e-02 1.0470238573204284e-02 9.4621407575392618e+02
1.0126309473793343e+01 3.0989821971683495e-02 1.0733580081530074e-02 9.4631047782867074e+02
1.0381799668027861e+01 3.2033378173674500e-02 1.1003538167925949e-02 9.4640768153616841e+02
1.0643735965802771e+01 3.3112186876673368e-02 1.1280278844503265e-02 9.4650569368523497e+02
1.0912281004478665e+01 3.4227438949772579e-02 1.1563972280847020e-02 9.4660452114354632e+02
1.1187601524811491e+01 3.5380365490960748e-02 1.1854792907869185e-02 9.4670417083816460e+02
1.1469868474482533e+01 3.6572239186099642e-02 1.2152919524247309e-02 9.4680464975606628e+02
1.1759257114240565e+01 3.7804375713809374e-02 1.2458535405512620e-02 9.4690596494467900e+02
1.2055947126722048e+01 3.9078135197812246e-02 1.2771828415853281e-02 9.4700812351242314e+02
1.2360122728016748e+01 4.0394923708337888e-02 1.3092991122699868e-02 9.4711113262925744e+02
1.2671972782048394e+01 4.1756194814248311e-02 1.3422220914162349e-02 9.4721499952722820e+02
1.2991690917840989e+01 4.3163451187594654e-02 1.3759720119388686e-02 9.4731973150102795e+02
1.3319475649743991e+01 4.4618246262378501e-02 1.4105696131917936e-02 9.4742533590855601e+02
1.3655530500690618e+01 4.6122185949347173e-02 1.4460361536101500e-02 9.4753182017148367e+02
1.4000064128566210e+01 4.7676930408717628e-02 1.4823934236668872e-02 9.4763919177582886e+02
1.4353290455764695e+01 4.9284195882784078e-02 1.5196637591515327e-02 9.4774745827253298e+02
1.4715428802013962e+01 5.0945756590433711e-02 1.5578700547791624e-02 9.4785662727804470e+02
1.5086704020552446e+01 5.2663446685661412e-02 1.5970357781377263e-02 9.4796670647490714e+02
1.5467346637741365e+01 5.4439162282244484e-02 1.6371849839820811e-02 9.4807770361235453e+02
1.5857592996199637e+01 5.6274863546814408e-02 1.6783423288833556e-02 9.4818962650690924e+02
1.6257685401549885e+01 5.8172576862633441e-02 1.7205330862423592e-02 9.4830248304299232e+02
1.6667872272867172e+01 6.0134397066467636e-02 1.7637831616761288e-02 9.4841628117352934e+02
1.7088408296923319e+01 6.2162489761022365e-02 1.8081191087867345e-02 9.4853102892057484e+02
1.7519554586323089e+01 6.4259093705495651e-02 1.8535681453218905e-02 9.4864673437592876e+02
1.7961578841630129e+01 6.6426523286886807e-02 1.9001581697369797e-02 9.4876340570177138e+02
1.8414755517583295e+01 6.8667171074788078e-02 1.9479177781684398e-02 9.4888105113129632e+02
1.8879365993506891e+01 7.0983510462481039e-02 1.9968762818286849e-02 9.4899967896935289e+02
1.9355698748020146e+01 7.3378098397251013e-02 2.0470637248329392e-02 9.4911929759309282e+02
1.9844049538154966e+01 7.5853578202935867e-02 2.0985109024686859e-02 9.4923991545262641e+02
2.0344721582992605e+01 7.8412682497822420e-02 2.1512493799186214e-02 9.4936154107168204e+02
2.0858025751933717e+01 8.1058236211113410e-02 2.2053115114483445e-02 9.4948418304827271e+02
2.1384280757718575e+01 8.3793159701294431e-02 2.2607304600702392e-02 9.4960785005536979e+02
2.1923813354317005e+01 8.6620471979841476e-02 2.3175402176952711e-02 9.4973255084158188e+02
2.2476958539811495e+01 8.9543294043830685e-02 2.3757756257847925e-02 9.4985829423184316e+02
2.3044059764398746e+01 9.2564852321125657e-02 2.4354723965146260e-02 9.4998508912810530e+02
2.3625469143639538e+01 9.5688482231948757e-02 2.4966671344641256e-02 9.5011294451003778e+02
2.4221547677088605e+01 9.8917631870764605e-02 2.5593973588430918e-02 9.5024186943573295e+02
2.4832665472440965e+01 1.0225586581254344e-01 2.6237015262698636e-02 9.5037187304242173e+02
2.5459201975333205e+01 1.0570686904760263e-01 2.6896190541141094e-02 9.5050296454719398e+02
2.6101546204942959e+01 1.0927445104937286e-01 2.7571903444182980e-02 9.5063515324772379e+02
2.6760096995532646e+01 1.1296254997957789e-01 2.8264568084120596e-02 9.5076844852300644e+02
2.7435263244087174e+01 1.1677523703546867e-01 2.8974608916340325e-02 9.5090285983410047e+02
2.8127464164200031e+01 1.2071672094391424e-01 2.9702460996762308e-02 9.5103839672487459e+02
2.8837129546364569e+01 1.2479135260730534e-01 3.0448570245661478e-02 9.5117506882276575e+02
2.9564700024832977e+01 1.2900362990640471e-01 3.1213393718024098e-02 9.5131288583954347e+02
3.0310627351207717e+01 1.3335820266544024e-01 3.1997399880599631e-02 9.5145185757207969e+02
3.1075374674936267e+01 1.3785987778492728e-01 3.2801068895813613e-02 9.5159199390312938e+02
3.1859416830882360e+01 1.4251362454788097e-01 3.3624892912709495e-02 9.5173330480211553e+02
3.2663240634153055e+01 1.4732458010527996e-01 3.4469376365092896e-02 9.5187580032592518e+02
3.3487345182364422e+01 1.5229805514683556e-01 3.5335036277055330e-02 9.5201949061971197e+02
3.4332242165533131e+01 1.5743953976332356e-01 3.6222402576058355e-02 9.5216438591770384e+02
3.5198456183787222e+01 1.6275470950695550e-01 3.7132018413764810e-02 9.5231049654402318e+02
3.6086525073092282e+01 1.6824943165647255e-01 3.8064440494806437e-02 9.5245783291351415e+02
3.6997000239196389e+01 1.7392977169388510e-01 3.9020239413684286e-02 9.5260640553257429e+02
3.7930447000000001e+01 1.7980199999999999e-01 4.0000000000000001e-02 9.5275804000000005e+02
4.3115164999999998e+01 2.0616000000000001e-01 4.5440000000000001e-02 9.5337605599999995e+02
4.8302855999999998e+01 2.2934099999999999e-01 5.0880000000000002e-02 9.5385788300000002e+02
5.3492857000000001e+01 2.4938199999999999e-01 5.6320000000000002e-02 9.5423189700000000e+02
5.8684657000000001e+01 2.6677499999999998e-01 6.1760000000000002e-02 9.5452627700000005e+02
6.3877896000000000e+01 2.8240300000000002e-01 6.7199999999999996e-02 9.5476814800000000e+02
6.9072360000000003e+01 2.9748000000000002e-01 7.2639999999999996e-02 9.5498307100000000e+02
7.4267966999999999e+01 3.1350200000000000e-01 7.8079999999999997e-02 9.5519478400000003e+02
7.9464759999999998e+01 3.3219500000000002e-01 8.3519999999999997e-02 9.5542508199999997e+02
8.4662892999999997e+01 3.5547000000000001e-01 8.8959999999999997e-02 9.5569380600000000e+02
8.9862626000000006e+01 3.8538800000000001e-01 9.4399999999999998e-02 9.5601886999999999e+02
9.5064295000000001e+01 4.2300800000000000e-01 9.9839999999999998e-02 9.5640503100000001e+02
1.0026821700000001e+02 4.6951300000000001e-01 1.0528000000000000e-01 9.5685709099999997e+02
1.0547483900000000e+02 5.2870799999999996e-01 1.1072000000000000e-01 9.5740373000000000e+02
1.1068471900000000e+02 6.0332399999999997e-01 1.1616000000000000e-01 9.5805996900000002e+02
1.1589848400000000e+02 6.9584500000000005e-01 1.2160000000000000e-01 9.5883667700000001e+02
1.2111681200000000e+02 8.0861700000000003e-01 1.2703999999999999e-01 9.5974220000000003e+02
1.2634042300000000e+02 9.4388000000000005e-01 1.3247999999999999e-01 9.6078300000000002e+02
1.3157006600000000e+02 1.1037720000000000e+00 1.3791999999999999e-01 9.6196401500000002e+02
1.3680651599999999e+02 1.2903350000000000e+00 1.4335999999999999e-01 9.6328890699999999e+02
1.4205056099999999e+02 1.5055110000000000e+00 1.4879999999999999e-01 9.6476026899999999e+02
1.4730300399999999e+02 1.7511500000000000e+00 1.5423999999999999e-01 9.6637979199999995e+02
1.5256465399999999e+02 2.0290119999999998e+00 1.5967999999999999e-01 9.6814842099999998e+02
1.5783632200000000e+02 2.3407730000000000e+00 1.6511999999999999e-01 9.7006648600000005e+02
1.6311882299999999e+02 2.6880310000000001e+00 1.7055999999999999e-01 9.7213382799999999e+02
1.6841296500000001e+02 3.0723170000000000e+00 1.7599999999999999e-01 9.7434990400000004e+02
1.7371955800000001e+02 3.4950999999999999e+00 1.8143999999999999e-01 9.7671388600000000e+02
1.7903940100000000e+02 3.9577990000000001e+00 1.8687999999999999e-01 9.7922473500000001e+02
1.8437329199999999e+02 4.4617870000000002e+00 1.9231999999999999e-01 9.8188127499999996e+02
1.8972201999999999e+02 5.0084039999999996e+00 1.9775999999999999e-01 9.8468224199999997e+02
1.9508636600000000e+02 5.5989589999999998e+00 2.0319999999999999e-01 9.8762633400000004e+02
2.0046710700000000e+02 6.2347390000000003e+00 2.0863999999999999e-01 9.9071223799999996e+02
2.0586501000000001e+02 6.9170140000000000e+00 2.1407999999999999e-01 9.9393865800000003e+02
2.1128083599999999e+02 7.6470359999999999e+00 2.1951999999999999e-01 9.9730432599999995e+02
2.1671534100000000e+02 8.4260479999999998e+00 2.2495999999999999e-01 1.0008080160000000e+03
2.2216927000000001e+02 9.2552819999999993e+00 2.3039999999999999e-01 1.0044485430000000e+03
2.2764336700000001e+02 1.0135960000000001e+01 2.3583999999999999e-01 1.0082247630000001e+03
2.3313836699999999e+02 1.1069293999999999e+01 2.4127999999999999e-01 1.0121355700000000e+03
2.3865499800000001e+02 1.2056483000000000e+01 2.4671999999999999e-01 1.0161798840000000e+03
2.4419398500000000e+02 1.3098718000000000e+01 2.5216000000000000e-01 1.0203566450000000e+03
2.4975604600000000e+02 1.4197168000000000e+01 2.5760000000000000e-01 1.0246648009999999e+03
2.5534189300000000e+02 1.5352990000000000e+01 2.6304000000000000e-01 1.0291032960000000e+03
2.6095223199999998e+02 1.6567316000000002e+01 2.6848000000000000e-01 1.0336710570000000e+03
2.6658776399999999e+02 1.7841252999999998e+01 2.7392000000000000e-01 1.0383669850000001e+03
2.7224918400000001e+02 1.9175881000000000e+01 2.7936000000000000e-01 1.0431899420000000e+03
2.7793717900000001e+02 2.0572247000000001e+01 2.8480000000000000e-01 1.0481387400000001e+03
2.8365243199999998e+02 2.2031361000000000e+01 2.9024000000000000e-01 1.0532121320000001e+03
2.8939561600000002e+02 2.3554192000000000e+01 2.9568000000000000e-01 1.0584088039999999e+03
2.9516739999999999e+02 2.5141667999999999e+01 3.0112000000000000e-01 1.0637273670000000e+03
3.0096844199999998e+02 2.6794667000000000e+01 3.0656000000000000e-01 1.0691663520000000e+03
3.0679939500000000e+02 2.8514019000000001e+01 3.1200000000000000e-01 1.0747242030000000e+03
3.1266090000000003e+02 3.0300498999999999e+01 3.1744000000000000e-01 1.0803992770000000e+03
3.1855359099999998e+02 3.2154828000000002e+01 3.2288000000000000e-01 1.0861898420000000e+03
3.2447809200000000e+02 3.4077666000000001e+01 3.2832000000000000e-01 1.0920940730000000e+03
3.3043501600000002e+02 3.6069619000000003e+01 3.3376000000000000e-01 1.0981100580000000e+03
3.3642496599999998e+02 3.8131227000000003e+01 3.3920000000000000e-01 1.1042357950000001e+03
3.4244853400000000e+02 4.0262971999999998e+01 3.4464000000000000e-01 1.1104692020000000e+03
3.4850630000000001e+02 4.2465274000000001e+01 3.5008000000000000e-01 1.1168081130000000e+03
3.5459883200000002e+02 4.4738489999999999e+01 3.5552000000000000e-01 1.1232502899999999e+03
3.6072668700000003e+02 4.7082917000000002e+01 3.6096000000000000e-01 1.1297934279999999e+03
3.6688975799999997e+02 4.9320815000000003e+01 3.6640000000000000e-01 1.1359476400000001e+03
3.7308364599999999e+02 5.1294714999999997e+01 3.7184000000000000e-01 1.1412946760000000e+03
3.7930590000000001e+02 5.3209161999999999e+01 3.7728000000000000e-01 1.1464051190000000e+03
3.8555558000000002e+02 5.5102713999999999e+01 3.8272000000000000e-01 1.1513873440000000e+03
3.9183212500000002e+02 5.6991765000000001e+01 3.8816000000000001e-01 1.1562875340000001e+03
3.9813516499999997e+02 5.8885426000000002e+01 3.9360000000000001e-01 1.1611313009999999e+03
4.0446444100000002e+02 6.0789476999999998e+01 3.9904000000000001e-01 1.1659347809999999e+03
4.1081976300000002e+02 6.2707892999999999e+01 4.0448000000000001e-01 1.1707089679999999e+03
4.1720023500000002e+02 6.4471400000000003e+01 4.0992000000000001e-01 1.1750398880000000e+03
4.2360309000000001e+02 6.6131427000000002e+01 4.1536000000000001e-01 1.1790621180000001e+03
4.3002767399999999e+02 6.7793237000000005e+01 4.2080000000000001e-01 1.1830362279999999e+03
4.3647382199999998e+02 6.9469194000000002e+01 4.2624000000000001e-01 1.1869926750000000e+03
4.4294147600000002e+02 7.1164482000000007e+01 4.3168000000000001e-01 1.1909440070000001e+03
4.4943062800000001e+02 7.2881984000000003e+01 4.3712000000000001e-01 1.1948969870000001e+03
4.5594129900000001e+02 7.4623546000000005e+01 4.4256000000000001e-01 1.1988557790000000e+03
4.6247352899999998e+02 7.6390467999999998e+01 4.4800000000000001e-01 1.2028231570000000e+03
4.6902737000000002e+02 7.8183718999999996e+01 4.5344000000000001e-01 1.2068010640000000e+03
4.7560288300000002e+02 8.0004056000000006e+01 4.5888000000000001e-01 1.2107909119999999e+03
4.8220013599999999e+02 8.1852091999999999e+01 4.6432000000000001e-01 1.2147937449999999e+03
4.8881920300000002e+02 8.3728335000000001e+01 4.6976000000000001e-01 1.2188103500000000e+03
4.9546015899999998e+02 8.5633216000000004e+01 4.7520000000000001e-01 1.2228413210000001e+03
5.0212308500000000e+02 8.7567103000000003e+01 4.8064000000000001e-01 1.2268871050000000e+03
5.0880806200000001e+02 8.9530321999999998e+01 4.8608000000000001e-01 1.2309480370000001e+03
5.1551517200000001e+02 9.1523155000000003e+01 4.9152000000000001e-01 1.2350243620000001e+03
5.2224450200000001e+02 9.3545854000000006e+01 4.9696000000000001e-01 1.2391162509999999e+03
5.2899613399999998e+02 9.5598646000000002e+01 5.0239999999999996e-01 1.2432238159999999e+03
5.3577015500000005e+02 9.7681730999999999e+01 5.0783999999999996e-01 1.2473471179999999e+03
5.4256665099999998e+02 9.9795292000000003e+01 5.1327999999999996e-01 1.2514861790000000e+03
5.4938570700000002e+02 1.0193949200000000e+02 5.1871999999999996e-01 1.2556409839999999e+03
5.5622740899999997e+02 1.0411447900000000e+02 5.2415999999999996e-01 1.2598114889999999e+03
5.6309184200000004e+02 1.0632038799999999e+02 5.2959999999999996e-01 1.2639976240000001e+03
5.6997909200000004e+02 1.0855734000000000e+02 5.3503999999999996e-01 1.2681992969999999e+03
5.7688924099999997e+02 1.1082544400000000e+02 5.4047999999999996e-01 1.2724163970000000e+03
5.8382237399999997e+02 1.1312479800000000e+02 5.4591999999999996e-01 1.2766487959999999e+03
5.9077857500000005e+02 1.1545549099999999e+02 5.5135999999999996e-01 1.2808963530000001e+03
5.9775792300000001e+02 1.1781760300000001e+02 5.5679999999999996e-01 1.2851589150000000e+03
6.0476050199999997e+02 1.2021120500000001e+02 5.6223999999999996e-01 1.2894363149999999e+03
6.1178639199999998e+02 1.2263636000000000e+02 5.6767999999999996e-01 1.2937283800000000e+03
6.1883567000000005e+02 1.2509312199999999e+02 5.7311999999999996e-01 1.2980349269999999e+03
6.2590841699999999e+02 1.2758154200000000e+02 5.7855999999999996e-01 1.3023557679999999e+03
6.3300470900000005e+02 1.3010166100000001e+02 5.8399999999999996e-01 1.3066907070000000e+03
6.4012462200000004e+02 1.3265351400000000e+02 5.8943999999999996e-01 1.3110395440000000e+03
6.4726823200000001e+02 1.3523713200000000e+02 5.9487999999999996e-01 1.3154020750000000e+03
6.5443561099999999e+02 1.3785254000000000e+02 6.0031999999999996e-01 1.3197780900000000e+03
6.6162683400000003e+02 1.4049975599999999e+02 6.0575999999999997e-01 1.3241673800000001e+03
6.6884197200000006e+02 1.4317879700000000e+02 6.1119999999999997e-01 1.3285697319999999e+03
6.7608109500000000e+02 1.4588967000000000e+02 6.1663999999999997e-01 1.3329849290000000e+03
6.8334427200000005e+02 1.4863238300000000e+02 6.2207999999999997e-01 1.3374127550000001e+03
6.9063157300000000e+02 1.5140693700000000e+02 6.2751999999999997e-01 1.3418529930000000e+03
6.9794306200000005e+02 1.5421333000000001e+02 6.3295999999999997e-01 1.3463054259999999e+03
7.0527880800000003e+02 1.5705155500000001e+02 6.3839999999999997e-01 1.3507698339999999e+03
7.1263887299999999e+02 1.5992160200000001e+02 6.4383999999999997e-01 1.3552460000000001e+03
7.2002332100000001e+02 1.6282346100000001e+02 6.4927999999999997e-01 1.3597337070000001e+03
7.2743221500000004e+02 1.6575711300000000e+02 6.5471999999999997e-01 1.3642327370000000e+03
7.3486561500000005e+02 1.6872254100000001e+02 6.6015999999999997e-01 1.3687428740000000e+03
7.4232358199999999e+02 1.7171972400000001e+02 6.6559999999999997e-01 1.3732639050000000e+03
7.4980617299999994e+02 1.7474863600000000e+02 6.7103999999999997e-01 1.3777956139999999e+03
7.5731344799999999e+02 1.7780925199999999e+02 6.7647999999999997e-01 1.3823377920000000e+03
7.6484546100000000e+02 1.8090154300000000e+02 6.8191999999999997e-01 1.3868902260000000e+03
7.7240226800000005e+02 1.8402547700000000e+02 6.8735999999999997e-01 1.3914527100000000e+03
7.7998392300000000e+02 1.8718102099999999e+02 6.9279999999999997e-01 1.3960250349999999e+03
7.8759047999999996e+02 1.9036814100000001e+02 6.9823999999999997e-01 1.4006069990000001e+03
7.9522199000000001e+02 1.9358679900000001e+02 7.0367999999999997e-01 1.4051983980000000e+03
8.0287850400000002e+02 1.9683695700000001e+02 7.0911999999999997e-01 1.4097990330000000e+03
8.1056007099999999e+02 2.0011857400000000e+02 7.1455999999999997e-01 1.4144087059999999e+03
8.1826674000000003e+02 2.0343160900000001e+02 7.1999999999999997e-01 1.4190272219999999e+03
8.2599856000000000e+02 2.0677601799999999e+02 7.2543999999999997e-01 1.4236543870000000e+03
8.3375557500000002e+02 2.1015175800000000e+02 7.3087999999999997e-01 1.4282900119999999e+03
8.4153783199999998e+02 2.1355878200000001e+02 7.3631999999999997e-01 1.4329339090000001e+03
8.4934537599999999e+02 2.1699704399999999e+02 7.4175999999999997e-01 1.4375858929999999e+03
8.5717825000000005e+02 2.2046649500000001e+02 7.4719999999999998e-01 1.4422457800000000e+03
8.6503649499999995e+02 2.2396708699999999e+02 7.5263999999999998e-01 1.4469133910000000e+03
8.7292015500000002e+02 2.2749876900000001e+02 7.5807999999999998e-01 1.4515885490000001e+03
8.8082926899999995e+02 2.3106149199999999e+02 7.6351999999999998e-01 1.4562710800000000e+03
8.8876387699999998e+02 2.3465520300000000e+02 7.6895999999999998e-01 1.4609608100000000e+03
8.9672401700000000e+02 2.3827985000000001e+02 7.7439999999999998e-01 1.4656575710000000e+03
9.0470972800000004e+02 2.4193538000000001e+02 7.7983999999999998e-01 1.4703611960000001e+03
9.1272104700000000e+02 2.4562173999999999e+02 7.8527999999999998e-01 1.4750715210000001e+03
9.2075800900000002e+02 2.4933887600000000e+02 7.9071999999999998e-01 1.4797883850000001e+03
9.2882064900000000e+02 2.5308673200000001e+02 7.9615999999999998e-01 1.4845116300000000e+03
9.3690900199999999e+02 2.5686525399999999e+02 8.0159999999999998e-01 1.4892410990000001e+03
9.4502310199999999e+02 2.6067438499999997e+02 8.0703999999999998e-01 1.4939766390000000e+03
9.5316297999999995e+02 2.6451407100000000e+02 8.1247999999999998e-01 1.4987181000000000e+03
9.6132866899999999e+02 2.6838425500000000e+02 8.1791999999999998e-01 1.5034653330000001e+03
9.6952019900000005e+02 2.7228487899999999e+02 8.2335999999999998e-01 1.5082181929999999e+03
9.7773760200000004e+02 2.7621588800000001e+02 8.2879999999999998e-01 1.5129765370000000e+03
9.8598090500000001e+02 2.8017722500000002e+02 8.3423999999999998e-01 1.5177402239999999e+03
9.9425013899999999e+02 2.8416883200000001e+02 8.3967999999999998e-01 1.5225091170000001e+03
1.0025453300000000e+03 2.8819065100000000e+02 8.4511999999999998e-01 1.5272830810000000e+03
1.0108665070000000e+03 2.9224262599999997e+02 8.5055999999999998e-01 1.5320619830000001e+03
1.0192136950000000e+03 2.9632469900000001e+02 8.5599999999999998e-01 1.5368456920000001e+03
1.0275869200000000e+03 3.0043681299999997e+02 8.6143999999999998e-01 1.5416340809999999e+03
1.0359862080000000e+03 3.0457891000000001e+02 8.6687999999999998e-01 1.5464270250000000e+03
1.0444115830000001e+03 3.0875093299999997e+02 8.7231999999999998e-01 1.5512243989999999e+03
1.0528630680000001e+03 3.1295282500000002e+02 8.7775999999999998e-01 1.5560260850000000e+03
1.0613406880000000e+03 3.1718452800000000e+02 8.8319999999999999e-01 1.5608319640000000e+03
1.0698444629999999e+03 3.2144598700000000e+02 8.8863999999999999e-01 1.5656419209999999e+03
1.0783744170000000e+03 3.2573714400000000e+02 8.9407999999999999e-01 1.5704558410000000e+03
1.0869305700000000e+03 3.3005794400000002e+02 8.9951999999999999e-01 1.5752736159999999e+03
1.0955129440000001e+03 3.3440832999999998e+02 9.0495999999999999e-01 1.5800951350000000e+03
1.1041215569999999e+03 3.3878824800000001e+02 9.1039999999999999e-01 1.5849202949999999e+03
1.1127564299999999e+03 3.4319764300000003e+02 9.1583999999999999e-01 1.5897489909999999e+03
1.1214175820000000e+03 3.4763646100000000e+02 9.2127999999999999e-01 1.5945811240000000e+03
1.1301050299999999e+03 3.5210464999999999e+02 9.2671999999999999e-01 1.5994165940000000e+03
1.1388187940000000e+03 3.5660215699999998e+02 9.3215999999999999e-01 1.6042553089999999e+03
1.1475588900000000e+03 3.6112893200000002e+02 9.3759999999999999e-01 1.6090971740000000e+03
1.1563253350000000e+03 3.6568492500000002e+02 9.4303999999999999e-01 1.6139421030000001e+03
1.1651181449999999e+03 3.7027008899999998e+02 9.4847999999999999e-01 1.6187900079999999e+03
1.1739373380000000e+03 3.7488438000000002e+02 9.5391999999999999e-01 1.6236408100000001e+03
1.1827829270000000e+03 3.7952775500000001e+02 9.5935999999999999e-01 1.6284944320000000e+03
1.1916549279999999e+03 3.8420017700000000e+02 9.6479999999999999e-01 1.6333508019999999e+03
1.2005533570000000e+03 3.8890161300000000e+02 9.7023999999999999e-01 1.6382098550000001e+03
1.2094782270000001e+03 3.9363203800000002e+02 9.7567999999999999e-01 1.6430715359999999e+03
1.2184295520000001e+03 3.9839143899999999e+02 9.8111999999999999e-01 1.6479358030000001e+03
1.2274073470000001e+03 4.0317982100000000e+02 9.8655999999999999e-01 1.6528026310000000e+03
1.2364116260000001e+03 4.0799722200000002e+02 9.9199999999999999e-01 1.6576720310000001e+03
1.2454424019999999e+03 4.1284375799999998e+02 9.9743999999999999e-01 1.6625440920000001e+03
1.2544996910000000e+03 4.1771988299999998e+02 1.0028800000000000e+00 1.6674192370000001e+03
1.2635835110000000e+03 4.2262578300000001e+02 1.0083200000000001e+00 1.6722976209999999e+03
1.2726938749999999e+03 4.2755968000000001e+02 1.0137600000000000e+00 1.6771774490000000e+03
1.2818307900000000e+03 4.3252151099999998e+02 1.0192000000000001e+00 1.6820586420000000e+03
1.2909942630000000e+03 4.3751121300000000e+02 1.0246400000000000e+00 1.6869411250000001e+03
1.3001843010000000e+03 4.4252872300000001e+02 1.0300800000000001e+00 1.6918248240000000e+03
1.3094009100000001e+03 4.4757397800000001e+02 1.0355200000000000e+00 1.6967096650000001e+03
1.3186440970000001e+03 4.5264691800000003e+02 1.0409600000000001e+00 1.7015955759999999e+03
1.3279138670000000e+03 4.5774748000000000e+02 1.0464000000000000e+00 1.7064824870000000e+03
1.3372102250000000e+03 4.6287560200000001e+02 1.0518400000000001e+00 1.7113703290000001e+03
1.3465331759999999e+03 4.6803122400000001e+02 1.0572800000000000e+00 1.7162590339999999e+03
1.3558827249999999e+03 4.7321428400000002e+02 1.0627200000000001e+00 1.7211485370000000e+03
1.3652588750000000e+03 4.7842472299999997e+02 1.0681600000000000e+00 1.7260387720000001e+03
1.3746616309999999e+03 4.8366248000000002e+02 1.0736000000000001e+00 1.7309296760000000e+03
1.3840909959999999e+03 4.8892749500000002e+02 1.0790400000000000e+00 1.7358211859999999e+03
1.3935469740000001e+03 4.9421970800000003e+02 1.0844800000000001e+00 1.7407132409999999e+03
1.4030295659999999e+03 4.9953906100000000e+02 1.0899200000000000e+00 1.7456057810000000e+03
1.4125387750000000e+03 5.0488549399999999e+02 1.0953599999999999e+00 1.7504987470000001e+03
1.4220746050000000e+03 5.1025894799999998e+02 1.1008000000000000e+00 1.7553920820000001e+03
1.4316370549999999e+03 5.1565936599999998e+02 1.1062399999999999e+00 1.7602857289999999e+03
1.4412261289999999e+03 5.2108668799999998e+02 1.1116800000000000e+00 1.7651796320000001e+03
1.4508418260000001e+03 5.2654085799999996e+02 1.1171199999999999e+00 1.7700737369999999e+03
1.4604841489999999e+03 5.3202181800000005e+02 1.1225600000000000e+00 1.7749679910000000e+03
1.4701530980000000e+03 5.3752950999999996e+02 1.1279999999999999e+00 1.7798623419999999e+03
1.4798486730000000e+03 5.4306387700000005e+02 1.1334400000000000e+00 1.7847567369999999e+03
1.4895708740000000e+03 5.4862486300000000e+02 1.1388799999999999e+00 1.7896511280000000e+03
1.4993197009999999e+03 5.5421241199999997e+02 1.1443200000000000e+00 1.7945454640000000e+03
1.5090951540000001e+03 5.5982646699999998e+02 1.1497599999999999e+00 1.7994396970000000e+03
1.5188972320000000e+03 5.6546697300000005e+02 1.1552000000000000e+00 1.8043337790000000e+03
1.5287259329999999e+03 5.7113387299999999e+02 1.1606399999999999e+00 1.8092276649999999e+03
1.5385812579999999e+03 5.7682711400000005e+02 1.1660800000000000e+00 1.8141213080000000e+03
1.5484632039999999e+03 5.8254663800000003e+02 1.1715199999999999e+00 1.8190146629999999e+03
1.5583717690000001e+03 5.8829239299999995e+02 1.1769600000000000e+00 1.8239076869999999e+03
1.5683069530000000e+03 5.9406432299999994e+02 1.1823999999999999e+00 1.8288003360000000e+03
1.5782687510000001e+03 5.9986237400000005e+02 1.1878400000000000e+00 1.8336925679999999e+03
1.5882571630000000e+03 6.0568649200000004e+02 1.1932799999999999e+00 1.8385843410000000e+03
1.5982721859999999e+03 6.1153662399999996e+02 1.1987200000000000e+00 1.8434756159999999e+03
1.6083138160000001e+03 6.1741271500000005e+02 1.2041599999999999e+00 1.8483663509999999e+03
1.6183820510000000e+03 6.2331471299999998e+02 1.2096000000000000e+00 1.8532565070000001e+03
1.6284768879999999e+03 6.2924256500000001e+02 1.2150399999999999e+00 1.8581460460000001e+03
1.6385983220000001e+03 6.3519621700000005e+02 1.2204800000000000e+00 1.8630349300000000e+03
1.6487463510000000e+03 6.4117561799999999e+02 1.2259199999999999e+00 1.8679231219999999e+03
1.6589209699999999e+03 6.4718071499999996e+02 1.2313600000000000e+00 1.8728105860000001e+03
1.6691221750000000e+03 6.5321145600000000e+02 1.2367999999999999e+00 1.8776972850000000e+03
1.6793498440000001e+03 6.5919304199999999e+02 1.2422400000000000e+00 1.8825229190000000e+03
1.6896035950000000e+03 6.6513621499999999e+02 1.2476799999999999e+00 1.8872965890000000e+03
1.6998832460000001e+03 6.7107455700000003e+02 1.2531200000000000e+00 1.8920456250000000e+03
1.7101886830000001e+03 6.7701700000000005e+02 1.2585599999999999e+00 1.8967773529999999e+03
1.7205198230000001e+03 6.8296816400000000e+02 1.2640000000000000e+00 1.9014955880000000e+03
1.7308766000000001e+03 6.8893091700000002e+02 1.2694399999999999e+00 1.9062027089999999e+03
1.7412589590000000e+03 6.9490722200000005e+02 1.2748800000000000e+00 1.9109003540000001e+03
1.7516668510000000e+03 7.0089850500000000e+02 1.2803199999999999e+00 1.9155897199999999e+03
1.7621002320000000e+03 7.0690585299999998e+02 1.2857600000000000e+00 1.9202717250000001e+03
1.7725590669999999e+03 7.1293011700000000e+02 1.2911999999999999e+00 1.9249470910000000e+03
1.7830433190000001e+03 7.1897198100000003e+02 1.2966400000000000e+00 1.9296164040000001e+03
1.7935529580000000e+03 7.2503200700000002e+02 1.3020799999999999e+00 1.9342801449999999e+03
1.8040879530000000e+03 7.3111066000000005e+02 1.3075200000000000e+00 1.9389387190000000e+03
1.8146482790000000e+03 7.3720833600000003e+02 1.3129599999999999e+00 1.9435924689999999e+03
1.8252339090000000e+03 7.4332537000000002e+02 1.3184000000000000e+00 1.9482416900000001e+03
1.8358448200000000e+03 7.4946204899999998e+02 1.3238399999999999e+00 1.9528866390000001e+03
1.8464809880000000e+03 7.5561862499999995e+02 1.3292800000000000e+00 1.9575275380000000e+03
1.8571423930000001e+03 7.6179531599999996e+02 1.3347199999999999e+00 1.9621645840000001e+03
1.8678290139999999e+03 7.6799231299999997e+02 1.3401600000000000e+00 1.9667979530000000e+03
1.8785408319999999e+03 7.7420978400000001e+02 1.3455999999999999e+00 1.9714277990000001e+03
1.8892778269999999e+03 7.8044788000000005e+02 1.3510400000000000e+00 1.9760542620000001e+03
1.9000399809999999e+03 7.8670673299999999e+02 1.3564799999999999e+00 1.9806774670000000e+03
1.9108272770000001e+03 7.9298646099999996e+02 1.3619200000000000e+00 1.9852975269999999e+03
1.9216396990000001e+03 7.9928716999999995e+02 1.3673599999999999e+00 1.9899145450000001e+03
1.9324772290000001e+03 8.0560895600000003e+02 1.3728000000000000e+00 1.9945286130000000e+03
1.9433398529999999e+03 8.1195190100000002e+02 1.3782399999999999e+00 1.9991398180000001e+03
1.9542275549999999e+03 8.1831608400000005e+02 1.3836800000000000e+00 2.0037482370000000e+03
1.9651403190000001e+03 8.2470157200000006e+02 1.3891199999999999e+00 2.0083539400000000e+03
1.9760781310000000e+03 8.3110842700000001e+02 1.3945600000000000e+00 2.0129569939999999e+03
1.9870409770000001e+03 8.3753670399999999e+02 1.3999999999999999e+00 2.0175574590000001e+03
