# epsilon[MeV/fm^3] P[MeV/fm^3] nB[fm^-3] muB[MeV]
4.3514892049562272e-07 9.0000000794219998e-12 4.6796200000000002e-10 9.2990010724260003e+02
5.4394952759824855e-07 1.2854500250148002e-11 5.8496400000000005e-10 9.2990743275720001e+02
6.8239664606092796e-07 1.8414700022552000e-11 7.3384599999999997e-10 9.2991587774760001e+02
8.5763463874259032e-07 2.6380199998860002e-11 9.2229000000000003e-10 9.2992551188760001e+02
1.0799253715994732e-06 3.7791099667920001e-11 1.1613300000000000e-09 9.2993648532329996e+02
1.3625442882637764e-06 5.4137899979800000e-11 1.4652400000000000e-09 9.2994894782519998e+02
1.7226605254650248e-06 7.7555599791040007e-11 1.8524800000000000e-09 9.2996308925910000e+02
2.1826057027272589e-06 1.1110299984364001e-10 2.3470600000000000e-09 9.2997909967860005e+02
2.7713348204539073e-06 1.5916099965360000e-10 2.9801100000000000e-09 9.2999716876169998e+02
3.5266032513682487e-06 2.2800800111288001e-10 3.7922200000000000e-09 9.3001754656409992e+02
4.4975537964996660e-06 3.2663399940042002e-10 4.8362200000000001e-09 9.3004045271789994e+02
4.5807460305493105e-06 3.3555999792714001e-10 4.9256699999999996e-09 9.3004228160820003e+02
4.7281205653478515e-06 3.3656599963290001e-10 5.0841300000000003e-09 9.3004248152130003e+02
6.5759177435918250e-06 5.4515600232911993e-10 7.0708799999999999e-09 9.3007696075620004e+02
9.1998724984833464e-06 8.8567000200420000e-10 9.8920399999999997e-09 9.3011730648750006e+02
1.2918168885426129e-05 1.4388700552640002e-09 1.3889600000000001e-08 9.3016406831190000e+02
1.8201380444258739e-05 2.3376200076990001e-09 1.9569300000000001e-08 9.3021808578930006e+02
2.5725895950178280e-05 3.7977398937599994e-09 2.7657999999999999e-08 9.3028025838780002e+02
3.6463989818522291e-05 6.1698799253159997e-09 3.9200400000000002e-08 9.3035162548649998e+02
5.1813630126296458e-05 1.0023700173792000e-08 5.5698400000000002e-08 9.3043332628019994e+02
7.3785560512054020e-05 1.6284700005120000e-08 7.9311899999999997e-08 9.3052664006250006e+02
1.0527189036420272e-04 2.6456400399219999e-08 1.1314700000000000e-07 9.3063298613190000e+02
1.5043483705694415e-04 4.2981499428689995e-08 1.6167299999999999e-07 9.3075400323120004e+02
1.5143539825673478e-04 4.3369399516159995e-08 1.6274800000000000e-07 9.3075639185940008e+02
1.5666718390755263e-04 4.3499599327679997e-08 1.6836899999999999e-07 9.3075719132400002e+02
1.8247319946392853e-04 5.3487099479700000e-08 1.9609400000000001e-07 9.3081203831400001e+02
2.1304949570856091e-04 6.5965099669560007e-08 2.2894200000000001e-07 9.3087079295249998e+02
2.4880173202308656e-04 8.1354199584480006e-08 2.6734800000000002e-07 9.3093285559410003e+02
2.9061049213158235e-04 1.0033299847065000e-07 3.1225699999999999e-07 9.3099838615049998e+02
3.3950651358852186e-04 1.2374000051775000e-07 3.6477499999999998e-07 9.3106758453479995e+02
3.9669496520679297e-04 1.5260700009555001e-07 4.2619500000000001e-07 9.3114063056550003e+02
4.6358813252914599e-04 1.8820900209407997e-07 4.9803199999999997e-07 9.3121772415570001e+02
5.4183717856390442e-04 2.3211699768180001e-07 5.8205699999999998e-07 9.3129908512530005e+02
6.3337419989345891e-04 2.8626699988691999e-07 6.8034199999999997e-07 9.3138494352930002e+02
7.4046361643000222e-04 3.5305100162730003e-07 7.9531500000000002e-07 9.3147551899979999e+02
7.4543957324912111e-04 3.5623800038969997e-07 8.0065699999999999e-07 9.3147951660449996e+02
7.7046470619140960e-04 3.5730600246279002e-07 8.2752300000000002e-07 9.3148080575760002e+02
7.7218701201869997e-04 3.5837800248323999e-07 8.2937200000000002e-07 9.3148210505190002e+02
7.7564281539113634e-04 3.6053199741144001e-07 8.3308200000000005e-07 9.3148469349929996e+02
7.7911352986319152e-04 3.6269800105895999e-07 8.3680799999999998e-07 9.3148728185280004e+02
7.8260009510663572e-04 3.6487800290032998e-07 8.4055099999999997e-07 9.3148988034750005e+02
7.8610250285012515e-04 3.6706999922346001e-07 8.4431100000000000e-07 9.3149248879559991e+02
7.8962075319254110e-04 3.6927600351839998e-07 8.4808799999999996e-07 9.3149508719639994e+02
7.9315485471188711e-04 3.7149499796798001e-07 8.5188199999999998e-07 9.3149769564450003e+02
7.9670479058673201e-04 3.7372699824480005e-07 8.5569300000000004e-07 9.3150031404599997e+02
8.0027057791247260e-04 3.7597299948234002e-07 8.5952100000000004e-07 9.3150293244750003e+02
8.0385221698387247e-04 3.7823200230633998e-07 8.6336599999999998e-07 9.3150555094289996e+02
8.0745063029167934e-04 3.8050499711466001e-07 8.6722899999999999e-07 9.3150817929779998e+02
8.1106395596088781e-04 3.8279099715107999e-07 8.7110800000000002e-07 9.3151080774659999e+02
8.1469498722525535e-04 3.8509200436278001e-07 8.7500600000000005e-07 9.3151343619540000e+02
8.1834093096975699e-04 3.8740599815679997e-07 8.7891999999999998e-07 9.3151607459759998e+02
8.3652972322216491e-04 3.8856800310954005e-07 8.9844600000000005e-07 9.3151737379799999e+02
8.9649746606902973e-04 4.2637900225708002e-07 9.6282100000000007e-07 9.3155798930399999e+02
9.6293679962426715e-04 4.6927300060880000e-07 1.0341400000000000e-06 9.3160093353000002e+02
1.0343084479593990e-03 5.1648199988999994e-07 1.1107499999999999e-06 9.3164493704189999e+02
1.1110033276598183e-03 5.6844100521450010e-07 1.1930700000000001e-06 9.3169002988770001e+02
1.1934040547386528e-03 6.2562700512179996e-07 1.2815100000000000e-06 9.3173623206809998e+02
1.2819398888523502e-03 6.8856500094819997e-07 1.3765300000000001e-06 9.3178357353719991e+02
1.3770588621277026e-03 7.5783499966439992e-07 1.4786100000000000e-06 9.3183208434300002e+02
1.4792742600387720e-03 8.3407400117300003e-07 1.5882999999999999e-06 9.3188178448619999e+02
1.5890902438860661e-03 9.1798299673799988e-07 1.7061399999999999e-06 9.3193271378040004e+02
1.7070948934908867e-03 1.0103300084124001e-06 1.8327600000000000e-06 9.3198488236679998e+02
1.7418302566492478e-03 1.0379399925766002e-06 1.8700300000000001e-06 9.3199978345169995e+02
1.8026805910135908e-03 1.0410599913928000e-06 1.9353200000000000e-06 9.3200143242960007e+02
2.0389359400714486e-03 1.2275099896319999e-06 2.1888000000000001e-06 9.3209187794249999e+02
2.3114099463439177e-03 1.4516999917321999e-06 2.4811100000000001e-06 9.3218792017709995e+02
2.6204004641994278e-03 1.7168400063888003e-06 2.8125600000000001e-06 9.3228811983419996e+02
2.9707928967162671e-03 2.0304000155634000e-06 3.1883800000000001e-06 9.3239264696670000e+02
3.3681648965264784e-03 2.4012300084080001e-06 3.6145400000000001e-06 9.3250170129989999e+02
3.8188055776886142e-03 2.8397900147328003e-06 4.0977700000000004e-06 9.3261546284010001e+02
4.3298558716110781e-03 3.3584500068246004e-06 4.6457100000000001e-06 9.3273413140649996e+02
4.9094492242661523e-03 3.9718300068571995e-06 5.2670599999999997e-06 9.3285792691289998e+02
5.5667590537662745e-03 4.6972400276543001e-06 5.9716300000000001e-06 9.3298704917850000e+02
6.3122329168583428e-03 5.5551399798486997e-06 6.7705900000000002e-06 9.3312173811779996e+02
6.3691536418958340e-03 5.6221100036384002e-06 6.8315900000000001e-06 9.3313158221820004e+02
6.6107787783348925e-03 5.6389700285964000e-06 7.0905299999999997e-06 9.3313397075249998e+02
7.1832281514335565e-03 6.2999099885847007e-06 7.7039700000000007e-06 9.3322329697740008e+02
7.8228640480689938e-03 7.0594400109160007e-06 8.3893400000000006e-06 9.3331767013950002e+02
8.5195476220300548e-03 7.9105299722335996e-06 9.1357600000000004e-06 9.3341477175390003e+02
9.2783521214718639e-03 8.8642300383220009e-06 9.9486500000000000e-06 9.3351470163630006e+02
1.0104791977484120e-02 9.9329099737559988e-06 1.0833900000000000e-05 9.3361751969490001e+02
1.1005037422914624e-02 1.1130399980334000e-05 1.1798100000000000e-05 9.3372332602710003e+02
1.1985504705131824e-02 1.2472300012974001e-05 1.2848100000000000e-05 9.3383220044789994e+02
1.3053499763127112e-02 1.3976000053347000e-05 1.3991700000000000e-05 9.3394422305399996e+02
1.4216706487829026e-02 1.5661000693130000e-05 1.5237100000000000e-05 9.3405949366109996e+02
1.5483652631007537e-02 1.7549100191680000e-05 1.6593399999999999e-05 9.3417811227269999e+02
1.5623499832828706e-02 1.7760599953030001e-05 1.6743099999999999e-05 9.3419079468840005e+02
1.6269961736847121e-02 1.7813900213129999e-05 1.7435099999999998e-05 9.3419395273319992e+02
1.7094324515795702e-02 1.9027400207749999e-05 1.8317499999999999e-05 9.3426180186839997e+02
1.8000874089488257e-02 2.0384500450440000e-05 1.9287799999999999e-05 9.3433394852489994e+02
1.8955614232225096e-02 2.1838399047120000e-05 2.0309599999999999e-05 9.3440734433310001e+02
1.9960983560824267e-02 2.3396100553499999e-05 2.1385500000000000e-05 9.3448202938830002e+02
2.1019794814794490e-02 2.5064799654149998e-05 2.2518500000000001e-05 9.3455801364390004e+02
2.2134768910989058e-02 2.6852600343399999e-05 2.3711500000000002e-05 9.3463531710059999e+02
2.3309000859656603e-02 2.8767899159999994e-05 2.4967799999999998e-05 9.3471396971249999e+02
2.4545494036103295e-02 3.0819700065419999e-05 2.6290599999999999e-05 9.3479400162150000e+02
2.5847718880420045e-02 3.3017999946119998e-05 2.7683600000000000e-05 9.3487541254589996e+02
2.7219055484112444e-02 3.5372998881120002e-05 2.9150400000000001e-05 9.3495825272219997e+02
2.7775365070038964e-02 3.6339601209739997e-05 2.9745400000000002e-05 9.3499105302509997e+02
2.8289610775747390e-02 3.6448598719180002e-05 3.0295400000000001e-05 9.3499466085090000e+02
2.8802930737171755e-02 3.7332599735440002e-05 3.0844399999999999e-05 9.3502356336480000e+02
2.9391538203060320e-02 3.8352800962709990e-05 3.1473899999999997e-05 9.3505628375879996e+02
2.9992229144074897e-02 3.9400800335690003e-05 3.2116300000000003e-05 9.3508923392610006e+02
3.0605097595990186e-02 4.0477499896860003e-05 3.2771700000000003e-05 9.3512239395989991e+02
3.1230612131930052e-02 4.1583600119840003e-05 3.3440600000000000e-05 9.3515578386089999e+02
3.1868867160453597e-02 4.2719998743180005e-05 3.4123099999999999e-05 9.3518940362910007e+02
3.2520144922003676e-02 4.3887298648500002e-05 3.4819500000000001e-05 9.3522325326449993e+02
3.3184820445813230e-02 4.5086601561120004e-05 3.5530200000000001e-05 9.3525732271979996e+02
3.3862987887692660e-02 4.6318701748649993e-05 3.6255299999999998e-05 9.3529163208960006e+02
3.4555116462740516e-02 4.7584401826990007e-05 3.6995300000000001e-05 9.3532617123270006e+02
3.4710848908415574e-02 4.7870299693839997e-05 3.7161800000000001e-05 9.3533387666670001e+02
3.5705765632703390e-02 4.8013899962450004e-05 3.8225500000000002e-05 9.3533768431169995e+02
3.6190650245182691e-02 4.8884701265269996e-05 3.8743900000000000e-05 9.3536029073669999e+02
3.6764595537185744e-02 4.9920498059249994e-05 3.9357499999999997e-05 9.3538680481020003e+02
3.7347724170046170e-02 5.0978398185919999e-05 3.9980900000000002e-05 9.3541345870079999e+02
3.7940129948432849e-02 5.2058599241440000e-05 4.0614200000000002e-05 9.3544024264290010e+02
3.8541907483377907e-02 5.3161699756499999e-05 4.1257500000000003e-05 9.3546717635549999e+02
3.9153244015328124e-02 5.4288198430999997e-05 4.1910999999999999e-05 9.3549425007299999e+02
3.9774234210732992e-02 5.5438601263319996e-05 4.2574799999999998e-05 9.3552146370150001e+02
4.0405159191034282e-02 5.6613297948239995e-05 4.3249199999999999e-05 9.3554882728830000e+02
4.1046019389420471e-02 5.7812899551080002e-05 4.3934199999999997e-05 9.3557633069220003e+02
4.1697190276124625e-02 5.9037997871239995e-05 4.4630199999999998e-05 9.3560397410099995e+02
4.2358578444415006e-02 6.0288999023690009e-05 4.5337100000000003e-05 9.3563177732760005e+02
4.2549448380963861e-02 6.0651299975859995e-05 4.5541099999999997e-05 9.3563974248900001e+02
4.3740238175900857e-02 6.0833198906699995e-05 4.6813800000000002e-05 9.3564365013750000e+02
4.5854886274473032e-02 6.4782902450840000e-05 4.9073799999999998e-05 9.3572599057799994e+02
4.8180087401599556e-02 6.9195997901699998e-05 5.1558599999999998e-05 9.3581365787159996e+02
5.0623240020302433e-02 7.3909702371599995e-05 5.4169200000000003e-05 9.3590278418340006e+02
5.3190452397117956e-02 7.8944498346630003e-05 5.6912100000000000e-05 9.3599338970190001e+02
5.5887837732656438e-02 8.4322299027779992e-05 5.9793799999999997e-05 9.3608550419339997e+02
5.8722166587791814e-02 9.0066499795649990e-05 6.2821499999999995e-05 9.3617915789369999e+02
6.1700398546921942e-02 9.6201898222459989e-05 6.6002599999999997e-05 9.3627437052180005e+02
6.4829683480590566e-02 1.0275499726340999e-04 6.9344700000000000e-05 9.3637116226620003e+02
6.8117831355171340e-02 1.0975499711746999e-04 7.2856100000000002e-05 9.3646956308100005e+02
7.1572933822013338e-02 1.1723199746169999e-04 7.6545399999999994e-05 9.3656960282640000e+02
7.2872355791586060e-02 1.2007500056640000e-04 7.7932800000000000e-05 9.3660639068670002e+02
7.6294350046888545e-02 1.2043499631464001e-04 8.1586400000000002e-05 9.3661091798129996e+02
7.8557740452832786e-02 1.2521799885310001e-04 8.4002899999999995e-05 9.3666865324139997e+02
8.1070439170188191e-02 1.3058099681828001e-04 8.6685400000000002e-05 9.3673145543940007e+02
8.3663493660002267e-02 1.3617299667415003e-04 8.9453500000000007e-05 9.3679492723830003e+02
8.6339540033127660e-02 1.4200499619000000e-04 9.2310000000000002e-05 9.3685905859080003e+02
8.9101308842231525e-02 1.4808700429182000e-04 9.5257800000000001e-05 9.3692387963880003e+02
9.1951438062670962e-02 1.5442999846642999e-04 9.8299699999999997e-05 9.3698938014720000e+02
9.3544637803481184e-02 1.5800363917307320e-04 1.0000000000000000e-04 9.3702641442654260e+02
9.5904252147330879e-02 1.5960996699596823e-04 1.0251761280610481e-04 9.3704739590470024e+02
9.8323386523353831e-02 1.6127054571835145e-04 1.0509867311119122e-04 9.3706851051181582e+02
1.0080354229309209e-01 1.6298720756902037e-04 1.0774477950783938e-04 9.3708975935409387e+02
1.0334625868914388e-01 1.6476184665708036e-04 1.1045757085332548e-04 9.3711114354715698e+02
1.0595311377044098e-01 1.6659642106184352e-04 1.1323872728336503e-04 9.3713266421612275e+02
1.0862572540162274e-01 1.6849295499330965e-04 1.1608997125136473e-04 9.3715432249568323e+02
1.1136575225711404e-01 1.7045354102561449e-04 1.1901306859382430e-04 9.3717611953018218e+02
1.1417489485053070e-01 1.7248034240590777e-04 1.2200982962254578e-04 9.3719805647369537e+02
1.1705489659005119e-01 1.7457559544121053e-04 1.2508211024432424e-04 9.3722013449011058e+02
1.2000754486040929e-01 1.7674161196588357e-04 1.2823181310881086e-04 9.3724235475320802e+02
1.2303467213217972e-01 1.7898078189243076e-04 1.3146088878525662e-04 9.3726471844674313e+02
1.2613815709904469e-01 1.8129557584845111e-04 1.3477133696886294e-04 9.3728722676452708e+02
1.2931992584374757e-01 1.8368854790264930e-04 1.3816520771748310e-04 9.3730988091051199e+02
1.3258195303345707e-01 1.8616233838291226e-04 1.4164460271943777e-04 9.3733268209887353e+02
1.3592626314528375e-01 1.8871967678956163e-04 1.4521167659322704e-04 9.3735563155409488e+02
1.3935493172270982e-01 1.9136338480699600e-04 1.4886863821994008e-04 9.3737873051105407e+02
1.4287008666371126e-01 1.9409637941704603e-04 1.5261775210918479e-04 9.3740198021510810e+02
1.4647390954137271e-01 1.9692167611747792e-04 1.5646133979938025e-04 9.3742538192218115e+02
1.5016863695781366e-01 1.9984239224919579e-04 1.6040178129327512e-04 9.3744893689885146e+02
1.5395656193226714e-01 2.0286175043581498e-04 1.6444151652957804e-04 9.3747264642244022e+02
1.5784003532417157e-01 2.0598308213940034e-04 1.6858304689160674e-04 9.3749651178110025e+02
1.6182146729215974e-01 2.0920983133629383e-04 1.7282893675388768e-04 9.3752053427390683e+02
1.6590332878984967e-01 2.1254555831708627e-04 1.7718181506765854e-04 9.3754471521094786e+02
1.7008815309936634e-01 2.1599394361492702e-04 1.8164437698625247e-04 9.3756905591341547e+02
1.7437853740354528e-01 2.1955879206650471e-04 1.8621938553136540e-04 9.3759355771369883e+02
1.7877714439779480e-01 2.2324403701018126e-04 1.9090967330123485e-04 9.3761822195547791e+02
1.8328670394261590e-01 2.2705374462590977e-04 1.9571814422178276e-04 9.3764304999381534e+02
1.8791001475780653e-01 2.3099211842172594e-04 2.0064777534180173e-04 9.3766804319525443e+02
1.9264994615940126e-01 2.3506350387176279e-04 2.0570161867329283e-04 9.3769320293791225e+02
1.9750943984042407e-01 2.3927239321090590e-04 2.1088280307808739e-04 9.3771853061157844e+02
2.0249151169656029e-01 2.4362343039138041e-04 2.1619453620191846e-04 9.3774402761781107e+02
2.0759925369787918e-01 2.4812141620673685e-04 2.2164010645713106e-04 9.3776969537003492e+02
2.1283583580777082e-01 2.5277131358889215e-04 2.2722288505525618e-04 9.3779553529364227e+02
2.1820450795028631e-01 2.5757825308406722e-04 2.3294632809069926e-04 9.3782154882609120e+02
2.2370860202710358e-01 2.6254753851366597e-04 2.3881397867682853e-04 9.3784773741700792e+02
2.2935153398536987e-01 2.6768465282634021e-04 2.4482946913577939e-04 9.3787410252828772e+02
2.3513680593770470e-01 2.7299526414769731e-04 2.5099652324332391e-04 9.3790064563419764e+02
2.4106800833567857e-01 2.7848523203432689e-04 2.5731895853018939e-04 9.3792736822148083e+02
2.4714882219811646e-01 2.8416061393904553e-04 2.6380068864124317e-04 9.3795427178946079e+02
2.5338302139560942e-01 2.9002767189449414e-04 2.7044572575399853e-04 9.3798135785014676e+02
2.5977447499265138e-01 2.9609287942246223e-04 2.7725818305793058e-04 9.3800862792833948e+02
2.6632714964885557e-01 3.0236292867656173e-04 2.8424227729613010e-04 9.3803608356174061e+02
2.7304511208074012e-01 3.0884473782613359e-04 2.9140233137086154e-04 9.3806372630105852e+02
2.7993253158561077e-01 3.1554545868953083e-04 2.9874277701462902e-04 9.3809155771011967e+02
2.8699368262910735e-01 3.2247248462520387e-04 3.0626815752839707e-04 9.3811957936597673e+02
2.9423294749801981e-01 3.2963345868929273e-04 3.1398313058865127e-04 9.3814779285902159e+02
3.0165481902002012e-01 3.3703628206872773e-04 3.2189247112502907e-04 9.3817619979309654e+02
3.0926390335199805e-01 3.4468912279914354e-04 3.3000107427029202e-04 9.3820480178560854e+02
3.1706492283873072e-01 3.5260042477722479e-04 3.3831395838445624e-04 9.3823360046764083e+02
3.2506271894366173e-01 3.6077891707742872e-04 3.4683626815494361e-04 9.3826259748407097e+02
3.3326225525360609e-01 3.6923362358336307e-04 3.5557327777466214e-04 9.3829179449368553e+02
3.4166862055924874e-01 3.7797387294444718e-04 3.6453039419997302e-04 9.3832119316929789e+02
3.5028703201334638e-01 3.8700930886884175e-04 3.7371316049055023e-04 9.3835079519786530e+02
3.5912283836859282e-01 3.9634990076400402e-04 3.8312725923318682e-04 9.3838060228060885e+02
3.6818152329715853e-01 4.0600595473660919e-04 3.9277851605165826e-04 9.3841061613313514e+02
3.7746870879396383e-01 4.1598812496397531e-04 4.0267290320480280e-04 9.3844083848555476e+02
3.8699015866579722e-01 4.2630742544953705e-04 4.1281654327503123e-04 9.3847127108260736e+02
3.9675178210844508e-01 4.3697524217534026e-04 4.2321571294953882e-04 9.3850191568378352e+02
4.0675963737405357e-01 4.4800334566496723e-04 4.3387684689654647e-04 9.3853277406345001e+02
4.1701993553099598e-01 4.5940390397074932e-04 4.4480654173895373e-04 9.3856384801097488e+02
4.2753904431858258e-01 4.7118949609960378e-04 4.5601156012785223e-04 9.3859513933085532e+02
4.3832349209900223e-01 4.8337312589230173e-04 4.6749883491840395e-04 9.3862664984284459e+02
4.4937997190895007e-01 4.9596823637148495e-04 4.7927547345065393e-04 9.3865838138208142e+02
4.6071534561345612e-01 5.0898872457426261e-04 4.9134876193791300e-04 9.3869033579921961e+02
4.7233664816449039e-01 5.2244895688575131e-04 5.0372616996540570e-04 9.3872251496056003e+02
4.8425109196699045e-01 5.3636378489047931e-04 5.1641535510195500e-04 9.3875492074818374e+02
4.9646607135501963e-01 5.5074856175914473e-04 5.2942416762754110e-04 9.3878755506008281e+02
5.0898916718083309e-01 5.6561915918880651e-04 5.4276065537963521e-04 9.3882041981029863e+02
5.2182815151970119e-01 5.8099198491520050e-04 5.5643306872129716e-04 9.3885351692905510e+02
5.3499099249341031e-01 5.9688400081650517e-04 5.7044986563408796e-04 9.3888684836289679e+02
5.4848585921543247e-01 6.1331274162852766e-04 5.8481971693892726e-04 9.3892041607482849e+02
5.6232112686083557e-01 6.3029633429196447e-04 5.9955151164811096e-04 9.3895422204445265e+02
5.7650538186407807e-01 6.4785351795307983e-04 6.1465436245177385e-04 9.3898826826811126e+02
5.9104742724791703e-01 6.6600366463987349e-04 6.3013761134217601e-04 9.3902255675902813e+02
6.0595628808673396e-01 6.8476680063655029e-04 6.4601083537926493e-04 9.3905708954745182e+02
6.2124121710766989e-01 7.0416362857987169e-04 6.6228385260106088e-04 9.3909186868079996e+02
6.3691170043304679e-01 7.2421555030177589e-04 6.7896672808249786e-04 9.3912689622380526e+02
6.5297746346763919e-01 7.4494469044346736e-04 6.9606978014644257e-04 9.3916217425866319e+02
6.6944847693444731e-01 7.6637392086702780e-04 7.1360358673070974e-04 9.3919770488517895e+02
6.8633496306272046e-01 7.8852688589148864e-04 7.3157899191498416e-04 9.3923349022091884e+02
7.0364740193207131e-01 8.1142802838120873e-04 7.5000711261166459e-04 9.3926953240136015e+02
7.2139653797661418e-01 8.3510261671533700e-04 7.6889934542473393e-04 9.3930583358004355e+02
7.3959338665316920e-01 8.5957677266812514e-04 7.8826737368087394e-04 9.3934239592872700e+02
7.5824924127766846e-01 8.8487750023084899e-04 8.0812317463714426e-04 9.3937922163754115e+02
7.7737568003400426e-01 9.1103271540713478e-04 8.2847902686964748e-04 9.3941631291514477e+02
7.9698457315967608e-01 9.3807127701457757e-04 8.4934751784772593e-04 9.3945367198888448e+02
8.1708809031268703e-01 9.6602301852662283e-04 8.7074155169833704e-04 9.3949130110494991e+02
8.3769870812427027e-01 9.9491878098985700e-04 8.9267435716537376e-04 9.3952920252853937e+02
8.5882921794212774e-01 1.0247904470530201e-03 9.1515949576882511e-04 9.3956737854401854e+02
8.8049273376898607e-01 1.0556709761452862e-03 9.3821087016877718e-04 9.3960583145508360e+02
9.0270270040140133e-01 1.0875944408426320e-03 9.6184273273939517e-04 9.3964456358492839e+02
9.2547290177386010e-01 1.1205960644624145e-03 9.8606969435815150e-04 9.3968357727640853e+02
9.4881746951335377e-01 1.1547122599276365e-03 1.0109067334156860e-03 9.3972287489220992e+02
9.7275089170974116e-01 1.1899806699437892e-03 1.0363692050518413e-03 9.3976245881501904e+02
9.9728802190733601e-01 1.2264402085325943e-03 1.0624728506235300e-03 9.3980233144769170e+02
1.0224440883233037e+00 1.2641311039684737e-03 1.0892338074102524e-03 9.3984249521342633e+02
1.0482347032985877e+00 1.3030949431651285e-03 1.1166686185632136e-03 9.3988295255593721e+02
1.0746758729872288e+00 1.3433747175611887e-03 1.1447942433041468e-03 9.3992370593963176e+02
1.1017840072900960e+00 1.3850148705555800e-03 1.1736280673801062e-03 9.3996475784978406e+02
1.1295759300391852e+00 1.4280613465449267e-03 1.2031879137806294e-03 9.4000611079271516e+02
1.1580688894388165e+00 1.4725616416171126e-03 1.2334920537238536e-03 9.4004776729597359e+02
1.1872805687702022e+00 1.5185648559569280e-03 1.2645592179183233e-03 9.4008972990851476e+02
1.2172290973660320e+00 1.5661217480216205e-03 1.2964086081073871e-03 9.4013200120088652e+02
1.2479330618618911e+00 1.6152847905461403e-03 1.3290599089032789e-03 9.4017458376541254e+02
1.2794115177314802e+00 1.6661082284398490e-03 1.3625332999181174e-03 9.4021748021637893e+02
1.3116840011128135e+00 1.7186481386385992e-03 1.3968494681992848e-03 9.4026069319022167e+02
1.3447705409327233e+00 1.7729624919782122e-03 1.4320296209767887e-03 9.4030422534571801e+02
1.3786916713371991e+00 1.8291112171576189e-03 1.4680954987304348e-03 9.4034807936417610e+02
1.4134684444352741e+00 1.8871562668622453e-03 1.5050693885848097e-03 9.4039225794962874e+02
1.4491224433643741e+00 1.9471616861206045e-03 1.5429741380402894e-03 9.4043676382902868e+02
1.4856757956852253e+00 2.0091936829694998e-03 1.5818331690484824e-03 9.4048159975244403e+02
1.5231511871146493e+00 2.0733207015058361e-03 1.6216704924407357e-03 9.4052676849325769e+02
1.5615718756047556e+00 2.1396134974056144e-03 1.6625107227185439e-03 9.4057227284836654e+02
1.6009617057772780e+00 2.2081452159934604e-03 1.7043790932149173e-03 9.4061811563838296e+02
1.6413451237220043e+00 2.2789914729487992e-03 1.7473014716359962e-03 9.4066429970784020e+02
1.6827471921684978e+00 2.3522304377377587e-03 1.7913043759924447e-03 9.4071082792539482e+02
1.7251936060405049e+00 2.4279429198628172e-03 1.8364149909303486e-03 9.4075770318403636e+02
1.7687107084027252e+00 2.5062124580253952e-03 1.8826611844716512e-03 9.4080492840129580e+02
1.8133255068098262e+00 2.5871254122997586e-03 1.9300715251743615e-03 9.4085250651945535e+02
1.8590656900678519e+00 2.6707710594199197e-03 1.9786752997230307e-03 9.4090044050576273e+02
1.9059596454184349e+00 2.7572416912847067e-03 2.0285025309602894e-03 9.4094873335264538e+02
1.9540364761564617e+00 2.8466327167896450e-03 2.0795839963704548e-03 9.4099738807792528e+02
2.0033260196921434e+00 2.9390427670980494e-03 2.1319512470265351e-03 9.4104640772504047e+02
2.0538588660686883e+00 3.0345738044674567e-03 2.1856366270122307e-03 9.4109579536326351e+02
2.1056663769470743e+00 3.1333312347514766e-03 2.2406732933307975e-03 9.4114555408792364e+02
2.1587807050696992e+00 3.2354240237011992e-03 2.2970952363129621e-03 9.4119568702063236e+02
2.2132348142149998e+00 3.3409648171944806e-03 2.3549373005363849e-03 9.4124619730950963e+02
2.2690624996554027e+00 3.4500700655257493e-03 2.4142352062694358e-03 9.4129708812941124e+02
2.3262984091313283e+00 3.5628601518934975e-03 2.4750255714524293e-03 9.4134836268215997e+02
2.3849780643542458e+00 3.6794595252272006e-03 2.5373459342297382e-03 9.4140002419677842e+02
2.4451378830521335e+00 3.7999968375002375e-03 2.6012347760465734e-03 9.4145207592972281e+02
2.5068152015710292e+00 3.9246050856803208e-03 2.6667315453245515e-03 9.4150452116511894e+02
2.5700482980466810e+00 4.0534217584740290e-03 2.7338766817305003e-03 9.4155736321500422e+02
2.6348764161607021e+00 4.1865889880274062e-03 2.8027116410533756e-03 9.4161060541956431e+02
2.7013397894959574e+00 4.3242537067499651e-03 2.8732789207044519e-03 9.4166425114737910e+02
2.7694796665063031e+00 4.4665678094351529e-03 2.9456220858563946e-03 9.4171830379566700e+02
2.8393383361161710e+00 4.6136883208561449e-03 3.0197857962371705e-03 9.4177276679053125e+02
2.9109591539659001e+00 4.7657775690219057e-03 3.0958158335951721e-03 9.4182764358721226e+02
2.9843865693190743e+00 4.9230033642846411e-03 3.1737591298523242e-03 9.4188293767033679e+02
3.0596661526486018e+00 5.0855391844963202e-03 3.2536637959623767e-03 9.4193865255417347e+02
3.1368446239186283e+00 5.2535643664185193e-03 3.3355791514919934e-03 9.4199479178288937e+02
3.2159698815798485e+00 5.4272643035967886e-03 3.4195557549427155e-03 9.4205135893080660e+02
3.2970910322962177e+00 5.6068306509179091e-03 3.5056454348322882e-03 9.4210835760266741e+02
3.3802584214214848e+00 5.7924615360756652e-03 3.5939013215543427e-03 9.4216579143389276e+02
3.4655236642444995e+00 5.9843617781785412e-03 3.6843778800358658e-03 9.4222366409085180e+02
3.5529396780226565e+00 6.1827431137404893e-03 3.7771309432123941e-03 9.4228197927112797e+02
3.6425607148233672e+00 6.3878244303041450e-03 3.8722177463413536e-03 9.4234074070378995e+02
3.7344423951939389e+00 6.5998320079542526e-03 3.9696969621744712e-03 9.4239995214966518e+02
3.8286417426807708e+00 6.8189997689877980e-03 4.0696287370107350e-03 9.4245961740161579e+02
3.9252172192192560e+00 7.0455695360162720e-03 4.1720747276518646e-03 9.4251974028481425e+02
4.0242287614163956e+00 7.2797912987849333e-03 4.2770981392828439e-03 9.4258032465702502e+02
4.1257378177486137e+00 7.5219234900033823e-03 4.3847637643006079e-03 9.4264137440888851e+02
4.2298073866978712e+00 7.7722332704918641e-03 4.4951380221145620e-03 9.4270289346420543e+02
4.3365020558497358e+00 8.0309968239578432e-03 4.6082889999431737e-03 9.4276488578022509e+02
4.4458880419776960e+00 8.2984996617281991e-03 4.7242864946315409e-03 9.4282735534793540e+02
4.5580332321385573e+00 8.5750369377731398e-03 4.8432020555153566e-03 9.4289030619235768e+02
4.6730072258044713e+00 8.8609137743695665e-03 4.9651090283574515e-03 9.4295374237284125e+02
4.7908813780577084e+00 9.1564455987631025e-03 5.0900826003836379e-03 9.4301766798336325e+02
4.9117288438749984e+00 9.4619584912002935e-03 5.2181998464452973e-03 9.4308208715282819e+02
5.0356246235289381e+00 9.7777895447150372e-03 5.3495397763368450e-03 9.4314700404537348e+02
5.1626456091345858e+00 1.0104287237066059e-02 5.4841833832968154e-03 9.4321242286067661e+02
5.2928706323702110e+00 1.0441811815236035e-02 5.6222136937222082e-03 9.4327834783426181e+02
5.4263805134017531e+00 1.0790735692916439e-02 5.7637158181262343e-03 9.4334478323781696e+02
5.5632581110413764e+00 1.1151443861416735e-02 5.9087770033705743e-03 9.4341173337950545e+02
5.7035883741712476e+00 1.1524334314451341e-02 6.0574866862038714e-03 9.4347920260428464e+02
5.8474583944644669e+00 1.1909818487273013e-02 6.2099365481390716e-03 9.4354719529422789e+02
5.9949574604358267e+00 1.2308321710637161e-02 6.3662205717029434e-03 9.4361571586884861e+02
6.1461771128559954e+00 1.2720283680098044e-02 6.5264350980920646e-03 9.4368476878542515e+02
6.3012112015634925e+00 1.3146158941154607e-02 6.6906788862702545e-03 9.4375435853933357e+02
6.4601559437097054e+00 1.3586417390781268e-02 6.8590531735434569e-03 9.4382448966437823e+02
6.6231099834731246e+00 1.4041544795897042e-02 7.0316617376488593e-03 9.4389516673312733e+02
6.7901744532798123e+00 1.4512043329345001e-02 7.2086109603959588e-03 9.4396639435725433e+02
6.9614530365681473e+00 1.4998432123973547e-02 7.3900098928983329e-03 9.4403817718787707e+02
7.1370520321367721e+00 1.5501247845430787e-02 7.5759703224356628e-03 9.4411051991590534e+02
7.3170804201156789e+00 1.6021045284304043e-02 7.7666068409866836e-03 9.4418342727238814e+02
7.5016499296013812e+00 1.6558397968257785e-02 7.9620369154746653e-03 9.4425690402886471e+02
7.6908751079981661e+00 1.7113898794845570e-02 8.1623809597681056e-03 9.4433095499771878e+02
7.8848733921084024e+00 1.7688160685693902e-02 8.3677624084802678e-03 9.4440558503253919e+02
8.0837651810161066e+00 1.8281817262780182e-02 8.5783077926125124e-03 9.4448079902847815e+02
8.2876739108089374e+00 1.8895523547550662e-02 8.7941468170872009e-03 9.4455660192261746e+02
8.4967261311850084e+00 1.9529956683649870e-02 9.0154124402172780e-03 9.4463299869433490e+02
8.7110515839921003e+00 2.0185816684059079e-02 9.2422409551607687e-03 9.4470999436567695e+02
8.9307832837479282e+00 2.0863827203467841e-02 9.4747720734095087e-03 9.4478759400173465e+02
9.1560576001915397e+00 2.1564736336731227e-02 9.7131490103629075e-03 9.4486580271101730e+02
9.3870143429170056e+00 2.2289317444293424e-02 9.9575185730384434e-03 9.4494462564583887e+02
9.6237968481419642e+00 2.3038370005488668e-02 1.0208031249972247e-02 9.4502406800269944e+02
9.8665520676648288e+00 2.3812720500660776e-02 1.0464841303364081e-02 9.4510413502267670e+02
1.0115430660065934e+01 2.4613223323074866e-02 1.0728106863522751e-02 9.4518483199181685e+02
1.0370587084209149e+01 2.5440761721627181e-02 1.0997990025669046e-02 9.4526616424152917e+02
1.0632179695102037e+01 2.6296248775393358e-02 1.1274656949154844e-02 9.4534813714898860e+02
1.0900370842174032e+01 2.7180628401090270e-02 1.1558277959158593e-02 9.4543075613753581e+02
1.1175326970033639e+01 2.8094876394563231e-02 1.1849027650918609e-02 9.4551402667708737e+02
1.1457218721767166e+01 2.9040001507447490e-02 1.2147084996567418e-02 9.4559795428454277e+02
1.1746221044843121e+01 3.0017046560192148e-02 1.2452633454631705e-02 9.4568254452420194e+02
1.2042513299687986e+01 3.1027089592674414e-02 1.2765861082264211e-02 9.4576780300818086e+02
1.2346279371000808e+01 3.2071245053674105e-02 1.3086960650275476e-02 9.4585373539683724e+02
1.2657707781875521e+01 3.3150665030520055e-02 1.3416129761034904e-02 9.4594034739919539e+02
1.2976991810802080e+01 3.4266540520266182e-02 1.3753570969312722e-02 9.4602764477337257e+02
1.3304329611618803e+01 3.5420102743799003e-02 1.4099491906135544e-02 9.4611563332701860e+02
1.3639924336490479e+01 3.6612624504326910e-02 1.4454105405730711e-02 9.4620431891775070e+02
1.3983984261988521e+01 3.7845421591749986e-02 1.4817629635635987e-02 9.4629370745359711e+02
1.4336722918351445e+01 3.9119854234460051e-02 1.5190288230053275e-02 9.4638380489344320e+02
1.4698359222005843e+01 4.0437328600172587e-02 1.5572310426526908e-02 9.4647461724748109e+02
1.5069117611430165e+01 4.1799298347446626e-02 1.5963931206029083e-02 9.4656615057766510e+02
1.5449228186445563e+01 4.3207266229604621e-02 1.6365391436536997e-02 9.4665841099816964e+02
1.5838926851020281e+01 4.4662785752821697e-02 1.6776938020188367e-02 9.4675140467585550e+02
1.6238455459676270e+01 4.6167462890214318e-02 1.7198824044104336e-02 9.4684513783073237e+02
1.6648061967588692e+01 4.7722957853818644e-02 1.7631308934970339e-02 9.4693961673643582e+02
1.7068000584471751e+01 4.9330986926415035e-02 1.8074658617468740e-02 9.4703484772070101e+02
1.7498531932346136e+01 5.0993324355218785e-02 1.8529145676658407e-02 9.4713083716584390e+02
1.7939923207286100e+01 5.2711804309527092e-02 1.8995049524399319e-02 9.4722759150924662e+02
1.8392448345246478e+01 5.4488322904482051e-02 1.9472656569922465e-02 9.4732511724384676e+02
1.8856388192072661e+01 5.6324840293182722e-02 1.9962260394647883e-02 9.4742342091863327e+02
1.9332030677798944e+01 5.8223382829454599e-02 2.0464161931356212e-02 9.4752250913914440e+02
1.9819670995343458e+01 6.0186045303662776e-02 2.0978669647821573e-02 9.4762238856797319e+02
2.0319611783710631e+01 6.2214993254035920e-02 2.1506099735016625e-02 9.4772306592527343e+02
2.0832163315814764e+01 6.4312465356050896e-02 2.2046776300002784e-02 9.4782454798927563e+02
2.1357643691041403e+01 6.6480775892514762e-02 2.2601031563622063e-02 9.4792684159680311e+02
2.1896379032666047e+01 6.8722317307069986e-02 2.3169206063109338e-02 9.4802995364379660e+02
2.2448703690252412e+01 7.1039562843938531e-02 2.3751648859746802e-02 9.4813389108584261e+02
2.3014960447156326e+01 7.3435069276819961e-02 2.4348717751685924e-02 9.4823866093870538e+02
2.3595500733263695e+01 7.5911479729952644e-02 2.4960779492064582e-02 9.4834427027886511e+02
2.4190684843094655e+01 7.8471526594451460e-02 2.5588210012550513e-02 9.4845072624406180e+02
2.4800882159409337e+01 8.1118034543139678e-02 2.6231394652445617e-02 9.4855803603384334e+02
2.5426471382453933e+01 8.3853923647201470e-02 2.6890728393488664e-02 9.4866620691011917e+02
2.6067840764989388e+01 8.6682212598093958e-02 2.7566616100497463e-02 9.4877524619771896e+02
2.6725388353248576e+01 8.9606022038273656e-02 2.8259472767995071e-02 9.4888516128495689e+02
2.7399522233971471e+01 9.2628578004412182e-02 2.8969723772968078e-02 9.4899595962420142e+02
2.8090660787671645e+01 9.5753215486900717e-02 2.9697805133908687e-02 9.4910764873244966e+02
2.8799232948291408e+01 9.8983382109570833e-02 3.0444163776296145e-02 9.4922023619190873e+02
2.9525678469406330e+01 1.0232264193369026e-01 3.1209257804676462e-02 9.4933372965058129e+02
3.0270448197144933e+01 1.0577467939043321e-01 3.1993556781504111e-02 9.4944813682285724e+02
3.1034004349992461e+01 1.0934330334616228e-01 3.2797542012912455e-02 9.4956346549010982e+02
3.1816820805652632e+01 1.1303245130500839e-01 3.3621706841584352e-02 9.4967972350130140e+02
3.2619383395145270e+01 1.1684619375338519e-01 3.4466556946898520e-02 9.4979691877358891e+02
3.3442190204322443e+01 1.2078873865123213e-01 3.5332610652531300e-02 9.4991505929294124e+02
3.4285751882990162e+01 1.2486443607494109e-01 3.6220399241698155e-02 9.5003415311475737e+02
3.5150591961827523e+01 1.2907778301708997e-01 3.7130467280223567e-02 9.5015420836449516e+02
3.6037247177299946e+01 1.3343342834827848e-01 3.8063372947632811e-02 9.5027523323830144e+02
3.6946267804768183e+01 1.3793617794654150e-01 3.9019688376463441e-02 9.5039723600365312e+02
3.7878217999999997e+01 1.4259100000000000e-01 4.0000000000000001e-02 9.5052205100000003e+02
4.3050486999999997e+01 1.6469000000000000e-01 4.5440000000000001e-02 9.5104002500000001e+02
4.8225290999999999e+01 1.8487400000000001e-01 5.0880000000000002e-02 9.5145946100000003e+02
5.3402151000000003e+01 2.0317299999999999e-01 5.6320000000000002e-02 9.5180088999999998e+02
5.8580700000000000e+01 2.2000000000000000e-01 6.1760000000000002e-02 9.5208566699999994e+02
6.3760686000000000e+01 2.3611900000000000e-01 6.7199999999999996e-02 9.5233520299999998e+02
6.8941975999999997e+01 2.5260700000000003e-01 7.2639999999999996e-02 9.5257038100000000e+02
7.4124545999999995e+01 2.7081000000000000e-01 7.8079999999999997e-02 9.5281114500000001e+02
7.9308476999999996e+01 2.9230200000000001e-01 8.3519999999999997e-02 9.5307623899999999e+02
8.4493949999999998e+01 3.1884800000000002e-01 8.8959999999999997e-02 9.5338304600000004e+02
8.9681235999999998e+01 3.5236200000000001e-01 9.4399999999999998e-02 9.5374750200000005e+02
9.4870687000000004e+01 3.9487499999999998e-01 9.9839999999999998e-02 9.5418407100000002e+02
1.0006273200000000e+02 4.4850400000000001e-01 1.0528000000000000e-01 9.5470574299999998e+02
1.0525786700000000e+02 5.1542100000000002e-01 1.1072000000000000e-01 9.5532406800000001e+02
1.1045664300000000e+02 5.9765599999999997e-01 1.1616000000000000e-01 9.5604770699999995e+02
1.1565961299999999e+02 6.9545000000000001e-01 1.2160000000000000e-01 9.5686903299999994e+02
1.2086735200000000e+02 8.1207200000000002e-01 1.2703999999999999e-01 9.5780575999999996e+02
1.2608051800000000e+02 9.5016299999999998e-01 1.3247999999999999e-01 9.5886858500000005e+02
1.3129981699999999e+02 1.1120200000000000e+00 1.3791999999999999e-01 9.6006435399999998e+02
1.3652598800000001e+02 1.2997870000000000e+00 1.4335999999999999e-01 9.6139803300000005e+02
1.4175979000000001e+02 1.5154970000000001e+00 1.4879999999999999e-01 9.6287327200000004e+02
1.4700200100000001e+02 1.7610910000000000e+00 1.5423999999999999e-01 9.6449271599999997e+02
1.5225341200000000e+02 2.0384240000000000e+00 1.5967999999999999e-01 9.6625819700000000e+02
1.5751481899999999e+02 2.3492769999999998e+00 1.6511999999999999e-01 9.6817089699999997e+02
1.6278702600000000e+02 2.6953610000000001e+00 1.7055999999999999e-01 9.7023146399999996e+02
1.6807083900000001e+02 3.0783230000000001e+00 1.7599999999999999e-01 9.7244012099999998e+02
1.7336706200000000e+02 3.4997520000000000e+00 1.8143999999999999e-01 9.7479675199999997e+02
1.7867650000000000e+02 3.9611879999999999e+00 1.8687999999999999e-01 9.7730097200000000e+02
1.8399995400000000e+02 4.4641240000000000e+00 1.9231999999999999e-01 9.7995218799999998e+02
1.8933822300000000e+02 5.0100119999999997e+00 1.9775999999999999e-01 9.8274964899999998e+02
1.9469209900000001e+02 5.6002689999999999e+00 2.0319999999999999e-01 9.8569248300000004e+02
2.0006237100000001e+02 6.2362780000000004e+00 2.0863999999999999e-01 9.8877972799999998e+02
2.0544982200000001e+02 6.9193910000000001e+00 2.1407999999999999e-01 9.9201035200000001e+02
2.1085522900000001e+02 7.6509340000000003e+00 2.1951999999999999e-01 9.9538327100000004e+02
2.1627936399999999e+02 8.4322040000000005e+00 2.2495999999999999e-01 9.9889735700000006e+02
2.2172299200000000e+02 9.2644699999999993e+00 2.3039999999999999e-01 1.0025514429999999e+03
2.2718687000000000e+02 1.0148977000000000e+01 2.3583999999999999e-01 1.0063443300000000e+03
2.3267175200000000e+02 1.1086937000000001e+01 2.4127999999999999e-01 1.0102747770000000e+03
2.3817838200000000e+02 1.2079535999999999e+01 2.4671999999999999e-01 1.0143415060000000e+03
2.4370749799999999e+02 1.3127926000000000e+01 2.5216000000000000e-01 1.0185431940000000e+03
2.4925983099999999e+02 1.4233224000000000e+01 2.5760000000000000e-01 1.0228784660000000e+03
2.5483610400000001e+02 1.5396512000000000e+01 2.6304000000000000e-01 1.0273458940000000e+03
2.6043703299999999e+02 1.6618831000000000e+01 2.6848000000000000e-01 1.0319439850000001e+03
2.6606332400000002e+02 1.7901178999999999e+01 2.7392000000000000e-01 1.0366711809999999e+03
2.7171567599999997e+02 1.9244509000000001e+01 2.7936000000000000e-01 1.0415258480000000e+03
2.7739477699999998e+02 2.0649725000000000e+01 2.8480000000000000e-01 1.0465062780000001e+03
2.8310130700000002e+02 2.2117680000000000e+01 2.9024000000000000e-01 1.0516106810000001e+03
2.8883593700000000e+02 2.3649175000000000e+01 2.9568000000000000e-01 1.0568371810000001e+03
2.9459932400000002e+02 2.5244952000000001e+01 3.0112000000000000e-01 1.0621838220000000e+03
3.0039211799999998e+02 2.6905698000000001e+01 3.0656000000000000e-01 1.0676485590000000e+03
3.0621495599999997e+02 2.8632038000000001e+01 3.1200000000000000e-01 1.0732292629999999e+03
3.1206846200000001e+02 3.0424537999999998e+01 3.1744000000000000e-01 1.0789237240000000e+03
3.1795324900000003e+02 3.2283703000000003e+01 3.2288000000000000e-01 1.0847296500000000e+03
3.2386991899999998e+02 3.4209972999999998e+01 3.2832000000000000e-01 1.0906446739999999e+03
3.2981905699999999e+02 3.6203727999999998e+01 3.3376000000000000e-01 1.0966663560000000e+03
3.3580123800000001e+02 3.8265284999999999e+01 3.3920000000000000e-01 1.1027921919999999e+03
3.4181702200000001e+02 4.0394900000000000e+01 3.4464000000000000e-01 1.1090196160000000e+03
3.4786695400000002e+02 4.2592767000000002e+01 3.5008000000000000e-01 1.1153460100000000e+03
3.5395156600000001e+02 4.4859023999999998e+01 3.5552000000000000e-01 1.1217687060000001e+03
3.6007137399999999e+02 4.7193748999999997e+01 3.6096000000000000e-01 1.1282850010000000e+03
3.6622504500000002e+02 4.9275635999999999e+01 3.6640000000000000e-01 1.1340101609999999e+03
3.7240800500000000e+02 5.1190984000000000e+01 3.7184000000000000e-01 1.1391986860000000e+03
3.7861862300000001e+02 5.3063606000000000e+01 3.7728000000000000e-01 1.1441976470000000e+03
3.8485611100000000e+02 5.4921256000000000e+01 3.8272000000000000e-01 1.1490855890000000e+03
3.9111997800000000e+02 5.6777157000000003e+01 3.8816000000000001e-01 1.1538999719999999e+03
3.9740988700000003e+02 5.8639026999999999e+01 3.9360000000000001e-01 1.1586626070000000e+03
4.0372559799999999e+02 6.0511901999999999e+01 3.9904000000000001e-01 1.1633876220000000e+03
4.1006693400000000e+02 6.2399303000000003e+01 4.0448000000000001e-01 1.1680848080000001e+03
4.1643376400000000e+02 6.4303821999999997e+01 4.0992000000000001e-01 1.1727612730000001e+03
4.2282598999999999e+02 6.6227435999999997e+01 4.1536000000000001e-01 1.1774223589999999e+03
4.2924331300000000e+02 6.8085646999999994e+01 4.2080000000000001e-01 1.1818671429999999e+03
4.3568345299999999e+02 6.9798758000000007e+01 4.2624000000000001e-01 1.1859115839999999e+03
4.4214540599999998e+02 7.1508497000000006e+01 4.3168000000000001e-01 1.1898968070000001e+03
4.4862897299999997e+02 7.3230771000000004e+01 4.3712000000000001e-01 1.1938609620000000e+03
4.5513408199999998e+02 7.4971373000000000e+01 4.4256000000000001e-01 1.1978177499999999e+03
4.6166071299999999e+02 7.6733328000000000e+01 4.4800000000000001e-01 1.2017741470000001e+03
4.6820887599999998e+02 7.8518495999999999e+01 4.5344000000000001e-01 1.2057342950000000e+03
4.7477859999999998e+02 8.0328143999999995e+01 4.5888000000000001e-01 1.2097008790000000e+03
4.8136992500000002e+02 8.2163190000000000e+01 4.6432000000000001e-01 1.2136757379999999e+03
4.8798289899999997e+02 8.4024332000000001e+01 4.6976000000000001e-01 1.2176601750000000e+03
4.9461757699999998e+02 8.5912121999999997e+01 4.7520000000000001e-01 1.2216551360000001e+03
5.0127401900000001e+02 8.7827004000000002e+01 4.8064000000000001e-01 1.2256613139999999e+03
5.0795228700000001e+02 8.9769346999999996e+01 4.8608000000000001e-01 1.2296792170000001e+03
5.1465244600000005e+02 9.1739459999999994e+01 4.9152000000000001e-01 1.2337092170000001e+03
5.2137456199999997e+02 9.3737602999999993e+01 4.9696000000000001e-01 1.2377515759999999e+03
5.2811870399999998e+02 9.5764004000000000e+01 5.0239999999999996e-01 1.2418064770000001e+03
5.3488493900000003e+02 9.7818854000000002e+01 5.0783999999999996e-01 1.2458740330000001e+03
5.4167333799999994e+02 9.9902321999999998e+01 5.1327999999999996e-01 1.2499543040000001e+03
5.4848396900000000e+02 1.0201455500000000e+02 5.1871999999999996e-01 1.2540473050000001e+03
5.5531690100000003e+02 1.0415568000000000e+02 5.2415999999999996e-01 1.2581530150000001e+03
5.6217220299999997e+02 1.0632580799999999e+02 5.2959999999999996e-01 1.2622713819999999e+03
5.6904994499999998e+02 1.0852503500000000e+02 5.3503999999999996e-01 1.2664023290000000e+03
5.7595019400000001e+02 1.1075344500000000e+02 5.4047999999999996e-01 1.2705457550000001e+03
5.8287301800000000e+02 1.1301110799999999e+02 5.4591999999999996e-01 1.2747015429999999e+03
5.8981848300000001e+02 1.1529808700000000e+02 5.5135999999999996e-01 1.2788695590000000e+03
5.9678665699999999e+02 1.1761443199999999e+02 5.5679999999999996e-01 1.2830496559999999e+03
6.0377760400000000e+02 1.1996018700000000e+02 5.6223999999999996e-01 1.2872416750000000e+03
6.1079138799999998e+02 1.2233538600000000e+02 5.6767999999999996e-01 1.2914454479999999e+03
6.1782807400000002e+02 1.2474005500000000e+02 5.7311999999999996e-01 1.2956607990000000e+03
6.2488772400000005e+02 1.2717421600000000e+02 5.7855999999999996e-01 1.2998875419999999e+03
6.3197039800000005e+02 1.2963788199999999e+02 5.8399999999999996e-01 1.3041254899999999e+03
6.3907615799999996e+02 1.3213105999999999e+02 5.8943999999999996e-01 1.3083744480000000e+03
6.4620506300000000e+02 1.3465375299999999e+02 5.9487999999999996e-01 1.3126342150000000e+03
6.5335717099999999e+02 1.3720595800000001e+02 6.0031999999999996e-01 1.3169045910000000e+03
6.6053254000000004e+02 1.3978766600000000e+02 6.0575999999999997e-01 1.3211853710000000e+03
6.6773122400000000e+02 1.4239886500000000e+02 6.1119999999999997e-01 1.3254763470000000e+03
6.7495328099999995e+02 1.4503953700000000e+02 6.1663999999999997e-01 1.3297773119999999e+03
6.8219876199999999e+02 1.4770966100000001e+02 6.2207999999999997e-01 1.3340880549999999e+03
6.8946772099999998e+02 1.5040921299999999e+02 6.2751999999999997e-01 1.3384083650000000e+03
6.9676020900000003e+02 1.5313816299999999e+02 6.3295999999999997e-01 1.3427380330000001e+03
7.0407627600000001e+02 1.5589648000000000e+02 6.3839999999999997e-01 1.3470768479999999e+03
7.1141597300000001e+02 1.5868412699999999e+02 6.4383999999999997e-01 1.3514245980000001e+03
7.1877934600000003e+02 1.6150106800000000e+02 6.4927999999999997e-01 1.3557810750000001e+03
7.2616644199999996e+02 1.6434725900000001e+02 6.5471999999999997e-01 1.3601460700000000e+03
7.3357730800000002e+02 1.6722265899999999e+02 6.6015999999999997e-01 1.3645193740000000e+03
7.4101198899999997e+02 1.7012721800000000e+02 6.6559999999999997e-01 1.3689007810000001e+03
7.4847052599999995e+02 1.7306089000000000e+02 6.7103999999999997e-01 1.3732900860000000e+03
7.5595296399999995e+02 1.7602362199999999e+02 6.7647999999999997e-01 1.3776870850000000e+03
7.6345934299999999e+02 1.7901536200000001e+02 6.8191999999999997e-01 1.3820915760000000e+03
7.7098970299999996e+02 1.8203605300000001e+02 6.8735999999999997e-01 1.3865033599999999e+03
7.7854408400000000e+02 1.8508563799999999e+02 6.9279999999999997e-01 1.3909222380000001e+03
7.8612252400000000e+02 1.8816405900000001e+02 6.9823999999999997e-01 1.3953480139999999e+03
7.9372505999999998e+02 1.9127125400000000e+02 7.0367999999999997e-01 1.3997804940000001e+03
8.0135172699999998e+02 1.9440716200000000e+02 7.0911999999999997e-01 1.4042194870000001e+03
8.0900256000000002e+02 1.9757171700000001e+02 7.1455999999999997e-01 1.4086648040000000e+03
8.1667759400000000e+02 2.0076485600000001e+02 7.1999999999999997e-01 1.4131162569999999e+03
8.2437686099999996e+02 2.0398651000000001e+02 7.2543999999999997e-01 1.4175736620000000e+03
8.3210039400000005e+02 2.0723661300000001e+02 7.3087999999999997e-01 1.4220368370000001e+03
8.3984822199999996e+02 2.1051509600000000e+02 7.3631999999999997e-01 1.4265056020000000e+03
8.4762037699999996e+02 2.1382188800000000e+02 7.4175999999999997e-01 1.4309797799999999e+03
8.5541688599999998e+02 2.1715691699999999e+02 7.4719999999999998e-01 1.4354591960000000e+03
8.6323777900000005e+02 2.2052011400000001e+02 7.5263999999999998e-01 1.4399436790000000e+03
8.7108308099999999e+02 2.2391140300000001e+02 7.5807999999999998e-01 1.4444330580000001e+03
8.7895281999999997e+02 2.2733071200000001e+02 7.6351999999999998e-01 1.4489271679999999e+03
8.8684702000000004e+02 2.3077796599999999e+02 7.6895999999999998e-01 1.4534258420000001e+03
8.9476570700000002e+02 2.3425308899999999e+02 7.7439999999999998e-01 1.4579289209999999e+03
9.0270890199999997e+02 2.3775600700000001e+02 7.7983999999999998e-01 1.4624362440000000e+03
9.1067663000000005e+02 2.4128664200000000e+02 7.8527999999999998e-01 1.4669476540000001e+03
9.1866891099999998e+02 2.4484491700000001e+02 7.9071999999999998e-01 1.4714629970000001e+03
9.2668576800000005e+02 2.4843075600000000e+02 7.9615999999999998e-01 1.4759821230000000e+03
9.3472721899999999e+02 2.5204407900000001e+02 8.0159999999999998e-01 1.4805048810000001e+03
9.4279328499999997e+02 2.5568480900000000e+02 8.0703999999999998e-01 1.4850311250000000e+03
9.5088398400000005e+02 2.5935286700000000e+02 8.1247999999999998e-01 1.4895607110000001e+03
9.5899933299999998e+02 2.6304817300000002e+02 8.1791999999999998e-01 1.4940934970000001e+03
9.6713935000000004e+02 2.6677064799999999e+02 8.2335999999999998e-01 1.4986293439999999e+03
9.7530405199999996e+02 2.7052021300000001e+02 8.2879999999999998e-01 1.5031681149999999e+03
9.8349345200000005e+02 2.7429678699999999e+02 8.3423999999999998e-01 1.5077096750000001e+03
9.9170756800000004e+02 2.7810028999999997e+02 8.3967999999999998e-01 1.5122538930000001e+03
9.9994641100000001e+02 2.8193064299999998e+02 8.4511999999999998e-01 1.5168006390000000e+03
1.0082099970000000e+03 2.8578776299999998e+02 8.5055999999999998e-01 1.5213497850000001e+03
1.0164983370000000e+03 2.8967157200000003e+02 8.5599999999999998e-01 1.5259012070000001e+03
1.0248114430000001e+03 2.9358198700000003e+02 8.6143999999999998e-01 1.5304547809999999e+03
1.0331493280000000e+03 2.9751892900000001e+02 8.6687999999999998e-01 1.5350103859999999e+03
1.0415120010000001e+03 3.0148231600000003e+02 8.7231999999999998e-01 1.5395679060000000e+03
1.0498994729999999e+03 3.0547206799999998e+02 8.7775999999999998e-01 1.5441272220000001e+03
1.0583117530000000e+03 3.0948810400000002e+02 8.8319999999999999e-01 1.5486882220000000e+03
1.0667488510000001e+03 3.1353034200000002e+02 8.8863999999999999e-01 1.5532507929999999e+03
1.0752107730000000e+03 3.1759870200000000e+02 8.9407999999999999e-01 1.5578148249999999e+03
1.0836975290000000e+03 3.2169310400000001e+02 8.9951999999999999e-01 1.5623802120000000e+03
1.0922091250000001e+03 3.2581346700000000e+02 9.0495999999999999e-01 1.5669468460000001e+03
1.1007455669999999e+03 3.2995970999999997e+02 9.1039999999999999e-01 1.5715146239999999e+03
1.1093068610000000e+03 3.3413175200000001e+02 9.1583999999999999e-01 1.5760834460000001e+03
1.1178930140000000e+03 3.3832951500000001e+02 9.2127999999999999e-01 1.5806532099999999e+03
1.1265040289999999e+03 3.4255291699999998e+02 9.2671999999999999e-01 1.5852238199999999e+03
1.1351399110000000e+03 3.4680187899999999e+02 9.3215999999999999e-01 1.5897951790000000e+03
1.1438006650000000e+03 3.5107632100000001e+02 9.3759999999999999e-01 1.5943671939999999e+03
1.1524862920000000e+03 3.5537616400000002e+02 9.4303999999999999e-01 1.5989397719999999e+03
1.1611967959999999e+03 3.5970132899999999e+02 9.4847999999999999e-01 1.6035128239999999e+03
1.1699321800000000e+03 3.6405173600000001e+02 9.5391999999999999e-01 1.6080862609999999e+03
1.1786924449999999e+03 3.6842730799999998e+02 9.5935999999999999e-01 1.6126599970000000e+03
1.1874775920000000e+03 3.7282796700000000e+02 9.6479999999999999e-01 1.6172339480000001e+03
1.1962876229999999e+03 3.7725363499999997e+02 9.7023999999999999e-01 1.6218080299999999e+03
1.2051225370000000e+03 3.8170423299999999e+02 9.7567999999999999e-01 1.6263821620000001e+03
1.2139823360000000e+03 3.8617968700000000e+02 9.8111999999999999e-01 1.6309562670000000e+03
1.2228670190000000e+03 3.9067991899999998e+02 9.8655999999999999e-01 1.6355302660000000e+03
1.2317765840000000e+03 3.9520485400000001e+02 9.9199999999999999e-01 1.6401040840000001e+03
1.2407110310000000e+03 3.9975441699999999e+02 9.9743999999999999e-01 1.6446776470000000e+03
1.2496703580000001e+03 4.0432853299999999e+02 1.0028800000000000e+00 1.6492508849999999e+03
1.2586545630000001e+03 4.0892712899999998e+02 1.0083200000000001e+00 1.6538237280000001e+03
1.2676636440000000e+03 4.1355013300000002e+02 1.0137600000000000e+00 1.6583961070000000e+03
1.2766975980000000e+03 4.1819747300000000e+02 1.0192000000000001e+00 1.6629679599999999e+03
1.2857564219999999e+03 4.2286908000000000e+02 1.0246400000000000e+00 1.6675392210000000e+03
1.2948401130000000e+03 4.2756488500000000e+02 1.0300800000000001e+00 1.6721098320000001e+03
1.3039486669999999e+03 4.3228482200000002e+02 1.0355200000000000e+00 1.6766797340000001e+03
1.3130820790000000e+03 4.3702882799999998e+02 1.0409600000000001e+00 1.6812488739999999e+03
1.3222403469999999e+03 4.4179684099999997e+02 1.0464000000000000e+00 1.6858172030000001e+03
1.3314234640000000e+03 4.4658880599999998e+02 1.0518400000000001e+00 1.6903846739999999e+03
1.3406314259999999e+03 4.5140467400000000e+02 1.0572800000000000e+00 1.6949512510000000e+03
1.3498642290000000e+03 4.5624440600000003e+02 1.0627200000000001e+00 1.6995169050000000e+03
1.3591218679999999e+03 4.6110797900000000e+02 1.0681600000000000e+00 1.7040816250000000e+03
1.3684043360000001e+03 4.6599540300000001e+02 1.0736000000000001e+00 1.7086454300000000e+03
1.3777116300000000e+03 4.7090678000000003e+02 1.0790400000000000e+00 1.7132084230000000e+03
1.3870437460000001e+03 4.7584263700000002e+02 1.0844800000000001e+00 1.7177710999999999e+03
1.3964006810000001e+03 4.8080199099999999e+02 1.0899200000000000e+00 1.7223325600000001e+03
1.4057824270000001e+03 4.8578428500000001e+02 1.0953599999999999e+00 1.7268923060000000e+03
1.4151889730000000e+03 4.9078944500000000e+02 1.1008000000000000e+00 1.7314502860000000e+03
1.4246203109999999e+03 4.9581739399999998e+02 1.1062399999999999e+00 1.7360064480000001e+03
1.4340764290000000e+03 5.0086805800000002e+02 1.1116800000000000e+00 1.7405607450000000e+03
1.4435573190000000e+03 5.0594136300000002e+02 1.1171199999999999e+00 1.7451131260000000e+03
1.4530629680000000e+03 5.1103723400000001e+02 1.1225600000000000e+00 1.7496635450000001e+03
1.4625933680000001e+03 5.1615559800000005e+02 1.1279999999999999e+00 1.7542119540000001e+03
1.4721485049999999e+03 5.2129638199999999e+02 1.1334400000000000e+00 1.7587583090000001e+03
1.4817283700000000e+03 5.2645951200000002e+02 1.1388799999999999e+00 1.7633025660000001e+03
1.4913329500000000e+03 5.3164491699999996e+02 1.1443200000000000e+00 1.7678446790000000e+03
1.5009622340000001e+03 5.3685252300000002e+02 1.1497599999999999e+00 1.7723846080000001e+03
1.5106162099999999e+03 5.4208226000000002e+02 1.1552000000000000e+00 1.7769223099999999e+03
1.5202948650000001e+03 5.4733405700000003e+02 1.1606399999999999e+00 1.7814577440000000e+03
1.5299981869999999e+03 5.5260784100000001e+02 1.1660800000000000e+00 1.7859908720000001e+03
1.5397261639999999e+03 5.5790354300000001e+02 1.1715199999999999e+00 1.7905216530000000e+03
1.5494787830000000e+03 5.6322109200000000e+02 1.1769600000000000e+00 1.7950500500000001e+03
1.5592560289999999e+03 5.6856041900000002e+02 1.1823999999999999e+00 1.7995760270000001e+03
1.5690578909999999e+03 5.7392145400000004e+02 1.1878400000000000e+00 1.8040995450000000e+03
1.5788843549999999e+03 5.7930412799999999e+02 1.1932799999999999e+00 1.8086205700000000e+03
1.5887354069999999e+03 5.8470837200000005e+02 1.1987200000000000e+00 1.8131390680000000e+03
1.5986110329999999e+03 5.9013411900000006e+02 1.2041599999999999e+00 1.8176550030000001e+03
1.6085112190000000e+03 5.9558129899999994e+02 1.2096000000000000e+00 1.8221683439999999e+03
1.6184359509999999e+03 6.0104984700000000e+02 1.2150399999999999e+00 1.8266790570000001e+03
1.6283852150000000e+03 6.0653969300000006e+02 1.2204800000000000e+00 1.8311871100000001e+03
1.6383589959999999e+03 6.1205077200000005e+02 1.2259199999999999e+00 1.8356924730000001e+03
1.6483572790000001e+03 6.1758301700000004e+02 1.2313600000000000e+00 1.8401951150000000e+03
1.6583800500000000e+03 6.2313636099999997e+02 1.2367999999999999e+00 1.8446950079999999e+03
1.6684272920000001e+03 6.2871073999999999e+02 1.2422400000000000e+00 1.8491921210000000e+03
1.6784989920000000e+03 6.3430608700000005e+02 1.2476799999999999e+00 1.8536864260000000e+03
1.6885951339999999e+03 6.3992233699999997e+02 1.2531200000000000e+00 1.8581778970000000e+03
1.6987157030000001e+03 6.4555942700000003e+02 1.2585599999999999e+00 1.8626665049999999e+03
1.7088606810000001e+03 6.5121729000000005e+02 1.2640000000000000e+00 1.8671522250000000e+03
1.7190300549999999e+03 6.5689586399999996e+02 1.2694399999999999e+00 1.8716350299999999e+03
1.7292238080000000e+03 6.6259508500000004e+02 1.2748800000000000e+00 1.8761148969999999e+03
1.7394419230000001e+03 6.6831488899999999e+02 1.2803199999999999e+00 1.8805917990000000e+03
1.7496843859999999e+03 6.7405521299999998e+02 1.2857600000000000e+00 1.8850657140000001e+03
1.7599511780000000e+03 6.7981599500000004e+02 1.2911999999999999e+00 1.8895366170000000e+03
1.7702422850000000e+03 6.8559717200000000e+02 1.2966400000000000e+00 1.8940044860000000e+03
1.7805576890000000e+03 6.9139868200000001e+02 1.3020799999999999e+00 1.8984692980000000e+03
1.7908973739999999e+03 6.9722046399999999e+02 1.3075200000000000e+00 1.9029310330000001e+03
1.8012613220000001e+03 7.0306245600000000e+02 1.3129599999999999e+00 1.9073896669999999e+03
1.8116495179999999e+03 7.0892459699999995e+02 1.3184000000000000e+00 1.9118451820000000e+03
1.8220619429999999e+03 7.1480682600000000e+02 1.3238399999999999e+00 1.9162975550000001e+03
1.8324985810000001e+03 7.2070908399999996e+02 1.3292800000000000e+00 1.9207467690000001e+03
1.8429594150000000e+03 7.2663130899999999e+02 1.3347199999999999e+00 1.9251928020000000e+03
1.8534444260000000e+03 7.3257344300000000e+02 1.3401600000000000e+00 1.9296356370000001e+03
1.8639535989999999e+03 7.3853542500000003e+02 1.3455999999999999e+00 1.9340752560000001e+03
1.8744869140000001e+03 7.4451719700000001e+02 1.3510400000000000e+00 1.9385116390000001e+03
1.8850443519999999e+03 7.5051044800000000e+02 1.3564799999999999e+00 1.9429386850000001e+03
1.8956257370000001e+03 7.5645798000000002e+02 1.3619200000000000e+00 1.9473143769999999e+03
1.9062308499999999e+03 7.6239469899999995e+02 1.3673599999999999e+00 1.9516646989999999e+03
1.9168595829999999e+03 7.6833254299999999e+02 1.3728000000000000e+00 1.9559985670000001e+03
1.9275118570000000e+03 7.7427636600000005e+02 1.3782399999999999e+00 1.9603196410000000e+03
1.9381876080000000e+03 7.8022891600000003e+02 1.3836800000000000e+00 1.9646300140000001e+03
1.9488867820000000e+03 7.8619198600000004e+02 1.3891199999999999e+00 1.9689310599999999e+03
1.9596093310000001e+03 7.9216683799999998e+02 1.3945600000000000e+00 1.9732237620000001e+03
1.9703552130000000e+03 7.9815441099999998e+02 1.3999999999999999e+00 1.9775088550000000e+03
