# epsilon[MeV/fm^3] P[MeV/fm^3] nB[fm^-3] muB[MeV]
4.3514892049562272e-07 9.0000000794219998e-12 4.6796200000000002e-10 9.2990010724260003e+02
5.4394952759824855e-07 1.2854500250148002e-11 5.8496400000000005e-10 9.2990743275720001e+02
6.8239664606092796e-07 1.8414700022552000e-11 7.3384599999999997e-10 9.2991587774760001e+02
8.5763463874259032e-07 2.6380199998860002e-11 9.2229000000000003e-10 9.2992551188760001e+02
1.0799253715994732e-06 3.7791099667920001e-11 1.1613300000000000e-09 9.2993648532329996e+02
1.3625442882637764e-06 5.4137899979800000e-11 1.4652400000000000e-09 9.2994894782519998e+02
1.7226605254650248e-06 7.7555599791040007e-11 1.8524800000000000e-09 9.2996308925910000e+02
2.1826057027272589e-06 1.1110299984364001e-10 2.3470600000000000e-09 9.2997909967860005e+02
2.7713348204539073e-06 1.5916099965360000e-10 2.9801100000000000e-09 9.2999716876169998e+02
3.5266032513682487e-06 2.2800800111288001e-10 3.7922200000000000e-09 9.3001754656409992e+02
4.4975537964996660e-06 3.2663399940042002e-10 4.8362200000000001e-09 9.3004045271789994e+02
4.5807460305493105e-06 3.3555999792714001e-10 4.9256699999999996e-09 9.3004228160820003e+02
4.7281205653478515e-06 3.3656599963290001e-10 5.0841300000000003e-09 9.3004248152130003e+02
6.5759177435918250e-06 5.4515600232911993e-10 7.0708799999999999e-09 9.3007696075620004e+02
9.1998724984833464e-06 8.8567000200420000e-10 9.8920399999999997e-09 9.3011730648750006e+02
1.2918168885426129e-05 1.4388700552640002e-09 1.3889600000000001e-08 9.3016406831190000e+02
1.8201380444258739e-05 2.3376200076990001e-09 1.9569300000000001e-08 9.3021808578930006e+02
2.5725895950178280e-05 3.7977398937599994e-09 2.7657999999999999e-08 9.3028025838780002e+02
3.6463989818522291e-05 6.1698799253159997e-09 3.9200400000000002e-08 9.3035162548649998e+02
5.1813630126296458e-05 1.0023700173792000e-08 5.5698400000000002e-08 9.3043332628019994e+02
7.3785560512054020e-05 1.6284700005120000e-08 7.9311899999999997e-08 9.3052664006250006e+02
1.0527189036420272e-04 2.6456400399219999e-08 1.1314700000000000e-07 9.3063298613190000e+02
1.5043483705694415e-04 4.2981499428689995e-08 1.6167299999999999e-07 9.3075400323120004e+02
1.5143539825673478e-04 4.3369399516159995e-08 1.6274800000000000e-07 9.3075639185940008e+02
1.5666718390755263e-04 4.3499599327679997e-08 1.6836899999999999e-07 9.3075719132400002e+02
1.8247319946392853e-04 5.3487099479700000e-08 1.9609400000000001e-07 9.3081203831400001e+02
2.1304949570856091e-04 6.5965099669560007e-08 2.2894200000000001e-07 9.3087079295249998e+02
2.4880173202308656e-04 8.1354199584480006e-08 2.6734800000000002e-07 9.3093285559410003e+02
2.9061049213158235e-04 1.0033299847065000e-07 3.1225699999999999e-07 9.3099838615049998e+02
3.3950651358852186e-04 1.2374000051775000e-07 3.6477499999999998e-07 9.3106758453479995e+02
3.9669496520679297e-04 1.5260700009555001e-07 4.2619500000000001e-07 9.3114063056550003e+02
4.6358813252914599e-04 1.8820900209407997e-07 4.9803199999999997e-07 9.3121772415570001e+02
5.4183717856390442e-04 2.3211699768180001e-07 5.8205699999999998e-07 9.3129908512530005e+02
6.3337419989345891e-04 2.8626699988691999e-07 6.8034199999999997e-07 9.3138494352930002e+02
7.4046361643000222e-04 3.5305100162730003e-07 7.9531500000000002e-07 9.3147551899979999e+02
7.4543957324912111e-04 3.5623800038969997e-07 8.0065699999999999e-07 9.3147951660449996e+02
7.7046470619140960e-04 3.5730600246279002e-07 8.2752300000000002e-07 9.3148080575760002e+02
7.7218701201869997e-04 3.5837800248323999e-07 8.2937200000000002e-07 9.3148210505190002e+02
7.7564281539113634e-04 3.6053199741144001e-07 8.3308200000000005e-07 9.3148469349929996e+02
7.7911352986319152e-04 3.6269800105895999e-07 8.3680799999999998e-07 9.3148728185280004e+02
7.8260009510663572e-04 3.6487800290032998e-07 8.4055099999999997e-07 9.3148988034750005e+02
7.8610250285012515e-04 3.6706999922346001e-07 8.4431100000000000e-07 9.3149248879559991e+02
7.8962075319254110e-04 3.6927600351839998e-07 8.4808799999999996e-07 9.3149508719639994e+02
7.9315485471188711e-04 3.7149499796798001e-07 8.5188199999999998e-07 9.3149769564450003e+02
7.9670479058673201e-04 3.7372699824480005e-07 8.5569300000000004e-07 9.3150031404599997e+02
8.0027057791247260e-04 3.7597299948234002e-07 8.5952100000000004e-07 9.3150293244750003e+02
8.0385221698387247e-04 3.7823200230633998e-07 8.6336599999999998e-07 9.3150555094289996e+02
8.0745063029167934e-04 3.8050499711466001e-07 8.6722899999999999e-07 9.3150817929779998e+02
8.1106395596088781e-04 3.8279099715107999e-07 8.7110800000000002e-07 9.3151080774659999e+02
8.1469498722525535e-04 3.8509200436278001e-07 8.7500600000000005e-07 9.3151343619540000e+02
8.1834093096975699e-04 3.8740599815679997e-07 8.7891999999999998e-07 9.3151607459759998e+02
8.3652972322216491e-04 3.8856800310954005e-07 8.9844600000000005e-07 9.3151737379799999e+02
8.9649746606902973e-04 4.2637900225708002e-07 9.6282100000000007e-07 9.3155798930399999e+02
9.6293679962426715e-04 4.6927300060880000e-07 1.0341400000000000e-06 9.3160093353000002e+02
1.0343084479593990e-03 5.1648199988999994e-07 1.1107499999999999e-06 9.3164493704189999e+02
1.1110033276598183e-03 5.6844100521450010e-07 1.1930700000000001e-06 9.3169002988770001e+02
1.1934040547386528e-03 6.2562700512179996e-07 1.2815100000000000e-06 9.3173623206809998e+02
1.2819398888523502e-03 6.8856500094819997e-07 1.3765300000000001e-06 9.3178357353719991e+02
1.3770588621277026e-03 7.5783499966439992e-07 1.4786100000000000e-06 9.3183208434300002e+02
1.4792742600387720e-03 8.3407400117300003e-07 1.5882999999999999e-06 9.3188178448619999e+02
1.5890902438860661e-03 9.1798299673799988e-07 1.7061399999999999e-06 9.3193271378040004e+02
1.7070948934908867e-03 1.0103300084124001e-06 1.8327600000000000e-06 9.3198488236679998e+02
1.7418302566492478e-03 1.0379399925766002e-06 1.8700300000000001e-06 9.3199978345169995e+02
1.8026805910135908e-03 1.0410599913928000e-06 1.9353200000000000e-06 9.3200143242960007e+02
2.0389359400714486e-03 1.2275099896319999e-06 2.1888000000000001e-06 9.3209187794249999e+02
2.3114099463439177e-03 1.4516999917321999e-06 2.4811100000000001e-06 9.3218792017709995e+02
2.6204004641994278e-03 1.7168400063888003e-06 2.8125600000000001e-06 9.3228811983419996e+02
2.9707928967162671e-03 2.0304000155634000e-06 3.1883800000000001e-06 9.3239264696670000e+02
3.3681648965264784e-03 2.4012300084080001e-06 3.6145400000000001e-06 9.3250170129989999e+02
3.8188055776886142e-03 2.8397900147328003e-06 4.0977700000000004e-06 9.3261546284010001e+02
4.3298558716110781e-03 3.3584500068246004e-06 4.6457100000000001e-06 9.3273413140649996e+02
4.9094492242661523e-03 3.9718300068571995e-06 5.2670599999999997e-06 9.3285792691289998e+02
5.5667590537662745e-03 4.6972400276543001e-06 5.9716300000000001e-06 9.3298704917850000e+02
6.3122329168583428e-03 5.5551399798486997e-06 6.7705900000000002e-06 9.3312173811779996e+02
6.3691536418958340e-03 5.6221100036384002e-06 6.8315900000000001e-06 9.3313158221820004e+02
6.6107787783348925e-03 5.6389700285964000e-06 7.0905299999999997e-06 9.3313397075249998e+02
7.1832281514335565e-03 6.2999099885847007e-06 7.7039700000000007e-06 9.3322329697740008e+02
7.8228640480689938e-03 7.0594400109160007e-06 8.3893400000000006e-06 9.3331767013950002e+02
8.5195476220300548e-03 7.9105299722335996e-06 9.1357600000000004e-06 9.3341477175390003e+02
9.2783521214718639e-03 8.8642300383220009e-06 9.9486500000000000e-06 9.3351470163630006e+02
1.0104791977484120e-02 9.9329099737559988e-06 1.0833900000000000e-05 9.3361751969490001e+02
1.1005037422914624e-02 1.1130399980334000e-05 1.1798100000000000e-05 9.3372332602710003e+02
1.1985504705131824e-02 1.2472300012974001e-05 1.2848100000000000e-05 9.3383220044789994e+02
1.3053499763127112e-02 1.3976000053347000e-05 1.3991700000000000e-05 9.3394422305399996e+02
1.4216706487829026e-02 1.5661000693130000e-05 1.5237100000000000e-05 9.3405949366109996e+02
1.5483652631007537e-02 1.7549100191680000e-05 1.6593399999999999e-05 9.3417811227269999e+02
1.5623499832828706e-02 1.7760599953030001e-05 1.6743099999999999e-05 9.3419079468840005e+02
1.6269961736847121e-02 1.7813900213129999e-05 1.7435099999999998e-05 9.3419395273319992e+02
1.7094324515795702e-02 1.9027400207749999e-05 1.8317499999999999e-05 9.3426180186839997e+02
1.8000874089488257e-02 2.0384500450440000e-05 1.9287799999999999e-05 9.3433394852489994e+02
1.8955614232225096e-02 2.1838399047120000e-05 2.0309599999999999e-05 9.3440734433310001e+02
1.9960983560824267e-02 2.3396100553499999e-05 2.1385500000000000e-05 9.3448202938830002e+02
2.1019794814794490e-02 2.5064799654149998e-05 2.2518500000000001e-05 9.3455801364390004e+02
2.2134768910989058e-02 2.6852600343399999e-05 2.3711500000000002e-05 9.3463531710059999e+02
2.3309000859656603e-02 2.8767899159999994e-05 2.4967799999999998e-05 9.3471396971249999e+02
2.4545494036103295e-02 3.0819700065419999e-05 2.6290599999999999e-05 9.3479400162150000e+02
2.5847718880420045e-02 3.3017999946119998e-05 2.7683600000000000e-05 9.3487541254589996e+02
2.7219055484112444e-02 3.5372998881120002e-05 2.9150400000000001e-05 9.3495825272219997e+02
2.7775365070038964e-02 3.6339601209739997e-05 2.9745400000000002e-05 9.3499105302509997e+02
2.8289610775747390e-02 3.6448598719180002e-05 3.0295400000000001e-05 9.3499466085090000e+02
2.8802930737171755e-02 3.7332599735440002e-05 3.0844399999999999e-05 9.3502356336480000e+02
2.9391538203060320e-02 3.8352800962709990e-05 3.1473899999999997e-05 9.3505628375879996e+02
2.9992229144074897e-02 3.9400800335690003e-05 3.2116300000000003e-05 9.3508923392610006e+02
3.0605097595990186e-02 4.0477499896860003e-05 3.2771700000000003e-05 9.3512239395989991e+02
3.1230612131930052e-02 4.1583600119840003e-05 3.3440600000000000e-05 9.3515578386089999e+02
3.1868867160453597e-02 4.2719998743180005e-05 3.4123099999999999e-05 9.3518940362910007e+02
3.2520144922003676e-02 4.3887298648500002e-05 3.4819500000000001e-05 9.3522325326449993e+02
3.3184820445813230e-02 4.5086601561120004e-05 3.5530200000000001e-05 9.3525732271979996e+02
3.3862987887692660e-02 4.6318701748649993e-05 3.6255299999999998e-05 9.3529163208960006e+02
3.4555116462740516e-02 4.7584401826990007e-05 3.6995300000000001e-05 9.3532617123270006e+02
3.4710848908415574e-02 4.7870299693839997e-05 3.7161800000000001e-05 9.3533387666670001e+02
3.5705765632703390e-02 4.8013899962450004e-05 3.8225500000000002e-05 9.3533768431169995e+02
3.6190650245182691e-02 4.8884701265269996e-05 3.8743900000000000e-05 9.3536029073669999e+02
3.6764595537185744e-02 4.9920498059249994e-05 3.9357499999999997e-05 9.3538680481020003e+02
3.7347724170046170e-02 5.0978398185919999e-05 3.9980900000000002e-05 9.3541345870079999e+02
3.7940129948432849e-02 5.2058599241440000e-05 4.0614200000000002e-05 9.3544024264290010e+02
3.8541907483377907e-02 5.3161699756499999e-05 4.1257500000000003e-05 9.3546717635549999e+02
3.9153244015328124e-02 5.4288198430999997e-05 4.1910999999999999e-05 9.3549425007299999e+02
3.9774234210732992e-02 5.5438601263319996e-05 4.2574799999999998e-05 9.3552146370150001e+02
4.0405159191034282e-02 5.6613297948239995e-05 4.3249199999999999e-05 9.3554882728830000e+02
4.1046019389420471e-02 5.7812899551080002e-05 4.3934199999999997e-05 9.3557633069220003e+02
4.1697190276124625e-02 5.9037997871239995e-05 4.4630199999999998e-05 9.3560397410099995e+02
4.2358578444415006e-02 6.0288999023690009e-05 4.5337100000000003e-05 9.3563177732760005e+02
4.2549448380963861e-02 6.0651299975859995e-05 4.5541099999999997e-05 9.3563974248900001e+02
4.3740238175900857e-02 6.0833198906699995e-05 4.6813800000000002e-05 9.3564365013750000e+02
4.5854886274473032e-02 6.4782902450840000e-05 4.9073799999999998e-05 9.3572599057799994e+02
4.8180087401599556e-02 6.9195997901699998e-05 5.1558599999999998e-05 9.3581365787159996e+02
5.0623240020302433e-02 7.3909702371599995e-05 5.4169200000000003e-05 9.3590278418340006e+02
5.3190452397117956e-02 7.8944498346630003e-05 5.6912100000000000e-05 9.3599338970190001e+02
5.5887837732656438e-02 8.4322299027779992e-05 5.9793799999999997e-05 9.3608550419339997e+02
5.8722166587791814e-02 9.0066499795649990e-05 6.2821499999999995e-05 9.3617915789369999e+02
6.1700398546921942e-02 9.6201898222459989e-05 6.6002599999999997e-05 9.3627437052180005e+02
6.4829683480590566e-02 1.0275499726340999e-04 6.9344700000000000e-05 9.3637116226620003e+02
6.8117831355171340e-02 1.0975499711746999e-04 7.2856100000000002e-05 9.3646956308100005e+02
7.1572933822013338e-02 1.1723199746169999e-04 7.6545399999999994e-05 9.3656960282640000e+02
7.2872355791586060e-02 1.2007500056640000e-04 7.7932800000000000e-05 9.3660639068670002e+02
7.6294350046888545e-02 1.2043499631464001e-04 8.1586400000000002e-05 9.3661091798129996e+02
7.8557740452832786e-02 1.2521799885310001e-04 8.4002899999999995e-05 9.3666865324139997e+02
8.1070439170188191e-02 1.3058099681828001e-04 8.6685400000000002e-05 9.3673145543940007e+02
8.3663493660002267e-02 1.3617299667415003e-04 8.9453500000000007e-05 9.3679492723830003e+02
8.6339540033127660e-02 1.4200499619000000e-04 9.2310000000000002e-05 9.3685905859080003e+02
8.9101308842231525e-02 1.4808700429182000e-04 9.5257800000000001e-05 9.3692387963880003e+02
9.1951438062670962e-02 1.5442999846642999e-04 9.8299699999999997e-05 9.3698938014720000e+02
9.3544637803481184e-02 1.5800363917307320e-04 1.0000000000000000e-04 9.3702641442654260e+02
9.5903514818165586e-02 1.5937580893860418e-04 1.0251704454656695e-04 9.3704311367919843e+02
9.8321874673353307e-02 1.6079430678569200e-04 1.0509751425213258e-04 9.3705992649717348e+02
1.0080121732359569e-01 1.6226069687293759e-04 1.0774300699924216e-04 9.3707685382475711e+02
1.0334308054718698e-01 1.6377659616907455e-04 1.1045516091539196e-04 9.3709389661422642e+02
1.0594904089994986e-01 1.6534367623597873e-04 1.1323565538629039e-04 9.3711105582591324e+02
1.0862071469307288e-01 1.6696366507187735e-04 1.1608621209461878e-04 9.3712833242827173e+02
1.1135975899560524e-01 1.6863834901678941e-04 1.1900859608493229e-04 9.3714572739794437e+02
1.1416787266223115e-01 1.7036957472229902e-04 1.2200461685535810e-04 9.3716324171983194e+02
1.1704679738696111e-01 1.7215925118783325e-04 1.2507612947676531e-04 9.3718087638716111e+02
1.1999831878339379e-01 1.7400935186569048e-04 1.2822503574009715e-04 9.3719863240155439e+02
1.2302426749221845e-01 1.7592191683713963e-04 1.3145328533257396e-04 9.3721651077309923e+02
1.2612652031664467e-01 1.7789905506199069e-04 1.3476287704349208e-04 9.3723451252042048e+02
1.2930700138646378e-01 1.7994294670411632e-04 1.3815586000036421e-04 9.3725263867074875e+02
1.3256768335146399e-01 1.8205584553548947e-04 1.4163433493616262e-04 9.3727089025999521e+02
1.3591058860493954e-01 1.8424008142138757e-04 1.4520045548844907e-04 9.3728926833282219e+02
1.3933779053805223e-01 1.8649806288950388e-04 1.4885642953119140e-04 9.3730777394271570e+02
1.4285141482582395e-01 1.8883227978579856e-04 1.5260452054008963e-04 9.3732640815206173e+02
1.4645364074555739e-01 1.9124530602001872e-04 1.5644704899225439e-04 9.3734517203221731e+02
1.5014670252850310e-01 1.9373980240391418e-04 1.6038639380110031e-04 9.3736406666358766e+02
1.5393289074561073e-01 1.9631851958527903e-04 1.6442499378734079e-04 9.3738309313570153e+02
1.5781455372822406e-01 1.9898430108105400e-04 1.6856534918699092e-04 9.3740225254728603e+02
1.6179409902460154e-01 2.0174008641283476e-04 1.7281002319730955e-04 9.3742154600634569e+02
1.6587399489316509e-01 2.0458891434824294e-04 1.7716164356163436e-04 9.3744097463023797e+02
1.7005677183340359e-01 2.0753392625173469e-04 1.8162290419408692e-04 9.3746053954575291e+02
1.7434502415538022e-01 2.1057836954854091e-04 1.8619656684515053e-04 9.3748024188919169e+02
1.7874141158881804e-01 2.1372560130556001e-04 1.9088546280914877e-04 9.3750008280644533e+02
1.8324866093276077e-01 2.1697909193315045e-04 1.9569249467467687e-04 9.3752006345307666e+02
1.8786956774683256e-01 2.2034242901190586e-04 2.0062063811906680e-04 9.3754018499439997e+02
1.9260699808514534e-01 2.2381932124863207e-04 2.0567294374799176e-04 9.3756044860556335e+02
1.9746389027392985e-01 2.2741360256588877e-04 2.1085253898134602e-04 9.3758085547163057e+02
2.0244325673399213e-01 2.3112923632960430e-04 2.1616262998656185e-04 9.3760140678766425e+02
2.0754818584912624e-01 2.3497031971942653e-04 2.2160650366055665e-04 9.3762210375881045e+02
2.1278184388164179e-01 2.3894108824662786e-04 2.2718752966153228e-04 9.3764294760038229e+02
2.1814747693619496e-01 2.4304592042454683e-04 2.3290916249187987e-04 9.3766393953794523e+02
2.2364841297314036e-01 2.4728934259671633e-04 2.3877494363347358e-04 9.3768508080740423e+02
2.2928806387265296e-01 2.5167603392800211e-04 2.4478850373667153e-04 9.3770637265508901e+02
2.3506992755089962e-01 2.5621083156425505e-04 2.5095356486437109e-04 9.3772781633784280e+02
2.4099759012957392e-01 2.6089873596616743e-04 2.5727394279250528e-04 9.3774941312310875e+02
2.4707472816013903e-01 2.6574491642321373e-04 2.6375354936839543e-04 9.3777116428902218e+02
2.5330511090415836e-01 2.7075471675375764e-04 2.7039639492841674e-04 9.3779307112449624e+02
2.5969260267112804e-01 2.7593366119760807e-04 2.7720659077646421e-04 9.3781513492931663e+02
2.6624116521526231e-01 2.8128746050752542e-04 2.8418835172474996e-04 9.3783735701422984e+02
2.7295486019271714e-01 2.8682201824639176e-04 2.9134599869849552e-04 9.3785973870103646e+02
2.7983785168077685e-01 2.9254343729699103e-04 2.9868396140612572e-04 9.3788228132268455e+02
2.8689440876056577e-01 2.9845802659157566e-04 3.0620678107660921e-04 9.3790498622336247e+02
2.9412890816488729e-01 3.0457230806864224e-04 3.1391911326563365e-04 9.3792785475859421e+02
3.0154583699283283e-01 3.1089302386458578e-04 3.2182573073234435e-04 9.3795088829533427e+02
3.0914979549284305e-01 3.1742714374816345e-04 3.2993152638841847e-04 9.3797408821206363e+02
3.1694549991594906e-01 3.2418187280596470e-04 3.3824151632129304e-04 9.3799745589888789e+02
3.2493778544096236e-01 3.3116465938736470e-04 3.4676084289340931e-04 9.3802099275763396e+02
3.3313160917342860e-01 3.3838320331771915e-04 3.5549477791938319e-04 9.3804470020194913e+02
3.4153205322020413e-01 3.4584546438885886e-04 3.6444872592305839e-04 9.3806857965740153e+02
3.5014432784156274e-01 3.5355967113624541e-04 3.7362822747644960e-04 9.3809263256157874e+02
3.5897377468278863e-01 3.6153432991246730e-04 3.8303896262263301e-04 9.3811686036419076e+02
3.6802587008725873e-01 3.6977823426708140e-04 3.9268675438469214e-04 9.3814126452717130e+02
3.7730622849306950e-01 3.7830047464314231e-04 4.0257757236287985e-04 9.3816584652478150e+02
3.8682060591531481e-01 3.8711044840111200e-04 4.1271753642221323e-04 9.3819060784371288e+02
3.9657490351617586e-01 3.9621787018120338e-04 4.2311292047277207e-04 9.3821554998319345e+02
4.0657517126503623e-01 4.0563278261558525e-04 4.3377015634503006e-04 9.3824067445509218e+02
4.1682761169089216e-01 4.1536556740225713e-04 4.4469583776260218e-04 9.3826598278402753e+02
4.2733858372938610e-01 4.2542695675280937e-04 4.5589672441485949e-04 9.3829147650747268e+02
4.3811460666684954e-01 4.3582804522668912e-04 4.6737974613191474e-04 9.3831715717586610e+02
4.4916236418380096e-01 4.4658030196502267e-04 4.7915200716455226e-04 9.3834302635271968e+02
4.6048870850040741e-01 4.5769558333748459e-04 4.9122079057173633e-04 9.3836908561472978e+02
4.7210066462647932e-01 4.6918614601615654e-04 5.0359356271839747e-04 9.3839533655188905e+02
4.8400543471863705e-01 4.8106466049079705e-04 5.1627797788626956e-04 9.3842178076759842e+02
4.9621040254735016e-01 4.9334422504042016e-04 5.2928188300061343e-04 9.3844841987877930e+02
5.0872313807661929e-01 5.0603838017659311e-04 5.4261332247573552e-04 9.3847525551598949e+02
5.2155140215914264e-01 5.1916112357437694e-04 5.5628054318228575e-04 9.3850228932353912e+02
5.3470315134987834e-01 5.3272692550737513e-04 5.7029199953939397e-04 9.3852952295960313e+02
5.4818654284098933e-01 5.4675074480391183e-04 5.8465635873477249e-04 9.3855695809634460e+02
5.6200993952122946e-01 5.6124804534193114e-04 5.9938250607600530e-04 9.3858459642002640e+02
5.7618191516291040e-01 5.7623481310080816e-04 6.1447955047630801e-04 9.3861243963113589e+02
5.9071125973966621e-01 5.9172757378887460e-04 6.2995683007814206e-04 9.3864048944450337e+02
6.0560698487831544e-01 6.0774341106609739e-04 6.4582391801814003e-04 9.3866874758942265e+02
6.2087832944819743e-01 6.2429998538200086e-04 6.6209062833688594e-04 9.3869721580977523e+02
6.3653476529145525e-01 6.4141555344960819e-04 6.7876702203719102e-04 9.3872589586415222e+02
6.5258600309781556e-01 6.5910898837687540e-04 6.9586341329458921e-04 9.3875478952598041e+02
6.6904199842751144e-01 6.7739980047781443e-04 7.1339037582387316e-04 9.3878389858364767e+02
6.8591295788608164e-01 6.9630815878625604e-04 7.3135874940558651e-04 9.3881322484062878e+02
7.0320934545487768e-01 7.1585491329597263e-04 7.4977964657648507e-04 9.3884277011561448e+02
7.2094188898120481e-01 7.3606161795168785e-04 7.6866445948808447e-04 9.3887253624264088e+02
7.3912158683212326e-01 7.5695055441632421e-04 7.8802486693751127e-04 9.3890252507121750e+02
7.5775971471603354e-01 7.7854475664069329e-04 8.0787284157497643e-04 9.3893273846646127e+02
7.7686783267628001e-01 8.0086803626272540e-04 8.2822065729230832e-04 9.3896317830922692e+02
7.9645779226110980e-01 8.2394500886424471e-04 8.4908089679708548e-04 9.3899384649624210e+02
8.1654174387443323e-01 8.4780112111424203e-04 8.7046645937702749e-04 9.3902474494024057e+02
8.3713214431194527e-01 8.7246267882857621e-04 8.9239056885941092e-04 9.3905587557010006e+02
8.5824176448728173e-01 8.9795687597704502e-04 9.1486678177041258e-04 9.3908724033097678e+02
8.7988369735300342e-01 9.2431182466981186e-04 9.3790899569938329e-04 9.3911884118444686e+02
9.0207136602132187e-01 9.5155658615625460e-04 9.6153145787320805e-04 9.3915068010864275e+02
9.2481853208959919e-01 9.7972120287041558e-04 9.8574877394600347e-04 9.3918275909839701e+02
9.4813930417579062e-01 1.0088367315583919e-03 1.0105759170095717e-03 9.3921508016538166e+02
9.7204814666912109e-01 1.0389352775241935e-03 1.0360282368301341e-03 9.3924764533825294e+02
9.9655988870142620e-01 1.0700500300318341e-03 1.0621214693170282e-03 9.3928045666279581e+02
1.0216897333447152e+00 1.1022152989026864e-03 1.0888717462291802e-03 9.3931351620206874e+02
1.0474532670406700e+00 1.1354665523484648e-03 1.1162956051253183e-03 9.3934682603655062e+02
1.0738664692679210e+00 1.1698404560815466e-03 1.1444099995640375e-03 9.3938038826429090e+02
1.1009457224531001e+00 1.2053749137457645e-03 1.1732323095599839e-03 9.3941420500105653e+02
1.1287078221318170e+00 1.2421091087122459e-03 1.2027803523025767e-03 9.3944827838048525e+02
1.1571699873658581e+00 1.2800835472863933e-03 1.2330723931438512e-03 9.3948261055423586e+02
1.1863498714230745e+00 1.3193401033736430e-03 1.2641271568621724e-03 9.3951720369214354e+02
1.2162655727265812e+00 1.3599220646532653e-03 1.2959638392087385e-03 9.3955205998237238e+02
1.2469356460800527e+00 1.4018741803111048e-03 1.3286021187439458e-03 9.3958718163157539e+02
1.2783791141760872e+00 1.4452427103839095e-03 1.3620621689709122e-03 9.3962257086504746e+02
1.3106154793947713e+00 1.4900754767696570e-03 1.3963646707735773e-03 9.3965822992688777e+02
1.3436647358997633e+00 1.5364219159601194e-03 1.4315308251670346e-03 9.3969416108015844e+02
1.3775473820394011e+00 1.5843331335538252e-03 1.4675823663679107e-03 9.3973036660704747e+02
1.4122844330605175e+00 1.6338619606095124e-03 1.5045415751928134e-03 9.3976684880903167e+02
1.4478974341428628e+00 1.6850630119022360e-03 1.5424312927930822e-03 9.3980361000704045e+02
1.4844084737622067e+00 1.7379927461463492e-03 1.5812749347342554e-03 9.3984065254162181e+02
1.5218401973904114e+00 1.7927095282517702e-03 1.6210965054288932e-03 9.3987797877311186e+02
1.5602158215409749e+00 1.8492736936821885e-03 1.6619206129316227e-03 9.3991559108180218e+02
1.5995591481687570e+00 1.9077476149861744e-03 1.7037724841054737e-03 9.3995349186810961e+02
1.6398945794328130e+00 1.9681957705745519e-03 1.7466779801688004e-03 9.3999168355275003e+02
1.6812471328315031e+00 2.0306848158198857e-03 1.7906636126323438e-03 9.4003016857691114e+02
1.7236424567192470e+00 2.0952836565564610e-03 1.8357565596361853e-03 9.4006894940242751e+02
1.7671068462145663e+00 2.1620635250618274e-03 1.8819846826966299e-03 9.4010802851195615e+02
1.8116672595092749e+00 2.2310980586036848e-03 1.9293765438732789e-03 9.4014740840915670e+02
1.8573513345889225e+00 2.3024633806387057e-03 1.9779614233668133e-03 9.4018709161886841e+02
1.9041874063748796e+00 2.3762381847528542e-03 2.0277693375582817e-03 9.4022708068729457e+02
1.9522045242986823e+00 2.4525038214357536e-03 2.0788310575009556e-03 9.4026737818218282e+02
2.0014324703195454e+00 2.5313443877847787e-03 2.1311781278760748e-03 9.4030798669301009e+02
2.0519017773962154e+00 2.6128468202378089e-03 2.1848428864241066e-03 9.4034890883117032e+02
2.1036437484246160e+00 2.6971009904368623e-03 2.2398584838634297e-03 9.4039014723015964e+02
2.1566904756530425e+00 2.7841998043283619e-03 2.2962589043086391e-03 9.4043170454576796e+02
2.2110748605869417e+00 2.8742393046092825e-03 2.3540789862009958e-03 9.4047358345626890e+02
2.2668306343956135e+00 2.9673187766321375e-03 2.4133544437638242e-03 9.4051578666261287e+02
2.3239923788335108e+00 3.0635408578856172e-03 2.4741218889960241e-03 9.4055831688862122e+02
2.3825955476890970e+00 3.1630116511715723e-03 2.5364188542171457e-03 9.4060117688118271e+02
2.4426764887745720e+00 3.2658408416031525e-03 2.6002838151778515e-03 9.4064436941045233e+02
2.5042724664701090e+00 3.3721418175531206e-03 2.6657562147499171e-03 9.4068789727004798e+02
2.5674216848365674e+00 3.4820317956856827e-03 2.7328764872102526e-03 9.4073176327725560e+02
2.6321633113110434e+00 3.5956319502097440e-03 2.8016860831338512e-03 9.4077597027322963e+02
2.6985375009999375e+00 3.7130675464960897e-03 2.8722274949108781e-03 9.4082052112319934e+02
2.7665854215846033e+00 3.8344680792058274e-03 2.9445442829035156e-03 9.4086541871667555e+02
2.8363492788550411e+00 3.9599674150824190e-03 3.0186811022585996e-03 9.4091066596765813e+02
2.9078723428874595e+00 4.0897039405647512e-03 3.0946837303924271e-03 9.4095626581484885e+02
2.9811989748819472e+00 4.2238207143840047e-03 3.1725990951645758e-03 9.4100222122186074e+02
3.0563746546769037e+00 4.3624656253126179e-03 3.2524753037579675e-03 9.4104853517743436e+02
3.1334460089572769e+00 4.5057915552392386e-03 3.3343616722828220e-03 9.4109521069565415e+02
3.2124608401741299e+00 4.6539565477495444e-03 3.4183087561226546e-03 9.4114225081616473e+02
3.2934681561934607e+00 4.8071239823988020e-03 3.5043683810408459e-03 9.4118965860439198e+02
3.3765182006926509e+00 4.9654627548683019e-03 3.5925936750668005e-03 9.4123743715176579e+02
3.4616624843234223e+00 5.1291474632043721e-03 3.6830391011812330e-03 9.4128558957594259e+02
3.5489538166606125e+00 5.2983586003453103e-03 3.7757604908205270e-03 9.4133411902103137e+02
3.6384463389565878e+00 5.4732827531485291e-03 3.8708150782206653e-03 9.4138302865782259e+02
3.7301955577216197e+00 5.6541128081373992e-03 3.9682615356217378e-03 9.4143232168401744e+02
3.8242583791510256e+00 5.8410481641946151e-03 4.0681600093545140e-03 9.4148200132445959e+02
3.9206931444204640e+00 6.0342949524366954e-03 4.1705721568311626e-03 9.4153207083137067e+02
4.0195596658712525e+00 6.2340662635120107e-03 4.2755611844627270e-03 9.4158253348458425e+02
4.1209192641081414e+00 6.4405823825729692e-03 4.3831918865264779e-03 9.4163339259178508e+02
4.2248348060325878e+00 6.6540710321815284e-03 4.4935306850069434e-03 9.4168465148875032e+02
4.3313707438350857e+00 6.8747676234158063e-03 4.6066456704349180e-03 9.4173631353959195e+02
4.4405931549707516e+00 7.1029155154547288e-03 4.7226066437494191e-03 9.4178838213699873e+02
4.5525697831429710e+00 7.3387662839269592e-03 4.8414851592081237e-03 9.4184086070248725e+02
4.6673700803204854e+00 7.5825799983199466e-03 4.9633545683725145e-03 9.4189375268664787e+02
4.7850652498140347e+00 7.8346255087550914e-03 5.0882900651945751e-03 9.4194706156939776e+02
4.9057282904392379e+00 8.0951807424451908e-03 5.2163687322325783e-03 9.4200079086023356e+02
5.0294340417930945e+00 8.3645330101610182e-03 5.3476695880241322e-03 9.4205494409848745e+02
5.1562592306722310e+00 8.6429793230451048e-03 5.4822736356454531e-03 9.4210952485358541e+02
5.2862825186616398e+00 8.9308267201219354e-03 5.6202639124864522e-03 9.4216453672530736e+02
5.4195845509234450e+00 9.2283926068657696e-03 5.7617255412720147e-03 9.4221998334405089e+02
5.5562480062159745e+00 9.5360051051994431e-03 5.9067457823606482e-03 9.4227586837109357e+02
5.6963576481741063e+00 9.8540034153099757e-03 6.0554140873522611e-03 9.4233219549886564e+02
5.8400003778827587e+00 1.0182738189680110e-02 6.2078221540379759e-03 9.4238896845121360e+02
5.9872652877761094e+00 1.0522571919748123e-02 6.3640639827252793e-03 9.4244619098367832e+02
6.1382437168959356e+00 1.0873879335622250e-02 6.5242359339729907e-03 9.4250386688376534e+02
6.2930293075434189e+00 1.1237047819290594e-02 6.6884367877711685e-03 9.4256199997122508e+02
6.4517180633594888e+00 1.1612477831782047e-02 6.8567678042020736e-03 9.4262059409833148e+02
6.6144084088697701e+00 1.2000583354749314e-02 7.0293327856191298e-03 9.4267965315016420e+02
6.7812012505310522e+00 1.2401792346960951e-02 7.2062381403817932e-03 9.4273918104489417e+02
6.9522000393171206e+00 1.2816547216205761e-02 7.3875929481851390e-03 9.4279918173406884e+02
7.1275108348828118e+00 1.3245305307129935e-02 7.5735090270239672e-03 9.4285965920290494e+02
7.3072423713460735e+00 1.3688539405544929e-02 7.7641010018322625e-03 9.4292061747057915e+02
7.4915061247287893e+00 1.4146738259761982e-02 7.9594863748397061e-03 9.4298206059052461e+02
7.6804163820982652e+00 1.4620407119528386e-02 8.1597855976882124e-03 9.4304399265072732e+02
7.8740903124522159e+00 1.5110068293159609e-02 8.3651221453522676e-03 9.4310641777402873e+02
8.0726480393912254e+00 1.5616261723481689e-02 8.5756225919081698e-03 9.4316934011842750e+02
8.2762127156237781e+00 1.6139545583218996e-02 8.7914166881982430e-03 9.4323276387738520e+02
8.4849105993500107e+00 1.6680496890483752e-02 9.0126374414372309e-03 9.4329669328013699e+02
8.6988711325716537e+00 1.7239712145046264e-02 9.2394211968094310e-03 9.4336113259200260e+02
8.9182270213766586e+00 1.7817807986087220e-02 9.4719077211061244e-03 9.4342608611469871e+02
9.1431143182483101e+00 1.8415421872157424e-02 9.7102402884541323e-03 9.4349155818665952e+02
9.3736725064499282e+00 1.9033212784094856e-02 9.9545657681877654e-03 9.4355755318335400e+02
9.6100445865374660e+00 1.9671861951674047e-02 1.0205034714917479e-02 9.4362407551761157e+02
9.8523771650535945e+00 2.0332073604788933e-02 1.0461801460850009e-02 9.4369112963994621e+02
1.0100820545458461e+01 2.1014575749997880e-02 1.0725024210416195e-02 9.4375872003888674e+02
1.0355528821353326e+01 2.1720120973286718e-02 1.0994865137263908e-02 9.4382685124130683e+02
1.0616659972054970e+01 2.2449487269935141e-02 1.1271490483674948e-02 9.4389552781276336e+02
1.0884375960580277e+01 2.3203478902401899e-02 1.1555070662466615e-02 9.4396475435783111e+02
1.1158842834101488e+01 2.3982927287174039e-02 1.1845780361439391e-02 9.4403453552044641e+02
1.1440230826934760e+01 2.4788691911558917e-02 1.2143798650434670e-02 9.4410487598424936e+02
1.1728714466125638e+01 2.5621661281429290e-02 1.2449309091067111e-02 9.4417578047293273e+02
1.2024472679697018e+01 2.6482753900966743e-02 1.2762499849198448e-02 9.4424725375059245e+02
1.2327688907626897e+01 2.7372919285484215e-02 1.3083563810221134e-02 9.4431930062208028e+02
1.2638551215624394e+01 2.8293139008443539e-02 1.3412698697221420e-02 9.4439192593336236e+02
1.2957252411775029e+01 2.9244427783823627e-02 1.3750107192094048e-02 9.4446513457187791e+02
1.3283990166127241e+01 3.0227834585031890e-02 1.4095997059681583e-02 9.4453893146690473e+02
1.3618967133294506e+01 3.1244443801593060e-02 1.4450581275013969e-02 9.4461332158992366e+02
1.3962391078149144e+01 3.2295376434891263e-02 1.4814078153725433e-02 9.4468830995499127e+02
1.4314475004685608e+01 3.3381791334283123e-02 1.5186711485727701e-02 9.4476390161911252e+02
1.4675437288133242e+01 3.4504886474945304e-02 1.5568710672220622e-02 9.4484010168261761e+02
1.5045501810400607e+01 3.5665900278866000e-02 1.5960310866123380e-02 9.4491691528954266e+02
1.5424898098935131e+01 3.6866112980436148e-02 1.6361753116011124e-02 9.4499434762801457e+02
1.5813861469084308e+01 3.8106848038146610e-02 1.6773284513644401e-02 9.4507240393063796e+02
1.6212633170046935e+01 3.9389473593948510e-02 1.7195158345180862e-02 9.4515108947488693e+02
1.6621460534504475e+01 4.0715403981884647e-02 1.7627634246160456e-02 9.4523040958349895e+02
1.7040597132025905e+01 4.2086101287657093e-02 1.8070978360358460e-02 9.4531036962487451e+02
1.7470302926340686e+01 4.3503076960849374e-02 1.8525463502602039e-02 9.4539097501347760e+02
1.7910844436577673e+01 4.4967893481581554e-02 1.8991369325649130e-02 9.4547223121024308e+02
1.8362494902570063e+01 4.6482166083436534e-02 1.9468982491230732e-02 9.4555414372298685e+02
1.8825534454328519e+01 4.8047564534556095e-02 1.9958596845359763e-02 9.4563671810681694e+02
1.9300250285788085e+01 4.9665814978872222e-02 2.0460513598012930e-02 9.4571995996455189e+02
1.9786936832936252e+01 5.1338701839502884e-02 2.0975041507293929e-02 9.4580387494714262e+02
2.0285895956432771e+01 5.3068069786411209e-02 2.1502497068189453e-02 9.4588846875409706e+02
2.0797437128834705e+01 5.4855825770498842e-02 2.2043204706032337e-02 9.4597374713390798e+02
2.1321877626542499e+01 5.6703941126374981e-02 2.2597496974788411e-02 9.4605971588448676e+02
2.1859542726586231e+01 5.8614453746120461e-02 2.3165714760286955e-02 9.4614638085360116e+02
2.2410765908374376e+01 6.0589470326444517e-02 2.3748207488517931e-02 9.4623374793931464e+02
2.2975889060529770e+01 6.2631168691710870e-02 2.4345333339121242e-02 9.4632182309043162e+02
2.3555262692941270e+01 6.4741800195395272e-02 2.4957459464197120e-02 9.4641061230694936e+02
2.4149246154162874e+01 6.6923692202623411e-02 2.5584962212570193e-02 9.4650012164050838e+02
2.4758207854294540e+01 6.9179250656524652e-02 2.6228227359641754e-02 9.4659035719485155e+02
2.5382525493483680e+01 7.1510962731233974e-02 2.6887650342969853e-02 9.4668132512628517e+02
2.6022586296188422e+01 7.3921399574465294e-02 2.7563636503718562e-02 9.4677303164414661e+02
2.6678787251348187e+01 7.6413219142681441e-02 2.8256601334122458e-02 9.4686548301127402e+02
2.7351535358610828e+01 7.8989169131987780e-02 2.8966970731115729e-02 9.4695868554448134e+02
2.8041247880768374e+01 8.1652090007979281e-02 2.9695181256278166e-02 9.4705264561503895e+02
2.8748352602558732e+01 8.4404918137884477e-02 3.0441680402255564e-02 9.4714736964915596e+02
2.9473288095993244e+01 8.7250689028458214e-02 3.1206926865814409e-02 9.4724286412846880e+02
3.0216503992374861e+01 9.0192540673193891e-02 3.1991390827695483e-02 9.4733913559053644e+02
3.0978461261175983e+01 9.3233717012547568e-02 3.2795554239435476e-02 9.4743619062933647e+02
3.1759632495948360e+01 9.6377571510987428e-02 3.3619911117328601e-02 9.4753403589576737e+02
3.2560502207442674e+01 9.9627570854813829e-02 3.4464967843705493e-02 9.4763267809815670e+02
3.3381567124119890e+01 1.0298729877482862e-01 3.5331243475711038e-02 9.4773212400277237e+02
3.4223336500240151e+01 1.0646045999806676e-01 3.6219270061766347e-02 9.4783238043433994e+02
3.5086332431720678e+01 1.1005088433294891e-01 3.7129592965905497e-02 9.4793345427656448e+02
3.5971090179958843e+01 1.1376253089236092e-01 3.8062771200182671e-02 9.4803535247265506e+02
3.6878158503820430e+01 1.1759949245931346e-01 3.9019377765348209e-02 9.4813808202586006e+02
3.7808100000000003e+01 1.2156599999999999e-01 4.0000000000000001e-02 9.4824346200000002e+02
4.2968603000000002e+01 1.5443200000000001e-01 4.5440000000000001e-02 9.4901227500000005e+02
4.8133287000000003e+01 1.9156999999999999e-01 5.0880000000000002e-02 9.4978280900000004e+02
5.3302166000000000e+01 2.3308999999999999e-01 5.6320000000000002e-02 9.5055678100000000e+02
5.8475265999999998e+01 2.7921200000000002e-01 6.1760000000000002e-02 9.5133726799999999e+02
6.3652633000000002e+01 3.3028900000000000e-01 6.7199999999999996e-02 9.5212861199999998e+02
6.8834340999999995e+01 3.8681599999999999e-01 7.2639999999999996e-02 9.5293621599999994e+02
7.4020493000000002e+01 4.4943899999999998e-01 7.8079999999999997e-02 9.5376628000000005e+02
7.9211230999999998e+01 5.1894700000000005e-01 8.3519999999999997e-02 9.5462556099999995e+02
8.4406732000000005e+01 5.9627200000000002e-01 8.8959999999999997e-02 9.5552115800000001e+02
8.9607213000000002e+01 6.8247400000000003e-01 9.4399999999999998e-02 9.5646032700000001e+02
9.4812932000000004e+01 7.7873300000000001e-01 9.9839999999999998e-02 9.5745033599999999e+02
1.0002418299999999e+02 8.8633700000000004e-01 1.0528000000000000e-01 9.5849834499999997e+02
1.0524130200000000e+02 1.0066679999999999e+00 1.1072000000000000e-01 9.5961132199999997e+02
1.1046465800000000e+02 1.1406240000000001e+00 1.1616000000000000e-01 9.6079102100000000e+02
1.1569454500000001e+02 1.2865489999999999e+00 1.2160000000000000e-01 9.6201732900000002e+02
1.2093128200000000e+02 1.4479970000000000e+00 1.2703999999999999e-01 9.6331471599999998e+02
1.2617529300000000e+02 1.6273629999999999e+00 1.3247999999999999e-01 9.6469570099999999e+02
1.3142705500000000e+02 1.8266709999999999e+00 1.3791999999999999e-01 9.6616854899999998e+02
1.3668708699999999e+02 2.0478360000000002e+00 1.4335999999999999e-01 9.6773975499999995e+02
1.4195593800000000e+02 2.2927130000000000e+00 1.4879999999999999e-01 9.6941470900000002e+02
1.4723418699999999e+02 2.5631240000000002e+00 1.5423999999999999e-01 9.7119798700000001e+02
1.5252243200000001e+02 2.8608630000000002e+00 1.5967999999999999e-01 9.7309350600000005e+02
1.5782129499999999e+02 3.1876950000000002e+00 1.6511999999999999e-01 9.7510462700000005e+02
1.6313141300000001e+02 3.5453610000000002e+00 1.7055999999999999e-01 9.7723421699999994e+02
1.6845343500000001e+02 3.9355699999999998e+00 1.7599999999999999e-01 9.7948470999999995e+02
1.7378802700000000e+02 4.3600019999999997e+00 1.8143999999999999e-01 9.8185814500000004e+02
1.7913586200000000e+02 4.8203040000000001e+00 1.8687999999999999e-01 9.8435620200000005e+02
1.8449762100000001e+02 5.3180880000000004e+00 1.9231999999999999e-01 9.8698023999999998e+02
1.8987399400000001e+02 5.8549309999999997e+00 1.9775999999999999e-01 9.8973131699999999e+02
1.9526567299999999e+02 6.4323750000000004e+00 2.0319999999999999e-01 9.9261022200000002e+02
2.0067335600000001e+02 7.0519210000000001e+00 2.0863999999999999e-01 9.9561749799999996e+02
2.0609774200000001e+02 7.7150309999999998e+00 2.1407999999999999e-01 9.9875346000000002e+02
2.1153953200000001e+02 8.4231300000000005e+00 2.1951999999999999e-01 1.0020182170000000e+03
2.1699942700000000e+02 9.1776009999999992e+00 2.2495999999999999e-01 1.0054116900000000e+03
2.2247812600000000e+02 9.9797860000000007e+00 2.3039999999999999e-01 1.0089336270000000e+03
2.2797632700000000e+02 1.0830988000000000e+01 2.3583999999999999e-01 1.0125836170000000e+03
2.3349472700000001e+02 1.1732466000000001e+01 2.4127999999999999e-01 1.0163611050000000e+03
2.3903401600000001e+02 1.2685440000000000e+01 2.4671999999999999e-01 1.0202654010000000e+03
2.4459488200000001e+02 1.3691086000000000e+01 2.5216000000000000e-01 1.0242956930000000e+03
2.5017801000000000e+02 1.4750538000000001e+01 2.5760000000000000e-01 1.0284510510000000e+03
2.5578407600000000e+02 1.5864887000000000e+01 2.6304000000000000e-01 1.0327304429999999e+03
2.6141375299999999e+02 1.7035180000000000e+01 2.6848000000000000e-01 1.0371327320000000e+03
2.6706770699999998e+02 1.8262422000000001e+01 2.7392000000000000e-01 1.0416566920000000e+03
2.7274659500000001e+02 1.9547571999999999e+01 2.7936000000000000e-01 1.0463010070000000e+03
2.7845106900000002e+02 2.0891545000000001e+01 2.8480000000000000e-01 1.0510642780000001e+03
2.8418177300000002e+02 2.2295210000000001e+01 2.9024000000000000e-01 1.0559450280000001e+03
2.8993934100000001e+02 2.3759390000000000e+01 2.9568000000000000e-01 1.0609417050000000e+03
2.9572440100000000e+02 2.5284862000000000e+01 3.0112000000000000e-01 1.0660526890000001e+03
3.0153756900000002e+02 2.6872357999999998e+01 3.0656000000000000e-01 1.0712762920000000e+03
3.0737945500000001e+02 2.8522559999999999e+01 3.1200000000000000e-01 1.0766107620000000e+03
3.1325065499999999e+02 3.0236105999999999e+01 3.1744000000000000e-01 1.0820542920000000e+03
3.1915176000000002e+02 3.2013584999999999e+01 3.2288000000000000e-01 1.0876050170000001e+03
3.2508334700000000e+02 3.3855538000000003e+01 3.2832000000000000e-01 1.0932610219999999e+03
3.3104598299999998e+02 3.5762462999999997e+01 3.3376000000000000e-01 1.0990203440000000e+03
3.3704022600000002e+02 3.7734807000000004e+01 3.3920000000000000e-01 1.1048809779999999e+03
3.4306662200000000e+02 3.9772973000000000e+01 3.4464000000000000e-01 1.1108408790000001e+03
3.4912570399999998e+02 4.1877319000000000e+01 3.5008000000000000e-01 1.1168979670000001e+03
3.5521799700000003e+02 4.4048158000000001e+01 3.5552000000000000e-01 1.1230501310000000e+03
3.6134401200000002e+02 4.6285758000000001e+01 3.6096000000000000e-01 1.1292952350000000e+03
3.6750424900000002e+02 4.8590344999999999e+01 3.6640000000000000e-01 1.1356311209999999e+03
3.7369919299999998e+02 5.0955447999999997e+01 3.7184000000000000e-01 1.1420377060000001e+03
3.7992695400000002e+02 5.3033996000000002e+01 3.7728000000000000e-01 1.1475869889999999e+03
3.8618371200000001e+02 5.5003610000000002e+01 3.8272000000000000e-01 1.1527696530000001e+03
3.9246819699999998e+02 5.6940776000000000e+01 3.8816000000000001e-01 1.1577948830000000e+03
3.9877974300000000e+02 5.8868228999999999e+01 3.9360000000000001e-01 1.1627252810000000e+03
4.0511792800000001e+02 6.0797277999999999e+01 3.9904000000000001e-01 1.1675920050000000e+03
4.1148245900000001e+02 6.2734665000000000e+01 4.0448000000000001e-01 1.1724135710000000e+03
4.1787312500000002e+02 6.4684842000000003e+01 4.0992000000000001e-01 1.1772021239999999e+03
4.2428886799999998e+02 6.6457910999999996e+01 4.1536000000000001e-01 1.1814992190000000e+03
4.3072688399999998e+02 6.8134569999999997e+01 4.2080000000000001e-01 1.1855090279999999e+03
4.3718655799999999e+02 6.9811869000000002e+01 4.2624000000000001e-01 1.1894687990000000e+03
4.4366771000000000e+02 7.1501874000000001e+01 4.3168000000000001e-01 1.1934079549999999e+03
4.5017026399999997e+02 7.3209711999999996e+01 4.3712000000000001e-01 1.1973388279999999e+03
4.5669419699999997e+02 7.4938236000000003e+01 4.4256000000000001e-01 1.2012681070000001e+03
4.6323951000000000e+02 7.6689265000000006e+01 4.4800000000000001e-01 1.2051999209999999e+03
4.6980622699999998e+02 7.8464067000000000e+01 4.5344000000000001e-01 1.2091370230000000e+03
4.7639438000000001e+02 8.0263581000000002e+01 4.5888000000000001e-01 1.2130813479999999e+03
4.8300401399999998e+02 8.2088537000000002e+01 4.6432000000000001e-01 1.2170343009999999e+03
4.8963517800000000e+02 8.3939515999999998e+01 4.6976000000000001e-01 1.2209969329999999e+03
4.9628792700000002e+02 8.5817001000000005e+01 4.7520000000000001e-01 1.2249700399999999e+03
5.0296232099999997e+02 8.7721396999999996e+01 4.8064000000000001e-01 1.2289542289999999e+03
5.0965841999999998e+02 8.9653049999999993e+01 4.8608000000000001e-01 1.2329499719999999e+03
5.1637628900000004e+02 9.1612262999999999e+01 4.9152000000000001e-01 1.2369576280000001e+03
5.2311599200000001e+02 9.3599301999999994e+01 4.9696000000000001e-01 1.2409774720000000e+03
5.2987759800000003e+02 9.5614401999999998e+01 5.0239999999999996e-01 1.2450097129999999e+03
5.3666117399999996e+02 9.7657774000000003e+01 5.0783999999999996e-01 1.2490545000000000e+03
5.4346678899999995e+02 9.9729609999999994e+01 5.1327999999999996e-01 1.2531119409999999e+03
5.5029451100000006e+02 1.0183008300000000e+02 5.1871999999999996e-01 1.2571821030000001e+03
5.5714440999999999e+02 1.0395934900000000e+02 5.2415999999999996e-01 1.2612650229999999e+03
5.6401655500000004e+02 1.0611755200000000e+02 5.2959999999999996e-01 1.2653607110000000e+03
5.7091101700000002e+02 1.0830482400000000e+02 5.3503999999999996e-01 1.2694691530000000e+03
5.7782786299999998e+02 1.1052128700000000e+02 5.4047999999999996e-01 1.2735903169999999e+03
5.8476716399999998e+02 1.1276705200000001e+02 5.4591999999999996e-01 1.2777241529999999e+03
5.9172898799999996e+02 1.1504222100000000e+02 5.5135999999999996e-01 1.2818705970000001e+03
5.9871340399999997e+02 1.1734689000000000e+02 5.5679999999999996e-01 1.2860295719999999e+03
6.0572047899999995e+02 1.1968114500000000e+02 5.6223999999999996e-01 1.2902009909999999e+03
6.1275028099999997e+02 1.2204506700000000e+02 5.6767999999999996e-01 1.2943847570000000e+03
6.1980287699999997e+02 1.2443873000000001e+02 5.7311999999999996e-01 1.2985807640000000e+03
6.2687833300000000e+02 1.2686220299999999e+02 5.7855999999999996e-01 1.3027888989999999e+03
6.3397671400000002e+02 1.2931554800000001e+02 5.8399999999999996e-01 1.3070090439999999e+03
6.4109808699999996e+02 1.3179882200000000e+02 5.8943999999999996e-01 1.3112410729999999e+03
6.4824251400000003e+02 1.3431207900000001e+02 5.9487999999999996e-01 1.3154848580000000e+03
6.5541006100000004e+02 1.3685536700000000e+02 6.0031999999999996e-01 1.3197402649999999e+03
6.6260078899999996e+02 1.3942872900000000e+02 6.0575999999999997e-01 1.3240071570000000e+03
6.6981476099999998e+02 1.4203220400000001e+02 6.1119999999999997e-01 1.3282853930000001e+03
6.7705203700000004e+02 1.4466582900000000e+02 6.1663999999999997e-01 1.3325748309999999e+03
6.8431268000000000e+02 1.4732963599999999e+02 6.2207999999999997e-01 1.3368753260000001e+03
6.9159674800000005e+02 1.5002365300000000e+02 6.2751999999999997e-01 1.3411867310000000e+03
6.9890430000000003e+02 1.5274790500000000e+02 6.3295999999999997e-01 1.3455088969999999e+03
7.0623539400000004e+02 1.5550241399999999e+02 6.3839999999999997e-01 1.3498416740000000e+03
7.1359008900000003e+02 1.5828719899999999e+02 6.4383999999999997e-01 1.3541849119999999e+03
7.2096843899999999e+02 1.6110227599999999e+02 6.4927999999999997e-01 1.3585384600000000e+03
7.2837050199999999e+02 1.6394765799999999e+02 6.5471999999999997e-01 1.3629021660000001e+03
7.3579633100000001e+02 1.6682335599999999e+02 6.6015999999999997e-01 1.3672758770000000e+03
7.4324598200000003e+02 1.6972937700000000e+02 6.6559999999999997e-01 1.3716594419999999e+03
7.5071950600000002e+02 1.7266572700000000e+02 6.7103999999999997e-01 1.3760527079999999e+03
7.5821695699999998e+02 1.7563240999999999e+02 6.7647999999999997e-01 1.3804555230000001e+03
7.6573838599999999e+02 1.7862942600000000e+02 6.8191999999999997e-01 1.3848677370000000e+03
7.7328384300000005e+02 1.8165677400000001e+02 6.8735999999999997e-01 1.3892891970000001e+03
7.8085337900000002e+02 1.8471445100000000e+02 6.9279999999999997e-01 1.3937197540000000e+03
7.8844704300000001e+02 1.8780245199999999e+02 6.9823999999999997e-01 1.3981592579999999e+03
7.9606488200000001e+02 1.9092077000000000e+02 7.0367999999999997e-01 1.4026075610000000e+03
8.0370694500000002e+02 1.9406939600000001e+02 7.0911999999999997e-01 1.4070645139999999e+03
8.1137327800000003e+02 1.9724832000000001e+02 7.1455999999999997e-01 1.4115299700000000e+03
8.1906392700000004e+02 2.0045752999999999e+02 7.1999999999999997e-01 1.4160037840000000e+03
8.2677893700000004e+02 2.0369701300000000e+02 7.2543999999999997e-01 1.4204858119999999e+03
8.3451835200000005e+02 2.0696675300000001e+02 7.3087999999999997e-01 1.4249759100000001e+03
8.4228221599999995e+02 2.1026673400000001e+02 7.3631999999999997e-01 1.4294739360000001e+03
8.5007057199999997e+02 2.1359693799999999e+02 7.4175999999999997e-01 1.4339797490000001e+03
8.5788346100000001e+02 2.1695734600000000e+02 7.4719999999999998e-01 1.4384932090000000e+03
8.6572092399999997e+02 2.2034793800000000e+02 7.5263999999999998e-01 1.4430141799999999e+03
8.7358300299999996e+02 2.2376869300000001e+02 7.5807999999999998e-01 1.4475425240000000e+03
8.8146973700000001e+02 2.2721958699999999e+02 7.6351999999999998e-01 1.4520781059999999e+03
8.8938116500000001e+02 2.3070059800000001e+02 7.6895999999999998e-01 1.4566207919999999e+03
8.9731732499999998e+02 2.3421170000000001e+02 7.7439999999999998e-01 1.4611704510000000e+03
9.0527825499999994e+02 2.3775286900000000e+02 7.7983999999999998e-01 1.4657269530000001e+03
9.1326399200000003e+02 2.4132407699999999e+02 7.8527999999999998e-01 1.4702901670000001e+03
9.2127457200000003e+02 2.4492529800000000e+02 7.9071999999999998e-01 1.4748599680000000e+03
9.2931002999999998e+02 2.4855650299999999e+02 7.9615999999999998e-01 1.4794362280000000e+03
9.3737040100000002e+02 2.5221766400000001e+02 8.0159999999999998e-01 1.4840188250000001e+03
9.4545571900000004e+02 2.5590875100000000e+02 8.0703999999999998e-01 1.4886076350000001e+03
9.5356601799999999e+02 2.5962973299999999e+02 8.1247999999999998e-01 1.4932025380000000e+03
9.6170133099999998e+02 2.6338058000000001e+02 8.1791999999999998e-01 1.4978034140000000e+03
9.6986168899999996e+02 2.6716126000000003e+02 8.2335999999999998e-01 1.5024101459999999e+03
9.7804712500000005e+02 2.7097174100000001e+02 8.2879999999999998e-01 1.5070226170000001e+03
9.8625766899999996e+02 2.7481198999999998e+02 8.3423999999999998e-01 1.5116407150000000e+03
9.9449335099999996e+02 2.7868197500000002e+02 8.3967999999999998e-01 1.5162643250000001e+03
1.0027542020000000e+03 2.8258166199999999e+02 8.4511999999999998e-01 1.5208933360000001e+03
1.0110402490000000e+03 2.8651101699999998e+02 8.5055999999999998e-01 1.5255276400000000e+03
1.0193515230000000e+03 2.9047000500000001e+02 8.5599999999999998e-01 1.5301671289999999e+03
1.0276880500000000e+03 2.9445859200000001e+02 8.6143999999999998e-01 1.5348116970000001e+03
1.0360498580000001e+03 2.9847674300000000e+02 8.6687999999999998e-01 1.5394612380000001e+03
1.0444369740000000e+03 3.0252442300000001e+02 8.7231999999999998e-01 1.5441156510000001e+03
1.0528494240000000e+03 3.0660159499999997e+02 8.7775999999999998e-01 1.5487748340000001e+03
1.0612872330000000e+03 3.1070822500000003e+02 8.8319999999999999e-01 1.5534386870000001e+03
1.0697504269999999e+03 3.1484427599999998e+02 8.8863999999999999e-01 1.5581071130000000e+03
1.0782390310000001e+03 3.1900971299999998e+02 8.9407999999999999e-01 1.5627800159999999e+03
1.0867530680000000e+03 3.2320450000000000e+02 8.9951999999999999e-01 1.5674573009999999e+03
1.0952925620000001e+03 3.2742859900000002e+02 9.0495999999999999e-01 1.5721388760000000e+03
1.1038575360000000e+03 3.3168197600000002e+02 9.1039999999999999e-01 1.5768246480000000e+03
1.1124480129999999e+03 3.3596459499999997e+02 9.1583999999999999e-01 1.5815145290000000e+03
1.1210640149999999e+03 3.4027641899999998e+02 9.2127999999999999e-01 1.5862084319999999e+03
1.1297055640000001e+03 3.4461741300000000e+02 9.2671999999999999e-01 1.5909062690000001e+03
1.1383726790000001e+03 3.4898754200000002e+02 9.3215999999999999e-01 1.5956079580000001e+03
1.1470653840000000e+03 3.5338677100000001e+02 9.3759999999999999e-01 1.6003134160000000e+03
1.1557836970000001e+03 3.5781506600000000e+02 9.4303999999999999e-01 1.6050225630000000e+03
1.1645276380000000e+03 3.6227239200000002e+02 9.4847999999999999e-01 1.6097353210000001e+03
1.1732972270000000e+03 3.6675871799999999e+02 9.5391999999999999e-01 1.6144516140000001e+03
1.1820924829999999e+03 3.7127400999999998e+02 9.5935999999999999e-01 1.6191713680000000e+03
1.1909134250000000e+03 3.7581823900000001e+02 9.6479999999999999e-01 1.6238945130000000e+03
1.1997600709999999e+03 3.8039137499999998e+02 9.7023999999999999e-01 1.6286209799999999e+03
1.2086324380000001e+03 3.8499339199999997e+02 9.7567999999999999e-01 1.6333507050000001e+03
1.2175305440000000e+03 3.8962426499999998e+02 9.8111999999999999e-01 1.6380836250000000e+03
1.2264544069999999e+03 3.9428397300000000e+02 9.8655999999999999e-01 1.6428196860000000e+03
1.2354040440000001e+03 3.9897250100000002e+02 9.9199999999999999e-01 1.6475588370000000e+03
1.2443794700000001e+03 4.0368984000000000e+02 9.9743999999999999e-01 1.6523010330000000e+03
1.2533807030000000e+03 4.0843598900000001e+02 1.0028800000000000e+00 1.6570462439999999e+03
1.2624077589999999e+03 4.1321096699999998e+02 1.0083200000000001e+00 1.6617944530000000e+03
1.2714606540000000e+03 4.1801481999999999e+02 1.0137600000000000e+00 1.6665456740000000e+03
1.2805394050000000e+03 4.2284765299999998e+02 1.0192000000000001e+00 1.6712999789999999e+03
1.2896440290000000e+03 4.2770977599999998e+02 1.0246400000000000e+00 1.6760576370000001e+03
1.2987745470000000e+03 4.3260187600000000e+02 1.0300800000000001e+00 1.6808192830000000e+03
1.3079309750000000e+03 4.3752210800000000e+02 1.0355200000000000e+00 1.6855830880000001e+03
1.3171133239999999e+03 4.4247025100000002e+02 1.0409600000000001e+00 1.6903488150000001e+03
1.3263216040000000e+03 4.4744625700000000e+02 1.0464000000000000e+00 1.6951164010000000e+03
1.3355558260000000e+03 4.5245008100000001e+02 1.0518400000000001e+00 1.6998857800000001e+03
1.3448159989999999e+03 4.5748167599999999e+02 1.0572800000000000e+00 1.7046568920000000e+03
1.3541021320000000e+03 4.6254099500000001e+02 1.0627200000000001e+00 1.7094296750000001e+03
1.3634142340000001e+03 4.6762799300000000e+02 1.0681600000000000e+00 1.7142040669999999e+03
1.3727523140000001e+03 4.7274262399999998e+02 1.0736000000000001e+00 1.7189800100000000e+03
1.3821163790000001e+03 4.7788484099999999e+02 1.0790400000000000e+00 1.7237574450000000e+03
1.3915064390000000e+03 4.8305459900000000e+02 1.0844800000000001e+00 1.7285363150000001e+03
1.4009224999999999e+03 4.8825185199999999e+02 1.0899200000000000e+00 1.7333165640000000e+03
1.4103645700000000e+03 4.9347655500000002e+02 1.0953599999999999e+00 1.7380981370000000e+03
1.4198326560000000e+03 4.9872866199999999e+02 1.1008000000000000e+00 1.7428809790000000e+03
1.4293267650000000e+03 5.0400812900000000e+02 1.1062399999999999e+00 1.7476650360000001e+03
1.4388469030000001e+03 5.0931491100000000e+02 1.1116800000000000e+00 1.7524502560000001e+03
1.4483930760000001e+03 5.1464896199999998e+02 1.1171199999999999e+00 1.7572365890000001e+03
1.4579652900000001e+03 5.2001023899999996e+02 1.1225600000000000e+00 1.7620239819999999e+03
1.4675635520000001e+03 5.2539869599999997e+02 1.1279999999999999e+00 1.7668123869999999e+03
1.4771878650000001e+03 5.3081428900000003e+02 1.1334400000000000e+00 1.7716017540000000e+03
1.4868382360000001e+03 5.3625697500000001e+02 1.1388799999999999e+00 1.7763920350000001e+03
1.4965146689999999e+03 5.4172670900000003e+02 1.1443200000000000e+00 1.7811831840000000e+03
1.5062171690000000e+03 5.4722344799999996e+02 1.1497599999999999e+00 1.7859751530000001e+03
1.5159457399999999e+03 5.5274714800000004e+02 1.1552000000000000e+00 1.7907678969999999e+03
1.5257003860000000e+03 5.5829776500000003e+02 1.1606399999999999e+00 1.7955613719999999e+03
1.5354811110000001e+03 5.6387525700000003e+02 1.1660800000000000e+00 1.8003555340000000e+03
1.5452879190000001e+03 5.6947958000000006e+02 1.1715199999999999e+00 1.8051503379999999e+03
1.5551208130000000e+03 5.7511069099999997e+02 1.1769600000000000e+00 1.8099457440000001e+03
1.5649797960000001e+03 5.8076854800000001e+02 1.1823999999999999e+00 1.8147417080000000e+03
1.5748648710000000e+03 5.8645310900000004e+02 1.1878400000000000e+00 1.8195381900000000e+03
1.5847760410000001e+03 5.9216432999999995e+02 1.1932799999999999e+00 1.8243351490000000e+03
1.5947133080000001e+03 5.9790216899999996e+02 1.1987200000000000e+00 1.8291325469999999e+03
1.6046766740000000e+03 6.0366658600000005e+02 1.2041599999999999e+00 1.8339303430000000e+03
1.6146661429999999e+03 6.0945753600000000e+02 1.2096000000000000e+00 1.8387285010000001e+03
1.6246817140000001e+03 6.1527498000000003e+02 1.2150399999999999e+00 1.8435269810000000e+03
1.6347233910000000e+03 6.2111887600000000e+02 1.2204800000000000e+00 1.8483257480000000e+03
1.6447911750000001e+03 6.2698918200000003e+02 1.2259199999999999e+00 1.8531247639999999e+03
1.6548850660000001e+03 6.3288585699999999e+02 1.2313600000000000e+00 1.8579239940000000e+03
1.6650050659999999e+03 6.3880885999999998e+02 1.2367999999999999e+00 1.8627234040000001e+03
1.6751511730000000e+03 6.4474961800000005e+02 1.2422400000000000e+00 1.8675160870000000e+03
1.6853231550000000e+03 6.5062078799999995e+02 1.2476799999999999e+00 1.8722319419999999e+03
1.6955206830000000e+03 6.5647238300000004e+02 1.2531200000000000e+00 1.8769116160000001e+03
1.7057436080000000e+03 6.6232290999999998e+02 1.2585599999999999e+00 1.8815701670000001e+03
1.7159918330000000e+03 6.6817948899999999e+02 1.2640000000000000e+00 1.8862134229999999e+03
1.7262652849999999e+03 6.7404607199999998e+02 1.2694399999999999e+00 1.8908446349999999e+03
1.7365639030000000e+03 6.7992520000000002e+02 1.2748800000000000e+00 1.8954659050000000e+03
1.7468876379999999e+03 6.8581865100000005e+02 1.2803199999999999e+00 1.9000787089999999e+03
1.7572364470000000e+03 6.9172773900000004e+02 1.2857600000000000e+00 1.9046841420000001e+03
1.7676102930000000e+03 6.9765347299999996e+02 1.2911999999999999e+00 1.9092830500000000e+03
1.7780091399999999e+03 7.0359665500000006e+02 1.2966400000000000e+00 1.9138761079999999e+03
1.7884329600000001e+03 7.0955793100000005e+02 1.3020799999999999e+00 1.9184638620000001e+03
1.7988817250000000e+03 7.1553783799999997e+02 1.3075200000000000e+00 1.9230467679999999e+03
1.8093554090000000e+03 7.2153682500000002e+02 1.3129599999999999e+00 1.9276252079999999e+03
1.8198539880000001e+03 7.2755527099999995e+02 1.3184000000000000e+00 1.9321995079999999e+03
1.8303774420000000e+03 7.3359350199999994e+02 1.3238399999999999e+00 1.9367699500000001e+03
1.8409257500000001e+03 7.3965180299999997e+02 1.3292800000000000e+00 1.9413367770000000e+03
1.8514988920000001e+03 7.4573041699999999e+02 1.3347199999999999e+00 1.9459002040000000e+03
1.8620968510000000e+03 7.5182956200000001e+02 1.3401600000000000e+00 1.9504604210000000e+03
1.8727196100000001e+03 7.5794942800000001e+02 1.3455999999999999e+00 1.9550175950000000e+03
1.8833671529999999e+03 7.6409018500000002e+02 1.3510400000000000e+00 1.9595718770000001e+03
1.8940394630000001e+03 7.7025198399999999e+02 1.3564799999999999e+00 1.9641234010000001e+03
1.9047365270000000e+03 7.7643496000000005e+02 1.3619200000000000e+00 1.9686722880000000e+03
1.9154583310000000e+03 7.8263923399999999e+02 1.3673599999999999e+00 1.9732186500000000e+03
1.9262048600000001e+03 7.8886491599999999e+02 1.3728000000000000e+00 1.9777625860000001e+03
1.9369761030000000e+03 7.9511210500000004e+02 1.3782399999999999e+00 1.9823041870000000e+03
1.9477720460000000e+03 8.0138089000000002e+02 1.3836800000000000e+00 1.9868435360000001e+03
1.9585926780000000e+03 8.0767135299999995e+02 1.3891199999999999e+00 1.9913807099999999e+03
1.9694379859999999e+03 8.1398356899999999e+02 1.3945600000000000e+00 1.9959157789999999e+03
1.9803079610000000e+03 8.2031760299999996e+02 1.3999999999999999e+00 2.0004488080000001e+03
