# epsilon[MeV/fm^3] P[MeV/fm^3] nB[fm^-3] muB[MeV]
4.3514892049562272e-07 9.0000000794219998e-12 4.6796200000000002e-10 9.2990010724260003e+02
5.4394952759824855e-07 1.2854500250148002e-11 5.8496400000000005e-10 9.2990743275720001e+02
6.8239664606092796e-07 1.8414700022552000e-11 7.3384599999999997e-10 9.2991587774760001e+02
8.5763463874259032e-07 2.6380199998860002e-11 9.2229000000000003e-10 9.2992551188760001e+02
1.0799253715994732e-06 3.7791099667920001e-11 1.1613300000000000e-09 9.2993648532329996e+02
1.3625442882637764e-06 5.4137899979800000e-11 1.4652400000000000e-09 9.2994894782519998e+02
1.7226605254650248e-06 7.7555599791040007e-11 1.8524800000000000e-09 9.2996308925910000e+02
2.1826057027272589e-06 1.1110299984364001e-10 2.3470600000000000e-09 9.2997909967860005e+02
2.7713348204539073e-06 1.5916099965360000e-10 2.9801100000000000e-09 9.2999716876169998e+02
3.5266032513682487e-06 2.2800800111288001e-10 3.7922200000000000e-09 9.3001754656409992e+02
4.4975537964996660e-06 3.2663399940042002e-10 4.8362200000000001e-09 9.3004045271789994e+02
4.5807460305493105e-06 3.3555999792714001e-10 4.9256699999999996e-09 9.3004228160820003e+02
4.7281205653478515e-06 3.3656599963290001e-10 5.0841300000000003e-09 9.3004248152130003e+02
6.5759177435918250e-06 5.4515600232911993e-10 7.0708799999999999e-09 9.3007696075620004e+02
9.1998724984833464e-06 8.8567000200420000e-10 9.8920399999999997e-09 9.3011730648750006e+02
1.2918168885426129e-05 1.4388700552640002e-09 1.3889600000000001e-08 9.3016406831190000e+02
1.8201380444258739e-05 2.3376200076990001e-09 1.9569300000000001e-08 9.3021808578930006e+02
2.5725895950178280e-05 3.7977398937599994e-09 2.7657999999999999e-08 9.3028025838780002e+02
3.6463989818522291e-05 6.1698799253159997e-09 3.9200400000000002e-08 9.3035162548649998e+02
5.1813630126296458e-05 1.0023700173792000e-08 5.5698400000000002e-08 9.3043332628019994e+02
7.3785560512054020e-05 1.6284700005120000e-08 7.9311899999999997e-08 9.3052664006250006e+02
1.0527189036420272e-04 2.6456400399219999e-08 1.1314700000000000e-07 9.3063298613190000e+02
1.5043483705694415e-04 4.2981499428689995e-08 1.6167299999999999e-07 9.3075400323120004e+02
1.5143539825673478e-04 4.3369399516159995e-08 1.6274800000000000e-07 9.3075639185940008e+02
1.5666718390755263e-04 4.3499599327679997e-08 1.6836899999999999e-07 9.3075719132400002e+02
1.8247319946392853e-04 5.3487099479700000e-08 1.9609400000000001e-07 9.3081203831400001e+02
2.1304949570856091e-04 6.5965099669560007e-08 2.2894200000000001e-07 9.3087079295249998e+02
2.4880173202308656e-04 8.1354199584480006e-08 2.6734800000000002e-07 9.3093285559410003e+02
2.9061049213158235e-04 1.0033299847065000e-07 3.1225699999999999e-07 9.3099838615049998e+02
3.3950651358852186e-04 1.2374000051775000e-07 3.6477499999999998e-07 9.3106758453479995e+02
3.9669496520679297e-04 1.5260700009555001e-07 4.2619500000000001e-07 9.3114063056550003e+02
4.6358813252914599e-04 1.8820900209407997e-07 4.9803199999999997e-07 9.3121772415570001e+02
5.4183717856390442e-04 2.3211699768180001e-07 5.8205699999999998e-07 9.3129908512530005e+02
6.3337419989345891e-04 2.8626699988691999e-07 6.8034199999999997e-07 9.3138494352930002e+02
7.4046361643000222e-04 3.5305100162730003e-07 7.9531500000000002e-07 9.3147551899979999e+02
7.4543957324912111e-04 3.5623800038969997e-07 8.0065699999999999e-07 9.3147951660449996e+02
7.7046470619140960e-04 3.5730600246279002e-07 8.2752300000000002e-07 9.3148080575760002e+02
7.7218701201869997e-04 3.5837800248323999e-07 8.2937200000000002e-07 9.3148210505190002e+02
7.7564281539113634e-04 3.6053199741144001e-07 8.3308200000000005e-07 9.3148469349929996e+02
7.7911352986319152e-04 3.6269800105895999e-07 8.3680799999999998e-07 9.3148728185280004e+02
7.8260009510663572e-04 3.6487800290032998e-07 8.4055099999999997e-07 9.3148988034750005e+02
7.8610250285012515e-04 3.6706999922346001e-07 8.4431100000000000e-07 9.3149248879559991e+02
7.8962075319254110e-04 3.6927600351839998e-07 8.4808799999999996e-07 9.3149508719639994e+02
7.9315485471188711e-04 3.7149499796798001e-07 8.5188199999999998e-07 9.3149769564450003e+02
7.9670479058673201e-04 3.7372699824480005e-07 8.5569300000000004e-07 9.3150031404599997e+02
8.0027057791247260e-04 3.7597299948234002e-07 8.5952100000000004e-07 9.3150293244750003e+02
8.0385221698387247e-04 3.7823200230633998e-07 8.6336599999999998e-07 9.3150555094289996e+02
8.0745063029167934e-04 3.8050499711466001e-07 8.6722899999999999e-07 9.3150817929779998e+02
8.1106395596088781e-04 3.8279099715107999e-07 8.7110800000000002e-07 9.3151080774659999e+02
8.1469498722525535e-04 3.8509200436278001e-07 8.7500600000000005e-07 9.3151343619540000e+02
8.1834093096975699e-04 3.8740599815679997e-07 8.7891999999999998e-07 9.3151607459759998e+02
8.3652972322216491e-04 3.8856800310954005e-07 8.9844600000000005e-07 9.3151737379799999e+02
8.9649746606902973e-04 4.2637900225708002e-07 9.6282100000000007e-07 9.3155798930399999e+02
9.6293679962426715e-04 4.6927300060880000e-07 1.0341400000000000e-06 9.3160093353000002e+02
1.0343084479593990e-03 5.1648199988999994e-07 1.1107499999999999e-06 9.3164493704189999e+02
1.1110033276598183e-03 5.6844100521450010e-07 1.1930700000000001e-06 9.3169002988770001e+02
1.1934040547386528e-03 6.2562700512179996e-07 1.2815100000000000e-06 9.3173623206809998e+02
1.2819398888523502e-03 6.8856500094819997e-07 1.3765300000000001e-06 9.3178357353719991e+02
1.3770588621277026e-03 7.5783499966439992e-07 1.4786100000000000e-06 9.3183208434300002e+02
1.4792742600387720e-03 8.3407400117300003e-07 1.5882999999999999e-06 9.3188178448619999e+02
1.5890902438860661e-03 9.1798299673799988e-07 1.7061399999999999e-06 9.3193271378040004e+02
1.7070948934908867e-03 1.0103300084124001e-06 1.8327600000000000e-06 9.3198488236679998e+02
1.7418302566492478e-03 1.0379399925766002e-06 1.8700300000000001e-06 9.3199978345169995e+02
1.8026805910135908e-03 1.0410599913928000e-06 1.9353200000000000e-06 9.3200143242960007e+02
2.0389359400714486e-03 1.2275099896319999e-06 2.1888000000000001e-06 9.3209187794249999e+02
2.3114099463439177e-03 1.4516999917321999e-06 2.4811100000000001e-06 9.3218792017709995e+02
2.6204004641994278e-03 1.7168400063888003e-06 2.8125600000000001e-06 9.3228811983419996e+02
2.9707928967162671e-03 2.0304000155634000e-06 3.1883800000000001e-06 9.3239264696670000e+02
3.3681648965264784e-03 2.4012300084080001e-06 3.6145400000000001e-06 9.3250170129989999e+02
3.8188055776886142e-03 2.8397900147328003e-06 4.0977700000000004e-06 9.3261546284010001e+02
4.3298558716110781e-03 3.3584500068246004e-06 4.6457100000000001e-06 9.3273413140649996e+02
4.9094492242661523e-03 3.9718300068571995e-06 5.2670599999999997e-06 9.3285792691289998e+02
5.5667590537662745e-03 4.6972400276543001e-06 5.9716300000000001e-06 9.3298704917850000e+02
6.3122329168583428e-03 5.5551399798486997e-06 6.7705900000000002e-06 9.3312173811779996e+02
6.3691536418958340e-03 5.6221100036384002e-06 6.8315900000000001e-06 9.3313158221820004e+02
6.6107787783348925e-03 5.6389700285964000e-06 7.0905299999999997e-06 9.3313397075249998e+02
7.1832281514335565e-03 6.2999099885847007e-06 7.7039700000000007e-06 9.3322329697740008e+02
7.8228640480689938e-03 7.0594400109160007e-06 8.3893400000000006e-06 9.3331767013950002e+02
8.5195476220300548e-03 7.9105299722335996e-06 9.1357600000000004e-06 9.3341477175390003e+02
9.2783521214718639e-03 8.8642300383220009e-06 9.9486500000000000e-06 9.3351470163630006e+02
1.0104791977484120e-02 9.9329099737559988e-06 1.0833900000000000e-05 9.3361751969490001e+02
1.1005037422914624e-02 1.1130399980334000e-05 1.1798100000000000e-05 9.3372332602710003e+02
1.1985504705131824e-02 1.2472300012974001e-05 1.2848100000000000e-05 9.3383220044789994e+02
1.3053499763127112e-02 1.3976000053347000e-05 1.3991700000000000e-05 9.3394422305399996e+02
1.4216706487829026e-02 1.5661000693130000e-05 1.5237100000000000e-05 9.3405949366109996e+02
1.5483652631007537e-02 1.7549100191680000e-05 1.6593399999999999e-05 9.3417811227269999e+02
1.5623499832828706e-02 1.7760599953030001e-05 1.6743099999999999e-05 9.3419079468840005e+02
1.6269961736847121e-02 1.7813900213129999e-05 1.7435099999999998e-05 9.3419395273319992e+02
1.7094324515795702e-02 1.9027400207749999e-05 1.8317499999999999e-05 9.3426180186839997e+02
1.8000874089488257e-02 2.0384500450440000e-05 1.9287799999999999e-05 9.3433394852489994e+02
1.8955614232225096e-02 2.1838399047120000e-05 2.0309599999999999e-05 9.3440734433310001e+02
1.9960983560824267e-02 2.3396100553499999e-05 2.1385500000000000e-05 9.3448202938830002e+02
2.1019794814794490e-02 2.5064799654149998e-05 2.2518500000000001e-05 9.3455801364390004e+02
2.2134768910989058e-02 2.6852600343399999e-05 2.3711500000000002e-05 9.3463531710059999e+02
2.3309000859656603e-02 2.8767899159999994e-05 2.4967799999999998e-05 9.3471396971249999e+02
2.4545494036103295e-02 3.0819700065419999e-05 2.6290599999999999e-05 9.3479400162150000e+02
2.5847718880420045e-02 3.3017999946119998e-05 2.7683600000000000e-05 9.3487541254589996e+02
2.7219055484112444e-02 3.5372998881120002e-05 2.9150400000000001e-05 9.3495825272219997e+02
2.7775365070038964e-02 3.6339601209739997e-05 2.9745400000000002e-05 9.3499105302509997e+02
2.8289610775747390e-02 3.6448598719180002e-05 3.0295400000000001e-05 9.3499466085090000e+02
2.8802930737171755e-02 3.7332599735440002e-05 3.0844399999999999e-05 9.3502356336480000e+02
2.9391538203060320e-02 3.8352800962709990e-05 3.1473899999999997e-05 9.3505628375879996e+02
2.9992229144074897e-02 3.9400800335690003e-05 3.2116300000000003e-05 9.3508923392610006e+02
3.0605097595990186e-02 4.0477499896860003e-05 3.2771700000000003e-05 9.3512239395989991e+02
3.1230612131930052e-02 4.1583600119840003e-05 3.3440600000000000e-05 9.3515578386089999e+02
3.1868867160453597e-02 4.2719998743180005e-05 3.4123099999999999e-05 9.3518940362910007e+02
3.2520144922003676e-02 4.3887298648500002e-05 3.4819500000000001e-05 9.3522325326449993e+02
3.3184820445813230e-02 4.5086601561120004e-05 3.5530200000000001e-05 9.3525732271979996e+02
3.3862987887692660e-02 4.6318701748649993e-05 3.6255299999999998e-05 9.3529163208960006e+02
3.4555116462740516e-02 4.7584401826990007e-05 3.6995300000000001e-05 9.3532617123270006e+02
3.4710848908415574e-02 4.7870299693839997e-05 3.7161800000000001e-05 9.3533387666670001e+02
3.5705765632703390e-02 4.8013899962450004e-05 3.8225500000000002e-05 9.3533768431169995e+02
3.6190650245182691e-02 4.8884701265269996e-05 3.8743900000000000e-05 9.3536029073669999e+02
3.6764595537185744e-02 4.9920498059249994e-05 3.9357499999999997e-05 9.3538680481020003e+02
3.7347724170046170e-02 5.0978398185919999e-05 3.9980900000000002e-05 9.3541345870079999e+02
3.7940129948432849e-02 5.2058599241440000e-05 4.0614200000000002e-05 9.3544024264290010e+02
3.8541907483377907e-02 5.3161699756499999e-05 4.1257500000000003e-05 9.3546717635549999e+02
3.9153244015328124e-02 5.4288198430999997e-05 4.1910999999999999e-05 9.3549425007299999e+02
3.9774234210732992e-02 5.5438601263319996e-05 4.2574799999999998e-05 9.3552146370150001e+02
4.0405159191034282e-02 5.6613297948239995e-05 4.3249199999999999e-05 9.3554882728830000e+02
4.1046019389420471e-02 5.7812899551080002e-05 4.3934199999999997e-05 9.3557633069220003e+02
4.1697190276124625e-02 5.9037997871239995e-05 4.4630199999999998e-05 9.3560397410099995e+02
4.2358578444415006e-02 6.0288999023690009e-05 4.5337100000000003e-05 9.3563177732760005e+02
4.2549448380963861e-02 6.0651299975859995e-05 4.5541099999999997e-05 9.3563974248900001e+02
4.3740238175900857e-02 6.0833198906699995e-05 4.6813800000000002e-05 9.3564365013750000e+02
4.5854886274473032e-02 6.4782902450840000e-05 4.9073799999999998e-05 9.3572599057799994e+02
4.8180087401599556e-02 6.9195997901699998e-05 5.1558599999999998e-05 9.3581365787159996e+02
5.0623240020302433e-02 7.3909702371599995e-05 5.4169200000000003e-05 9.3590278418340006e+02
5.3190452397117956e-02 7.8944498346630003e-05 5.6912100000000000e-05 9.3599338970190001e+02
5.5887837732656438e-02 8.4322299027779992e-05 5.9793799999999997e-05 9.3608550419339997e+02
5.8722166587791814e-02 9.0066499795649990e-05 6.2821499999999995e-05 9.3617915789369999e+02
6.1700398546921942e-02 9.6201898222459989e-05 6.6002599999999997e-05 9.3627437052180005e+02
6.4829683480590566e-02 1.0275499726340999e-04 6.9344700000000000e-05 9.3637116226620003e+02
6.8117831355171340e-02 1.0975499711746999e-04 7.2856100000000002e-05 9.3646956308100005e+02
7.1572933822013338e-02 1.1723199746169999e-04 7.6545399999999994e-05 9.3656960282640000e+02
7.2872355791586060e-02 1.2007500056640000e-04 7.7932800000000000e-05 9.3660639068670002e+02
7.6294350046888545e-02 1.2043499631464001e-04 8.1586400000000002e-05 9.3661091798129996e+02
7.8557740452832786e-02 1.2521799885310001e-04 8.4002899999999995e-05 9.3666865324139997e+02
8.1070439170188191e-02 1.3058099681828001e-04 8.6685400000000002e-05 9.3673145543940007e+02
8.3663493660002267e-02 1.3617299667415003e-04 8.9453500000000007e-05 9.3679492723830003e+02
8.6339540033127660e-02 1.4200499619000000e-04 9.2310000000000002e-05 9.3685905859080003e+02
8.9101308842231525e-02 1.4808700429182000e-04 9.5257800000000001e-05 9.3692387963880003e+02
9.1951438062670962e-02 1.5442999846642999e-04 9.8299699999999997e-05 9.3698938014720000e+02
9.3544637803481184e-02 1.5800363917307320e-04 1.0000000000000000e-04 9.3702641442654260e+02
9.5904258555849234e-02 1.5976527408601211e-04 1.0251798949792109e-04 9.3704553025674852e+02
9.8323399663694022e-02 1.6158640528474668e-04 1.0509944128198311e-04 9.3706479185500439e+02
1.0080356250079033e-01 1.6346904215725931e-04 1.0774595441473288e-04 9.3708420043603644e+02
1.0334628631238058e-01 1.6541526195526567e-04 1.1045916823648055e-04 9.3710375722483286e+02
1.0595314917046507e-01 1.6742721208619907e-04 1.1324076337936141e-04 9.3712346345673052e+02
1.0862576895318950e-01 1.6950711248260315e-04 1.1609246280691315e-04 9.3714332037750080e+02
1.1136580434893661e-01 1.7165725805154674e-04 1.1901603287980893e-04 9.3716332924343749e+02
1.1417495588574582e-01 1.7388002120676346e-04 1.2201328444840461e-04 9.3718349132144647e+02
1.1705496698669947e-01 1.7617785448631050e-04 1.2508607397277417e-04 9.3720380788913349e+02
1.2000762505193058e-01 1.7855329325863390e-04 1.2823630467092363e-04 9.3722428023489590e+02
1.2303476256792403e-01 1.8100895852002735e-04 1.3146592769589329e-04 9.3724490965801056e+02
1.2613825824479910e-01 1.8354755978656990e-04 1.3477694334247220e-04 9.3726569746872963e+02
1.2932003818227950e-01 1.8617189808373444e-04 1.3817140228427171e-04 9.3728664498836849e+02
1.3258207706507455e-01 1.8888486903696520e-04 1.4165140684191906e-04 9.3730775354940170e+02
1.3592639938841317e-01 1.9168946606663390e-04 1.4521911228315441e-04 9.3732902449555638e+02
1.3935508071449162e-01 1.9458878369090101e-04 1.4887672815563303e-04 9.3735045918190690e+02
1.4287024896061423e-01 1.9758602094012493e-04 1.5262651965325407e-04 9.3737205897496915e+02
1.4647408571982726e-01 2.0068448488658761e-04 1.5647080901685923e-04 9.3739382525279905e+02
1.5016882761486486e-01 2.0388759429343047e-04 1.6041197697016444e-04 9.3741575940508869e+02
1.5395676768624789e-01 2.0719888338682738e-04 1.6445246419181063e-04 9.3743786283326324e+02
1.5784025681539662e-01 2.1062200575555604e-04 1.6859477282444034e-04 9.3746013695058241e+02
1.6182170518364131e-01 2.1416073838227153e-04 1.7284146802173215e-04 9.3748258318223759e+02
1.6590358376803507e-01 2.1781898581092873e-04 1.7719517953434477e-04 9.3750520296545426e+02
1.7008842587489839e-01 2.2160078445495303e-04 1.8165860333575022e-04 9.3752799774959249e+02
1.7437882871204624e-01 2.2551030705091193e-04 1.8623450328895743e-04 9.3755096899624903e+02
1.7877745500067421e-01 2.2955186726260229e-04 1.9092571285515378e-04 9.3757411817936156e+02
1.8328703462790363e-01 2.3372992444063289e-04 1.9573513684531847e-04 9.3759744678531206e+02
1.8791036634101133e-01 2.3804908854275375e-04 2.0066575321588625e-04 9.3762095631303168e+02
1.9265031948439534e-01 2.4251412522036155e-04 2.0572061490956896e-04 9.3764464827410654e+02
1.9750983578035555e-01 2.4712996107679346e-04 2.1090285174246950e-04 9.3766852419288568e+02
2.0249193115479283e-01 2.5190168910321092e-04 2.1621567233865062e-04 9.3769258560658761e+02
2.0759969760896096e-01 2.5683457429807091e-04 2.2166236611335105e-04 9.3771683406540842e+02
2.1283630513843291e-01 2.6193405947638667e-04 2.2724630530607080e-04 9.3774127113263330e+02
2.1820500370047163e-01 2.6720577127518517e-04 2.3297094706477837e-04 9.3776589838474524e+02
2.2370912523102734e-01 2.7265552636178972e-04 2.3883983558252415e-04 9.3779071741153814e+02
2.2935208571261242e-01 2.7828933785177708e-04 2.4485660428777623e-04 9.3781572981622799e+02
2.3513738729433742e-01 2.8411342194368969e-04 2.5102497808982802e-04 9.3784093721556553e+02
2.4106862046542435e-01 2.9013420477782490e-04 2.5734877568066002e-04 9.3786634123995361e+02
2.4714946628354542e-01 2.9635832952666803e-04 2.6383191189467545e-04 9.3789194353355992e+02
2.5338369865937105e-01 3.0279266372479330e-04 2.7047840012776127e-04 9.3791774575443469e+02
2.5977518669874400e-01 3.0944430684631970e-04 2.7729235481716594e-04 9.3794374957462628e+02
2.6632789710393440e-01 3.1632059813828281e-04 2.8427799398371922e-04 9.3796995668030354e+02
2.7304589663546502e-01 3.2342912471856585e-04 2.9143964183796299e-04 9.3799636877186981e+02
2.7993335463603475e-01 3.3077772994732500e-04 2.9878173145179304e-04 9.3802298756408845e+02
2.8699454561810733e-01 3.3837452208114514e-04 3.0630880749726169e-04 9.3804981478620107e+02
2.9423385191677065e-01 3.4622788321947602e-04 3.1402552905422426e-04 9.3807685218205177e+02
3.0165576640951308e-01 3.5434647855321882e-04 3.2193667248855902e-04 9.3810410151020960e+02
3.0926489530460494e-01 3.6273926592566831e-04 3.3004713440273241e-04 9.3813156454409511e+02
3.1706596099981593e-01 3.7141550571636065e-04 3.3836193466052657e-04 9.3815924307210389e+02
3.2506380501324211e-01 3.8038477105873091e-04 3.4688621948778951e-04 9.3818713889773460e+02
3.3326339098806124e-01 3.8965695840285485e-04 3.5562526465111649e-04 9.3821525383971789e+02
3.4166980777308309e-01 3.9924229843493086e-04 3.6458447871642218e-04 9.3824358973214294e+02
3.5028827258100353e-01 4.0915136736554793e-04 3.7376940638940285e-04 9.3827214842459102e+02
3.5912413422632522e-01 4.1939509859919655e-04 3.8318573193995062e-04 9.3830093178226366e+02
3.6818287644495301e-01 4.2998479479789819e-04 3.9283928271262205e-04 9.3832994168611754e+02
3.7747012129752489e-01 4.4093214035226377e-04 4.0273603272532392e-04 9.3835918003299696e+02
3.8699163265858949e-01 4.5224921427374008e-04 4.1288210635842824e-04 9.3838864873576824e+02
3.9675331979379813e-01 4.6394850352227276e-04 4.2328378213658802e-04 9.3841834972345737e+02
4.0676124102732841e-01 4.7604291678408678e-04 4.3394749660557796e-04 9.3844828494138585e+02
4.1702160750181749e-01 4.8854579871478935e-04 4.4487984830654639e-04 9.3847845635130921e+02
4.2754078703313803e-01 5.0147094466351013e-04 4.5608760185012192e-04 9.3850886593155724e+02
4.3832530806240882e-01 5.1483261589432426e-04 4.6757769209288105e-04 9.3853951567717343e+02
4.4938186370769334e-01 5.2864555532175332e-04 4.7935722841874369e-04 9.3857040760005941e+02
4.6071731591790049e-01 5.4292500377770849e-04 4.9143349912793223e-04 9.3860154372911563e+02
4.7233869973146553e-01 5.5768671682781992e-04 5.0381397593618905e-04 9.3863292611038719e+02
4.8425322764245421e-01 5.7294698215571175e-04 5.1650631858702147e-04 9.3866455680720958e+02
4.9646829407680015e-01 5.8872263753440121e-04 5.2951837957980854e-04 9.3869643790035536e+02
5.0899147998145255e-01 6.0503108940465091e-04 5.4285820901667529e-04 9.3872857148818332e+02
5.2183055752928464e-01 6.2189033208077688e-04 5.5653405957111748e-04 9.3876095968678646e+02
5.3499349494267923e-01 6.3931896760509755e-04 5.7055439158142400e-04 9.3879360463014496e+02
5.4848846143878838e-01 6.5733622627293519e-04 5.8492787827203448e-04 9.3882650847027696e+02
5.6232383229953509e-01 6.7596198785081578e-04 5.9966341110603589e-04 9.3885967337739248e+02
5.7650819406950216e-01 6.9521680351127631e-04 6.1477010527208830e-04 9.3889310154004897e+02
5.9105034988493677e-01 7.1512191850848551e-04 6.3025730530915270e-04 9.3892679516530723e+02
6.0595932493717641e-01 7.3569929561969542e-04 6.4613459087247500e-04 9.3896075647888824e+02
6.2124437207388650e-01 7.5697163937838807e-04 6.6241178264436805e-04 9.3899498772533377e+02
6.3691497754158810e-01 7.7896242112585762e-04 6.7909894839342461e-04 9.3902949116816569e+02
6.5298086687303647e-01 8.0169590490886686e-04 6.9620640918587962e-04 9.3906426909004858e+02
6.6945201092310802e-01 8.2519717425195527e-04 7.1374474575294181e-04 9.3909932379295185e+02
6.8633863205693746e-01 8.4949215983393480e-04 7.3172480501799769e-04 9.3913465759831547e+02
7.0365121049415036e-01 8.7460766809911630e-04 7.5015770678770355e-04 9.3917027284721610e+02
7.2140049081312441e-01 9.0057141083483032e-04 7.6905485061106924e-04 9.3920617190053383e+02
7.3959748861931818e-01 9.2741203574788096e-04 7.8842792281074499e-04 9.3924235713912219e+02
7.5825349738180536e-01 9.5515915807366561e-04 8.0828890369083028e-04 9.3927883096397863e+02
7.7738009544225761e-01 9.8384339325284422e-04 8.2865007492562788e-04 9.3931559579641544e+02
7.9698915320072516e-01 1.0134963907116050e-03 8.4952402713387668e-04 9.3935265407823397e+02
8.1709284048267727e-01 1.0441508687828052e-03 8.7092366764311431e-04 9.3939000827190171e+02
8.3770363409187043e-01 1.0758406508065133e-03 8.9286222844893437e-04 9.3942766086072527e+02
8.5883432555373573e-01 1.1086007024497871e-03 9.1535327437401975e-04 9.3946561434903094e+02
8.8049802905408947e-01 1.1424671702868665e-03 9.3841071143195890e-04 9.3950387126234466e+02
9.0270818957809429e-01 1.1774774216823474e-03 9.6204879540098115e-04 9.3954243414757138e+02
9.2547859125452037e-01 1.2136700860213413e-03 9.8628214061286033e-04 9.3958130557317975e+02
9.4882336591048932e-01 1.2510850973321190e-03 1.0111257289623879e-03 9.3962048812938713e+02
9.7275700184200564e-01 1.2897637383482597e-03 1.0365949191429387e-03 9.3965998442834359e+02
9.9729435280572165e-01 1.3297486860589275e-03 1.0627054561137873e-03 9.3969979710432074e+02
1.0224506472375150e+00 1.3710840587975314e-03 1.0894734808049858e-03 9.3973992881390302e+02
1.0482414977036012e+00 1.4138154649207277e-03 1.1169155400657577e-03 9.3978038223617534e+02
1.0746829105900457e+00 1.4579900531314742e-03 1.1450485968624940e-03 9.3982116007291904e+02
1.1017912960366913e+00 1.5036565645016626e-03 1.1738900407326190e-03 9.3986226504880483e+02
1.1295834781216585e+00 1.5508653862517222e-03 1.2034576985007178e-03 9.3990369991158900e+02
1.1580767053027545e+00 1.5996686073465553e-03 1.2337698452635092e-03 9.3994546743231251e+02
1.1872886611222542e+00 1.6501200759691140e-03 1.2648452156503809e-03 9.3998757040550083e+02
1.2172374751817072e+00 1.7022754589350660e-03 1.2967030153664021e-03 9.4003001164936234e+02
1.2479417343935799e+00 1.7561923031140841e-03 1.3293629330248691e-03 9.4007279400599577e+02
1.2794204945167140e+00 1.8119300989255401e-03 1.3628451522766484e-03 9.4011592034159275e+02
1.3116932919827626e+00 1.8695503459786593e-03 1.3971703642437392e-03 9.4015939354664670e+02
1.3447801560209416e+00 1.9291166209295626e-03 1.4323597802646728e-03 9.4020321653615895e+02
1.3787016210886234e+00 1.9906946476300662e-03 1.4684351449595547e-03 9.4024739224985115e+02
1.4134787396154869e+00 2.0543523696456428e-03 1.5054187496227503e-03 9.4029192365237736e+02
1.4491330950691310e+00 2.1201600252225491e-03 1.5433334459514125e-03 9.4033681373353852e+02
1.4856868153502658e+00 2.1881902247868588e-03 1.5822026601182624e-03 9.4038206550849873e+02
1.5231625865257850e+00 2.2585180310608684e-03 1.6220504071972274e-03 9.4042768201800254e+02
1.5615836669082572e+00 2.3312210418853386e-03 1.6629013059507804e-03 9.4047366632859712e+02
1.6009739014905604e+00 2.4063794758388841e-03 1.7047805939880202e-03 9.4052002153285105e+02
1.6413577367446230e+00 2.4840762607490395e-03 1.7477141433027668e-03 9.4056675074958162e+02
1.6827602357934603e+00 2.5643971251926257e-03 1.7917284762011920e-03 9.4061385712407957e+02
1.7252070939659148e+00 2.6474306930863931e-03 1.8368507816287176e-03 9.4066134382833729e+02
1.7687246547437603e+00 2.7332685814723118e-03 1.8831089319061784e-03 9.4070921406127741e+02
1.8133399261110630e+00 2.8220055016053847e-03 1.9305314998854753e-03 9.4075747104898755e+02
1.8590805973159492e+00 2.9137393634555454e-03 1.9791477765352256e-03 9.4080611804495254e+02
1.9059750560551783e+00 3.0085713837389259e-03 2.0289877889671493e-03 9.4085515833029240e+02
1.9540524060921920e+00 3.1066061975977069e-03 2.0800823189142310e-03 9.4090459521399839e+02
2.0033424853195698e+00 3.2079519740517634e-03 2.1324629216719344e-03 9.4095443203317575e+02
2.0538758842770961e+00 3.3127205353494912e-03 2.1861619455140592e-03 9.4100467215328524e+02
2.1056839651369499e+00 3.4210274803495337e-03 2.2412125515951183e-03 9.4105531896838818e+02
2.1587988811677739e+00 3.5329923120694905e-03 2.2976487343513699e-03 9.4110637590139424e+02
2.2132535966897238e+00 3.6487385695423945e-03 2.3555053424130033e-03 9.4115784640430888e+02
2.2690819075328701e+00 3.7683939641264029e-03 2.4148181000402239e-03 9.4120973395848625e+02
2.3263184620116575e+00 3.8920905204181365e-03 2.4756236290963628e-03 9.4126204207488320e+02
2.3849987824284344e+00 4.0199647219251317e-03 2.5379594715714102e-03 9.4131477429431436e+02
2.4451592871193961e+00 4.1521576616581190e-03 2.6018641126697400e-03 9.4136793418771083e+02
2.5068373130566313e+00 4.2888151978093302e-03 2.6673770044761203e-03 9.4142152535638002e+02
2.5700711390202913e+00 4.4300881146885594e-03 2.7345385902144588e-03 9.4147555143226998e+02
2.6349000093552717e+00 4.5761322890945939e-03 2.8033903291141012e-03 9.4153001607823421e+02
2.7013641583271335e+00 4.7271088623055272e-03 2.8739747218988424e-03 9.4158492298829879e+02
2.7695048350924103e+00 4.8831844178778066e-03 2.9463353369142387e-03 9.4164027588793249e+02
2.8393643292987636e+00 5.0445311654501116e-03 3.0205168369091284e-03 9.4169607853431978e+02
2.9109859973308949e+00 5.2113271307549077e-03 3.0965650064877252e-03 9.4175233471663591e+02
2.9844142892185048e+00 5.3837563520473383e-03 3.1745267802490294e-03 9.4180904825632433e+02
3.0596947762229840e+00 5.5620090831681622e-03 3.2544502716307187e-03 9.4186622300737554e+02
3.1368741791199737e+00 5.7462820034648058e-03 3.3363848024751024e-03 9.4192386285661064e+02
3.2160003971953350e+00 5.9367784348021589e-03 3.4203809333351819e-03 9.4198197172396704e+02
3.2971225379725326e+00 6.1337085659025313e-03 3.5064904945392925e-03 9.4204055356278400e+02
3.3802909476898755e+00 6.3372896842623355e-03 3.5947666180332545e-03 9.4209961236009474e+02
3.4655572425465331e+00 6.5477464159013569e-03 3.6852637700194599e-03 9.4215915213691756e+02
3.5529743407367196e+00 6.7653109732091722e-03 3.7780377844127649e-03 9.4221917694855267e+02
3.6425964952919165e+00 6.9902234111621254e-03 3.8731458971335885e-03 9.4227969088487987e+02
3.7344793277515449e+00 7.2227318921936779e-03 3.9706467812591238e-03 9.4234069807065919e+02
3.8286798626829448e+00 7.4630929600102494e-03 4.0706005830540388e-03 9.4240220266583424e+02
3.9252565630721157e+00 7.7115718226547581e-03 4.1730689589026442e-03 9.4246420886583883e+02
4.0242693666071689e+00 7.9684426451301586e-03 4.2781151131650024e-03 9.4252672090190674e+02
4.1257797228770166e+00 8.2339888519058543e-03 4.3858038369800406e-03 9.4258974304138167e+02
4.2298506315083779e+00 8.5085034396407636e-03 4.4962015480392772e-03 9.4265327958803380e+02
4.3365466812647737e+00 8.7922893004680706e-03 4.6093763313553721e-03 9.4271733488237635e+02
4.4459340901317770e+00 9.0856595561983940e-03 4.7253979810503305e-03 9.4278191330198672e+02
4.5580807464133946e+00 9.3889379038101170e-03 4.8443380431887626e-03 9.4284701926182868e+02
4.6730562508650886e+00 9.7024589726080607e-03 4.9662698596822799e-03 9.4291265721457978e+02
4.7909319598895808e+00 1.0026568693444617e-02 5.0912686132917164e-03 9.4297883165095982e+02
4.9117810298222464e+00 1.0361624680410665e-02 5.2194113737545483e-03 9.4304554710006448e+02
5.0356784623336042e+00 1.0707996625417545e-02 5.3507771450655934e-03 9.4311280812969835e+02
5.1627011509770462e+00 1.1066066706105304e-02 5.4854469139396754e-03 9.4318061934671528e+02
5.2929279289107187e+00 1.1436230007527397e-02 5.6235036994857698e-03 9.4324898539735887e+02
5.4264396178231680e+00 1.1818894958077079e-02 5.7650326041227794e-03 9.4331791096760730e+02
5.5633190780931097e+00 1.2214483780136504e-02 5.9101208657679170e-03 9.4338740078352066e+02
5.7036512602144560e+00 1.2623432955945701e-02 6.0588579113293652e-03 9.4345745961159230e+02
5.8475232575185210e+00 1.3046193709205563e-02 6.2113354115357396e-03 9.4352809225910289e+02
5.9950243602261093e+00 1.3483232502946115e-02 6.3676473371356299e-03 9.4359930357447729e+02
6.1462461108630553e+00 1.3935031554209497e-02 6.5278900165013755e-03 9.4367109844764434e+02
6.3012823610735875e+00 1.4402089366115485e-02 6.6921621946719944e-03 9.4374348181040409e+02
6.4602293298667748e+00 1.4884921277896621e-02 6.8605650938711781e-03 9.4381645863679000e+02
6.6231856633322401e+00 1.5384060033509927e-02 7.0332024755370114e-03 9.4389003394344479e+02
6.7902524958621502e+00 1.5900056369452482e-02 7.2101807039011189e-03 9.4396421278999094e+02
6.9615335129175060e+00 1.6433479622429466e-02 7.3916088111557398e-03 9.4403900027940892e+02
7.1371350153776980e+00 1.6984918357545280e-02 7.5775985642483300e-03 9.4411440155841854e+02
7.3171659855132312e+00 1.7554981017710646e-02 7.7682645333441314e-03 9.4419042181786313e+02
7.5017381546225970e+00 1.8144296594982460e-02 7.9637241619982795e-03 9.4426706629309854e+02
7.6909660723752475e+00 1.8753515324576971e-02 8.1640978390799587e-03 9.4434434026438134e+02
7.8849671779037118e+00 1.9383309402322118e-02 8.3695089724921557e-03 9.4442224905726891e+02
8.0838618726889866e+00 2.0034373726340617e-02 8.5800840647317911e-03 9.4450079804301447e+02
8.2877735952844187e+00 2.0707426663782169e-02 8.7959527903358811e-03 9.4457999263897068e+02
8.4968288979244786e+00 2.1403210843450787e-02 9.0172480752607493e-03 9.4465983830899643e+02
8.7111575250659143e+00 2.2122493975201694e-02 9.2441061782422458e-03 9.4474034056386586e+02
8.9308924939101431e+00 2.2866069697012176e-02 9.4766667741863850e-03 9.4482150496168265e+02
9.1561701769567065e+00 2.3634758450660650e-02 9.7150730396407172e-03 9.4490333710829759e+02
9.3871303866391465e+00 2.4429408386980433e-02 9.9594717403982905e-03 9.4498584265773002e+02
9.6239164620957833e+00 2.5250896301686997e-02 1.0210013321287147e-02 9.4506902731259390e+02
9.8666753581291911e+00 2.6100128602811027e-02 1.0466851998199696e-02 9.4515289682452430e+02
1.0115557736409704e+01 2.6978042310805129e-02 1.0730145852417572e-02 9.4523745699461574e+02
1.0370718058979488e+01 2.7885606092427528e-02 1.1000056927289219e-02 9.4532271367385351e+02
1.0632314684115117e+01 2.8823821329543080e-02 1.1276751327318242e-02 9.4540867276356062e+02
1.0900509964608387e+01 2.9793723224021840e-02 1.1560399319722938e-02 9.4549534021584043e+02
1.1175470348526051e+01 3.0796381939953082e-02 1.1851175438527900e-02 9.4558272203402612e+02
1.1457366482511349e+01 3.1832903784436373e-02 1.2149258591250982e-02 9.4567082427313528e+02
1.1746373317691090e+01 3.2904432428251251e-02 1.2454832168249681e-02 9.4575965304032854e+02
1.2042670218254376e+01 3.4012150167753601e-02 1.2768084154793398e-02 9.4584921449537114e+02
1.2346441072769988e+01 3.5157279229389847e-02 1.3089207245928791e-02 9.4593951485109949e+02
1.2657874408311896e+01 3.6341083118269647e-02 1.3418398964208005e-02 9.4603056037389308e+02
1.2977163507463342e+01 3.7564868012283668e-02 1.3755861780350376e-02 9.4612235738414984e+02
1.3304506528272425e+01 3.8829984203305822e-02 1.4101803236910808e-02 9.4621491225676539e+02
1.3640106627233521e+01 4.0137827587069810e-02 1.4456436075029238e-02 9.4630823142161785e+02
1.3984172085370712e+01 4.1489841203363124e-02 1.4819978364337467e-02 9.4640232136405677e+02
1.4336916437501811e+01 4.2887516828239450e-02 1.5192653636102079e-02 9.4649718862539817e+02
1.4698558604762798e+01 4.4332396620004384e-02 1.5574691019683269e-02 9.4659283980341968e+02
1.5069323030475356e+01 4.5826074820792637e-02 1.5966325382392177e-02 9.4668928155286665e+02
1.5449439819441354e+01 4.7370199515612096e-02 1.6367797472830653e-02 9.4678652058595776e+02
1.5839144880751228e+01 4.8966474450797756e-02 1.6779354067800154e-02 9.4688456367289859e+02
1.6238680074194384e+01 5.0616660913879799e-02 1.7201248122867833e-02 9.4698341764239797e+02
1.6648293360362985e+01 5.2322579676942219e-02 1.7633738926680874e-02 9.4708308938219125e+02
1.7068238954541773e+01 5.4086113005613959e-02 1.8077092259121529e-02 9.4718358583956569e+02
1.7498777484479994e+01 5.5909206735911689e-02 1.8531580553398479e-02 9.4728491402189536e+02
1.7940176152142737e+01 5.7793872421223150e-02 1.8997483062171514e-02 9.4738708099717576e+02
1.8392708899542590e+01 5.9742189551802237e-02 1.9475086027809899e-02 9.4749009389456808e+02
1.8856656578754308e+01 6.1756307849223688e-02 1.9964682856886618e-02 9.4759395990494352e+02
1.9332307126217856e+01 6.3838449638328576e-02 2.0466574299013114e-02 9.4769868628143865e+02
1.9819955741438424e+01 6.5990912299279253e-02 2.0981068630122529e-02 9.4780428034001295e+02
2.0319905070193776e+01 6.8216070802427239e-02 2.1508481840310980e-02 9.4791074946001038e+02
2.0832465392363247e+01 7.0516380328793329e-02 2.2049137826350221e-02 9.4801810108473057e+02
2.1357954814494281e+01 7.2894378979048727e-02 2.2603368588986771e-02 9.4812634272199853e+02
2.1896699467226746e+01 7.5352690573988829e-02 2.3171514435146378e-02 9.4823548194474904e+02
2.2449033707696813e+01 7.7894027549586922e-02 2.3753924185164751e-02 9.4834552639160745e+02
2.3015300327046756e+01 8.0521193949825126e-02 2.4350955385169380e-02 9.4845648376748204e+02
2.3595850763168738e+01 8.3237088520601590e-02 2.4962974524739157e-02 9.4856836184416068e+02
2.4191045318815185e+01 8.6044707908130236e-02 2.5590357259972940e-02 9.4868116846091209e+02
2.4801253385210938e+01 8.8947149965361447e-02 2.6233488642100556e-02 9.4879491152509183e+02
2.5426853671305611e+01 9.1947617170070065e-02 2.6892763351772746e-02 9.4890959901275846e+02
2.6068234438809174e+01 9.5049420158385675e-02 2.7568585939171355e-02 9.4902523896929210e+02
2.6725793743155734e+01 9.8255981377659923e-02 2.8261371070082572e-02 9.4914183951001849e+02
2.7399939680545987e+01 1.0157083886270540e-01 2.8971543778081400e-02 9.4925940882084205e+02
2.8091090641220735e+01 1.0499765013956856e-01 2.9699539722977432e-02 9.4937795515888206e+02
2.8799675569123579e+01 1.0854019626114833e-01 3.0445805455677526e-02 9.4949748685311692e+02
2.9526134228113015e+01 1.1220238597910867e-01 3.1210798689622805e-02 9.4961801230503261e+02
3.0270917474890080e+01 1.1598826005669295e-01 3.1994988578963178e-02 9.4973953998928050e+02
3.1034487538810026e+01 1.1990199572719411e-01 3.2798856003634899e-02 9.4986207845433898e+02
3.1817318308752427e+01 1.2394791130300387e-01 3.3622893861512126e-02 9.4998563632318269e+02
3.2619895627227429e+01 1.2813047094032479e-01 3.4467607367806880e-02 9.5011022229395496e+02
3.3442717591900418e+01 1.3245428956480101e-01 3.5333514361895482e-02 9.5023584514065476e+02
3.4286294864722969e+01 1.3692413796350644e-01 3.6221145621756073e-02 9.5036251371382127e+02
3.5151150988860927e+01 1.4154494804890363e-01 3.7131045186203214e-02 9.5049023694123048e+02
3.6037822713617487e+01 1.4632181830058696e-01 3.8063770685113470e-02 9.5061902382859535e+02
3.6946860327551633e+01 1.5126001939080852e-01 3.9019893677837189e-02 9.5074888346027740e+02
3.7878827999999999e+01 1.5636500000000000e-01 4.0000000000000001e-02 9.5088164700000004e+02
4.3053511000000000e+01 1.8585399999999999e-01 4.5440000000000001e-02 9.5157235500000002e+02
4.8231717000000003e+01 2.1517000000000000e-01 5.0880000000000002e-02 9.5218118500000003e+02
5.3413044999999997e+01 2.4433800000000000e-01 5.6320000000000002e-02 9.5272520699999995e+02
5.8597192000000000e+01 2.7373500000000001e-01 6.1760000000000002e-02 9.5322274500000003e+02
6.3783954999999999e+01 3.0406899999999998e-01 6.7199999999999996e-02 9.5369261600000004e+02
6.8973235000000003e+01 3.3634700000000001e-01 7.2639999999999996e-02 9.5415351099999998e+02
7.4165032999999994e+01 3.7183699999999997e-01 7.8079999999999997e-02 9.5462356199999999e+02
7.9359446000000005e+01 4.1203299999999998e-01 8.3519999999999997e-02 9.5512003500000003e+02
8.4556661000000005e+01 4.5862100000000000e-01 8.8959999999999997e-02 9.5565913999999998e+02
8.9756951000000001e+01 5.1344299999999998e-01 9.4399999999999998e-02 9.5625591899999995e+02
9.4960669999999993e+01 5.7846699999999995e-01 9.9839999999999998e-02 9.5692418699999996e+02
1.0016823900000000e+02 6.5563700000000003e-01 1.0528000000000000e-01 9.5767532700000004e+02
1.0538007500000001e+02 7.4430600000000002e-01 1.1072000000000000e-01 9.5849505199999999e+02
1.1059660599999999e+02 8.4805900000000001e-01 1.1616000000000000e-01 9.5940827600000000e+02
1.1581839100000001e+02 9.6986499999999998e-01 1.2160000000000000e-01 9.6043145300000003e+02
1.2104605700000000e+02 1.1122250000000000e+00 1.2703999999999999e-01 9.6157509900000002e+02
1.2628028399999999e+02 1.2774829999999999e+00 1.3247999999999999e-01 9.6284717000000001e+02
1.3152178599999999e+02 1.4678789999999999e+00 1.3791999999999999e-01 9.6425391700000000e+02
1.3677131100000000e+02 1.6855739999999999e+00 1.4335999999999999e-01 9.6580028800000002e+02
1.4202962900000000e+02 1.9326540000000001e+00 1.4879999999999999e-01 9.6749016300000005e+02
1.4729752999999999e+02 2.2111329999999998e+00 1.5423999999999999e-01 9.6932653100000005e+02
1.5257581700000000e+02 2.5229539999999999e+00 1.5967999999999999e-01 9.7131162600000005e+02
1.5786530300000001e+02 2.8699930000000000e+00 1.6511999999999999e-01 9.7344703800000002e+02
1.6316680900000000e+02 3.2540619999999998e+00 1.7055999999999999e-01 9.7573380999999995e+02
1.6848116099999999e+02 3.6769059999999998e+00 1.7599999999999999e-01 9.7817251999999996e+02
1.7380918700000001e+02 4.1402120000000000e+00 1.8143999999999999e-01 9.8076335800000004e+02
1.7915171200000000e+02 4.6456080000000002e+00 1.8687999999999999e-01 9.8350617899999997e+02
1.8450956500000001e+02 5.1946690000000002e+00 1.9231999999999999e-01 9.8640056800000002e+02
1.8988356700000000e+02 5.7889169999999996e+00 1.9775999999999999e-01 9.8944587300000001e+02
1.9527453700000001e+02 6.4298240000000000e+00 2.0319999999999999e-01 9.9264125200000001e+02
2.0068329000000000e+02 7.1188149999999997e+00 2.0863999999999999e-01 9.9598569599999996e+02
2.0611063400000000e+02 7.8572689999999996e+00 2.1407999999999999e-01 9.9947805400000004e+02
2.1155736999999999e+02 8.6465180000000004e+00 2.1951999999999999e-01 1.0031170540000001e+03
2.1702429200000000e+02 9.4878499999999999e+00 2.2495999999999999e-01 1.0069013110000000e+03
2.2251218700000001e+02 1.0382507000000000e+01 2.3039999999999999e-01 1.0108293410000000e+03
2.2802183299999999e+02 1.1331683999999999e+01 2.3583999999999999e-01 1.0148995609999999e+03
2.3355400000000000e+02 1.2336527999999999e+01 2.4127999999999999e-01 1.0191102979999999e+03
2.3910944699999999e+02 1.3398137000000000e+01 2.4671999999999999e-01 1.0234597850000000e+03
2.4468892399999999e+02 1.4517557999999999e+01 2.5216000000000000e-01 1.0279461670000001e+03
2.5029317200000000e+02 1.5695781000000000e+01 2.5760000000000000e-01 1.0325674899999999e+03
2.5592291900000001e+02 1.6933741999999999e+01 2.6304000000000000e-01 1.0373217119999999e+03
2.6157888200000002e+02 1.8232317999999999e+01 2.6848000000000000e-01 1.0422066890000001e+03
2.6726176800000002e+02 1.9592323000000000e+01 2.7392000000000000e-01 1.0472201849999999e+03
2.7297226899999998e+02 2.1014510999999999e+01 2.7936000000000000e-01 1.0523598620000000e+03
2.7871106600000002e+02 2.2499566000000002e+01 2.8480000000000000e-01 1.0576232890000001e+03
2.8447882499999997e+02 2.4048107000000002e+01 2.9024000000000000e-01 1.0630079340000000e+03
2.9027619900000002e+02 2.5660684000000000e+01 2.9568000000000000e-01 1.0685111750000001e+03
2.9610382600000003e+02 2.7337778000000000e+01 3.0112000000000000e-01 1.0741302969999999e+03
3.0196233000000001e+02 2.9079796000000002e+01 3.0656000000000000e-01 1.0798624980000000e+03
3.0785231700000003e+02 3.0887077999999999e+01 3.1200000000000000e-01 1.0857048940000000e+03
3.1377438000000001e+02 3.2759891000000003e+01 3.1744000000000000e-01 1.0916545280000000e+03
3.1972909399999998e+02 3.4698431999999997e+01 3.2288000000000000e-01 1.0977083700000001e+03
3.2571701800000000e+02 3.6702829000000001e+01 3.2832000000000000e-01 1.1038633330000000e+03
3.3173869400000001e+02 3.8773141000000003e+01 3.3376000000000000e-01 1.1101162740000000e+03
3.3779464600000000e+02 4.0909362000000002e+01 3.3920000000000000e-01 1.1164640079999999e+03
3.4388538199999999e+02 4.3111421999999997e+01 3.4464000000000000e-01 1.1229033130000000e+03
3.5001139000000001e+02 4.5379188999999997e+01 3.5008000000000000e-01 1.1294309420000000e+03
3.5617314399999998e+02 4.7712471999999998e+01 3.5552000000000000e-01 1.1360436299999999e+03
3.6237104299999999e+02 5.0069495000000003e+01 3.6096000000000000e-01 1.1426229080000001e+03
3.6860209400000002e+02 5.2105165999999997e+01 3.6640000000000000e-01 1.1482202410000000e+03
3.7486252800000000e+02 5.4046638000000002e+01 3.7184000000000000e-01 1.1534794860000000e+03
3.8115109500000000e+02 5.5956113000000002e+01 3.7728000000000000e-01 1.1585768220000000e+03
3.8746709800000002e+02 5.7854779000000001e+01 3.8272000000000000e-01 1.1635726940000000e+03
3.9381007799999998e+02 5.9753487000000000e+01 3.8816000000000001e-01 1.1684981430000000e+03
4.0017921400000000e+02 6.1523802000000003e+01 3.9360000000000001e-01 1.1730276910000000e+03
4.0657139699999999e+02 6.3145195999999999e+01 3.9904000000000001e-01 1.1771182950000000e+03
4.1298562800000002e+02 6.4762759000000003e+01 4.0448000000000001e-01 1.1811439069999999e+03
4.1942167799999999e+02 6.6391357999999997e+01 4.0992000000000001e-01 1.1851428209999999e+03
4.2587944499999998e+02 6.8036709999999999e+01 4.1536000000000001e-01 1.1891296060000000e+03
4.3235888599999998e+02 6.9701847000000001e+01 4.2080000000000001e-01 1.1931118340000000e+03
4.3885998999999998e+02 7.1388642000000004e+01 4.2624000000000001e-01 1.1970940499999999e+03
4.4538276400000001e+02 7.3098365000000001e+01 4.3168000000000001e-01 1.2010792120000001e+03
4.5192723200000000e+02 7.4831930000000000e+01 4.3712000000000001e-01 1.2050693540000000e+03
4.5849342400000000e+02 7.6590024999999997e+01 4.4256000000000001e-01 1.2090659149999999e+03
4.6508137699999997e+02 7.8373183999999995e+01 4.4800000000000001e-01 1.2130699390000000e+03
4.7169113599999997e+02 8.0181830000000005e+01 4.5344000000000001e-01 1.2170821850000000e+03
4.7832274500000000e+02 8.2016306999999998e+01 4.5888000000000001e-01 1.2211032120000000e+03
4.8497625499999998e+02 8.3876895000000005e+01 4.6432000000000001e-01 1.2251334190000000e+03
4.9165171600000002e+02 8.5763827000000006e+01 4.6976000000000001e-01 1.2291730900000000e+03
4.9834917899999999e+02 8.7677295999999998e+01 4.7520000000000001e-01 1.2332224150000000e+03
5.0506869899999998e+02 8.9617461000000006e+01 4.8064000000000001e-01 1.2372815100000000e+03
5.1181032800000003e+02 9.1584455000000005e+01 4.8608000000000001e-01 1.2413504310000001e+03
5.1857411900000000e+02 9.3578389999999999e+01 4.9152000000000001e-01 1.2454291840000001e+03
5.2536012600000004e+02 9.5599355000000003e+01 4.9696000000000001e-01 1.2495177360000000e+03
5.3216840300000001e+02 9.7647424000000001e+01 5.0239999999999996e-01 1.2536160210000000e+03
5.3899900200000002e+02 9.9722654000000006e+01 5.0783999999999996e-01 1.2577239430000000e+03
5.4585197500000004e+02 1.0182509100000000e+02 5.1327999999999996e-01 1.2618413849999999e+03
5.5272737299999994e+02 1.0395476600000001e+02 5.1871999999999996e-01 1.2659682080000000e+03
5.5962524800000006e+02 1.0611170100000000e+02 5.2415999999999996e-01 1.2701042590000000e+03
5.6654564800000003e+02 1.0829590899999999e+02 5.2959999999999996e-01 1.2742493680000000e+03
5.7348862399999996e+02 1.1050739000000000e+02 5.3503999999999996e-01 1.2784033560000000e+03
5.8045422099999996e+02 1.1274614099999999e+02 5.4047999999999996e-01 1.2825660330000001e+03
5.8744248900000002e+02 1.1501214700000000e+02 5.4591999999999996e-01 1.2867372000000000e+03
5.9445347100000004e+02 1.1730538799999999e+02 5.5135999999999996e-01 1.2909166520000001e+03
6.0148721300000000e+02 1.1962583900000000e+02 5.5679999999999996e-01 1.2951041789999999e+03
6.0854375700000003e+02 1.2197346500000000e+02 5.6223999999999996e-01 1.2992995639999999e+03
6.1562314700000002e+02 1.2434822900000000e+02 5.6767999999999996e-01 1.3035025900000001e+03
6.2272542199999998e+02 1.2675008699999999e+02 5.7311999999999996e-01 1.3077130330000000e+03
6.2985062300000004e+02 1.2917899199999999e+02 5.7855999999999996e-01 1.3119306700000000e+03
6.3699878799999999e+02 1.3163488899999999e+02 5.8399999999999996e-01 1.3161552760000000e+03
6.4416995499999996e+02 1.3411772300000001e+02 5.8943999999999996e-01 1.3203866240000000e+03
6.5136415999999997e+02 1.3662743300000000e+02 5.9487999999999996e-01 1.3246244879999999e+03
6.5858143700000005e+02 1.3916395299999999e+02 6.0031999999999996e-01 1.3288686399999999e+03
6.6582181900000000e+02 1.4172721600000000e+02 6.0575999999999997e-01 1.3331188549999999e+03
6.7308534099999997e+02 1.4431715000000000e+02 6.1119999999999997e-01 1.3373749069999999e+03
6.8037203199999999e+02 1.4693368200000000e+02 6.1663999999999997e-01 1.3416365710000000e+03
6.8768192199999999e+02 1.4957673399999999e+02 6.2207999999999997e-01 1.3459036249999999e+03
6.9501504000000000e+02 1.5224622600000001e+02 6.2751999999999997e-01 1.3501758470000000e+03
7.0237141399999996e+02 1.5494207700000001e+02 6.3295999999999997e-01 1.3544530190000000e+03
7.0975107000000003e+02 1.5766420199999999e+02 6.3839999999999997e-01 1.3587349220000001e+03
7.1715403400000002e+02 1.6041251500000001e+02 6.4383999999999997e-01 1.3630213409999999e+03
7.2458032800000001e+02 1.6318692700000000e+02 6.4927999999999997e-01 1.3673120640000000e+03
7.3202997700000003e+02 1.6598734800000000e+02 6.5471999999999997e-01 1.3716068800000000e+03
7.3950300100000004e+02 1.6881368599999999e+02 6.6015999999999997e-01 1.3759055810000000e+03
7.4699942099999998e+02 1.7166584800000001e+02 6.6559999999999997e-01 1.3802079639999999e+03
7.5451925700000004e+02 1.7454373799999999e+02 6.7103999999999997e-01 1.3845138250000000e+03
7.6206252700000005e+02 1.7744726100000000e+02 6.7647999999999997e-01 1.3888229660000000e+03
7.6962924899999996e+02 1.8037631800000000e+02 6.8191999999999997e-01 1.3931351910000001e+03
7.7721943799999997e+02 1.8333081100000001e+02 6.8735999999999997e-01 1.3974503050000001e+03
7.8483311000000003e+02 1.8631064000000001e+02 6.9279999999999997e-01 1.4017681200000000e+03
7.9247027900000000e+02 1.8931570500000001e+02 6.9823999999999997e-01 1.4060884470000001e+03
8.0013095899999996e+02 1.9234590399999999e+02 7.0367999999999997e-01 1.4104111040000000e+03
8.0781515999999999e+02 1.9540113400000001e+02 7.0911999999999997e-01 1.4147359090000000e+03
8.1552289599999995e+02 1.9848129299999999e+02 7.1455999999999997e-01 1.4190626850000001e+03
8.2325417500000003e+02 2.0158627600000000e+02 7.1999999999999997e-01 1.4233912570000000e+03
8.3100900700000000e+02 2.0471598000000000e+02 7.2543999999999997e-01 1.4277214550000001e+03
8.3878740000000005e+02 2.0787030100000001e+02 7.3087999999999997e-01 1.4320531089999999e+03
8.4658936300000005e+02 2.1104913199999999e+02 7.3631999999999997e-01 1.4363860549999999e+03
8.5441490099999999e+02 2.1425236799999999e+02 7.4175999999999997e-01 1.4407201319999999e+03
8.6226401999999996e+02 2.1747990300000001e+02 7.4719999999999998e-01 1.4450551800000001e+03
8.7013672499999996e+02 2.2073163199999999e+02 7.5263999999999998e-01 1.4493910440000000e+03
8.7803302099999996e+02 2.2400744800000001e+02 7.5807999999999998e-01 1.4537275709999999e+03
8.8595290899999998e+02 2.2730724400000000e+02 7.6351999999999998e-01 1.4580646119999999e+03
8.9389639399999999e+02 2.3063091499999999e+02 7.6895999999999998e-01 1.4624020210000001e+03
9.0186347499999999e+02 2.3397835200000000e+02 7.7439999999999998e-01 1.4667396540000000e+03
9.0985415499999999e+02 2.3734944999999999e+02 7.7983999999999998e-01 1.4710773700000000e+03
9.1786843299999998e+02 2.4074410300000000e+02 7.8527999999999998e-01 1.4754150330000000e+03
9.2590630799999997e+02 2.4416220200000001e+02 7.9071999999999998e-01 1.4797525080000000e+03
9.3396777999999995e+02 2.4760364200000001e+02 7.9615999999999998e-01 1.4840896620000001e+03
9.4205284500000005e+02 2.5106831700000001e+02 8.0159999999999998e-01 1.4884263679999999e+03
9.5016150200000004e+02 2.5455611999999999e+02 8.0703999999999998e-01 1.4927624989999999e+03
9.5829374600000006e+02 2.5806694499999998e+02 8.1247999999999998e-01 1.4970979310000000e+03
9.6644957399999998e+02 2.6160068600000000e+02 8.1791999999999998e-01 1.5014325449999999e+03
9.7462898099999995e+02 2.6515723800000001e+02 8.2335999999999998e-01 1.5057662220000000e+03
9.8283196099999998e+02 2.6873649499999999e+02 8.2879999999999998e-01 1.5100988470000000e+03
9.9105850899999996e+02 2.7233835099999999e+02 8.3423999999999998e-01 1.5144303080000000e+03
9.9930861700000003e+02 2.7596270299999998e+02 8.3967999999999998e-01 1.5187604940000001e+03
1.0075822790000000e+03 2.7960944599999999e+02 8.4511999999999998e-01 1.5230892980000001e+03
1.0158794860000000e+03 2.8327847600000001e+02 8.5055999999999998e-01 1.5274166150000001e+03
1.0242002310000000e+03 2.8696968900000002e+02 8.5599999999999998e-01 1.5317423409999999e+03
1.0325445040000000e+03 2.9068298099999998e+02 8.6143999999999998e-01 1.5360663780000000e+03
1.0409122960000000e+03 2.9441825000000000e+02 8.6687999999999998e-01 1.5403886270000000e+03
1.0493035970000001e+03 2.9817539199999999e+02 8.7231999999999998e-01 1.5447089920000001e+03
1.0577183960000000e+03 3.0195430699999997e+02 8.7775999999999998e-01 1.5490273800000000e+03
1.0661566829999999e+03 3.0575489299999998e+02 8.8319999999999999e-01 1.5533436999999999e+03
1.0746184450000001e+03 3.0957704699999999e+02 8.8863999999999999e-01 1.5576578640000000e+03
1.0831036720000000e+03 3.1342066999999997e+02 8.9407999999999999e-01 1.5619697850000000e+03
1.0916123500000001e+03 3.1728566100000000e+02 8.9951999999999999e-01 1.5662793770000001e+03
1.1001444660000000e+03 3.2117192000000000e+02 9.0495999999999999e-01 1.5705865590000001e+03
1.1087000080000000e+03 3.2507934899999998e+02 9.1039999999999999e-01 1.5748912499999999e+03
1.1172789610000000e+03 3.2900784800000002e+02 9.1583999999999999e-01 1.5791933720000000e+03
1.1258813110000001e+03 3.3295731999999998e+02 9.2127999999999999e-01 1.5834928490000000e+03
1.1345070440000000e+03 3.3692766699999999e+02 9.2671999999999999e-01 1.5877896049999999e+03
1.1431561449999999e+03 3.4091879100000000e+02 9.3215999999999999e-01 1.5920835680000000e+03
1.1518285980000001e+03 3.4493059599999998e+02 9.3759999999999999e-01 1.5963746679999999e+03
1.1605243869999999e+03 3.4896298600000000e+02 9.4303999999999999e-01 1.6006628350000001e+03
1.1692434960000001e+03 3.5301586600000002e+02 9.4847999999999999e-01 1.6049480020000001e+03
1.1779859100000001e+03 3.5708914099999998e+02 9.5391999999999999e-01 1.6092301040000000e+03
1.1867516100000000e+03 3.6118271600000003e+02 9.5935999999999999e-01 1.6135090769999999e+03
1.1955405810000000e+03 3.6529649899999998e+02 9.6479999999999999e-01 1.6177848590000001e+03
1.2043528030000000e+03 3.6943039499999998e+02 9.7023999999999999e-01 1.6220573910000001e+03
1.2131882599999999e+03 3.7358431300000001e+02 9.7567999999999999e-01 1.6263266120000001e+03
1.2220469330000001e+03 3.7775815999999998e+02 9.8111999999999999e-01 1.6305924669999999e+03
1.2309288039999999e+03 3.8195184499999999e+02 9.8655999999999999e-01 1.6348548989999999e+03
1.2398338530000001e+03 3.8616527800000000e+02 9.9199999999999999e-01 1.6391138539999999e+03
1.2487620629999999e+03 3.9039836900000000e+02 9.9743999999999999e-01 1.6433692810000000e+03
1.2577134129999999e+03 3.9465102800000000e+02 1.0028800000000000e+00 1.6476211280000000e+03
1.2666878839999999e+03 3.9892316599999998e+02 1.0083200000000001e+00 1.6518693450000001e+03
1.2756854570000000e+03 4.0321469600000000e+02 1.0137600000000000e+00 1.6561138850000000e+03
1.2847061100000001e+03 4.0752552900000001e+02 1.0192000000000001e+00 1.6603547000000001e+03
1.2937498230000001e+03 4.1185557899999998e+02 1.0246400000000000e+00 1.6645917460000001e+03
1.3028165770000001e+03 4.1620476100000002e+02 1.0300800000000001e+00 1.6688249780000001e+03
1.3119063500000000e+03 4.2057298700000001e+02 1.0355200000000000e+00 1.6730543540000001e+03
1.3210191199999999e+03 4.2496017499999999e+02 1.0409600000000001e+00 1.6772798319999999e+03
1.3301548670000000e+03 4.2936623800000001e+02 1.0464000000000000e+00 1.6815013730000001e+03
1.3393135689999999e+03 4.3379109499999998e+02 1.0518400000000001e+00 1.6857189390000001e+03
1.3484952049999999e+03 4.3823466300000001e+02 1.0572800000000000e+00 1.6899324899999999e+03
1.3576997520000000e+03 4.4269685800000002e+02 1.0627200000000001e+00 1.6941419920000001e+03
1.3669271879999999e+03 4.4717760099999998e+02 1.0681600000000000e+00 1.6983474100000001e+03
1.3761774909999999e+03 4.5167681099999999e+02 1.0736000000000001e+00 1.7025487100000000e+03
1.3854506389999999e+03 4.5619440800000001e+02 1.0790400000000000e+00 1.7067458590000001e+03
1.3947466079999999e+03 4.6073031400000002e+02 1.0844800000000001e+00 1.7109388269999999e+03
1.4040653769999999e+03 4.6528445099999999e+02 1.0899200000000000e+00 1.7151275850000000e+03
1.4134069210000000e+03 4.6985674299999999e+02 1.0953599999999999e+00 1.7193121030000000e+03
1.4227712180000001e+03 4.7444711300000000e+02 1.1008000000000000e+00 1.7234923550000001e+03
1.4321582450000001e+03 4.7905548700000003e+02 1.1062399999999999e+00 1.7276683160000000e+03
1.4415679780000000e+03 4.8368179300000003e+02 1.1116800000000000e+00 1.7318399620000000e+03
1.4510003930000000e+03 4.8832595900000001e+02 1.1171199999999999e+00 1.7360072709999999e+03
1.4604554680000001e+03 4.9298791499999999e+02 1.1225600000000000e+00 1.7401702230000001e+03
1.4699331769999999e+03 4.9766759700000000e+02 1.1279999999999999e+00 1.7443288020000000e+03
1.4794334980000001e+03 5.0236493999999999e+02 1.1334400000000000e+00 1.7484829950000001e+03
1.4889564069999999e+03 5.0707988699999999e+02 1.1388799999999999e+00 1.7526327910000000e+03
1.4985018789999999e+03 5.1181238999999999e+02 1.1443200000000000e+00 1.7567781930000001e+03
1.5080698900000000e+03 5.1656242099999997e+02 1.1497599999999999e+00 1.7609192140000000e+03
1.5176604179999999e+03 5.2133000400000003e+02 1.1552000000000000e+00 1.7650559200000000e+03
1.5272734379999999e+03 5.2611533999999995e+02 1.1606399999999999e+00 1.7691885239999999e+03
1.5369089280000001e+03 5.3091778999999997e+02 1.1660800000000000e+00 1.7733165140000001e+03
1.5465668630000000e+03 5.3573716500000000e+02 1.1715199999999999e+00 1.7774397730000001e+03
1.5562472150000001e+03 5.4057339700000000e+02 1.1769600000000000e+00 1.7815582850000001e+03
1.5659499599999999e+03 5.4542641500000002e+02 1.1823999999999999e+00 1.7856720350000001e+03
1.5756750709999999e+03 5.5029614900000001e+02 1.1878400000000000e+00 1.7897810079999999e+03
1.5854225220000001e+03 5.5518253100000004e+02 1.1932799999999999e+00 1.7938851890000001e+03
1.5951922880000000e+03 5.6008549200000004e+02 1.1987200000000000e+00 1.7979845650000000e+03
1.6049843410000001e+03 5.6500496599999997e+02 1.2041599999999999e+00 1.8020791240000001e+03
1.6147986570000000e+03 5.6994088399999998e+02 1.2096000000000000e+00 1.8061688529999999e+03
1.6246352079999999e+03 5.7489317900000003e+02 1.2150399999999999e+00 1.8102537390000000e+03
1.6344939680000000e+03 5.7986178700000005e+02 1.2204800000000000e+00 1.8143337739999999e+03
1.6443749110000001e+03 5.8484664099999998e+02 1.2259199999999999e+00 1.8184089449999999e+03
1.6542780100000000e+03 5.8984767599999998e+02 1.2313600000000000e+00 1.8224792430000000e+03
1.6642032380000001e+03 5.9486482699999999e+02 1.2367999999999999e+00 1.8265446580000000e+03
1.6741505700000000e+03 5.9989803199999994e+02 1.2422400000000000e+00 1.8306051820000000e+03
1.6841199779999999e+03 6.0494722500000000e+02 1.2476799999999999e+00 1.8346608070000000e+03
1.6941114359999999e+03 6.1001234399999998e+02 1.2531200000000000e+00 1.8387115249999999e+03
1.7041249170000001e+03 6.1509332600000005e+02 1.2585599999999999e+00 1.8427573270000000e+03
1.7141603940000000e+03 6.2019011000000000e+02 1.2640000000000000e+00 1.8467982090000000e+03
1.7242178409999999e+03 6.2530263300000001e+02 1.2694399999999999e+00 1.8508341620000001e+03
1.7342972299999999e+03 6.3043083500000000e+02 1.2748800000000000e+00 1.8548651820000000e+03
1.7443985350000000e+03 6.3557465500000001e+02 1.2803199999999999e+00 1.8588912630000000e+03
1.7545217290000001e+03 6.4073403299999995e+02 1.2857600000000000e+00 1.8629123990000001e+03
1.7646667849999999e+03 6.4590890999999999e+02 1.2911999999999999e+00 1.8669285880000000e+03
1.7748336760000000e+03 6.5109922600000004e+02 1.2966400000000000e+00 1.8709398229999999e+03
1.7850223759999999e+03 6.5630492200000003e+02 1.3020799999999999e+00 1.8749461020000001e+03
1.7952328560000001e+03 6.6152593999999999e+02 1.3075200000000000e+00 1.8789474210000001e+03
1.8054650910000000e+03 6.6676222199999995e+02 1.3129599999999999e+00 1.8829437780000001e+03
1.8157190519999999e+03 6.7201371200000006e+02 1.3184000000000000e+00 1.8869351690000001e+03
1.8259947139999999e+03 6.7728035100000000e+02 1.3238399999999999e+00 1.8909215919999999e+03
1.8362920489999999e+03 6.8256208400000003e+02 1.3292800000000000e+00 1.8949030470000000e+03
1.8466110289999999e+03 6.8785885499999995e+02 1.3347199999999999e+00 1.8988795299999999e+03
1.8569516289999999e+03 6.9317060700000002e+02 1.3401600000000000e+00 1.9028510409999999e+03
1.8673138210000000e+03 6.9849728700000003e+02 1.3455999999999999e+00 1.9068175799999999e+03
1.8776975780000000e+03 7.0383883800000001e+02 1.3510400000000000e+00 1.9107791460000001e+03
1.8881028719999999e+03 7.0919520599999998e+02 1.3564799999999999e+00 1.9147357370000000e+03
1.8985296770000000e+03 7.1456633899999997e+02 1.3619200000000000e+00 1.9186873559999999e+03
1.9089779659999999e+03 7.1995218100000000e+02 1.3673599999999999e+00 1.9226340020000000e+03
1.9194477119999999e+03 7.2535268099999996e+02 1.3728000000000000e+00 1.9265756750000000e+03
1.9299388870000000e+03 7.3076778500000000e+02 1.3782399999999999e+00 1.9305123779999999e+03
1.9404514640000000e+03 7.3619744100000003e+02 1.3836800000000000e+00 1.9344441099999999e+03
1.9509854170000001e+03 7.4164159700000005e+02 1.3891199999999999e+00 1.9383708740000000e+03
1.9615407190000001e+03 7.4710020099999997e+02 1.3945600000000000e+00 1.9422926720000000e+03
1.9721173420000000e+03 7.5257320300000003e+02 1.3999999999999999e+00 1.9462095050000000e+03
