# epsilon[MeV/fm^3] P[MeV/fm^3] nB[fm^-3] muB[MeV]
4.3514892049562272e-07 9.0000000794219998e-12 4.6796200000000002e-10 9.2990010724260003e+02
5.4394952759824855e-07 1.2854500250148002e-11 5.8496400000000005e-10 9.2990743275720001e+02
6.8239664606092796e-07 1.8414700022552000e-11 7.3384599999999997e-10 9.2991587774760001e+02
8.5763463874259032e-07 2.6380199998860002e-11 9.2229000000000003e-10 9.2992551188760001e+02
1.0799253715994732e-06 3.7791099667920001e-11 1.1613300000000000e-09 9.2993648532329996e+02
1.3625442882637764e-06 5.4137899979800000e-11 1.4652400000000000e-09 9.2994894782519998e+02
1.7226605254650248e-06 7.7555599791040007e-11 1.8524800000000000e-09 9.2996308925910000e+02
2.1826057027272589e-06 1.1110299984364001e-10 2.3470600000000000e-09 9.2997909967860005e+02
2.7713348204539073e-06 1.5916099965360000e-10 2.9801100000000000e-09 9.2999716876169998e+02
3.5266032513682487e-06 2.2800800111288001e-10 3.7922200000000000e-09 9.3001754656409992e+02
4.4975537964996660e-06 3.2663399940042002e-10 4.8362200000000001e-09 9.3004045271789994e+02
4.5807460305493105e-06 3.3555999792714001e-10 4.9256699999999996e-09 9.3004228160820003e+02
4.7281205653478515e-06 3.3656599963290001e-10 5.0841300000000003e-09 9.3004248152130003e+02
6.5759177435918250e-06 5.4515600232911993e-10 7.0708799999999999e-09 9.3007696075620004e+02
9.1998724984833464e-06 8.8567000200420000e-10 9.8920399999999997e-09 9.3011730648750006e+02
1.2918168885426129e-05 1.4388700552640002e-09 1.3889600000000001e-08 9.3016406831190000e+02
1.8201380444258739e-05 2.3376200076990001e-09 1.9569300000000001e-08 9.3021808578930006e+02
2.5725895950178280e-05 3.7977398937599994e-09 2.7657999999999999e-08 9.3028025838780002e+02
3.6463989818522291e-05 6.1698799253159997e-09 3.9200400000000002e-08 9.3035162548649998e+02
5.1813630126296458e-05 1.0023700173792000e-08 5.5698400000000002e-08 9.3043332628019994e+02
7.3785560512054020e-05 1.6284700005120000e-08 7.9311899999999997e-08 9.3052664006250006e+02
1.0527189036420272e-04 2.6456400399219999e-08 1.1314700000000000e-07 9.3063298613190000e+02
1.5043483705694415e-04 4.2981499428689995e-08 1.6167299999999999e-07 9.3075400323120004e+02
1.5143539825673478e-04 4.3369399516159995e-08 1.6274800000000000e-07 9.3075639185940008e+02
1.5666718390755263e-04 4.3499599327679997e-08 1.6836899999999999e-07 9.3075719132400002e+02
1.8247319946392853e-04 5.3487099479700000e-08 1.9609400000000001e-07 9.3081203831400001e+02
2.1304949570856091e-04 6.5965099669560007e-08 2.2894200000000001e-07 9.3087079295249998e+02
2.4880173202308656e-04 8.1354199584480006e-08 2.6734800000000002e-07 9.3093285559410003e+02
2.9061049213158235e-04 1.0033299847065000e-07 3.1225699999999999e-07 9.3099838615049998e+02
3.3950651358852186e-04 1.2374000051775000e-07 3.6477499999999998e-07 9.3106758453479995e+02
3.9669496520679297e-04 1.5260700009555001e-07 4.2619500000000001e-07 9.3114063056550003e+02
4.6358813252914599e-04 1.8820900209407997e-07 4.9803199999999997e-07 9.3121772415570001e+02
5.4183717856390442e-04 2.3211699768180001e-07 5.8205699999999998e-07 9.3129908512530005e+02
6.3337419989345891e-04 2.8626699988691999e-07 6.8034199999999997e-07 9.3138494352930002e+02
7.4046361643000222e-04 3.5305100162730003e-07 7.9531500000000002e-07 9.3147551899979999e+02
7.4543957324912111e-04 3.5623800038969997e-07 8.0065699999999999e-07 9.3147951660449996e+02
7.7046470619140960e-04 3.5730600246279002e-07 8.2752300000000002e-07 9.3148080575760002e+02
7.7218701201869997e-04 3.5837800248323999e-07 8.2937200000000002e-07 9.3148210505190002e+02
7.7564281539113634e-04 3.6053199741144001e-07 8.3308200000000005e-07 9.3148469349929996e+02
7.7911352986319152e-04 3.6269800105895999e-07 8.3680799999999998e-07 9.3148728185280004e+02
7.8260009510663572e-04 3.6487800290032998e-07 8.4055099999999997e-07 9.3148988034750005e+02
7.8610250285012515e-04 3.6706999922346001e-07 8.4431100000000000e-07 9.3149248879559991e+02
7.8962075319254110e-04 3.6927600351839998e-07 8.4808799999999996e-07 9.3149508719639994e+02
7.9315485471188711e-04 3.7149499796798001e-07 8.5188199999999998e-07 9.3149769564450003e+02
7.9670479058673201e-04 3.7372699824480005e-07 8.5569300000000004e-07 9.3150031404599997e+02
8.0027057791247260e-04 3.7597299948234002e-07 8.5952100000000004e-07 9.3150293244750003e+02
8.0385221698387247e-04 3.7823200230633998e-07 8.6336599999999998e-07 9.3150555094289996e+02
8.0745063029167934e-04 3.8050499711466001e-07 8.6722899999999999e-07 9.3150817929779998e+02
8.1106395596088781e-04 3.8279099715107999e-07 8.7110800000000002e-07 9.3151080774659999e+02
8.1469498722525535e-04 3.8509200436278001e-07 8.7500600000000005e-07 9.3151343619540000e+02
8.1834093096975699e-04 3.8740599815679997e-07 8.7891999999999998e-07 9.3151607459759998e+02
8.3652972322216491e-04 3.8856800310954005e-07 8.9844600000000005e-07 9.3151737379799999e+02
8.9649746606902973e-04 4.2637900225708002e-07 9.6282100000000007e-07 9.3155798930399999e+02
9.6293679962426715e-04 4.6927300060880000e-07 1.0341400000000000e-06 9.3160093353000002e+02
1.0343084479593990e-03 5.1648199988999994e-07 1.1107499999999999e-06 9.3164493704189999e+02
1.1110033276598183e-03 5.6844100521450010e-07 1.1930700000000001e-06 9.3169002988770001e+02
1.1934040547386528e-03 6.2562700512179996e-07 1.2815100000000000e-06 9.3173623206809998e+02
1.2819398888523502e-03 6.8856500094819997e-07 1.3765300000000001e-06 9.3178357353719991e+02
1.3770588621277026e-03 7.5783499966439992e-07 1.4786100000000000e-06 9.3183208434300002e+02
1.4792742600387720e-03 8.3407400117300003e-07 1.5882999999999999e-06 9.3188178448619999e+02
1.5890902438860661e-03 9.1798299673799988e-07 1.7061399999999999e-06 9.3193271378040004e+02
1.7070948934908867e-03 1.0103300084124001e-06 1.8327600000000000e-06 9.3198488236679998e+02
1.7418302566492478e-03 1.0379399925766002e-06 1.8700300000000001e-06 9.3199978345169995e+02
1.8026805910135908e-03 1.0410599913928000e-06 1.9353200000000000e-06 9.3200143242960007e+02
2.0389359400714486e-03 1.2275099896319999e-06 2.1888000000000001e-06 9.3209187794249999e+02
2.3114099463439177e-03 1.4516999917321999e-06 2.4811100000000001e-06 9.3218792017709995e+02
2.6204004641994278e-03 1.7168400063888003e-06 2.8125600000000001e-06 9.3228811983419996e+02
2.9707928967162671e-03 2.0304000155634000e-06 3.1883800000000001e-06 9.3239264696670000e+02
3.3681648965264784e-03 2.4012300084080001e-06 3.6145400000000001e-06 9.3250170129989999e+02
3.8188055776886142e-03 2.8397900147328003e-06 4.0977700000000004e-06 9.3261546284010001e+02
4.3298558716110781e-03 3.3584500068246004e-06 4.6457100000000001e-06 9.3273413140649996e+02
4.9094492242661523e-03 3.9718300068571995e-06 5.2670599999999997e-06 9.3285792691289998e+02
5.5667590537662745e-03 4.6972400276543001e-06 5.9716300000000001e-06 9.3298704917850000e+02
6.3122329168583428e-03 5.5551399798486997e-06 6.7705900000000002e-06 9.3312173811779996e+02
6.3691536418958340e-03 5.6221100036384002e-06 6.8315900000000001e-06 9.3313158221820004e+02
6.6107787783348925e-03 5.6389700285964000e-06 7.0905299999999997e-06 9.3313397075249998e+02
7.1832281514335565e-03 6.2999099885847007e-06 7.7039700000000007e-06 9.3322329697740008e+02
7.8228640480689938e-03 7.0594400109160007e-06 8.3893400000000006e-06 9.3331767013950002e+02
8.5195476220300548e-03 7.9105299722335996e-06 9.1357600000000004e-06 9.3341477175390003e+02
9.2783521214718639e-03 8.8642300383220009e-06 9.9486500000000000e-06 9.3351470163630006e+02
1.0104791977484120e-02 9.9329099737559988e-06 1.0833900000000000e-05 9.3361751969490001e+02
1.1005037422914624e-02 1.1130399980334000e-05 1.1798100000000000e-05 9.3372332602710003e+02
1.1985504705131824e-02 1.2472300012974001e-05 1.2848100000000000e-05 9.3383220044789994e+02
1.3053499763127112e-02 1.3976000053347000e-05 1.3991700000000000e-05 9.3394422305399996e+02
1.4216706487829026e-02 1.5661000693130000e-05 1.5237100000000000e-05 9.3405949366109996e+02
1.5483652631007537e-02 1.7549100191680000e-05 1.6593399999999999e-05 9.3417811227269999e+02
1.5623499832828706e-02 1.7760599953030001e-05 1.6743099999999999e-05 9.3419079468840005e+02
1.6269961736847121e-02 1.7813900213129999e-05 1.7435099999999998e-05 9.3419395273319992e+02
1.7094324515795702e-02 1.9027400207749999e-05 1.8317499999999999e-05 9.3426180186839997e+02
1.8000874089488257e-02 2.0384500450440000e-05 1.9287799999999999e-05 9.3433394852489994e+02
1.8955614232225096e-02 2.1838399047120000e-05 2.0309599999999999e-05 9.3440734433310001e+02
1.9960983560824267e-02 2.3396100553499999e-05 2.1385500000000000e-05 9.3448202938830002e+02
2.1019794814794490e-02 2.5064799654149998e-05 2.2518500000000001e-05 9.3455801364390004e+02
2.2134768910989058e-02 2.6852600343399999e-05 2.3711500000000002e-05 9.3463531710059999e+02
2.3309000859656603e-02 2.8767899159999994e-05 2.4967799999999998e-05 9.3471396971249999e+02
2.4545494036103295e-02 3.0819700065419999e-05 2.6290599999999999e-05 9.3479400162150000e+02
2.5847718880420045e-02 3.3017999946119998e-05 2.7683600000000000e-05 9.3487541254589996e+02
2.7219055484112444e-02 3.5372998881120002e-05 2.9150400000000001e-05 9.3495825272219997e+02
2.7775365070038964e-02 3.6339601209739997e-05 2.9745400000000002e-05 9.3499105302509997e+02
2.8289610775747390e-02 3.6448598719180002e-05 3.0295400000000001e-05 9.3499466085090000e+02
2.8802930737171755e-02 3.7332599735440002e-05 3.0844399999999999e-05 9.3502356336480000e+02
2.9391538203060320e-02 3.8352800962709990e-05 3.1473899999999997e-05 9.3505628375879996e+02
2.9992229144074897e-02 3.9400800335690003e-05 3.2116300000000003e-05 9.3508923392610006e+02
3.0605097595990186e-02 4.0477499896860003e-05 3.2771700000000003e-05 9.3512239395989991e+02
3.1230612131930052e-02 4.1583600119840003e-05 3.3440600000000000e-05 9.3515578386089999e+02
3.1868867160453597e-02 4.2719998743180005e-05 3.4123099999999999e-05 9.3518940362910007e+02
3.2520144922003676e-02 4.3887298648500002e-05 3.4819500000000001e-05 9.3522325326449993e+02
3.3184820445813230e-02 4.5086601561120004e-05 3.5530200000000001e-05 9.3525732271979996e+02
3.3862987887692660e-02 4.6318701748649993e-05 3.6255299999999998e-05 9.3529163208960006e+02
3.4555116462740516e-02 4.7584401826990007e-05 3.6995300000000001e-05 9.3532617123270006e+02
3.4710848908415574e-02 4.7870299693839997e-05 3.7161800000000001e-05 9.3533387666670001e+02
3.5705765632703390e-02 4.8013899962450004e-05 3.8225500000000002e-05 9.3533768431169995e+02
3.6190650245182691e-02 4.8884701265269996e-05 3.8743900000000000e-05 9.3536029073669999e+02
3.6764595537185744e-02 4.9920498059249994e-05 3.9357499999999997e-05 9.3538680481020003e+02
3.7347724170046170e-02 5.0978398185919999e-05 3.9980900000000002e-05 9.3541345870079999e+02
3.7940129948432849e-02 5.2058599241440000e-05 4.0614200000000002e-05 9.3544024264290010e+02
3.8541907483377907e-02 5.3161699756499999e-05 4.1257500000000003e-05 9.3546717635549999e+02
3.9153244015328124e-02 5.4288198430999997e-05 4.1910999999999999e-05 9.3549425007299999e+02
3.9774234210732992e-02 5.5438601263319996e-05 4.2574799999999998e-05 9.3552146370150001e+02
4.0405159191034282e-02 5.6613297948239995e-05 4.3249199999999999e-05 9.3554882728830000e+02
4.1046019389420471e-02 5.7812899551080002e-05 4.3934199999999997e-05 9.3557633069220003e+02
4.1697190276124625e-02 5.9037997871239995e-05 4.4630199999999998e-05 9.3560397410099995e+02
4.2358578444415006e-02 6.0288999023690009e-05 4.5337100000000003e-05 9.3563177732760005e+02
4.2549448380963861e-02 6.0651299975859995e-05 4.5541099999999997e-05 9.3563974248900001e+02
4.3740238175900857e-02 6.0833198906699995e-05 4.6813800000000002e-05 9.3564365013750000e+02
4.5854886274473032e-02 6.4782902450840000e-05 4.9073799999999998e-05 9.3572599057799994e+02
4.8180087401599556e-02 6.9195997901699998e-05 5.1558599999999998e-05 9.3581365787159996e+02
5.0623240020302433e-02 7.3909702371599995e-05 5.4169200000000003e-05 9.3590278418340006e+02
5.3190452397117956e-02 7.8944498346630003e-05 5.6912100000000000e-05 9.3599338970190001e+02
5.5887837732656438e-02 8.4322299027779992e-05 5.9793799999999997e-05 9.3608550419339997e+02
5.8722166587791814e-02 9.0066499795649990e-05 6.2821499999999995e-05 9.3617915789369999e+02
6.1700398546921942e-02 9.6201898222459989e-05 6.6002599999999997e-05 9.3627437052180005e+02
6.4829683480590566e-02 1.0275499726340999e-04 6.9344700000000000e-05 9.3637116226620003e+02
6.8117831355171340e-02 1.0975499711746999e-04 7.2856100000000002e-05 9.3646956308100005e+02
7.1572933822013338e-02 1.1723199746169999e-04 7.6545399999999994e-05 9.3656960282640000e+02
7.2872355791586060e-02 1.2007500056640000e-04 7.7932800000000000e-05 9.3660639068670002e+02
7.6294350046888545e-02 1.2043499631464001e-04 8.1586400000000002e-05 9.3661091798129996e+02
7.8557740452832786e-02 1.2521799885310001e-04 8.4002899999999995e-05 9.3666865324139997e+02
8.1070439170188191e-02 1.3058099681828001e-04 8.6685400000000002e-05 9.3673145543940007e+02
8.3663493660002267e-02 1.3617299667415003e-04 8.9453500000000007e-05 9.3679492723830003e+02
8.6339540033127660e-02 1.4200499619000000e-04 9.2310000000000002e-05 9.3685905859080003e+02
8.9101308842231525e-02 1.4808700429182000e-04 9.5257800000000001e-05 9.3692387963880003e+02
9.1951438062670962e-02 1.5442999846642999e-04 9.8299699999999997e-05 9.3698938014720000e+02
9.3544637803481184e-02 1.5800363917307320e-04 1.0000000000000000e-04 9.3702641442654260e+02
9.5903812508818492e-02 1.5964159797861110e-04 1.0251768933849806e-04 9.3704271649753991e+02
9.8322485069094204e-02 1.6133486561486907e-04 1.0509882915851668e-04 9.3705915397182559e+02
1.0080215600681500e-01 1.6308530969093811e-04 1.0774501814736297e-04 9.3707572797858427e+02
1.0334436368732716e-01 1.6489486087932340e-04 1.1045789525967121e-04 9.3709243965649136e+02
1.0595068527320479e-01 1.6676551504540236e-04 1.1323914073121027e-04 9.3710929015379543e+02
1.0862273770270699e-01 1.6869933544878707e-04 1.1609047711820091e-04 9.3712628062839804e+02
1.1136217869291173e-01 1.7069845501902040e-04 1.1901367036278422e-04 9.3714341224793679e+02
1.1417070776814847e-01 1.7276507870811532e-04 1.2201053088529867e-04 9.3716068618986799e+02
1.1705006731436765e-01 1.7490148592253210e-04 1.2508291470404042e-04 9.3717810364154866e+02
1.2000204366010112e-01 1.7711003303727606e-04 1.2823272458319673e-04 9.3719566580032210e+02
1.2302846818468413e-01 1.7939315599488852e-04 1.3146191120966166e-04 9.3721337387360290e+02
1.2613121845442643e-01 1.8175337299219778e-04 1.3477247439945994e-04 9.3723122907896084e+02
1.2931221938743745e-01 1.8419328725779348e-04 1.3816646433452328e-04 9.3724923264420772e+02
1.3257344444782795e-01 1.8671558992328744e-04 1.4164598283058173e-04 9.3726738580748497e+02
1.3591691687002930e-01 1.8932306299152850e-04 1.4521318463695307e-04 9.3728568981735032e+02
1.3934471091398967e-01 1.9201858240504467e-04 1.4887027876903135e-04 9.3730414593286685e+02
1.4285895315202615e-01 1.9480512121809696e-04 1.5261952987429689e-04 9.3732275542369064e+02
1.4646182378813097e-01 1.9768575287584431e-04 1.5646325963269018e-04 9.3734151957016343e+02
1.5015555801055017e-01 2.0066365460423498e-04 1.6040384819221350e-04 9.3736043966339923e+02
1.5394244737847401e-01 2.0374211091436474e-04 1.6444373564064523e-04 9.3737951700537974e+02
1.5782484124369986e-01 2.0692451722516655e-04 1.6858542351427588e-04 9.3739875290904286e+02
1.6180514820814834e-01 2.1021438360842673e-04 1.7283147634459390e-04 9.3741814869837833e+02
1.6588583761813830e-01 2.1361533866025935e-04 1.7718452324387771e-04 9.3743770570851950e+02
1.7006944109634684e-01 2.1713113350330817e-04 1.8164725953066975e-04 9.3745742528583844e+02
1.7435855411240489e-01 2.2076564592409063e-04 1.8622244839613535e-04 9.3747730878804202e+02
1.7875583759310329e-01 2.2452288465004739e-04 1.9091292261233487e-04 9.3749735758426561e+02
1.8326401957320754e-01 2.2840699377101457e-04 1.9572158628346057e-04 9.3751757305517287e+02
1.8788589688790541e-01 2.3242225730999501e-04 2.0065141664111884e-04 9.3753795659305069e+02
1.9262433690793895e-01 2.3657310394827172e-04 2.0570546588476545e-04 9.3755850960191003e+02
1.9748227931849432e-01 2.4086411191007228e-04 2.1088686306842597e-04 9.3757923349758221e+02
2.0246273794295652e-01 2.4530001401217456e-04 2.1619881603486660e-04 9.3760012970782304e+02
2.0756880261265778e-01 2.4988570288402164e-04 2.2164461339840678e-04 9.3762119967241063e+02
2.1280364108378069e-01 2.5462623636410346e-04 2.2722762657759497e-04 9.3764244484324820e+02
2.1817050100260596e-01 2.5952684307855895e-04 2.3295131187900229e-04 9.3766386668446705e+02
2.2367271192032198e-01 2.6459292820814881e-04 2.3881921263341517e-04 9.3768546667253031e+02
2.2931368735864879e-01 2.6983007944996265e-04 2.4483496138574703e-04 9.3770724629633662e+02
2.3509692692755560e-01 2.7524407318043384e-04 2.5100228214001551e-04 9.3772920705732633e+02
2.4102601849638705e-01 2.8084088082646025e-04 2.5732499266076984e-04 9.3775135046958712e+02
2.4710464041974509e-01 2.8662667545165907e-04 2.6380700683238667e-04 9.3777367805996187e+02
2.5333656381950659e-01 2.9260783856501822e-04 2.7045233707768702e-04 9.3779619136815597e+02
2.5972565492439292e-01 2.9879096715945528e-04 2.7726509683736447e-04 9.3781889194684697e+02
2.6627587746854375e-01 3.0518288098804758e-04 2.8424950311175368e-04 9.3784178136179378e+02
2.7299129515058107e-01 3.1179063008595687e-04 2.9140987906650168e-04 9.3786486119194831e+02
2.7987607415469140e-01 3.1862150254634758e-04 2.9875065670375059e-04 9.3788813302956703e+02
2.8693448573528851e-01 3.2568303255887303e-04 3.0627637960047455e-04 9.3791159848032328e+02
2.9417090886686065e-01 3.3298300871959673e-04 3.1399170571565753e-04 9.3793525916342219e+02
3.0158983296064706e-01 3.4052948262151491e-04 3.2190141026804288e-04 9.3795911671171416e+02
3.0919586064982768e-01 3.4833077773515362e-04 3.3001038868622404e-04 9.3798317277181059e+02
3.1699371064495496e-01 3.5639549858903645e-04 3.3832365963289428e-04 9.3800742900420232e+02
3.2498822066139932e-01 3.6473254026014916e-04 3.4684636810511875e-04 9.3803188708337495e+02
3.3318435042062328e-01 3.7335109818486688e-04 3.5558378861253457e-04 9.3805654869792909e+02
3.4158718472714844e-01 3.8226067830116750e-04 3.6454132843543945e-04 9.3808141555069972e+02
3.5020193662312155e-01 3.9147110753331532e-04 3.7372453096477174e-04 9.3810648935887673e+02
3.5903395062243870e-01 4.0099254463058084e-04 3.8313907912603868e-04 9.3813177185412724e+02
3.6808870602643307e-01 4.1083549137195009e-04 3.9279079888930086e-04 9.3815726478271756e+02
3.7737182032318400e-01 4.2101080414918391e-04 4.0268566286737347e-04 9.3818296990563863e+02
3.8688905267255558e-01 4.3152970594099988e-04 4.1282979400445775e-04 9.3820888899872932e+02
3.9664630747912699e-01 4.4240379869158640e-04 4.2322946935747390e-04 9.3823502385280278e+02
4.0664963805523147e-01 4.5364507610710090e-04 4.3389112397242049e-04 9.3826137627377545e+02
4.1690525037637682e-01 4.6526593688426719e-04 4.4482135485814973e-04 9.3828794808279270e+02
4.2741950693137570e-01 4.7727919838566033e-04 4.5602692505999773e-04 9.3831474111635976e+02
4.3819893066957644e-01 4.8969811077676526e-04 4.6751476783578148e-04 9.3834175722647183e+02
4.4925020904764112e-01 5.0253637164039938e-04 4.7929199093672766e-04 9.3836899828074593e+02
4.6058019817838347e-01 5.1580814108462020e-04 4.9136588099597030e-04 9.3839646616255300e+02
4.7219592708423885e-01 5.2952805736077935e-04 5.0374390802731314e-04 9.3842416277115217e+02
4.8410460205800587e-01 5.4371125300895168e-04 5.1643373003702623e-04 9.3845209002182617e+02
4.9631361113356531e-01 5.5837337154854446e-04 5.2944319775151275e-04 9.3848024984601705e+02
5.0883052866934875e-01 5.7353058473249793e-04 5.4278035946375225e-04 9.3850864419146342e+02
5.2166312004740256e-01 5.8919961038410718e-04 5.5645346600150273e-04 9.3853727502233983e+02
5.3481934649095986e-01 6.0539773083613773e-04 5.7047097582031442e-04 9.3856614431939613e+02
5.4830737000351160e-01 6.2214281199257529e-04 5.8484156022448801e-04 9.3859525408009790e+02
5.6213555843243879e-01 6.3945332303402900e-04 5.9957410871918553e-04 9.3862460631876991e+02
5.7631249066034995e-01 6.5734835678852926e-04 6.1467773449698829e-04 9.3865420306673798e+02
5.9084696192734143e-01 6.7584765079018155e-04 6.3016178006226745e-04 9.3868404637247625e+02
6.0574798928748474e-01 6.9497160904890859e-04 6.4603582299683300e-04 9.3871413830174947e+02
6.2102481720292468e-01 7.1474132455528723e-04 6.6230968187039536e-04 9.3874448093776414e+02
6.3668692327906062e-01 7.3517860254530788e-04 6.7899342229948176e-04 9.3877507638131431e+02
6.5274402414436616e-01 7.5630598455070992e-04 6.9609736315852226e-04 9.3880592675093237e+02
6.6920608147849758e-01 7.7814677326142534e-04 7.1363208294692728e-04 9.3883703418304083e+02
6.8608330819242891e-01 8.0072505822754764e-04 7.3160842631606613e-04 9.3886840083210302e+02
7.0338617476445009e-01 8.2406574242918239e-04 7.5003751076015807e-04 9.3890002887077856e+02
7.2112541573595634e-01 8.4819456974347444e-04 7.6893073347518567e-04 9.3893192049007723e+02
7.3931203637106002e-01 8.7313815333911514e-04 7.8829977839004156e-04 9.3896407789951718e+02
7.5795731948415690e-01 8.9892400502964418e-04 8.0815662337423253e-04 9.3899650332728083e+02
7.7707283243968106e-01 9.2558056561792116e-04 8.2851354762656108e-04 9.3902919902037490e+02
7.9667043432839413e-01 9.5313723626523877e-04 8.4938313924932929e-04 9.3906216724479111e+02
8.1676228332465650e-01 9.8162441091967216e-04 8.7077830301270716e-04 9.3909541028566821e+02
8.3736084422924906e-01 1.0110735098394358e-03 8.9271226831404290e-04 9.3912893044745488e+02
8.5847889620242146e-01 1.0415170142482188e-03 9.1519859733699192e-04 9.3916273005407527e+02
8.8012954069196847e-01 1.0729885021607266e-03 9.3825119341548195e-04 9.3919681144909543e+02
9.0232620956124832e-01 1.1055226854179399e-03 9.6188430960764430e-04 9.3923117699588943e+02
9.2508267342218975e-01 1.1391554479729406e-03 9.8611255748497217e-04 9.3926582907781074e+02
9.4841305017845279e-01 1.1739238854695309e-03 1.0109509161421034e-03 9.3930077009836202e+02
9.7233181378405120e-01 1.2098663461573044e-03 1.0364147414327603e-03 9.3933600248136679e+02
9.9685380322285899e-01 1.2470224731882882e-03 1.0625197754375016e-03 9.3937152867114480e+02
1.0219942317145825e+00 1.2854332483418160e-03 1.0892821561691124e-03 9.3940735113268386e+02
1.0477686961529058e+00 1.3251410372258571e-03 1.1167184275215724e-03 9.3944347235182136e+02
1.0741931867816581e+00 1.3661896360046483e-03 1.1448455494687125e-03 9.3947989483541835e+02
1.1012840971150202e+00 1.4086243197041846e-03 1.1736809085188169e-03 9.3951662111154258e+02
1.1290582341079083e+00 1.4524918921488264e-03 1.2032423284315777e-03 9.3955365372964729e+02
1.1575328285828572e+00 1.4978407375841197e-03 1.2335480812039768e-03 9.3959099526075670e+02
1.1867255459198693e+00 1.5447208740427629e-03 1.2646168983318404e-03 9.3962864829764851e+02
1.2166544970158515e+00 1.5931840085125670e-03 1.2964679823539499e-03 9.3966661545504269e+02
1.2473382495204528e+00 1.6432835939672761e-03 1.3291210186858135e-03 9.3970489936978618e+02
1.2787958393552690e+00 1.6950748883231487e-03 1.3625961877503355e-03 9.3974350270104583e+02
1.3110467825235494e+00 1.7486150153863029e-03 1.3969141774128188e-03 9.3978242813049769e+02
1.3441110872177551e+00 1.8039630278580908e-03 1.4320961957279398e-03 9.3982167836252063e+02
1.3780092662324535e+00 1.8611799724679453e-03 1.4681639840064826e-03 9.3986125612438991e+02
1.4127623496902737e+00 1.9203289573055823e-03 1.5051398302098600e-03 9.3990116416647584e+02
1.4483918980888044e+00 1.9814752214267978e-03 1.5430465826806242e-03 9.3994140526243973e+02
1.4849200156765281e+00 2.0446862068096332e-03 1.5819076642173678e-03 9.3998198220943436e+02
1.5223693641660967e+00 2.1100316327402838e-03 1.6217470865026518e-03 9.4002289782830712e+02
1.5607631767934562e+00 2.1775835727107988e-03 1.6625894648928010e-03 9.4006415496379964e+02
1.6001252727315292e+00 2.2474165339133570e-03 1.7044600335785959e-03 9.4010575648475822e+02
1.6404800718674202e+00 2.3196075394188520e-03 1.7473846611261946e-03 9.4014770528433610e+02
1.6818526099522861e+00 2.3942362131303616e-03 1.7913898664077483e-03 9.4019000428020490e+02
1.7242685541332918e+00 2.4713848676052594e-03 1.8365028349315057e-03 9.4023265641476542e+02
1.7677542188772777e+00 2.5511385948428036e-03 1.8827514355813887e-03 9.4027566465535847e+02
1.8123365822960098e+00 2.6335853601373283e-03 1.9301642377762703e-03 9.4031903199448072e+02
1.8580433028831633e+00 2.7188160991005964e-03 1.9787705290594928e-03 9.4036276145000090e+02
1.9049027366733937e+00 2.8069248179602669e-03 2.0286003331293524e-03 9.4040685606537863e+02
1.9529439548341669e+00 2.8980086972451575e-03 2.0796844283216204e-03 9.4045131890988216e+02
2.0021967617012506e+00 2.9921681989716351e-03 2.1320543665553815e-03 9.4049615307881311e+02
2.0526917132690468e+00 3.0895071774493456e-03 2.1857424927537871e-03 9.4054136169373078e+02
2.1044601361472579e+00 3.1901329938285295e-03 2.2407819647516200e-03 9.4058694790267521e+02
2.1575341469956331e+00 3.2941566345152484e-03 2.2972067737018270e-03 9.4063291488039965e+02
2.2119466724488452e+00 3.4016928335851089e-03 2.3550517649935042e-03 9.4067926582859661e+02
2.2677314695438864e+00 3.5128601993305543e-03 2.4143526596941398e-03 9.4072600397613314e+02
2.3249231466626172e+00 3.6277813450812314e-03 2.4751460765292006e-03 9.4077313257928336e+02
2.3835571850024970e+00 3.7465830244417871e-03 2.5374695544125234e-03 9.4082065492196568e+02
2.4436699605888021e+00 3.8693962710962290e-03 2.6013615755412804e-03 9.4086857431598094e+02
2.5052987668419706e+00 3.9963565433330205e-03 2.6668615890696030e-03 9.4091689410125321e+02
2.5684818377141134e+00 4.1276038734503846e-03 2.7340100353753899e-03 9.4096561764607225e+02
2.6332583714090023e+00 4.2632830222065288e-03 2.8028483709350649e-03 9.4101474834733881e+02
2.6996685547002830e+00 4.4035436384851964e-03 2.8734190938215303e-03 9.4106428963081146e+02
2.7677535878629898e+00 4.5485404243526470e-03 2.9457657698408711e-03 9.4111424495135634e+02
2.8375557102338127e+00 4.6984333056880661e-03 3.0199330593237723e-03 9.4116461779319786e+02
2.9091182264160040e+00 4.8533876085756636e-03 3.0959667445880201e-03 9.4121541167017335e+02
2.9824855331451654e+00 5.0135742416530082e-03 3.1739137580888642e-03 9.4126663012598885e+02
3.0577031468325693e+00 5.1791698846166499e-03 3.2538222112743994e-03 9.4131827673447788e+02
3.1348177318031381e+00 5.3503571830930633e-03 3.3357414241636306e-03 9.4137035509986038e+02
3.2138771292455592e+00 5.5273249500897240e-03 3.4197219556652168e-03 9.4142286885700878e+02
3.2949303868925286e+00 5.7102683742486079e-03 3.5058156346554582e-03 9.4147582167171072e+02
3.3780277894495225e+00 5.8993892351317653e-03 3.5940755918344577e-03 9.4152921724093687e+02
3.4632208897909624e+00 6.0948961257763952e-03 3.6845562923798762e-03 9.4158305929311439e+02
3.5505625409431620e+00 6.2970046827649758e-03 3.7773135694182708e-03 9.4163735158839484e+02
3.6401069288738563e+00 6.5059378240640928e-03 3.8724046583343509e-03 9.4169209791893206e+02
3.7319096061086863e+00 6.7219259948943962e-03 3.9698882319391306e-03 9.4174730210916027e+02
3.8260275261954879e+00 6.9452074219028340e-03 4.0698244365184287e-03 9.4180296801607119e+02
3.9225190790377473e+00 7.1760283759174552e-03 4.1722749287836395e-03 9.4185909952949930e+02
4.0214441271191692e+00 7.4146434435746703e-03 4.2773029137473644e-03 9.4191570057240642e+02
4.1228640426418277e+00 7.6613158081185488e-03 4.3849731835469766e-03 9.4197277510116749e+02
4.2268417456009075e+00 7.9163175396817723e-03 4.4953521572397284e-03 9.4203032710586319e+02
4.3334417428197138e+00 8.1799298953685699e-03 4.6085079215937418e-03 9.4208836061057195e+02
4.4427301679691089e+00 8.4524436294704623e-03 4.7245102728996511e-03 9.4214687967366444e+02
4.5547748225962428e+00 8.7341593141570632e-03 4.8434307598284165e-03 9.4220588838810340e+02
4.6696452181880286e+00 9.0253876709956611e-03 4.9653427273614143e-03 9.4226539088174331e+02
4.7874126192954227e+00 9.3264499136651111e-03 5.0903213618195102e-03 9.4232539131763519e+02
4.9081500877453106e+00 9.6376781022421889e-03 5.2184437370186030e-03 9.4238589389433173e+02
5.0319325279674150e+00 9.9594155094511246e-03 5.3497888615797011e-03 9.4244690284619605e+02
5.1588367334642973e+00 1.0292016999280135e-02 5.4844377274222891e-03 9.4250842244371540e+02
5.2889414344533785e+00 1.0635849418382854e-02 5.6224733594706063e-03 9.4257045699381524e+02
5.4223273467104294e+00 1.0991292000696004e-02 5.7639808666029701e-03 9.4263301084017621e+02
5.5590772216449125e+00 1.1358736785719876e-02 5.9090474938752191e-03 9.4269608836355428e+02
5.6992758976382181e+00 1.1738589050922857e-02 6.0577626760500271e-03 9.4275969398210498e+02
5.8430103526766013e+00 1.2131267758746823e-02 6.2102180924645872e-03 9.4282383215171058e+02
5.9903697583115614e+00 1.2537206018706679e-02 6.3665077232701534e-03 9.4288850736630820e+02
6.1414455349810408e+00 1.2956851565093422e-02 6.5267279070775099e-03 9.4295372415822169e+02
6.2963314087258473e+00 1.3390667250807901e-02 6.6909774000434886e-03 9.4301948709849842e+02
6.4551234693364439e+00 1.3839131557869769e-02 6.8593574364344363e-03 9.4308580079724584e+02
6.6179202299661686e+00 1.4302739125164715e-02 7.0319717907033888e-03 9.4315266990397436e+02
6.7848226882479068e+00 1.4782001294012153e-02 7.2089268411187381e-03 9.4322009910794191e+02
6.9559343889521168e+00 1.5277446672155059e-02 7.3903316349830141e-03 9.4328809313850161e+02
7.1313614882250445e+00 1.5789621716793930e-02 7.5762979554813746e-03 9.4335665676545193e+02
7.3112128194470563e+00 1.6319091337308134e-02 7.7669403902004596e-03 9.4342579479939138e+02
7.4955999607518606e+00 1.6866439518329158e-02 7.9623764013591249e-03 9.4349551209207618e+02
7.6846373042485769e+00 1.7432269963853237e-02 8.1627263977937809e-03 9.4356581353677905e+02
7.8784421269895759e+00 1.8017206763103685e-02 8.3681138087419657e-03 9.4363670406865640e+02
8.0771346637280672e+00 1.8621895078877217e-02 8.5786651594689355e-03 9.4370818866511320e+02
8.2808381815106884e+00 1.9247001859133819e-02 8.7945101487832151e-03 9.4378027234617491e+02
8.4896790561512265e+00 1.9893216572614600e-02 9.0157817284880291e-03 9.4385296017485985e+02
8.7037868506330387e+00 2.0561251969299324e-02 9.2426161848168844e-03 9.4392625725755875e+02
8.9232943954887691e+00 2.1251844866542313e-02 9.4751532219026959e-03 9.4400016874441280e+02
9.1483378712071790e+00 2.1965756961753548e-02 9.7135360473309170e-03 9.4407469982970269e+02
9.3790568927182978e+00 2.2703775672521662e-02 9.9579114598287600e-03 9.4414985575223182e+02
9.6155945960092506e+00 2.3466715005105256e-02 1.0208429939143421e-02 9.4422564179572157e+02
9.8580977269245622e+00 2.4255416452250586e-02 1.0465245738164004e-02 9.4430206328920360e+02
1.0106716732205888e+01 2.5070749921325537e-02 1.0728516977342638e-02 9.4437912560742120e+02
1.0361605852827850e+01 2.5913614693794138e-02 1.0998405741472343e-02 9.4445683417122962e+02
1.0622923219687724e+01 2.6784940417089367e-02 1.1275078178879940e-02 9.4453519444800429e+02
1.0890830951708402e+01 2.7685688129978507e-02 1.1558704603094234e-02 9.4461421195204889e+02
1.1165495256415547e+01 2.8616851322552112e-02 1.1849459597050981e-02 9.4469389224501163e+02
1.1447086533051168e+01 2.9579457032005124e-02 1.2147522119897610e-02 9.4477424093629963e+02
1.1735779478287807e+01 3.0574566975419579e-02 1.2453075616462441e-02 9.4485526368350338e+02
1.2031753194608751e+01 3.1603278720797663e-02 1.2766308129454581e-02 9.4493696619282014e+02
1.2335191301421588e+01 3.2666726897636965e-02 1.3087412414462297e-02 9.4501935421948451e+02
1.2646282048974061e+01 3.3766084448383415e-02 1.3416586057819540e-02 9.4510243356820115e+02
1.2965218435142745e+01 3.4902563922141354e-02 1.3754031597411636e-02 9.4518621009358253e+02
1.3292198325167218e+01 3.6077418812068794e-02 1.4099956646493439e-02 9.4527068970059111e+02
1.3627424574403861e+01 3.7291944937932114e-02 1.4454574020594625e-02 9.4535587834498222e+02
1.3971105154175468e+01 3.8547481875345457e-02 1.4818101867588716e-02 9.4544178203375668e+02
1.4323453280794761e+01 3.9845414433271005e-02 1.5190763801004549e-02 9.4552840682561350e+02
1.4684687547841907e+01 4.1187174181410297e-02 1.5572789036660683e-02 9.4561575883140756e+02
1.5055032061777915e+01 4.2574241029170193e-02 1.5964412532705020e-02 9.4570384421461313e+02
1.5434716580978295e+01 4.4008144857946310e-02 1.6365875133144470e-02 9.4579266919178940e+02
1.5823976658273061e+01 4.5490467208523233e-02 1.6777423714951063e-02 9.4588224003305345e+02
1.6223053787081557e+01 4.7022843025453204e-02 1.7199311338833331e-02 9.4597256306255372e+02
1.6632195551232840e+01 4.8606962460337307e-02 1.7631797403763982e-02 9.4606364465895069e+02
1.7051655778564353e+01 5.0244572735997348e-02 1.8075147805356760e-02 9.4615549125590132e+02
1.7481694698394456e+01 5.1937480073595575e-02 1.8529635098188349e-02 9.4624810934254833e+02
1.7922579102966349e+01 5.3687551684827299e-02 1.8995538662162942e-02 9.4634150546401486e+02
1.8374582512963514e+01 5.5496717831383352e-02 1.9473144873019706e-02 9.4643568622190082e+02
1.8837985347199549e+01 5.7366973953954889e-02 1.9962747277086114e-02 9.4653065827478554e+02
1.9313075096587340e+01 5.9300382873127243e-02 2.0464646770381841e-02 9.4662642833873872e+02
1.9800146502495899e+01 6.1299077064592047e-02 2.0979151782181831e-02 9.4672300318782970e+02
2.0299501739605198e+01 6.3365261011185822e-02 2.1506578463148442e-02 9.4682038965464403e+02
2.0811450603372595e+01 6.5501213634349714e-02 2.2047250878146026e-02 9.4691859463081084e+02
2.1336310702227198e+01 6.7709290807692529e-02 2.2601501203854298e-02 9.4701762506752436e+02
2.1874407654611129e+01 6.9991927955428204e-02 2.3169669931298750e-02 9.4711748797607879e+02
2.2426075290990330e+01 7.2351642738555447e-02 2.3752106073420473e-02 9.4721819042840571e+02
2.2991655860959945e+01 7.4791037831740931e-02 2.4349167377809962e-02 9.4731973955761407e+02
2.3571500245572850e+01 7.7312803793969279e-02 2.4961220544732609e-02 9.4742214255854014e+02
2.4165968175023053e+01 7.9919722036126170e-02 2.5588641450577165e-02 9.4752540668829852e+02
2.4775428451819153e+01 8.2614667888787963e-02 2.6231815376861325e-02 9.4762953926684122e+02
2.5400259179585895e+01 8.5400613773600073e-02 2.6891137244931754e-02 9.4773454767751957e+02
2.6040847997636355e+01 8.8280632481744295e-02 2.7567011856499825e-02 9.4784043936765318e+02
2.6697592321459805e+01 9.1257900563109076e-02 2.8259854140157206e-02 9.4794722184910358e+02
2.7370899589274664e+01 9.4335701829901850e-02 2.8970089404019177e-02 9.4805490269885627e+02
2.8061187514799570e+01 9.7517430978568104e-02 2.9698153594647711e-02 9.4816348955959950e+02
2.8768884346399020e+01 1.0080659733401026e-01 3.0444493562408630e-02 9.4827299014032246e+02
2.9494429132764878e+01 1.0420682872023862e-01 3.1209567333423179e-02 9.4838341221690462e+02
3.0238271995298181e+01 1.0772187546172163e-01 3.1993844388275947e-02 9.4849476363272254e+02
3.1000874407360314e+01 1.1135561451984935e-01 3.2797805947646738e-02 9.4860705229925543e+02
3.1782709480567053e+01 1.1511205376907344e-01 3.3621945265037534e-02 9.4872028619669811e+02
3.2584262258302509e+01 1.1899533641743765e-01 3.4466767926769191e-02 9.4883447337458097e+02
3.3406030016635775e+01 1.2300974557637756e-01 3.5332792159428368e-02 9.4894962195239657e+02
3.4248522572826445e+01 1.2715970898482767e-01 3.6220549144948107e-02 9.4906574012022816e+02
3.5112262601610595e+01 1.3144980389284691e-01 3.7130583343510645e-02 9.4918283613939047e+02
3.5997785959463585e+01 1.3588476211015038e-01 3.8063452824466056e-02 9.4930091834306972e+02
3.6905642017040321e+01 1.4046947522511211e-01 3.9019729605463641e-02 9.4941999513697658e+02
3.7836393999999999e+01 1.4520900000000000e-01 4.0000000000000001e-02 9.4954191700000001e+02
4.3004261999999997e+01 1.8266900000000000e-01 4.5440000000000001e-02 9.5041843200000005e+02
4.8176845999999998e+01 2.2409999999999999e-01 5.0880000000000002e-02 9.5127826800000003e+02
5.3354062999999996e+01 2.6947900000000002e-01 5.6320000000000002e-02 9.5212435200000004e+02
5.8535850000000003e+01 3.1892399999999999e-01 6.1760000000000002e-02 9.5296120699999994e+02
6.3722169999999998e+01 3.7271599999999999e-01 6.7199999999999996e-02 9.5379474200000004e+02
6.8913025000000005e+01 4.3131000000000003e-01 7.2639999999999996e-02 9.5463195399999995e+02
7.4108456000000004e+01 4.9533199999999999e-01 7.8079999999999997e-02 9.5548061600000005e+02
7.9308546000000007e+01 5.6557500000000005e-01 8.3519999999999997e-02 9.5634899800000005e+02
8.4513425999999995e+01 6.4298900000000003e-01 8.8959999999999997e-02 9.5724562900000001e+02
8.9723271999999994e+01 7.2867000000000004e-01 9.4399999999999998e-02 9.5817910900000004e+02
9.4938309000000004e+01 8.2384700000000000e-01 9.9839999999999998e-02 9.5915796100000000e+02
1.0015880500000000e+02 9.2986899999999995e-01 1.0528000000000000e-01 9.6019051800000000e+02
1.0538505900000000e+02 1.0467120000000001e+00 1.1072000000000000e-01 9.6127135699999997e+02
1.1061726600000000e+02 1.1735220000000000e+00 1.1616000000000000e-01 9.6238800200000003e+02
1.1585570900000000e+02 1.3141290000000001e+00 1.2160000000000000e-01 9.6356947700000001e+02
1.2110077800000001e+02 1.4708870000000001e+00 1.2703999999999999e-01 9.6482906700000001e+02
1.2635292500000000e+02 1.6458770000000000e+00 1.3247999999999999e-01 9.6617625599999997e+02
1.3161264900000000e+02 1.8410880000000001e+00 1.3791999999999999e-01 9.6761872500000004e+02
1.3688048599999999e+02 2.0584730000000002e+00 1.4335999999999999e-01 9.6916298600000005e+02
1.4215700500000000e+02 2.2999640000000001e+00 1.4879999999999999e-01 9.7081468199999995e+02
1.4744280499999999e+02 2.5674760000000001e+00 1.5423999999999999e-01 9.7257874300000003e+02
1.5273850800000000e+02 2.8629110000000000e+00 1.5967999999999999e-01 9.7445949499999995e+02
1.5804476099999999e+02 3.1881539999999999e+00 1.6511999999999999e-01 9.7646073699999999e+02
1.6336222799999999e+02 3.5450740000000001e+00 1.7055999999999999e-01 9.7858579299999997e+02
1.6869158999999999e+02 3.9355210000000000e+00 1.7599999999999999e-01 9.8083756300000005e+02
1.7403354500000000e+02 4.3613220000000004e+00 1.8143999999999999e-01 9.8321856100000002e+02
1.7938880100000000e+02 4.8242799999999999e+00 1.8687999999999999e-01 9.8573094200000003e+02
1.8475807800000001e+02 5.3261719999999997e+00 1.9231999999999999e-01 9.8837654199999997e+02
1.9014210600000001e+02 5.8687459999999998e+00 1.9775999999999999e-01 9.9115689199999997e+02
1.9554161999999999e+02 6.4537199999999997e+00 2.0319999999999999e-01 9.9407325000000003e+02
2.0095736500000001e+02 7.0827790000000004e+00 2.0863999999999999e-01 9.9712661800000001e+02
2.0639008799999999e+02 7.7575760000000002e+00 2.1407999999999999e-01 1.0003177600000000e+03
2.1184054000000000e+02 8.4797259999999994e+00 2.1951999999999999e-01 1.0036472170000000e+03
2.1730947399999999e+02 9.2508079999999993e+00 2.2495999999999999e-01 1.0071153220000000e+03
2.2279764700000001e+02 1.0072362000000000e+01 2.3039999999999999e-01 1.0107222150000000e+03
2.2830581200000000e+02 1.0945886000000000e+01 2.3583999999999999e-01 1.0144678450000000e+03
2.3383472499999999e+02 1.1872835000000000e+01 2.4127999999999999e-01 1.0183519870000000e+03
2.3938513800000001e+02 1.2854619000000000e+01 2.4671999999999999e-01 1.0223742460000000e+03
2.4495780099999999e+02 1.3892600000000000e+01 2.5216000000000000e-01 1.0265340590000001e+03
2.5055346200000000e+02 1.4988092999999999e+01 2.5760000000000000e-01 1.0308307090000001e+03
2.5617286200000001e+02 1.6142355999999999e+01 2.6304000000000000e-01 1.0352633200000000e+03
2.6181673899999998e+02 1.7356597000000001e+01 2.6848000000000000e-01 1.0398308669999999e+03
2.6748582399999998e+02 1.8631965000000001e+01 2.7392000000000000e-01 1.0445321779999999e+03
2.7318084199999998e+02 1.9969550000000002e+01 2.7936000000000000e-01 1.0493659330000000e+03
2.7890250900000001e+02 2.1370381999999999e+01 2.8480000000000000e-01 1.0543306749999999e+03
2.8465153500000002e+02 2.2835426999999999e+01 2.9024000000000000e-01 1.0594248080000000e+03
2.9042861799999997e+02 2.4365583999999998e+01 2.9568000000000000e-01 1.0646466009999999e+03
2.9623444899999998e+02 2.5961687999999999e+01 3.0112000000000000e-01 1.0699941960000001e+03
3.0206970699999999e+02 2.7624504999999999e+01 3.0656000000000000e-01 1.0754656090000001e+03
3.0793506100000002e+02 2.9354730000000000e+01 3.1200000000000000e-01 1.0810587370000001e+03
3.1383116600000000e+02 3.1152991000000000e+01 3.1744000000000000e-01 1.0867713639999999e+03
3.1975866700000000e+02 3.3019843000000002e+01 3.2288000000000000e-01 1.0926011679999999e+03
3.2571819399999998e+02 3.4955773000000001e+01 3.2832000000000000e-01 1.0985457269999999e+03
3.3171036700000002e+02 3.6961196000000001e+01 3.3376000000000000e-01 1.1046025279999999e+03
3.3773578900000001e+02 3.9036459999999998e+01 3.3920000000000000e-01 1.1107689740000001e+03
3.4379504800000001e+02 4.1181843999999998e+01 3.4464000000000000e-01 1.1170423929999999e+03
3.4988872099999998e+02 4.3397561000000003e+01 3.5008000000000000e-01 1.1234200490000001e+03
3.5601736699999998e+02 4.5683759000000002e+01 3.5552000000000000e-01 1.1298991460000000e+03
3.6218149599999998e+02 4.8009025000000001e+01 3.6096000000000000e-01 1.1363894920000000e+03
3.6837846500000001e+02 5.0026220000000002e+01 3.6640000000000000e-01 1.1419359290000000e+03
3.7460454600000003e+02 5.1950598999999997e+01 3.7184000000000000e-01 1.1471487580000000e+03
3.8085853200000003e+02 5.3846125999999998e+01 3.7728000000000000e-01 1.1522087480000000e+03
3.8713977499999999e+02 5.5733995999999998e+01 3.8272000000000000e-01 1.1571761039999999e+03
3.9344786199999999e+02 5.7624986000000000e+01 3.8816000000000001e-01 1.1620814220000000e+03
3.9978251000000000e+02 5.9525584000000002e+01 3.9360000000000001e-01 1.1669430379999999e+03
4.0614351399999998e+02 6.1440091000000002e+01 3.9904000000000001e-01 1.1717730079999999e+03
4.1253058499999997e+02 6.3302464000000001e+01 4.0448000000000001e-01 1.1764086070000001e+03
4.1894121000000001e+02 6.4978943999999998e+01 4.0992000000000001e-01 1.1805251459999999e+03
4.2537397900000002e+02 6.6646089000000003e+01 4.1536000000000001e-01 1.1845646930000000e+03
4.3182864200000000e+02 6.8324157999999997e+01 4.2080000000000001e-01 1.1885777840000001e+03
4.3830510600000002e+02 7.0019945000000007e+01 4.2624000000000001e-01 1.1925811540000000e+03
4.4480334199999999e+02 7.1736890000000002e+01 4.3168000000000001e-01 1.1965830730000000e+03
4.5132335699999999e+02 7.3477074000000002e+01 4.3712000000000001e-01 1.2005883679999999e+03
4.5786517700000002e+02 7.5241890999999995e+01 4.4256000000000001e-01 1.2046001320000000e+03
4.6442884500000002e+02 7.7032347000000001e+01 4.4800000000000001e-01 1.2086204620000001e+03
4.7101441100000000e+02 7.8849199999999996e+01 4.5344000000000001e-01 1.2126508360000000e+03
4.7762193300000001e+02 8.0693045999999995e+01 4.5888000000000001e-01 1.2166923190000000e+03
4.8425147299999998e+02 8.2564363000000000e+01 4.6432000000000001e-01 1.2207456870000001e+03
4.9090309800000000e+02 8.4463547000000005e+01 4.6976000000000001e-01 1.2248115110000001e+03
4.9757687600000003e+02 8.6390929999999997e+01 4.7520000000000001e-01 1.2288902049999999e+03
5.0427287899999999e+02 8.8346791999999994e+01 4.8064000000000001e-01 1.2329820640000000e+03
5.1099117899999999e+02 9.0331373999999997e+01 4.8608000000000001e-01 1.2370872919999999e+03
5.1773184900000001e+02 9.2344886000000002e+01 4.9152000000000001e-01 1.2412060170000000e+03
5.2449496299999998e+02 9.4387508999999994e+01 4.9696000000000001e-01 1.2453383110000000e+03
5.3128059399999995e+02 9.6459401000000000e+01 5.0239999999999996e-01 1.2494841960000001e+03
5.3808881599999995e+02 9.8560702000000006e+01 5.0783999999999996e-01 1.2536436520000000e+03
5.4491970400000002e+02 1.0069153300000001e+02 5.1327999999999996e-01 1.2578166309999999e+03
5.5177332999999999e+02 1.0285200100000000e+02 5.1871999999999996e-01 1.2620030540000000e+03
5.5864976799999999e+02 1.0504219900000000e+02 5.2415999999999996e-01 1.2662028180000000e+03
5.6554908999999998e+02 1.0726220900000000e+02 5.2959999999999996e-01 1.2704158030000001e+03
5.7247136699999999e+02 1.0951209900000001e+02 5.3503999999999996e-01 1.2746418710000000e+03
5.7941666999999995e+02 1.1179193200000000e+02 5.4047999999999996e-01 1.2788808680000000e+03
5.8638506900000004e+02 1.1410175900000000e+02 5.4591999999999996e-01 1.2831326320000001e+03
5.9337663399999997e+02 1.1644162200000000e+02 5.5135999999999996e-01 1.2873969880000000e+03
6.0039143100000001e+02 1.1881155699999999e+02 5.5679999999999996e-01 1.2916737510000000e+03
6.0742952800000000e+02 1.2121159200000000e+02 5.6223999999999996e-01 1.2959627330000001e+03
6.1449099200000001e+02 1.2364174900000000e+02 5.6767999999999996e-01 1.3002637350000000e+03
6.2157588599999997e+02 1.2610204400000001e+02 5.7311999999999996e-01 1.3045765560000000e+03
6.2868427499999996e+02 1.2859248600000001e+02 5.7855999999999996e-01 1.3089009890000000e+03
6.3581622100000004e+02 1.3111308000000000e+02 5.8399999999999996e-01 1.3132368240000001e+03
6.4297178599999995e+02 1.3366382400000001e+02 5.8943999999999996e-01 1.3175838490000001e+03
6.5015102899999999e+02 1.3624471399999999e+02 5.9487999999999996e-01 1.3219418490000000e+03
6.5735401100000001e+02 1.3885573900000000e+02 6.0031999999999996e-01 1.3263106069999999e+03
6.6458078899999998e+02 1.4149688399999999e+02 6.0575999999999997e-01 1.3306899050000000e+03
6.7183141999999998e+02 1.4416813300000001e+02 6.1119999999999997e-01 1.3350795250000001e+03
6.7910595899999998e+02 1.4686946100000000e+02 6.1663999999999997e-01 1.3394792470000000e+03
6.8640446099999997e+02 1.4960084400000000e+02 6.2207999999999997e-01 1.3438888529999999e+03
6.9372697900000003e+02 1.5236225300000001e+02 6.2751999999999997e-01 1.3483081250000000e+03
7.0107356400000003e+02 1.5515365600000001e+02 6.3295999999999997e-01 1.3527368429999999e+03
7.0844426899999996e+02 1.5797501600000001e+02 6.3839999999999997e-01 1.3571747909999999e+03
7.1583914100000004e+02 1.6082629700000001e+02 6.4383999999999997e-01 1.3616217540000000e+03
7.2325823100000002e+02 1.6370745600000001e+02 6.4927999999999997e-01 1.3660775149999999e+03
7.3070158400000003e+02 1.6661845199999999e+02 6.5471999999999997e-01 1.3705418620000000e+03
7.3816924800000004e+02 1.6955923700000000e+02 6.6015999999999997e-01 1.3750145829999999e+03
7.4566126699999995e+02 1.7252976400000000e+02 6.6559999999999997e-01 1.3794954670000000e+03
7.5317768500000000e+02 1.7552998299999999e+02 6.7103999999999997e-01 1.3839843080000001e+03
7.6071854399999995e+02 1.7855984200000000e+02 6.7647999999999997e-01 1.3884808989999999e+03
7.6828388700000005e+02 1.8161928599999999e+02 6.8191999999999997e-01 1.3929850349999999e+03
7.7587375399999996e+02 1.8470825900000000e+02 6.8735999999999997e-01 1.3974965159999999e+03
7.8348818400000005e+02 1.8782670300000001e+02 6.9279999999999997e-01 1.4020151410000001e+03
7.9112721599999998e+02 1.9097456000000000e+02 6.9823999999999997e-01 1.4065407140000000e+03
7.9879088700000000e+02 1.9415176700000001e+02 7.0367999999999997e-01 1.4110730400000000e+03
8.0647923200000002e+02 1.9735826399999999e+02 7.0911999999999997e-01 1.4156119269999999e+03
8.1419228799999996e+02 2.0059398700000000e+02 7.1455999999999997e-01 1.4201571850000000e+03
8.2193008799999996e+02 2.0385887000000000e+02 7.1999999999999997e-01 1.4247086270000000e+03
8.2969266500000003e+02 2.0715284700000001e+02 7.2543999999999997e-01 1.4292660679999999e+03
8.3748005300000000e+02 2.1047585100000001e+02 7.3087999999999997e-01 1.4338293269999999e+03
8.4529228100000000e+02 2.1382781499999999e+02 7.3631999999999997e-01 1.4383982240000000e+03
8.5312937999999997e+02 2.1720866799999999e+02 7.4175999999999997e-01 1.4429725830000000e+03
8.6099137900000005e+02 2.2061833999999999e+02 7.4719999999999998e-01 1.4475522289999999e+03
8.6887830599999995e+02 2.2405676199999999e+02 7.5263999999999998e-01 1.4521369900000000e+03
8.7679019000000005e+02 2.2752385899999999e+02 7.5807999999999998e-01 1.4567266990000001e+03
8.8472705499999995e+02 2.3101956100000001e+02 7.6351999999999998e-01 1.4613211890000000e+03
8.9268892900000003e+02 2.3454379399999999e+02 7.6895999999999998e-01 1.4659202969999999e+03
9.0067583500000001e+02 2.3809648400000000e+02 7.7439999999999998e-01 1.4705238609999999e+03
9.0868779800000004e+02 2.4167755600000001e+02 7.7983999999999998e-01 1.4751317240000001e+03
9.1672483899999997e+02 2.4528693600000000e+02 7.8527999999999998e-01 1.4797437299999999e+03
9.2478698199999997e+02 2.4892454799999999e+02 7.9071999999999998e-01 1.4843597250000000e+03
9.3287424799999997e+02 2.5259031600000000e+02 7.9615999999999998e-01 1.4889795590000001e+03
9.4098665700000004e+02 2.5628416299999998e+02 8.0159999999999998e-01 1.4936030850000000e+03
9.4912422900000001e+02 2.6000601300000000e+02 8.0703999999999998e-01 1.4982301570000000e+03
9.5728698299999996e+02 2.6375578899999999e+02 8.1247999999999998e-01 1.5028606310000000e+03
9.6547493599999996e+02 2.6753341300000000e+02 8.1791999999999998e-01 1.5074943690000000e+03
9.7368810599999995e+02 2.7133880699999997e+02 8.2335999999999998e-01 1.5121312310000001e+03
9.8192651100000000e+02 2.7517189400000001e+02 8.2879999999999998e-01 1.5167710810000001e+03
9.9019016499999998e+02 2.7903259500000001e+02 8.3423999999999998e-01 1.5214137880000001e+03
9.9847908399999994e+02 2.8292083300000002e+02 8.3967999999999998e-01 1.5260592200000001e+03
1.0067932820000000e+03 2.8683652699999999e+02 8.4511999999999998e-01 1.5307072490000000e+03
1.0151327740000000e+03 2.9077960100000001e+02 8.5055999999999998e-01 1.5353577479999999e+03
1.0234975710000000e+03 2.9474997500000001e+02 8.5599999999999998e-01 1.5400105950000000e+03
1.0318876880000000e+03 2.9874757000000000e+02 8.6143999999999998e-01 1.5446656670000000e+03
1.0403031340000000e+03 3.0277230800000001e+02 8.6687999999999998e-01 1.5493228449999999e+03
1.0487439230000000e+03 3.0682411000000002e+02 8.7231999999999998e-01 1.5539820119999999e+03
1.0572100630000000e+03 3.1090289600000000e+02 8.7775999999999998e-01 1.5586430539999999e+03
1.0657015650000001e+03 3.1500858899999997e+02 8.8319999999999999e-01 1.5633058579999999e+03
1.0742184390000000e+03 3.1914110899999997e+02 8.8863999999999999e-01 1.5679703130000000e+03
1.0827606920000001e+03 3.2330037800000002e+02 8.9407999999999999e-01 1.5726363100000001e+03
1.0913283329999999e+03 3.2748631799999998e+02 8.9951999999999999e-01 1.5773037449999999e+03
1.0999213700000000e+03 3.3169884900000000e+02 9.0495999999999999e-01 1.5819725120000001e+03
1.1085398100000000e+03 3.3593789399999997e+02 9.1039999999999999e-01 1.5866425090000000e+03
1.1171836579999999e+03 3.4020337499999999e+02 9.1583999999999999e-01 1.5913136360000001e+03
1.1258529209999999e+03 3.4449521399999998e+02 9.2127999999999999e-01 1.5959857959999999e+03
1.1345476040000001e+03 3.4881333400000000e+02 9.2671999999999999e-01 1.6006588910000000e+03
1.1432677120000001e+03 3.5315765599999997e+02 9.3215999999999999e-01 1.6053328289999999e+03
1.1520132490000001e+03 3.5752810499999998e+02 9.3759999999999999e-01 1.6100075170000000e+03
1.1607842189999999e+03 3.6192460399999999e+02 9.4303999999999999e-01 1.6146828650000000e+03
1.1695806259999999e+03 3.6634707700000001e+02 9.4847999999999999e-01 1.6193587840000000e+03
1.1784024720000000e+03 3.7079544800000002e+02 9.5391999999999999e-01 1.6240351900000001e+03
1.1872497590000000e+03 3.7526964299999997e+02 9.5935999999999999e-01 1.6287119980000000e+03
1.1961224900000000e+03 3.7976958600000000e+02 9.6479999999999999e-01 1.6333891249999999e+03
1.2050206670000000e+03 3.8429520400000001e+02 9.7023999999999999e-01 1.6380664930000000e+03
1.2139442890000000e+03 3.8884642400000001e+02 9.7567999999999999e-01 1.6427440240000001e+03
1.2228933589999999e+03 3.9342317500000001e+02 9.8111999999999999e-01 1.6474216409999999e+03
1.2318678760000000e+03 3.9802538399999997e+02 9.8655999999999999e-01 1.6520992730000000e+03
1.2408678390000000e+03 4.0265298400000000e+02 9.9199999999999999e-01 1.6567768490000001e+03
1.2498932500000001e+03 4.0730590500000000e+02 9.9743999999999999e-01 1.6614543000000001e+03
1.2589441059999999e+03 4.1198408200000000e+02 1.0028800000000000e+00 1.6661315629999999e+03
1.2680204060000001e+03 4.1668745000000001e+02 1.0083200000000001e+00 1.6708085759999999e+03
1.2771221490000000e+03 4.2141595100000001e+02 1.0137600000000000e+00 1.6754852820000001e+03
1.2862493340000001e+03 4.2616952700000002e+02 1.0192000000000001e+00 1.6801616289999999e+03
1.2954019579999999e+03 4.3094812899999999e+02 1.0246400000000000e+00 1.6848375710000000e+03
1.3045800180000001e+03 4.3575171399999999e+02 1.0300800000000001e+00 1.6895130730000001e+03
1.3137835130000001e+03 4.4058025500000002e+02 1.0355200000000000e+00 1.6941881129999999e+03
1.3230124390000001e+03 4.4543374999999997e+02 1.0409600000000001e+00 1.6988626919999999e+03
1.3322667950000000e+03 4.5031225100000000e+02 1.0464000000000000e+00 1.7035368659999999e+03
1.3415465780000000e+03 4.5521601500000003e+02 1.0518400000000001e+00 1.7082108840000001e+03
1.3508517899999999e+03 4.6014540499999998e+02 1.0572800000000000e+00 1.7128850920000000e+03
1.3601824260000001e+03 4.6509885600000001e+02 1.0627200000000001e+00 1.7175580110000001e+03
1.3695384810000000e+03 4.7007624900000002e+02 1.0681600000000000e+00 1.7222295440000000e+03
1.3789199450000001e+03 4.7507750800000002e+02 1.0736000000000001e+00 1.7268996330000000e+03
1.3883268120000000e+03 4.8010255899999999e+02 1.0790400000000000e+00 1.7315682230000000e+03
1.3977590720000001e+03 4.8515132499999999e+02 1.0844800000000001e+00 1.7362352590000000e+03
1.4072167170000000e+03 4.9022373199999998e+02 1.0899200000000000e+00 1.7409006890000001e+03
1.4166997389999999e+03 4.9531970699999999e+02 1.0953599999999999e+00 1.7455644600000001e+03
1.4262081270000001e+03 5.0043917299999998e+02 1.1008000000000000e+00 1.7502265210000000e+03
1.4357418729999999e+03 5.0558205900000002e+02 1.1062399999999999e+00 1.7548868230000000e+03
1.4453009669999999e+03 5.1074829099999999e+02 1.1116800000000000e+00 1.7595453160000000e+03
1.4548853990000000e+03 5.1593779500000005e+02 1.1171199999999999e+00 1.7642019530000000e+03
1.4644951579999999e+03 5.2115049999999997e+02 1.1225600000000000e+00 1.7688566860000001e+03
1.4741302340000000e+03 5.2638633200000004e+02 1.1279999999999999e+00 1.7735094710000001e+03
1.4837906170000001e+03 5.3164522099999999e+02 1.1334400000000000e+00 1.7781602620000001e+03
1.4934762960000000e+03 5.3692709500000001e+02 1.1388799999999999e+00 1.7828090159999999e+03
1.5031872579999999e+03 5.4223188200000004e+02 1.1443200000000000e+00 1.7874556900000000e+03
1.5129234939999999e+03 5.4755951200000004e+02 1.1497599999999999e+00 1.7921002410000001e+03
1.5226849910000001e+03 5.5290991599999995e+02 1.1552000000000000e+00 1.7967426300000000e+03
1.5324717360000000e+03 5.5828302199999996e+02 1.1606399999999999e+00 1.8013828149999999e+03
1.5422837190000000e+03 5.6367876100000001e+02 1.1660800000000000e+00 1.8060207579999999e+03
1.5521209269999999e+03 5.6909706400000005e+02 1.1715199999999999e+00 1.8106564200000000e+03
1.5619833480000000e+03 5.7453786200000002e+02 1.1769600000000000e+00 1.8152897630000000e+03
1.5718709670000001e+03 5.8000108599999999e+02 1.1823999999999999e+00 1.8199207520000000e+03
1.5817837740000000e+03 5.8548666900000001e+02 1.1878400000000000e+00 1.8245493489999999e+03
1.5917217539999999e+03 5.9099454200000002e+02 1.1932799999999999e+00 1.8291755209999999e+03
1.6016848950000001e+03 5.9652463899999998e+02 1.1987200000000000e+00 1.8337992320000001e+03
1.6116731820000000e+03 6.0207689100000005e+02 1.2041599999999999e+00 1.8384204490000000e+03
1.6216866020000000e+03 6.0765123300000005e+02 1.2096000000000000e+00 1.8430391390000000e+03
1.6317251420000000e+03 6.1324759700000004e+02 1.2150399999999999e+00 1.8476552700000000e+03
1.6417887870000000e+03 6.1886591799999997e+02 1.2204800000000000e+00 1.8522688109999999e+03
1.6518775230000001e+03 6.2450612999999998e+02 1.2259199999999999e+00 1.8568797310000000e+03
1.6619913360000000e+03 6.3016816700000004e+02 1.2313600000000000e+00 1.8614879989999999e+03
1.6721302120000000e+03 6.3585196499999995e+02 1.2367999999999999e+00 1.8660935870000001e+03
1.6822941340000000e+03 6.4155745800000000e+02 1.2422400000000000e+00 1.8706964660000001e+03
1.6924830899999999e+03 6.4728458300000000e+02 1.2476799999999999e+00 1.8752966080000001e+03
1.7026970630000001e+03 6.5303327600000000e+02 1.2531200000000000e+00 1.8798939849999999e+03
1.7129360389999999e+03 6.5880347200000006e+02 1.2585599999999999e+00 1.8844885710000001e+03
1.7232000029999999e+03 6.6459510799999998e+02 1.2640000000000000e+00 1.8890803390000001e+03
1.7334889390000001e+03 6.7040812200000005e+02 1.2694399999999999e+00 1.8936692640000001e+03
1.7438028310000000e+03 6.7624244899999997e+02 1.2748800000000000e+00 1.8982553210000001e+03
1.7541416630000001e+03 6.8209802900000000e+02 1.2803199999999999e+00 1.9028384860000001e+03
1.7645054200000000e+03 6.8797067900000002e+02 1.2857600000000000e+00 1.9074155290000001e+03
1.7748939370000001e+03 6.9379612699999996e+02 1.2911999999999999e+00 1.9119366230000001e+03
1.7853069599999999e+03 6.9960820200000001e+02 1.2966400000000000e+00 1.9164283670000000e+03
1.7957443679999999e+03 7.0542130699999996e+02 1.3020799999999999e+00 1.9209020980000000e+03
1.8062060750000001e+03 7.1124085800000000e+02 1.3075200000000000e+00 1.9253621180000000e+03
1.8166920140000000e+03 7.1706985299999997e+02 1.3129599999999999e+00 1.9298108259999999e+03
1.8272021270000000e+03 7.2291021400000000e+02 1.3184000000000000e+00 1.9342497800000001e+03
1.8377363650000000e+03 7.2876328699999999e+02 1.3238399999999999e+00 1.9386800770000000e+03
1.8482946830000001e+03 7.3463006099999996e+02 1.3292800000000000e+00 1.9431025350000000e+03
1.8588770390000000e+03 7.4051129700000001e+02 1.3347199999999999e+00 1.9475177890000000e+03
1.8694833970000000e+03 7.4640759500000001e+02 1.3401600000000000e+00 1.9519263460000000e+03
1.8801137209999999e+03 7.5231943699999999e+02 1.3455999999999999e+00 1.9563286200000000e+03
1.8907679770000000e+03 7.5824721999999997e+02 1.3510400000000000e+00 1.9607249549999999e+03
1.9014461340000000e+03 7.6419127300000002e+02 1.3564799999999999e+00 1.9651156420000000e+03
1.9121481620000000e+03 7.7015187300000002e+02 1.3619200000000000e+00 1.9695009310000000e+03
1.9228740330000001e+03 7.7612925499999994e+02 1.3673599999999999e+00 1.9738810360000000e+03
1.9336237180000001e+03 7.8212362199999995e+02 1.3728000000000000e+00 1.9782561470000001e+03
1.9443971910000000e+03 7.8813514399999997e+02 1.3782399999999999e+00 1.9826264269999999e+03
1.9551944260000000e+03 7.9416397300000006e+02 1.3836800000000000e+00 1.9869920239999999e+03
1.9660153969999999e+03 8.0021023800000000e+02 1.3891199999999999e+00 1.9913530670000000e+03
1.9768600810000000e+03 8.0627405199999998e+02 1.3945600000000000e+00 1.9957096750000001e+03
1.9877284540000001e+03 8.1235551399999997e+02 1.3999999999999999e+00 2.0000619509999999e+03
