# epsilon[MeV/fm^3] P[MeV/fm^3] nB[fm^-3] muB[MeV]
4.3514892049562272e-07 9.0000000794219998e-12 4.6796200000000002e-10 9.2990010724260003e+02
5.4394952759824855e-07 1.2854500250148002e-11 5.8496400000000005e-10 9.2990743275720001e+02
6.8239664606092796e-07 1.8414700022552000e-11 7.3384599999999997e-10 9.2991587774760001e+02
8.5763463874259032e-07 2.6380199998860002e-11 9.2229000000000003e-10 9.2992551188760001e+02
1.0799253715994732e-06 3.7791099667920001e-11 1.1613300000000000e-09 9.2993648532329996e+02
1.3625442882637764e-06 5.4137899979800000e-11 1.4652400000000000e-09 9.2994894782519998e+02
1.7226605254650248e-06 7.7555599791040007e-11 1.8524800000000000e-09 9.2996308925910000e+02
2.1826057027272589e-06 1.1110299984364001e-10 2.3470600000000000e-09 9.2997909967860005e+02
2.7713348204539073e-06 1.5916099965360000e-10 2.9801100000000000e-09 9.2999716876169998e+02
3.5266032513682487e-06 2.2800800111288001e-10 3.7922200000000000e-09 9.3001754656409992e+02
4.4975537964996660e-06 3.2663399940042002e-10 4.8362200000000001e-09 9.3004045271789994e+02
4.5807460305493105e-06 3.3555999792714001e-10 4.9256699999999996e-09 9.3004228160820003e+02
4.7281205653478515e-06 3.3656599963290001e-10 5.0841300000000003e-09 9.3004248152130003e+02
6.5759177435918250e-06 5.4515600232911993e-10 7.0708799999999999e-09 9.3007696075620004e+02
9.1998724984833464e-06 8.8567000200420000e-10 9.8920399999999997e-09 9.3011730648750006e+02
1.2918168885426129e-05 1.4388700552640002e-09 1.3889600000000001e-08 9.3016406831190000e+02
1.8201380444258739e-05 2.3376200076990001e-09 1.9569300000000001e-08 9.3021808578930006e+02
2.5725895950178280e-05 3.7977398937599994e-09 2.7657999999999999e-08 9.3028025838780002e+02
3.6463989818522291e-05 6.1698799253159997e-09 3.9200400000000002e-08 9.3035162548649998e+02
5.1813630126296458e-05 1.0023700173792000e-08 5.5698400000000002e-08 9.3043332628019994e+02
7.3785560512054020e-05 1.6284700005120000e-08 7.9311899999999997e-08 9.3052664006250006e+02
1.0527189036420272e-04 2.6456400399219999e-08 1.1314700000000000e-07 9.3063298613190000e+02
1.5043483705694415e-04 4.2981499428689995e-08 1.6167299999999999e-07 9.3075400323120004e+02
1.5143539825673478e-04 4.3369399516159995e-08 1.6274800000000000e-07 9.3075639185940008e+02
1.5666718390755263e-04 4.3499599327679997e-08 1.6836899999999999e-07 9.3075719132400002e+02
1.8247319946392853e-04 5.3487099479700000e-08 1.9609400000000001e-07 9.3081203831400001e+02
2.1304949570856091e-04 6.5965099669560007e-08 2.2894200000000001e-07 9.3087079295249998e+02
2.4880173202308656e-04 8.1354199584480006e-08 2.6734800000000002e-07 9.3093285559410003e+02
2.9061049213158235e-04 1.0033299847065000e-07 3.1225699999999999e-07 9.3099838615049998e+02
3.3950651358852186e-04 1.2374000051775000e-07 3.6477499999999998e-07 9.3106758453479995e+02
3.9669496520679297e-04 1.5260700009555001e-07 4.2619500000000001e-07 9.3114063056550003e+02
4.6358813252914599e-04 1.8820900209407997e-07 4.9803199999999997e-07 9.3121772415570001e+02
5.4183717856390442e-04 2.3211699768180001e-07 5.8205699999999998e-07 9.3129908512530005e+02
6.3337419989345891e-04 2.8626699988691999e-07 6.8034199999999997e-07 9.3138494352930002e+02
7.4046361643000222e-04 3.5305100162730003e-07 7.9531500000000002e-07 9.3147551899979999e+02
7.4543957324912111e-04 3.5623800038969997e-07 8.0065699999999999e-07 9.3147951660449996e+02
7.7046470619140960e-04 3.5730600246279002e-07 8.2752300000000002e-07 9.3148080575760002e+02
7.7218701201869997e-04 3.5837800248323999e-07 8.2937200000000002e-07 9.3148210505190002e+02
7.7564281539113634e-04 3.6053199741144001e-07 8.3308200000000005e-07 9.3148469349929996e+02
7.7911352986319152e-04 3.6269800105895999e-07 8.3680799999999998e-07 9.3148728185280004e+02
7.8260009510663572e-04 3.6487800290032998e-07 8.4055099999999997e-07 9.3148988034750005e+02
7.8610250285012515e-04 3.6706999922346001e-07 8.4431100000000000e-07 9.3149248879559991e+02
7.8962075319254110e-04 3.6927600351839998e-07 8.4808799999999996e-07 9.3149508719639994e+02
7.9315485471188711e-04 3.7149499796798001e-07 8.5188199999999998e-07 9.3149769564450003e+02
7.9670479058673201e-04 3.7372699824480005e-07 8.5569300000000004e-07 9.3150031404599997e+02
8.0027057791247260e-04 3.7597299948234002e-07 8.5952100000000004e-07 9.3150293244750003e+02
8.0385221698387247e-04 3.7823200230633998e-07 8.6336599999999998e-07 9.3150555094289996e+02
8.0745063029167934e-04 3.8050499711466001e-07 8.6722899999999999e-07 9.3150817929779998e+02
8.1106395596088781e-04 3.8279099715107999e-07 8.7110800000000002e-07 9.3151080774659999e+02
8.1469498722525535e-04 3.8509200436278001e-07 8.7500600000000005e-07 9.3151343619540000e+02
8.1834093096975699e-04 3.8740599815679997e-07 8.7891999999999998e-07 9.3151607459759998e+02
8.3652972322216491e-04 3.8856800310954005e-07 8.9844600000000005e-07 9.3151737379799999e+02
8.9649746606902973e-04 4.2637900225708002e-07 9.6282100000000007e-07 9.3155798930399999e+02
9.6293679962426715e-04 4.6927300060880000e-07 1.0341400000000000e-06 9.3160093353000002e+02
1.0343084479593990e-03 5.1648199988999994e-07 1.1107499999999999e-06 9.3164493704189999e+02
1.1110033276598183e-03 5.6844100521450010e-07 1.1930700000000001e-06 9.3169002988770001e+02
1.1934040547386528e-03 6.2562700512179996e-07 1.2815100000000000e-06 9.3173623206809998e+02
1.2819398888523502e-03 6.8856500094819997e-07 1.3765300000000001e-06 9.3178357353719991e+02
1.3770588621277026e-03 7.5783499966439992e-07 1.4786100000000000e-06 9.3183208434300002e+02
1.4792742600387720e-03 8.3407400117300003e-07 1.5882999999999999e-06 9.3188178448619999e+02
1.5890902438860661e-03 9.1798299673799988e-07 1.7061399999999999e-06 9.3193271378040004e+02
1.7070948934908867e-03 1.0103300084124001e-06 1.8327600000000000e-06 9.3198488236679998e+02
1.7418302566492478e-03 1.0379399925766002e-06 1.8700300000000001e-06 9.3199978345169995e+02
1.8026805910135908e-03 1.0410599913928000e-06 1.9353200000000000e-06 9.3200143242960007e+02
2.0389359400714486e-03 1.2275099896319999e-06 2.1888000000000001e-06 9.3209187794249999e+02
2.3114099463439177e-03 1.4516999917321999e-06 2.4811100000000001e-06 9.3218792017709995e+02
2.6204004641994278e-03 1.7168400063888003e-06 2.8125600000000001e-06 9.3228811983419996e+02
2.9707928967162671e-03 2.0304000155634000e-06 3.1883800000000001e-06 9.3239264696670000e+02
3.3681648965264784e-03 2.4012300084080001e-06 3.6145400000000001e-06 9.3250170129989999e+02
3.8188055776886142e-03 2.8397900147328003e-06 4.0977700000000004e-06 9.3261546284010001e+02
4.3298558716110781e-03 3.3584500068246004e-06 4.6457100000000001e-06 9.3273413140649996e+02
4.9094492242661523e-03 3.9718300068571995e-06 5.2670599999999997e-06 9.3285792691289998e+02
5.5667590537662745e-03 4.6972400276543001e-06 5.9716300000000001e-06 9.3298704917850000e+02
6.3122329168583428e-03 5.5551399798486997e-06 6.7705900000000002e-06 9.3312173811779996e+02
6.3691536418958340e-03 5.6221100036384002e-06 6.8315900000000001e-06 9.3313158221820004e+02
6.6107787783348925e-03 5.6389700285964000e-06 7.0905299999999997e-06 9.3313397075249998e+02
7.1832281514335565e-03 6.2999099885847007e-06 7.7039700000000007e-06 9.3322329697740008e+02
7.8228640480689938e-03 7.0594400109160007e-06 8.3893400000000006e-06 9.3331767013950002e+02
8.5195476220300548e-03 7.9105299722335996e-06 9.1357600000000004e-06 9.3341477175390003e+02
9.2783521214718639e-03 8.8642300383220009e-06 9.9486500000000000e-06 9.3351470163630006e+02
1.0104791977484120e-02 9.9329099737559988e-06 1.0833900000000000e-05 9.3361751969490001e+02
1.1005037422914624e-02 1.1130399980334000e-05 1.1798100000000000e-05 9.3372332602710003e+02
1.1985504705131824e-02 1.2472300012974001e-05 1.2848100000000000e-05 9.3383220044789994e+02
1.3053499763127112e-02 1.3976000053347000e-05 1.3991700000000000e-05 9.3394422305399996e+02
1.4216706487829026e-02 1.5661000693130000e-05 1.5237100000000000e-05 9.3405949366109996e+02
1.5483652631007537e-02 1.7549100191680000e-05 1.6593399999999999e-05 9.3417811227269999e+02
1.5623499832828706e-02 1.7760599953030001e-05 1.6743099999999999e-05 9.3419079468840005e+02
1.6269961736847121e-02 1.7813900213129999e-05 1.7435099999999998e-05 9.3419395273319992e+02
1.7094324515795702e-02 1.9027400207749999e-05 1.8317499999999999e-05 9.3426180186839997e+02
1.8000874089488257e-02 2.0384500450440000e-05 1.9287799999999999e-05 9.3433394852489994e+02
1.8955614232225096e-02 2.1838399047120000e-05 2.0309599999999999e-05 9.3440734433310001e+02
1.9960983560824267e-02 2.3396100553499999e-05 2.1385500000000000e-05 9.3448202938830002e+02
2.1019794814794490e-02 2.5064799654149998e-05 2.2518500000000001e-05 9.3455801364390004e+02
2.2134768910989058e-02 2.6852600343399999e-05 2.3711500000000002e-05 9.3463531710059999e+02
2.3309000859656603e-02 2.8767899159999994e-05 2.4967799999999998e-05 9.3471396971249999e+02
2.4545494036103295e-02 3.0819700065419999e-05 2.6290599999999999e-05 9.3479400162150000e+02
2.5847718880420045e-02 3.3017999946119998e-05 2.7683600000000000e-05 9.3487541254589996e+02
2.7219055484112444e-02 3.5372998881120002e-05 2.9150400000000001e-05 9.3495825272219997e+02
2.7775365070038964e-02 3.6339601209739997e-05 2.9745400000000002e-05 9.3499105302509997e+02
2.8289610775747390e-02 3.6448598719180002e-05 3.0295400000000001e-05 9.3499466085090000e+02
2.8802930737171755e-02 3.7332599735440002e-05 3.0844399999999999e-05 9.3502356336480000e+02
2.9391538203060320e-02 3.8352800962709990e-05 3.1473899999999997e-05 9.3505628375879996e+02
2.9992229144074897e-02 3.9400800335690003e-05 3.2116300000000003e-05 9.3508923392610006e+02
3.0605097595990186e-02 4.0477499896860003e-05 3.2771700000000003e-05 9.3512239395989991e+02
3.1230612131930052e-02 4.1583600119840003e-05 3.3440600000000000e-05 9.3515578386089999e+02
3.1868867160453597e-02 4.2719998743180005e-05 3.4123099999999999e-05 9.3518940362910007e+02
3.2520144922003676e-02 4.3887298648500002e-05 3.4819500000000001e-05 9.3522325326449993e+02
3.3184820445813230e-02 4.5086601561120004e-05 3.5530200000000001e-05 9.3525732271979996e+02
3.3862987887692660e-02 4.6318701748649993e-05 3.6255299999999998e-05 9.3529163208960006e+02
3.4555116462740516e-02 4.7584401826990007e-05 3.6995300000000001e-05 9.3532617123270006e+02
3.4710848908415574e-02 4.7870299693839997e-05 3.7161800000000001e-05 9.3533387666670001e+02
3.5705765632703390e-02 4.8013899962450004e-05 3.8225500000000002e-05 9.3533768431169995e+02
3.6190650245182691e-02 4.8884701265269996e-05 3.8743900000000000e-05 9.3536029073669999e+02
3.6764595537185744e-02 4.9920498059249994e-05 3.9357499999999997e-05 9.3538680481020003e+02
3.7347724170046170e-02 5.0978398185919999e-05 3.9980900000000002e-05 9.3541345870079999e+02
3.7940129948432849e-02 5.2058599241440000e-05 4.0614200000000002e-05 9.3544024264290010e+02
3.8541907483377907e-02 5.3161699756499999e-05 4.1257500000000003e-05 9.3546717635549999e+02
3.9153244015328124e-02 5.4288198430999997e-05 4.1910999999999999e-05 9.3549425007299999e+02
3.9774234210732992e-02 5.5438601263319996e-05 4.2574799999999998e-05 9.3552146370150001e+02
4.0405159191034282e-02 5.6613297948239995e-05 4.3249199999999999e-05 9.3554882728830000e+02
4.1046019389420471e-02 5.7812899551080002e-05 4.3934199999999997e-05 9.3557633069220003e+02
4.1697190276124625e-02 5.9037997871239995e-05 4.4630199999999998e-05 9.3560397410099995e+02
4.2358578444415006e-02 6.0288999023690009e-05 4.5337100000000003e-05 9.3563177732760005e+02
4.2549448380963861e-02 6.0651299975859995e-05 4.5541099999999997e-05 9.3563974248900001e+02
4.3740238175900857e-02 6.0833198906699995e-05 4.6813800000000002e-05 9.3564365013750000e+02
4.5854886274473032e-02 6.4782902450840000e-05 4.9073799999999998e-05 9.3572599057799994e+02
4.8180087401599556e-02 6.9195997901699998e-05 5.1558599999999998e-05 9.3581365787159996e+02
5.0623240020302433e-02 7.3909702371599995e-05 5.4169200000000003e-05 9.3590278418340006e+02
5.3190452397117956e-02 7.8944498346630003e-05 5.6912100000000000e-05 9.3599338970190001e+02
5.5887837732656438e-02 8.4322299027779992e-05 5.9793799999999997e-05 9.3608550419339997e+02
5.8722166587791814e-02 9.0066499795649990e-05 6.2821499999999995e-05 9.3617915789369999e+02
6.1700398546921942e-02 9.6201898222459989e-05 6.6002599999999997e-05 9.3627437052180005e+02
6.4829683480590566e-02 1.0275499726340999e-04 6.9344700000000000e-05 9.3637116226620003e+02
6.8117831355171340e-02 1.0975499711746999e-04 7.2856100000000002e-05 9.3646956308100005e+02
7.1572933822013338e-02 1.1723199746169999e-04 7.6545399999999994e-05 9.3656960282640000e+02
7.2872355791586060e-02 1.2007500056640000e-04 7.7932800000000000e-05 9.3660639068670002e+02
7.6294350046888545e-02 1.2043499631464001e-04 8.1586400000000002e-05 9.3661091798129996e+02
7.8557740452832786e-02 1.2521799885310001e-04 8.4002899999999995e-05 9.3666865324139997e+02
8.1070439170188191e-02 1.3058099681828001e-04 8.6685400000000002e-05 9.3673145543940007e+02
8.3663493660002267e-02 1.3617299667415003e-04 8.9453500000000007e-05 9.3679492723830003e+02
8.6339540033127660e-02 1.4200499619000000e-04 9.2310000000000002e-05 9.3685905859080003e+02
8.9101308842231525e-02 1.4808700429182000e-04 9.5257800000000001e-05 9.3692387963880003e+02
9.1951438062670962e-02 1.5442999846642999e-04 9.8299699999999997e-05 9.3698938014720000e+02
9.3544637803481184e-02 1.5800363917307320e-04 1.0000000000000000e-04 9.3702641442654260e+02
9.5903461535772325e-02 1.5925502595072247e-04 1.0251675153240702e-04 9.3704409402161207e+02
9.8321765421396312e-02 1.6054866189841151e-04 1.0509691672159665e-04 9.3706187731630496e+02
1.0080104931326384e-01 1.6188597342754328e-04 1.0774209308459586e-04 9.3707976517050133e+02
1.0334285088461083e-01 1.6326843510785103e-04 1.1045391837321956e-04 9.3709775845140655e+02
1.0594874658267693e-01 1.6469757129331422e-04 1.1323407158708464e-04 9.3711585803361174e+02
1.0862035260643145e-01 1.6617495780296823e-04 1.1608427401211746e-04 9.3713406479915386e+02
1.1135932590895407e-01 1.6770222365846142e-04 1.1900629028519697e-04 9.3715237963757647e+02
1.1416736522509119e-01 1.6928105288027521e-04 1.2200192948559002e-04 9.3717080344599037e+02
1.1704621212502618e-01 1.7091318634458833e-04 1.2507304625385341e-04 9.3718933712913702e+02
1.1999765209441604e-01 1.7260042370283179e-04 1.2822154193889291e-04 9.3720798159944854e+02
1.2302351564176507e-01 1.7434462536605207e-04 1.3144936577388750e-04 9.3722673777711339e+02
1.2612567943372199e-01 1.7614771455626985e-04 1.3475851608180513e-04 9.3724560659013764e+02
1.2930606745900478e-01 1.7801167942709656e-04 1.3815104151125373e-04 9.3726458897441000e+02
1.3256665222167502e-01 1.7993857525594711e-04 1.4162904230343053e-04 9.3728368587376644e+02
1.3590945596450199e-01 1.8193052671026548e-04 1.4519467159095176e-04 9.3730289824005627e+02
1.3933655192317504e-01 1.8398973019026260e-04 1.4885013672936466e-04 9.3732222703320610e+02
1.4285006561214214e-01 1.8611845625074954e-04 1.5259770066216281e-04 9.3734167322128769e+02
1.4645217614287237e-01 1.8831905210473600e-04 1.5643968332014848e-04 9.3736123778058493e+02
1.5014511757535959e-01 1.9059394421155537e-04 1.6037846305600462e-04 9.3738092169566107e+02
1.5393118030370573e-01 1.9294564095236950e-04 1.6441647811496249e-04 9.3740072595942718e+02
1.5781271247664286e-01 1.9537673539600365e-04 1.6855622814247214e-04 9.3742065157320985e+02
1.6179212145387545e-01 1.9788990815816133e-04 1.7280027572980626e-04 9.3744069954682379e+02
1.6587187529914532e-01 2.0048793035717119e-04 1.7715124799855134e-04 9.3746087089863772e+02
1.7005450431094632e-01 2.0317366666952605e-04 1.8161183822496373e-04 9.3748116665564817e+02
1.7434260259183718e-01 2.0595007848858232e-04 1.8618480750519278e-04 9.3750158785354995e+02
1.7873882965732613e-01 2.0882022718990309e-04 1.9087298646239855e-04 9.3752213553680747e+02
1.8324591208532556e-01 2.1178727750684542e-04 1.9567927699681791e-04 9.3754281075872814e+02
1.8786664520719898e-01 2.1485450102011372e-04 2.0060665407985770e-04 9.3756361458153526e+02
1.9260389484144969e-01 2.1802527976512708e-04 2.0565816759332282e-04 9.3758454807644239e+02
1.9746059907112609e-01 2.2130310996117808e-04 2.1083694421491334e-04 9.3760561232372697e+02
2.0243977006604619e-01 2.2469160586649511e-04 2.1614618935115413e-04 9.3762680841280599e+02
2.0754449595097099e-01 2.2819450376345842e-04 2.2158918911894848e-04 9.3764813744231276e+02
2.1277794272088654e-01 2.3181566607836528e-04 2.2716931237697985e-04 9.3766960052017214e+02
2.1814335620458100e-01 2.3555908564028546e-04 2.3289001280821266e-04 9.3769119876367813e+02
2.2364406407773557e-01 2.3942889008370409e-04 2.3875483105477755e-04 9.3771293329957234e+02
2.2928347792677789e-01 2.4342934639980587e-04 2.4476739690655852e-04 9.3773480526412197e+02
2.3506509536477713e-01 2.4756486564141925e-04 2.5093143154483028e-04 9.3775681580319940e+02
2.4099250220069388e-01 2.5184000778680823e-04 2.5725074984233063e-04 9.3777896607236210e+02
2.4706937466332970e-01 2.5625948676767532e-04 2.6372926272118566e-04 9.3780125723693322e+02
2.5329948168135596e-01 2.6082817566691857e-04 2.7037097957014204e-04 9.3782369047208340e+02
2.5968668722083571e-01 2.6555111209187538e-04 2.7718001072259704e-04 9.3784626696291207e+02
2.6623495268168906e-01 2.7043350372897698e-04 2.8416056999695403e-04 9.3786898790453142e+02
2.7294833935458723e-01 2.7548073408593823e-04 2.9131697730086986e-04 9.3789185450214870e+02
2.7983101093980012e-01 2.8069836842781431e-04 2.9865366130099944e-04 9.3791486797115169e+02
2.8688723612955919e-01 2.8609215991347108e-04 3.0617516215988459e-04 9.3793802953719296e+02
2.9412139125553721e-01 2.9166805593923244e-04 3.1388613434167291e-04 9.3796134043627569e+02
3.0153796300308666e-01 2.9743220469670266e-04 3.2179134948839686e-04 9.3798480191484111e+02
3.0914155119392073e-01 3.0339096195199197e-04 3.2989569936858689e-04 9.3800841522985456e+02
3.1693687163896267e-01 3.0955089805382284e-04 3.3820419890003510e-04 9.3803218164889438e+02
3.2492875906313168e-01 3.1591880517824151e-04 3.4672198924857236e-04 9.3805610245024025e+02
3.3312217010388184e-01 3.2250170481792613e-04 3.5545434100477113e-04 9.3808017892296334e+02
3.4152218638535081e-01 3.2930685552434692e-04 3.6440665744052808e-04 9.3810441236701615e+02
3.5013401767002700e-01 3.3634176091131674e-04 3.7358447784753660e-04 9.3812880409332377e+02
3.5896300508988915e-01 3.4361417792875659e-04 3.8299348095970521e-04 9.3815335542387629e+02
3.6801462445902267e-01 3.5113212541579872e-04 3.9263948846163119e-04 9.3817806769182175e+02
3.7729448966976636e-01 3.5890389294265855e-04 4.0252846858529137e-04 9.3820294224155839e+02
3.8680835617449716e-01 3.6693804995102555e-04 4.1266653979716558e-04 9.3822798042883028e+02
3.9656212455521106e-01 3.7524345520304977e-04 4.2305997457806521e-04 9.3825318362082294e+02
4.0656184418311481e-01 3.8382926654934436e-04 4.3371520329799540e-04 9.3827855319625826e+02
4.1681371697049857e-01 3.9270495102677492e-04 4.4463881818843890e-04 9.3830409054549159e+02
4.2732410121721481e-01 4.0188029529716820e-04 4.5583757741450581e-04 9.3832979707061054e+02
4.3809951555415116e-01 4.1136541643845199e-04 4.6731840924946216e-04 9.3835567418553239e+02
4.4914664298614082e-01 4.2117077310012288e-04 4.7908841635420379e-04 9.3838172331610406e+02
4.6047233503682045e-01 4.3130717703534604e-04 4.9115488016431594e-04 9.3840794590020232e+02
4.7208361599800386e-01 4.4178580502239736e-04 5.0352526538741658e-04 9.3843434338783629e+02
4.8398768728620828e-01 4.5261821118859863e-04 5.1620722461355711e-04 9.3846091724124631e+02
4.9619193190903504e-01 4.6381633975032968e-04 5.2920860304151579e-04 9.3848766893501033e+02
5.0870391904417422e-01 4.7539253818316887e-04 5.4253744332389653e-04 9.3851459995614675e+02
5.2153140873387449e-01 4.8735957083668145e-04 5.5620199053401829e-04 9.3854171180421838e+02
5.3468235669778763e-01 4.9973063300886938e-04 5.7021069725764889e-04 9.3856900599143842e+02
5.4816491926717481e-01 5.1251936549580031e-04 5.8457222881272137e-04 9.3859648404277800e+02
5.6198745844353304e-01 5.2573986963245969e-04 5.9929546860024608e-04 9.3862414749607285e+02
5.7615854708478109e-01 5.3940672284141062e-04 6.1438952358971240e-04 9.3865199790213171e+02
5.9068697422221961e-01 5.5353499470640573e-04 6.2986372994235551e-04 9.3868003682484743e+02
6.0558175051156404e-01 5.6814026358867321e-04 6.4572765877575315e-04 9.3870826584130430e+02
6.2085211382143113e-01 5.8323863380420186e-04 6.6199112207329604e-04 9.3873668654189237e+02
6.3650753496274426e-01 5.9884675338096167e-04 6.7866417874217248e-04 9.3876530053041847e+02
6.5255772356261255e-01 6.1498183241564305e-04 6.9575714082359516e-04 9.3879410942421930e+02
6.6901263408632483e-01 6.3166166205015314e-04 7.1328057985908951e-04 9.3882311485427658e+02
6.8588247201119523e-01 6.4890463408879466e-04 7.3124533341676484e-04 9.3885231846533156e+02
7.0317770015608738e-01 6.6672976127775743e-04 7.4966251178158066e-04 9.3888172191600142e+02
7.2090904517054577e-01 6.8515669826928356e-04 7.6854350481372761e-04 9.3891132687889717e+02
7.3908750418755553e-01 7.0420576329362336e-04 7.8789998897933994e-04 9.3894113504074153e+02
7.5772435164405982e-01 7.2389796056267555e-04 8.0774393455786771e-04 9.3897114810248866e+02
7.7683114627346206e-01 7.4425500343001743e-04 8.2808761303054021e-04 9.3900136777944385e+02
7.9641973827445178e-01 7.6529933833286042e-04 8.4894360465446637e-04 9.3903179580138510e+02
8.1650227666060127e-01 7.8705416954233311e-04 8.7032480622703089e-04 9.3906243391268731e+02
8.3709121679528720e-01 8.0954348474937782e-04 8.9224443904536337e-04 9.3909328387244352e+02
8.5819932811661503e-01 8.3279208151447633e-04 9.1471605706577256e-04 9.3912434745459029e+02
8.7983970205713447e-01 8.5682559461036829e-04 9.3775355526816407e-04 9.3915562644803526e+02
9.0202576016325808e-01 8.8167052428791027e-04 9.6137117823058896e-04 9.3918712265678073e+02
9.2477126241942109e-01 9.0735426549624497e-04 9.8558352891919094e-04 9.3921883790005461e+02
9.4809031578214165e-01 9.3390513808949650e-04 1.0104055776989579e-03 9.3925077401243834e+02
9.7199738292927718e-01 9.6135241805330124e-04 1.0358526715708225e-03 9.3928293284399581e+02
9.9650729122990145e-01 9.8972636978560558e-04 1.0619405436407784e-03 9.3931531626040771e+02
1.0216352419403671e+00 1.0190582794673232e-03 1.0886853228268510e-03 9.3934792614310061e+02
1.0473968196322556e+00 1.0493804895596490e-03 1.1161035438098702e-03 9.3938076438938322e+02
1.0738080018580622e+00 1.0807264344660664e-03 1.1442121572341746e-03 9.3941383291258069e+02
1.1008851690606130e+00 1.1131306773983728e-03 1.1730285401645153e-03 9.3944713364216852e+02
1.1286451147323557e+00 1.1466289484873694e-03 1.2025705068055756e-03 9.3948066852391310e+02
1.1571050558308291e+00 1.1812581841802415e-03 1.2328563194907059e-03 9.3951443952000704e+02
1.1862826434567681e+00 1.2170565679680656e-03 1.2639046999466184e-03 9.3954844860921150e+02
1.2161959738014685e+00 1.2540635724883572e-03 1.2957348408409669e-03 9.3958269778699378e+02
1.2468635993702004e+00 1.2923200030490766e-03 1.3283664176199014e-03 9.3961718906567285e+02
1.2783045404886331e+00 1.3318680426220892e-03 1.3618196006428764e-03 9.3965192447455979e+02
1.3105382970994039e+00 1.3727512983556884e-03 1.3961150676221597e-03 9.3968690606010364e+02
1.3435848608561503e+00 1.4150148496574692e-03 1.4312740163746869e-03 9.3972213588603711e+02
1.3774647275225067e+00 1.4587052979005690e-03 1.4673181778940927e-03 9.3975761603352430e+02
1.4121989096837537e+00 1.5038708178080871e-03 1.5042698297509478e-03 9.3979334860130746e+02
1.4478089497790048e+00 1.5505612105723369e-03 1.5421518098294282e-03 9.3982933570585737e+02
1.4843169334620105e+00 1.5988279587675009e-03 1.5809875304088495e-03 9.3986557948152472e+02
1.5217455032988749e+00 1.6487242831162482e-03 1.6208009925987208e-03 9.3990208208069271e+02
1.5601178728111667e+00 1.7003052011728913e-03 1.6616168011361718e-03 9.3993884567392877e+02
1.5994578408731475e+00 1.7536275879878017e-03 1.7034601795548384e-03 9.3997587245014222e+02
1.6397898064720391e+00 1.8087502388199695e-03 1.7463569857345247e-03 9.4001316461673855e+02
1.6811387838404817e+00 1.8657339339668508e-03 1.7903337278411722e-03 9.4005072439977778e+02
1.7235304179705824e+00 1.9246415057830063e-03 1.8354175806669403e-03 9.4008855404413328e+02
1.7669910005191563e+00 1.9855379079614008e-03 1.8816364023803978e-03 9.4012665581365366e+02
1.8115474861140399e+00 2.0484902871537774e-03 1.9290187516971305e-03 9.4016503199132251e+02
1.8572275090715835e+00 2.1135680570090686e-03 1.9775939054812847e-03 9.4020368487942267e+02
1.9040594005356919e+00 2.1808429747114800e-03 2.0273918767888485e-03 9.4024261679970073e+02
1.9520722060490450e+00 2.2503892201026529e-03 2.0784434333637396e-03 9.4028183009353518e+02
2.0012957035673926e+00 2.3222834774751268e-03 2.1307801165980564e-03 9.4032132712210023e+02
2.0517604219281003e+00 2.3966050201273152e-03 2.1844342609680990e-03 9.4036111026653873e+02
2.1034976597843951e+00 2.4734357977732042e-03 2.2394390139581044e-03 9.4040118192813043e+02
2.1565395050170633e+00 2.5528605269031822e-03 2.2958283564839021e-03 9.4044154452846419e+02
2.2109188546356289e+00 2.6349667841956059e-03 2.3536371238290109e-03 9.4048220050961288e+02
2.2666694351813623e+00 2.7198451030821251e-03 2.4129010271060217e-03 9.4052315233430772e+02
2.3238258236447717e+00 2.8075890735732322e-03 2.4736566752564209e-03 9.4056440248611489e+02
2.3824234689105515e+00 2.8982954454541084e-03 2.5359415976023403e-03 9.4060595346961395e+02
2.4424987137432854e+00 2.9920642349645595e-03 2.5997942669640584e-03 9.4064780781057789e+02
2.5040888173275420e+00 3.0889988350806617e-03 2.6652541233574199e-03 9.4068996805615348e+02
2.5672319783763449e+00 3.1892061295197326e-03 2.7323615982856983e-03 9.4073243677504604e+02
2.6319673588223358e+00 3.2927966105943019e-03 2.8011581396407848e-03 9.4077521655770249e+02
2.6983351081063538e+00 3.3998845010450897e-03 2.8716862372289722e-03 9.4081831001649846e+02
2.7663763880784562e+00 3.5105878799872605e-03 2.9439894489369568e-03 9.4086171978592529e+02
2.8361333985268566e+00 3.6250288131088812e-03 3.0181124275540975e-03 9.4090544852278038e+02
2.9076494033505949e+00 3.7433334872651095e-03 3.0941009482673585e-03 9.4094949890635860e+02
2.9809687573921821e+00 3.8656323496165505e-03 3.1720019368457870e-03 9.4099387363864400e+02
3.0561369339468558e+00 3.9920602514651711e-03 3.2518634985317691e-03 9.4103857544450534e+02
3.1332005529655076e+00 4.1227565969463942e-03 3.3337349476567639e-03 9.4108360707189252e+02
3.2122074099687832e+00 4.2578654967413160e-03 3.4176668379996690e-03 9.4112897129203327e+02
3.2932065056902675e+00 4.3975359269785262e-03 3.5037109939063528e-03 9.4117467089963532e+02
3.3762480764671725e+00 4.5419218935007777e-03 3.5919205421894793e-03 9.4122070871308586e+02
3.4613836253973393e+00 4.6911826016775805e-03 3.6823499448280766e-03 9.4126708757465542e+02
3.5486659542819061e+00 4.8454826319510036e-03 3.7750550324869127e-03 9.4131381035070410e+02
3.6381491963734391e+00 5.0049921213082237e-03 3.8700930388761746e-03 9.4136087993188733e+02
3.7298888499498428e+00 5.1698869508809428e-03 3.9675226359724772e-03 9.4140829923336423e+02
3.8239418127348705e+00 5.3403489398784962e-03 4.0674039701227484e-03 9.4145607119501017e+02
3.9203664171865826e+00 5.5165660460685237e-03 4.1697986990530877e-03 9.4150419878162768e+02
4.0192224666756413e+00 5.6987325730262347e-03 4.2747700298052310e-03 9.4155268498316218e+02
4.1205712725758694e+00 5.8870493843807903e-03 4.3823827576238228e-03 9.4160153281491603e+02
4.2244756922901043e+00 6.0817241252950792e-03 4.4927033058182915e-03 9.4165074531776906e+02
4.3310001682348922e+00 6.2829714514230249e-03 4.6057997666236819e-03 9.4170032555839805e+02
4.4402107678082343e+00 6.4910132655969528e-03 4.7217419430854515e-03 9.4175027662949890e+02
4.5521752243651541e+00 6.7060789625059515e-03 4.8406013919938288e-03 9.4180060165000930e+02
4.6669629792265077e+00 6.9284056816350404e-03 4.9624514678939663e-03 9.4185130376533709e+02
4.7846452247470941e+00 7.1582385687440448e-03 5.0873673681988141e-03 9.4190238614758800e+02
4.9052949484697592e+00 7.3958310461744751e-03 5.2154261794322733e-03 9.4195385199579346e+02
5.0289869783929095e+00 7.6414450922825013e-03 5.3467069246308707e-03 9.4200570453614569e+02
5.1557980293794659e+00 7.8953515303060544e-03 5.4812906119329407e-03 9.4205794702223045e+02
5.2858067507361008e+00 8.1578303269847115e-03 5.6192602843850130e-03 9.4211058273526328e+02
5.4190937749922030e+00 8.4291709012614593e-03 5.7607010709957640e-03 9.4216361498432900e+02
5.5557417679088745e+00 8.7096724434068754e-03 5.9057002390688132e-03 9.4221704710662084e+02
5.6958354797489426e+00 8.9996442449174988e-03 6.0543472478462200e-03 9.4227088246768528e+02
5.8394617978398085e+00 9.2994060395522240e-03 6.2067338034955477e-03 9.4232512446166425e+02
5.9867098004617105e+00 9.6092883558826867e-03 6.3629539154739486e-03 9.4237977651154392e+02
6.1376708120948473e+00 9.9296328817464578e-03 6.5231039543037850e-03 9.4243484206940423e+02
6.2924384600596044e+00 1.0260792841004828e-02 6.6872827107949864e-03 9.4249032461666968e+02
6.4511087325850260e+00 1.0603133383020647e-02 6.8555914567503271e-03 9.4254622766436171e+02
6.6137800383415364e+00 1.0957031985285685e-02 7.0281340071906007e-03 9.4260255475335896e+02
6.7805532674748550e+00 1.1322878869641442e-02 7.2050167841377780e-03 9.4265930945465220e+02
6.9515318541789295e+00 1.1701077432552342e-02 7.3863488819949580e-03 9.4271649536960433e+02
7.1268218408467146e+00 1.2092044689905783e-02 7.5722421345630108e-03 9.4277411613021570e+02
7.3065319438385750e+00 1.2496211736829443e-02 7.7628111837348152e-03 9.4283217539938937e+02
7.4907736209091142e+00 1.2914024223032909e-02 7.9581735499089923e-03 9.4289067687119712e+02
7.6796611403342325e+00 1.3345942844197723e-02 8.1584497041660205e-03 9.4294962427115070e+02
7.8733116517812949e+00 1.3792443849957684e-02 8.3637631422507804e-03 9.4300902135647357e+02
8.0718452589663681e+00 1.4254019569029497e-02 8.5742404604065778e-03 9.4306887191637816e+02
8.2753850941435676e+00 1.4731178952072843e-02 8.7900114331069361e-03 9.4312917977234054e+02
8.4840573944727655e+00 1.5224448132878448e-02 9.0112090927324893e-03 9.4318994877838168e+02
8.6979915803129462e+00 1.5734371008502852e-02 9.2379698112414754e-03 9.4325118282135031e+02
8.9173203354898352e+00 1.6261509838989687e-02 9.4704333838836838e-03 9.4331288582120783e+02
9.1421796895875520e+00 1.6806445867338607e-02 9.7087431150087722e-03 9.4337506173131612e+02
9.3727091023153317e+00 1.7369779960405618e-02 9.9530459060212812e-03 9.4343771453872569e+02
9.6090515500016185e+00 1.7952133271441264e-02 1.0203492345535794e-02 9.4350084826447107e+02
9.8513536142692679e+00 1.8554147924997606e-02 1.0460236801787317e-02 9.4356446696386627e+02
1.0099765572946659e+01 1.9176487724958568e-02 1.0723437517352902e-02 9.4362857472680037e+02
1.0354441493271375e+01 1.9819838886475163e-02 1.0993256706242424e-02 9.4369317567804251e+02
1.0615539327443960e+01 2.0484910792611780e-02 1.1269860653417367e-02 9.4375827397754063e+02
1.0883221010591310e+01 2.1172436776538711e-02 1.1553419816798378e-02 9.4382387382073125e+02
1.1157652561200150e+01 2.1883174930132521e-02 1.1844108931823418e-02 9.4388997943884817e+02
1.1439004184083217e+01 2.2617908939876748e-02 1.2142107118620430e-02 9.4395659509923246e+02
1.1727450375941682e+01 2.3377448950983749e-02 1.2447597991859356e-02 9.4402372510564896e+02
1.2023170033589526e+01 2.4162632460691190e-02 1.2760769773350533e-02 9.4409137379860488e+02
1.2326346564906936e+01 2.4974325241717964e-02 1.3081815407457984e-02 9.4415954555566714e+02
1.2637168002591364e+01 2.5813422296897346e-02 1.3410932679397433e-02 9.4422824479178746e+02
1.2955827120777117e+01 2.6680848846040873e-02 1.3748324336491391e-02 9.4429747595962874e+02
1.3282521554595451e+01 2.7577561346120060e-02 1.4094198212454567e-02 9.4436724354989474e+02
1.3617453922749672e+01 2.8504548545891930e-02 1.4448767354785529e-02 9.4443755209166204e+02
1.3960831953180900e+01 2.9462832576130082e-02 1.4812250155341645e-02 9.4450840615271420e+02
1.4312868611902845e+01 3.0453470076664668e-02 1.5184870484176920e-02 9.4457981033988210e+02
1.4673782235085053e+01 3.1477553361472704e-02 1.5566857826723721e-02 9.4465176929938400e+02
1.5043796664466933e+01 3.2536211623104452e-02 1.5958447424401938e-02 9.4472428771717068e+02
1.5423141386186373e+01 3.3630612177773557e-02 1.6359880418740876e-02 9.4479737031927300e+02
1.5812051673108913e+01 3.4761961752483181e-02 1.6771403999101139e-02 9.4487102187215237e+02
1.6210768730746135e+01 3.5931507815608839e-02 1.7193271554086585e-02 9.4494524718305536e+02
1.6619539846853261e+01 3.7140539952403205e-02 1.7625742826737671e-02 9.4502005110037283e+02
1.7038618544799295e+01 3.8390391286941584e-02 1.8069084073601055e-02 9.4509543851399530e+02
1.7468264740804251e+01 3.9682439952073878e-02 1.8523568227771008e-02 9.4517141435568351e+02
1.7908744905141589e+01 4.1018110609005960e-02 1.8989475066002563e-02 9.4524798359943100e+02
1.8360332227405234e+01 4.2398876018183956e-02 1.9467091379996755e-02 9.4532515126183603e+02
1.8823306785944176e+01 4.3826258663215253e-02 1.9956711151962445e-02 9.4540292240247675e+02
1.9297955721569540e+01 4.5301832429616051e-02 2.0458635734560957e-02 9.4548130212428669e+02
1.9784573415641649e+01 4.6827224340236027e-02 2.0973174035342292e-02 9.4556029557393731e+02
2.0283461672648034e+01 4.8404116349275023e-02 2.1500642705785195e-02 9.4563990794222161e+02
2.0794929907385033e+01 5.0034247196868296e-02 2.2041366335054997e-02 9.4572014446444211e+02
2.1319295336859664e+01 5.1719414326286926e-02 2.2595677648597146e-02 9.4580101042080366e+02
2.1856883177030184e+01 5.3461475865865422e-02 2.3163917711686133e-02 9.4588251113680747e+02
2.2408026844507997e+01 5.5262352677844205e-02 2.3746436138053616e-02 9.4596465198364922e+02
2.2973068163345367e+01 5.7124030476383668e-02 2.4343591303721386e-02 9.4604743837862338e+02
2.3552357577037693e+01 5.9048562017087088e-02 2.4955750566169152e-02 9.4613087578552688e+02
2.4146254365871663e+01 6.1038069360446021e-02 2.5583290488969408e-02 9.4621496971507315e+02
2.4755126869753816e+01 6.3094746211703065e-02 2.6226597072025265e-02 9.4629972572530210e+02
2.5379352716658332e+01 6.5220860339714054e-02 2.6886065987550899e-02 9.4638514942199765e+02
2.6019319056834931e+01 6.7418756077474024e-02 2.7562102821936420e-02 9.4647124645911310e+02
2.6675422802923027e+01 6.9690856907067361e-02 2.8255123323644629e-02 9.4655802253919308e+02
2.7348070876120136e+01 7.2039668131889029e-02 2.8965553657288170e-02 9.4664548341380362e+02
2.8037680458558143e+01 7.4467779639086587e-02 2.9693830664041770e-02 9.4673363488396581e+02
2.8744679252043046e+01 7.6977868755266021e-02 3.0440402128545905e-02 9.4682248280059366e+02
2.9469505743319392e+01 7.9572703198612510e-02 3.1205727052463928e-02 9.4691203306493321e+02
3.0212609476023626e+01 8.2255144130680413e-02 3.1990275934857336e-02 9.4700229162901121e+02
3.0974451329494723e+01 8.5028149311216286e-02 3.2794531059548479e-02 9.4709326449608250e+02
3.1755503804615760e+01 8.7894776359496329e-02 3.3618986789644596e-02 9.4718495772108577e+02
3.2556251316862792e+01 9.0858186125770971e-02 3.4464149869400287e-02 9.4727737741109866e+02
3.3377190496743751e+01 9.3921646176537421e-02 3.5330539733601125e-02 9.4737052972580477e+02
3.4218830497812732e+01 9.7088534397480025e-02 3.6218688824654566e-02 9.4746442087795538e+02
3.5081693312451648e+01 1.0036234271805415e-01 3.7129142917579849e-02 9.4755905713384402e+02
3.5966314095614180e+01 1.0374668096181759e-01 3.8062461453092222e-02 9.4765444481377972e+02
3.6873241496733613e+01 1.0724528082675740e-01 3.9019217878982833e-02 9.4775059029256977e+02
3.7803038000000001e+01 1.1086200000000000e-01 4.0000000000000001e-02 9.4784932100000003e+02
4.2961109000000000e+01 1.3912200000000000e-01 4.5440000000000001e-02 9.4851040499999999e+02
4.8122757000000000e+01 1.7076700000000000e-01 5.0880000000000002e-02 9.4916698199999996e+02
5.3287968999999997e+01 2.0598600000000000e-01 5.6320000000000002e-02 9.4982343900000001e+02
5.8456760000000003e+01 2.4511600000000000e-01 6.1760000000000002e-02 9.5048552299999994e+02
6.3629176999999999e+01 2.8866799999999998e-01 6.7199999999999996e-02 9.5116019100000005e+02
6.8805311000000003e+01 3.3733099999999999e-01 7.2639999999999996e-02 9.5185532799999999e+02
7.3985294999999994e+01 3.9197100000000001e-01 7.8079999999999997e-02 9.5257945700000005e+02
7.9169310999999993e+01 4.5362100000000000e-01 8.3519999999999997e-02 9.5334146399999997e+02
8.4357589000000004e+01 5.2347200000000005e-01 8.8959999999999997e-02 9.5415036799999996e+02
8.9550408000000004e+01 6.0285400000000000e-01 9.4399999999999998e-02 9.5501512400000001e+02
9.4748097000000001e+01 6.9322600000000001e-01 9.9839999999999998e-02 9.5594448100000000e+02
9.9951030000000003e+01 7.9615300000000000e-01 1.0528000000000000e-01 9.5694686700000000e+02
1.0515962600000000e+02 9.1329700000000003e-01 1.1072000000000000e-01 9.5803030300000000e+02
1.1037434600000000e+02 1.0463970000000000e+00 1.1616000000000000e-01 9.5920234200000004e+02
1.1559566800000000e+02 1.1954039999999999e+00 1.2160000000000000e-01 9.6045462199999997e+02
1.2082399400000000e+02 1.3610050000000000e+00 1.2703999999999999e-01 9.6178540099999998e+02
1.2605981600000000e+02 1.5467070000000001e+00 1.3247999999999999e-01 9.6321520499999997e+02
1.3130369999999999e+02 1.7548660000000000e+00 1.3791999999999999e-01 9.6475349600000004e+02
1.3655625699999999e+02 1.9876210000000001e+00 1.4335999999999999e-01 9.6640710600000000e+02
1.4181812800000000e+02 2.2470170000000000e+00 1.4879999999999999e-01 9.6818144500000005e+02
1.4708998299999999e+02 2.5350370000000000e+00 1.5423999999999999e-01 9.7008092699999997e+02
1.5237251300000000e+02 2.8536100000000002e+00 1.5967999999999999e-01 9.7210918400000003e+02
1.5766642700000000e+02 3.2046230000000002e+00 1.6511999999999999e-01 9.7426919799999996e+02
1.6297244900000001e+02 3.5899139999999998e+00 1.7055999999999999e-01 9.7656338700000003e+02
1.6829131300000000e+02 4.0112759999999996e+00 1.7599999999999999e-01 9.7899367800000005e+02
1.7362376599999999e+02 4.4704560000000004e+00 1.8143999999999999e-01 9.8156155600000000e+02
1.7897055800000001e+02 4.9691510000000001e+00 1.8687999999999999e-01 9.8426811699999996e+02
1.8433244700000000e+02 5.5090120000000002e+00 1.9231999999999999e-01 9.8711410100000001e+02
1.8971019200000001e+02 6.0916360000000003e+00 1.9775999999999999e-01 9.9009992999999997e+02
1.9510455500000000e+02 6.7185720000000000e+00 2.0319999999999999e-01 9.9322573699999998e+02
2.0051629700000001e+02 7.3913149999999996e+00 2.0863999999999999e-01 9.9649139300000002e+02
2.0594617900000000e+02 8.1113090000000003e+00 2.1407999999999999e-01 9.9989652899999999e+02
2.1139495700000001e+02 8.8799430000000008e+00 2.1951999999999999e-01 1.0034405550000000e+03
2.1686338599999999e+02 9.6985530000000004e+00 2.2495999999999999e-01 1.0071226799999999e+03
2.2235221500000000e+02 1.0568417000000000e+01 2.3039999999999999e-01 1.0109419260000000e+03
2.2786218600000001e+02 1.1490758000000000e+01 2.3583999999999999e-01 1.0148971420000000e+03
2.3339403600000000e+02 1.2466742999999999e+01 2.4127999999999999e-01 1.0189870130000000e+03
2.3894849400000001e+02 1.3497477999999999e+01 2.4671999999999999e-01 1.0232100730000000e+03
2.4452628100000001e+02 1.4584011000000000e+01 2.5216000000000000e-01 1.0275647110000000e+03
2.5012810800000000e+02 1.5727326000000000e+01 2.5760000000000000e-01 1.0320491820000000e+03
2.5575467599999999e+02 1.6928349000000001e+01 2.6304000000000000e-01 1.0366616110000000e+03
2.6140667600000000e+02 1.8187940999999999e+01 2.6848000000000000e-01 1.0414000010000000e+03
2.6708478900000000e+02 1.9506899000000001e+01 2.7392000000000000e-01 1.0462622389999999e+03
2.7278968200000003e+02 2.0885954999999999e+01 2.7936000000000000e-01 1.0512461020000001e+03
2.7852201100000002e+02 2.2325776000000001e+01 2.8480000000000000e-01 1.0563492659999999e+03
2.8428241900000000e+02 2.3826962000000002e+01 2.9024000000000000e-01 1.0615693050000000e+03
2.9007153399999999e+02 2.5390049000000001e+01 2.9568000000000000e-01 1.0669037049999999e+03
2.9588997300000000e+02 2.7015505000000001e+01 3.0112000000000000e-01 1.0723498669999999e+03
3.0173833700000000e+02 2.8703731000000001e+01 3.0656000000000000e-01 1.0779051139999999e+03
3.0761721000000000e+02 3.0455065000000001e+01 3.1200000000000000e-01 1.0835666970000000e+03
3.1352716600000002e+02 3.2269778000000002e+01 3.1744000000000000e-01 1.0893318039999999e+03
3.1946875799999998e+02 3.4148077999999998e+01 3.2288000000000000e-01 1.0951975689999999e+03
3.2544252799999998e+02 3.6090110000000003e+01 3.2832000000000000e-01 1.1011610740000001e+03
3.3144899900000001e+02 3.8095959999999998e+01 3.3376000000000000e-01 1.1072193640000000e+03
3.3748867899999999e+02 4.0165650999999997e+01 3.3920000000000000e-01 1.1133694470000000e+03
3.4356205899999998e+02 4.2299151999999999e+01 3.4464000000000000e-01 1.1196083100000001e+03
3.4966961400000002e+02 4.4496375000000000e+01 3.5008000000000000e-01 1.1259329210000001e+03
3.5581180300000000e+02 4.6757179999999998e+01 3.5552000000000000e-01 1.1323402380000000e+03
3.6198906699999998e+02 4.9081375999999999e+01 3.6096000000000000e-01 1.1388272179999999e+03
3.6820009499999998e+02 5.1164237000000000e+01 3.6640000000000000e-01 1.1445550539999999e+03
3.7444049799999999e+02 5.3088014999999999e+01 3.7184000000000000e-01 1.1497664660000000e+03
3.8070870000000002e+02 5.4970936000000002e+01 3.7728000000000000e-01 1.1547929779999999e+03
3.8700392599999998e+02 5.6839371999999997e+01 3.8272000000000000e-01 1.1597093609999999e+03
3.9332568400000002e+02 5.8705835999999998e+01 3.8816000000000001e-01 1.1645512100000001e+03
3.9967362900000001e+02 6.0577596999999997e+01 3.9360000000000001e-01 1.1693392090000000e+03
4.0604750600000000e+02 6.2459364999999998e+01 3.9904000000000001e-01 1.1740867270000001e+03
4.1244594999999998e+02 6.4143895000000001e+01 4.0448000000000001e-01 1.1782796450000001e+03
4.1886643299999997e+02 6.5768687999999997e+01 4.0992000000000001e-01 1.1822693079999999e+03
4.2530848300000002e+02 6.7396951999999999e+01 4.1536000000000001e-01 1.1862147490000000e+03
4.3177193699999998e+02 6.9038514000000006e+01 4.2080000000000001e-01 1.1901406449999999e+03
4.3825672200000002e+02 7.0697716999999997e+01 4.2624000000000001e-01 1.1940577599999999e+03
4.4476280700000001e+02 7.2377002000000005e+01 4.3168000000000001e-01 1.1979720130000001e+03
4.5129018700000000e+02 7.4077927000000003e+01 4.3712000000000001e-01 1.2018870640000000e+03
4.5783887399999998e+02 7.5801569999999998e+01 4.4256000000000001e-01 1.2058053410000000e+03
4.6440888899999999e+02 7.7548716999999996e+01 4.4800000000000001e-01 1.2097285310000000e+03
4.7100026300000002e+02 7.9319962000000004e+01 4.5344000000000001e-01 1.2136578390000000e+03
4.7761303199999998e+02 8.1115773000000004e+01 4.5888000000000001e-01 1.2175941410000000e+03
4.8424723599999999e+02 8.2936520000000002e+01 4.6432000000000001e-01 1.2215380769999999e+03
4.9090291800000000e+02 8.4782506999999995e+01 4.6976000000000001e-01 1.2254901159999999e+03
4.9758012200000002e+02 8.6653980000000004e+01 4.7520000000000001e-01 1.2294505959999999e+03
5.0427889499999998e+02 8.8551143999999994e+01 4.8064000000000001e-01 1.2334197540000000e+03
5.1099928599999998e+02 9.0474171999999996e+01 4.8608000000000001e-01 1.2373977480000001e+03
5.1774134100000003e+02 9.2423203999999998e+01 4.9152000000000001e-01 1.2413846730000000e+03
5.2450511100000006e+02 9.4398358999999999e+01 4.9696000000000001e-01 1.2453805720000000e+03
5.3129064400000004e+02 9.6399737000000002e+01 5.0239999999999996e-01 1.2493854470000001e+03
5.3809798899999998e+02 9.8427417000000005e+01 5.0783999999999996e-01 1.2533992639999999e+03
5.4492719399999999e+02 1.0048146600000000e+02 5.1327999999999996e-01 1.2574219639999999e+03
5.5177830700000004e+02 1.0256193600000000e+02 5.1871999999999996e-01 1.2614534590000001e+03
5.5865137600000003e+02 1.0466886800000000e+02 5.2415999999999996e-01 1.2654936439999999e+03
5.6554644800000005e+02 1.0680229199999999e+02 5.2959999999999996e-01 1.2695423980000000e+03
5.7246356900000001e+02 1.0896222800000000e+02 5.3503999999999996e-01 1.2735995820000001e+03
5.7940278499999999e+02 1.1114868800000001e+02 5.4047999999999996e-01 1.2776650490000000e+03
5.8636414000000002e+02 1.1336167500000001e+02 5.4591999999999996e-01 1.2817386389999999e+03
5.9334767799999997e+02 1.1560118700000000e+02 5.5135999999999996e-01 1.2858201850000000e+03
6.0035344199999997e+02 1.1786721300000001e+02 5.5679999999999996e-01 1.2899095119999999e+03
6.0738147400000003e+02 1.2015973600000000e+02 5.6223999999999996e-01 1.2940064400000001e+03
6.1443181400000003e+02 1.2247873500000000e+02 5.6767999999999996e-01 1.2981107830000001e+03
6.2150450300000000e+02 1.2482418100000000e+02 5.7311999999999996e-01 1.3022223509999999e+03
6.2859957899999995e+02 1.2719604200000001e+02 5.7855999999999996e-01 1.3063409509999999e+03
6.3571707900000001e+02 1.2959428199999999e+02 5.8399999999999996e-01 1.3104663880000001e+03
6.4285704199999998e+02 1.3201885799999999e+02 5.8943999999999996e-01 1.3145984639999999e+03
6.5001950099999999e+02 1.3446972600000001e+02 5.9487999999999996e-01 1.3187369810000000e+03
6.5720449199999996e+02 1.3694683499999999e+02 6.0031999999999996e-01 1.3228817389999999e+03
6.6441204800000003e+02 1.3945013299999999e+02 6.0575999999999997e-01 1.3270325370000000e+03
6.7164220200000000e+02 1.4197956400000001e+02 6.1119999999999997e-01 1.3311891750000000e+03
6.7889498400000002e+02 1.4453506899999999e+02 6.1663999999999997e-01 1.3353514530000000e+03
6.8617042500000002e+02 1.4711658399999999e+02 6.2207999999999997e-01 1.3395191720000000e+03
6.9346855300000004e+02 1.4972404599999999e+02 6.2751999999999997e-01 1.3436921310000000e+03
7.0078939800000001e+02 1.5235738499999999e+02 6.3295999999999997e-01 1.3478701340000000e+03
7.0813298499999996e+02 1.5501653300000001e+02 6.3839999999999997e-01 1.3520529839999999e+03
7.1549933999999996e+02 1.5770141599999999e+02 6.4383999999999997e-01 1.3562404850000000e+03
7.2288848900000005e+02 1.6041196099999999e+02 6.4927999999999997e-01 1.3604324440000000e+03
7.3030045500000006e+02 1.6314809000000000e+02 6.5471999999999997e-01 1.3646286700000001e+03
7.3773526000000004e+02 1.6590972600000001e+02 6.6015999999999997e-01 1.3688289709999999e+03
7.4519292700000005e+02 1.6869678700000000e+02 6.6559999999999997e-01 1.3730331610000001e+03
7.5267347600000005e+02 1.7150919200000001e+02 6.7103999999999997e-01 1.3772410530000000e+03
7.6017692699999998e+02 1.7434685800000000e+02 6.7647999999999997e-01 1.3814524640000000e+03
7.6770329800000002e+02 1.7720969900000000e+02 6.8191999999999997e-01 1.3856672120000001e+03
7.7525260700000001e+02 1.8009763000000001e+02 6.8735999999999997e-01 1.3898851179999999e+03
7.8282487000000003e+02 1.8301056199999999e+02 6.9279999999999997e-01 1.3941060060000000e+03
7.9042010400000004e+02 1.8594840800000000e+02 6.9823999999999997e-01 1.3983297020000000e+03
7.9803832299999999e+02 1.8891107800000000e+02 7.0367999999999997e-01 1.4025560340000000e+03
8.0567954099999997e+02 1.9189848000000001e+02 7.0911999999999997e-01 1.4067848320000001e+03
8.1334377099999995e+02 1.9491052300000001e+02 7.1455999999999997e-01 1.4110159320000000e+03
8.2103102600000000e+02 1.9794711500000000e+02 7.1999999999999997e-01 1.4152491669999999e+03
8.2874131499999999e+02 2.0100816200000000e+02 7.2543999999999997e-01 1.4194843780000001e+03
8.3647465000000000e+02 2.0409357000000000e+02 7.3087999999999997e-01 1.4237214059999999e+03
8.4423104100000000e+02 2.0720324500000001e+02 7.3631999999999997e-01 1.4279600949999999e+03
8.5201049399999999e+02 2.1033709099999999e+02 7.4175999999999997e-01 1.4322002910000001e+03
8.5981302000000005e+02 2.1349501300000000e+02 7.4719999999999998e-01 1.4364418439999999e+03
8.6763862300000005e+02 2.1667691500000001e+02 7.5263999999999998e-01 1.4406846049999999e+03
8.7548731199999997e+02 2.1988269900000000e+02 7.5807999999999998e-01 1.4449284299999999e+03
8.8335909000000004e+02 2.2311226900000000e+02 7.6351999999999998e-01 1.4491731760000000e+03
8.9125396300000000e+02 2.2636552699999999e+02 7.6895999999999998e-01 1.4534187019999999e+03
8.9917193399999996e+02 2.2964237600000001e+02 7.7439999999999998e-01 1.4576648700000001e+03
9.0711300700000004e+02 2.3294271699999999e+02 7.7983999999999998e-01 1.4619115469999999e+03
9.1507718399999999e+02 2.3626645400000001e+02 7.8527999999999998e-01 1.4661585990000001e+03
9.2306446600000004e+02 2.3961348699999999e+02 7.9071999999999998e-01 1.4704058970000001e+03
9.3107485499999996e+02 2.4298371800000001e+02 7.9615999999999998e-01 1.4746533130000000e+03
9.3910835099999997e+02 2.4637704900000000e+02 8.0159999999999998e-01 1.4789007230000000e+03
9.4716495399999997e+02 2.4979338100000001e+02 8.0703999999999998e-01 1.4831480039999999e+03
9.5524466199999995e+02 2.5323261600000001e+02 8.1247999999999998e-01 1.4873950359999999e+03
9.6334747400000003e+02 2.5669465500000001e+02 8.1791999999999998e-01 1.4916417030000000e+03
9.7147338700000000e+02 2.6017939999999999e+02 8.2335999999999998e-01 1.4958878880000000e+03
9.7962239899999997e+02 2.6368675300000001e+02 8.2879999999999998e-01 1.5001334790000001e+03
9.8779450599999996e+02 2.6721661499999999e+02 8.3423999999999998e-01 1.5043783650000000e+03
9.9598970499999996e+02 2.7076888900000000e+02 8.3967999999999998e-01 1.5086224400000001e+03
1.0042079890000000e+03 2.7434347600000001e+02 8.4511999999999998e-01 1.5128655960000001e+03
1.0124493540000000e+03 2.7794027799999998e+02 8.5055999999999998e-01 1.5171077299999999e+03
1.0207137940000000e+03 2.8155919899999998e+02 8.5599999999999998e-01 1.5213487419999999e+03
1.0290013030000000e+03 2.8520013999999998e+02 8.6143999999999998e-01 1.5255885310000001e+03
1.0373118740000000e+03 2.8886300399999999e+02 8.6687999999999998e-01 1.5298270010000001e+03
1.0456454990000000e+03 2.9254769599999997e+02 8.7231999999999998e-01 1.5340640570000000e+03
1.0540021710000001e+03 2.9625411700000001e+02 8.7775999999999998e-01 1.5382996069999999e+03
1.0623818799999999e+03 2.9998217199999999e+02 8.8319999999999999e-01 1.5425335580000001e+03
1.0707846190000000e+03 3.0373176599999999e+02 8.8863999999999999e-01 1.5467658240000001e+03
1.0792103770000001e+03 3.0750280099999998e+02 8.9407999999999999e-01 1.5509963160000000e+03
1.0876591440000000e+03 3.1129518300000001e+02 8.9951999999999999e-01 1.5552249509999999e+03
1.0961309110000000e+03 3.1510881799999999e+02 9.0495999999999999e-01 1.5594516450000001e+03
1.1046256670000000e+03 3.1894360899999998e+02 9.1039999999999999e-01 1.5636763169999999e+03
1.1131433999999999e+03 3.2279946400000000e+02 9.1583999999999999e-01 1.5678988890000001e+03
1.1216840990000001e+03 3.2667628800000000e+02 9.2127999999999999e-01 1.5721192830000000e+03
1.1302477510000001e+03 3.3057398799999999e+02 9.2671999999999999e-01 1.5763374229999999e+03
1.1388343440000001e+03 3.3449247200000002e+02 9.3215999999999999e-01 1.5805532360000000e+03
1.1474438660000001e+03 3.3843164500000000e+02 9.3759999999999999e-01 1.5847666509999999e+03
1.1560763030000001e+03 3.4239141699999999e+02 9.4303999999999999e-01 1.5889775959999999e+03
1.1647316420000000e+03 3.4637169599999999e+02 9.4847999999999999e-01 1.5931860030000000e+03
1.1734098670000001e+03 3.5037238900000000e+02 9.5391999999999999e-01 1.5973918060000001e+03
1.1821109660000000e+03 3.5439340800000002e+02 9.5935999999999999e-01 1.6015949390000001e+03
1.1908349229999999e+03 3.5843466100000001e+02 9.6479999999999999e-01 1.6057953379999999e+03
1.1995817239999999e+03 3.6249605800000000e+02 9.7023999999999999e-01 1.6099929420000001e+03
1.2083513530000000e+03 3.6657751000000002e+02 9.7567999999999999e-01 1.6141876890000001e+03
1.2171437930000000e+03 3.7067892899999998e+02 9.8111999999999999e-01 1.6183795210000001e+03
1.2259590300000000e+03 3.7480022500000001e+02 9.8655999999999999e-01 1.6225683799999999e+03
1.2347970470000000e+03 3.7894131199999998e+02 9.9199999999999999e-01 1.6267542100000001e+03
1.2436578280000001e+03 3.8310210100000000e+02 9.9743999999999999e-01 1.6309369560000000e+03
1.2525413540000000e+03 3.8728250600000001e+02 1.0028800000000000e+00 1.6351165650000000e+03
1.2614476099999999e+03 3.9148244099999999e+02 1.0083200000000001e+00 1.6392929850000000e+03
1.2703765770000000e+03 3.9570181900000000e+02 1.0137600000000000e+00 1.6434661659999999e+03
1.2793282380000001e+03 3.9994055600000002e+02 1.0192000000000001e+00 1.6476360580000000e+03
1.2883025749999999e+03 4.0419856600000003e+02 1.0246400000000000e+00 1.6518026139999999e+03
1.2972995699999999e+03 4.0847576700000002e+02 1.0300800000000001e+00 1.6559657860000000e+03
1.3063192039999999e+03 4.1277207299999998e+02 1.0355200000000000e+00 1.6601255300000000e+03
1.3153614570000000e+03 4.1708740200000000e+02 1.0409600000000001e+00 1.6642818010000001e+03
1.3244263129999999e+03 4.2142167200000000e+02 1.0464000000000000e+00 1.6684345570000000e+03
1.3335137500000001e+03 4.2577480000000003e+02 1.0518400000000001e+00 1.6725837560000000e+03
1.3426237490000001e+03 4.3014670500000000e+02 1.0572800000000000e+00 1.6767293569999999e+03
1.3517562920000000e+03 4.3453730600000000e+02 1.0627200000000001e+00 1.6808713220000000e+03
1.3609113570000000e+03 4.3894652400000001e+02 1.0681600000000000e+00 1.6850096109999999e+03
1.3700889250000000e+03 4.4337427800000000e+02 1.0736000000000001e+00 1.6891441890000001e+03
1.3792889760000000e+03 4.4782049000000001e+02 1.0790400000000000e+00 1.6932750180000000e+03
1.3885114890000000e+03 4.5228508199999999e+02 1.0844800000000001e+00 1.6974020660000001e+03
1.3977564430000000e+03 4.5676797499999998e+02 1.0899200000000000e+00 1.7015252969999999e+03
1.4070238179999999e+03 4.6126909200000000e+02 1.0953599999999999e+00 1.7056446790000000e+03
1.4163135920000000e+03 4.6578835800000002e+02 1.1008000000000000e+00 1.7097601820000000e+03
1.4256257450000001e+03 4.7032569599999999e+02 1.1062399999999999e+00 1.7138717740000000e+03
1.4349602550000000e+03 4.7488103200000000e+02 1.1116800000000000e+00 1.7179794270000000e+03
1.4443171000000000e+03 4.7945429200000001e+02 1.1171199999999999e+00 1.7220831120000000e+03
1.4536962579999999e+03 4.8404540200000002e+02 1.1225600000000000e+00 1.7261828029999999e+03
1.4630977089999999e+03 4.8865429000000000e+02 1.1279999999999999e+00 1.7302784740000000e+03
1.4725214300000000e+03 4.9328088400000001e+02 1.1334400000000000e+00 1.7343701000000001e+03
1.4819673989999999e+03 4.9792511500000001e+02 1.1388799999999999e+00 1.7384576589999999e+03
1.4914355929999999e+03 5.0258691299999998e+02 1.1443200000000000e+00 1.7425411280000001e+03
1.5009259910000001e+03 5.0726621100000000e+02 1.1497599999999999e+00 1.7466204869999999e+03
1.5104385700000000e+03 5.1196294200000000e+02 1.1552000000000000e+00 1.7506957190000001e+03
1.5199733080000001e+03 5.1667704300000003e+02 1.1606399999999999e+00 1.7547668060000001e+03
1.5295301810000001e+03 5.2140845500000000e+02 1.1660800000000000e+00 1.7588337360000000e+03
1.5391091680000000e+03 5.2615711899999997e+02 1.1715199999999999e+00 1.7628964989999999e+03
1.5487102460000001e+03 5.3092298700000003e+02 1.1769600000000000e+00 1.7669550919999999e+03
1.5583333909999999e+03 5.3570602199999996e+02 1.1823999999999999e+00 1.7710095209999999e+03
1.5679785820000000e+03 5.4050621400000000e+02 1.1878400000000000e+00 1.7750598170000001e+03
1.5776457960000000e+03 5.4532370700000001e+02 1.1932799999999999e+00 1.7791061390000000e+03
1.5873350120000000e+03 5.5015834299999995e+02 1.1987200000000000e+00 1.7831483890000000e+03
1.5970462050000001e+03 5.5500959200000000e+02 1.2041599999999999e+00 1.7871861650000001e+03
1.6067793529999999e+03 5.5987738700000000e+02 1.2096000000000000e+00 1.7912194520000000e+03
1.6165344299999999e+03 5.6476166400000000e+02 1.2150399999999999e+00 1.7952482339999999e+03
1.6263114120000000e+03 5.6966235400000005e+02 1.2204800000000000e+00 1.7992724989999999e+03
1.6361102739999999e+03 5.7457939399999998e+02 1.2259199999999999e+00 1.8032922329999999e+03
1.6459309920000001e+03 5.7951271799999995e+02 1.2313600000000000e+00 1.8073074230000000e+03
1.6557735399999999e+03 5.8446226200000001e+02 1.2367999999999999e+00 1.8113180580000001e+03
1.6656378940000000e+03 5.8942796199999998e+02 1.2422400000000000e+00 1.8153241250000001e+03
1.6755240289999999e+03 5.9440975500000002e+02 1.2476799999999999e+00 1.8193256140000001e+03
1.6854319210000001e+03 5.9940757699999995e+02 1.2531200000000000e+00 1.8233225140000000e+03
1.6953615430000000e+03 6.0442136700000003e+02 1.2585599999999999e+00 1.8273148150000000e+03
1.7053128720000000e+03 6.0945106299999998e+02 1.2640000000000000e+00 1.8313025080000000e+03
1.7152858810000000e+03 6.1449660200000005e+02 1.2694399999999999e+00 1.8352855840000000e+03
1.7252805470000001e+03 6.1955792399999996e+02 1.2748800000000000e+00 1.8392640349999999e+03
1.7352968420000000e+03 6.2463496799999996e+02 1.2803199999999999e+00 1.8432378510000001e+03
1.7453347440000000e+03 6.2972767499999998e+02 1.2857600000000000e+00 1.8472070269999999e+03
1.7553942250000000e+03 6.3483598400000005e+02 1.2911999999999999e+00 1.8511715540000000e+03
1.7654752619999999e+03 6.3995983699999999e+02 1.2966400000000000e+00 1.8551314270000000e+03
1.7755778270000001e+03 6.4509917499999995e+02 1.3020799999999999e+00 1.8590866380000000e+03
1.7857018969999999e+03 6.5025393899999995e+02 1.3075200000000000e+00 1.8630371820000000e+03
1.7958474460000000e+03 6.5542407100000003e+02 1.3129599999999999e+00 1.8669830540000000e+03
1.8060144479999999e+03 6.6060951499999999e+02 1.3184000000000000e+00 1.8709242480000000e+03
1.8162028769999999e+03 6.6581021299999998e+02 1.3238399999999999e+00 1.8748607609999999e+03
1.8264127089999999e+03 6.7102610800000002e+02 1.3292800000000000e+00 1.8787925869999999e+03
1.8366439180000000e+03 6.7625714500000004e+02 1.3347199999999999e+00 1.8827197229999999e+03
1.8468964779999999e+03 6.8150326700000005e+02 1.3401600000000000e+00 1.8866421660000001e+03
1.8571703640000001e+03 6.8676442099999997e+02 1.3455999999999999e+00 1.8905599110000001e+03
1.8674655499999999e+03 6.9204054900000006e+02 1.3510400000000000e+00 1.8944729580000001e+03
1.8777820099999999e+03 6.9733159899999998e+02 1.3564799999999999e+00 1.8983813020000000e+03
1.8881197199999999e+03 7.0263751600000001e+02 1.3619200000000000e+00 1.9022849420000000e+03
1.8984786529999999e+03 7.0795824600000003e+02 1.3673599999999999e+00 1.9061838760000001e+03
1.9088587840000000e+03 7.1329373599999997e+02 1.3728000000000000e+00 1.9100781019999999e+03
1.9192600870000001e+03 7.1864393399999994e+02 1.3782399999999999e+00 1.9139676199999999e+03
1.9296825360000000e+03 7.2400878699999998e+02 1.3836800000000000e+00 1.9178524279999999e+03
1.9401261070000000e+03 7.2938824199999999e+02 1.3891199999999999e+00 1.9217325260000000e+03
1.9505907720000000e+03 7.3478224799999998e+02 1.3945600000000000e+00 1.9256079139999999e+03
1.9610765080000001e+03 7.4019075399999997e+02 1.3999999999999999e+00 1.9294785899999999e+03
