# epsilon[MeV/fm^3] P[MeV/fm^3] nB[fm^-3] muB[MeV]
4.3514892049562272e-07 9.0000000794219998e-12 4.6796200000000002e-10 9.2990010724260003e+02
5.4394952759824855e-07 1.2854500250148002e-11 5.8496400000000005e-10 9.2990743275720001e+02
6.8239664606092796e-07 1.8414700022552000e-11 7.3384599999999997e-10 9.2991587774760001e+02
8.5763463874259032e-07 2.6380199998860002e-11 9.2229000000000003e-10 9.2992551188760001e+02
1.0799253715994732e-06 3.7791099667920001e-11 1.1613300000000000e-09 9.2993648532329996e+02
1.3625442882637764e-06 5.4137899979800000e-11 1.4652400000000000e-09 9.2994894782519998e+02
1.7226605254650248e-06 7.7555599791040007e-11 1.8524800000000000e-09 9.2996308925910000e+02
2.1826057027272589e-06 1.1110299984364001e-10 2.3470600000000000e-09 9.2997909967860005e+02
2.7713348204539073e-06 1.5916099965360000e-10 2.9801100000000000e-09 9.2999716876169998e+02
3.5266032513682487e-06 2.2800800111288001e-10 3.7922200000000000e-09 9.3001754656409992e+02
4.4975537964996660e-06 3.2663399940042002e-10 4.8362200000000001e-09 9.3004045271789994e+02
4.5807460305493105e-06 3.3555999792714001e-10 4.9256699999999996e-09 9.3004228160820003e+02
4.7281205653478515e-06 3.3656599963290001e-10 5.0841300000000003e-09 9.3004248152130003e+02
6.5759177435918250e-06 5.4515600232911993e-10 7.0708799999999999e-09 9.3007696075620004e+02
9.1998724984833464e-06 8.8567000200420000e-10 9.8920399999999997e-09 9.3011730648750006e+02
1.2918168885426129e-05 1.4388700552640002e-09 1.3889600000000001e-08 9.3016406831190000e+02
1.8201380444258739e-05 2.3376200076990001e-09 1.9569300000000001e-08 9.3021808578930006e+02
2.5725895950178280e-05 3.7977398937599994e-09 2.7657999999999999e-08 9.3028025838780002e+02
3.6463989818522291e-05 6.1698799253159997e-09 3.9200400000000002e-08 9.3035162548649998e+02
5.1813630126296458e-05 1.0023700173792000e-08 5.5698400000000002e-08 9.3043332628019994e+02
7.3785560512054020e-05 1.6284700005120000e-08 7.9311899999999997e-08 9.3052664006250006e+02
1.0527189036420272e-04 2.6456400399219999e-08 1.1314700000000000e-07 9.3063298613190000e+02
1.5043483705694415e-04 4.2981499428689995e-08 1.6167299999999999e-07 9.3075400323120004e+02
1.5143539825673478e-04 4.3369399516159995e-08 1.6274800000000000e-07 9.3075639185940008e+02
1.5666718390755263e-04 4.3499599327679997e-08 1.6836899999999999e-07 9.3075719132400002e+02
1.8247319946392853e-04 5.3487099479700000e-08 1.9609400000000001e-07 9.3081203831400001e+02
2.1304949570856091e-04 6.5965099669560007e-08 2.2894200000000001e-07 9.3087079295249998e+02
2.4880173202308656e-04 8.1354199584480006e-08 2.6734800000000002e-07 9.3093285559410003e+02
2.9061049213158235e-04 1.0033299847065000e-07 3.1225699999999999e-07 9.3099838615049998e+02
3.3950651358852186e-04 1.2374000051775000e-07 3.6477499999999998e-07 9.3106758453479995e+02
3.9669496520679297e-04 1.5260700009555001e-07 4.2619500000000001e-07 9.3114063056550003e+02
4.6358813252914599e-04 1.8820900209407997e-07 4.9803199999999997e-07 9.3121772415570001e+02
5.4183717856390442e-04 2.3211699768180001e-07 5.8205699999999998e-07 9.3129908512530005e+02
6.3337419989345891e-04 2.8626699988691999e-07 6.8034199999999997e-07 9.3138494352930002e+02
7.4046361643000222e-04 3.5305100162730003e-07 7.9531500000000002e-07 9.3147551899979999e+02
7.4543957324912111e-04 3.5623800038969997e-07 8.0065699999999999e-07 9.3147951660449996e+02
7.7046470619140960e-04 3.5730600246279002e-07 8.2752300000000002e-07 9.3148080575760002e+02
7.7218701201869997e-04 3.5837800248323999e-07 8.2937200000000002e-07 9.3148210505190002e+02
7.7564281539113634e-04 3.6053199741144001e-07 8.3308200000000005e-07 9.3148469349929996e+02
7.7911352986319152e-04 3.6269800105895999e-07 8.3680799999999998e-07 9.3148728185280004e+02
7.8260009510663572e-04 3.6487800290032998e-07 8.4055099999999997e-07 9.3148988034750005e+02
7.8610250285012515e-04 3.6706999922346001e-07 8.4431100000000000e-07 9.3149248879559991e+02
7.8962075319254110e-04 3.6927600351839998e-07 8.4808799999999996e-07 9.3149508719639994e+02
7.9315485471188711e-04 3.7149499796798001e-07 8.5188199999999998e-07 9.3149769564450003e+02
7.9670479058673201e-04 3.7372699824480005e-07 8.5569300000000004e-07 9.3150031404599997e+02
8.0027057791247260e-04 3.7597299948234002e-07 8.5952100000000004e-07 9.3150293244750003e+02
8.0385221698387247e-04 3.7823200230633998e-07 8.6336599999999998e-07 9.3150555094289996e+02
8.0745063029167934e-04 3.8050499711466001e-07 8.6722899999999999e-07 9.3150817929779998e+02
8.1106395596088781e-04 3.8279099715107999e-07 8.7110800000000002e-07 9.3151080774659999e+02
8.1469498722525535e-04 3.8509200436278001e-07 8.7500600000000005e-07 9.3151343619540000e+02
8.1834093096975699e-04 3.8740599815679997e-07 8.7891999999999998e-07 9.3151607459759998e+02
8.3652972322216491e-04 3.8856800310954005e-07 8.9844600000000005e-07 9.3151737379799999e+02
8.9649746606902973e-04 4.2637900225708002e-07 9.6282100000000007e-07 9.3155798930399999e+02
9.6293679962426715e-04 4.6927300060880000e-07 1.0341400000000000e-06 9.3160093353000002e+02
1.0343084479593990e-03 5.1648199988999994e-07 1.1107499999999999e-06 9.3164493704189999e+02
1.1110033276598183e-03 5.6844100521450010e-07 1.1930700000000001e-06 9.3169002988770001e+02
1.1934040547386528e-03 6.2562700512179996e-07 1.2815100000000000e-06 9.3173623206809998e+02
1.2819398888523502e-03 6.8856500094819997e-07 1.3765300000000001e-06 9.3178357353719991e+02
1.3770588621277026e-03 7.5783499966439992e-07 1.4786100000000000e-06 9.3183208434300002e+02
1.4792742600387720e-03 8.3407400117300003e-07 1.5882999999999999e-06 9.3188178448619999e+02
1.5890902438860661e-03 9.1798299673799988e-07 1.7061399999999999e-06 9.3193271378040004e+02
1.7070948934908867e-03 1.0103300084124001e-06 1.8327600000000000e-06 9.3198488236679998e+02
1.7418302566492478e-03 1.0379399925766002e-06 1.8700300000000001e-06 9.3199978345169995e+02
1.8026805910135908e-03 1.0410599913928000e-06 1.9353200000000000e-06 9.3200143242960007e+02
2.0389359400714486e-03 1.2275099896319999e-06 2.1888000000000001e-06 9.3209187794249999e+02
2.3114099463439177e-03 1.4516999917321999e-06 2.4811100000000001e-06 9.3218792017709995e+02
2.6204004641994278e-03 1.7168400063888003e-06 2.8125600000000001e-06 9.3228811983419996e+02
2.9707928967162671e-03 2.0304000155634000e-06 3.1883800000000001e-06 9.3239264696670000e+02
3.3681648965264784e-03 2.4012300084080001e-06 3.6145400000000001e-06 9.3250170129989999e+02
3.8188055776886142e-03 2.8397900147328003e-06 4.0977700000000004e-06 9.3261546284010001e+02
4.3298558716110781e-03 3.3584500068246004e-06 4.6457100000000001e-06 9.3273413140649996e+02
4.9094492242661523e-03 3.9718300068571995e-06 5.2670599999999997e-06 9.3285792691289998e+02
5.5667590537662745e-03 4.6972400276543001e-06 5.9716300000000001e-06 9.3298704917850000e+02
6.3122329168583428e-03 5.5551399798486997e-06 6.7705900000000002e-06 9.3312173811779996e+02
6.3691536418958340e-03 5.6221100036384002e-06 6.8315900000000001e-06 9.3313158221820004e+02
6.6107787783348925e-03 5.6389700285964000e-06 7.0905299999999997e-06 9.3313397075249998e+02
7.1832281514335565e-03 6.2999099885847007e-06 7.7039700000000007e-06 9.3322329697740008e+02
7.8228640480689938e-03 7.0594400109160007e-06 8.3893400000000006e-06 9.3331767013950002e+02
8.5195476220300548e-03 7.9105299722335996e-06 9.1357600000000004e-06 9.3341477175390003e+02
9.2783521214718639e-03 8.8642300383220009e-06 9.9486500000000000e-06 9.3351470163630006e+02
1.0104791977484120e-02 9.9329099737559988e-06 1.0833900000000000e-05 9.3361751969490001e+02
1.1005037422914624e-02 1.1130399980334000e-05 1.1798100000000000e-05 9.3372332602710003e+02
1.1985504705131824e-02 1.2472300012974001e-05 1.2848100000000000e-05 9.3383220044789994e+02
1.3053499763127112e-02 1.3976000053347000e-05 1.3991700000000000e-05 9.3394422305399996e+02
1.4216706487829026e-02 1.5661000693130000e-05 1.5237100000000000e-05 9.3405949366109996e+02
1.5483652631007537e-02 1.7549100191680000e-05 1.6593399999999999e-05 9.3417811227269999e+02
1.5623499832828706e-02 1.7760599953030001e-05 1.6743099999999999e-05 9.3419079468840005e+02
1.6269961736847121e-02 1.7813900213129999e-05 1.7435099999999998e-05 9.3419395273319992e+02
1.7094324515795702e-02 1.9027400207749999e-05 1.8317499999999999e-05 9.3426180186839997e+02
1.8000874089488257e-02 2.0384500450440000e-05 1.9287799999999999e-05 9.3433394852489994e+02
1.8955614232225096e-02 2.1838399047120000e-05 2.0309599999999999e-05 9.3440734433310001e+02
1.9960983560824267e-02 2.3396100553499999e-05 2.1385500000000000e-05 9.3448202938830002e+02
2.1019794814794490e-02 2.5064799654149998e-05 2.2518500000000001e-05 9.3455801364390004e+02
2.2134768910989058e-02 2.6852600343399999e-05 2.3711500000000002e-05 9.3463531710059999e+02
2.3309000859656603e-02 2.8767899159999994e-05 2.4967799999999998e-05 9.3471396971249999e+02
2.4545494036103295e-02 3.0819700065419999e-05 2.6290599999999999e-05 9.3479400162150000e+02
2.5847718880420045e-02 3.3017999946119998e-05 2.7683600000000000e-05 9.3487541254589996e+02
2.7219055484112444e-02 3.5372998881120002e-05 2.9150400000000001e-05 9.3495825272219997e+02
2.7775365070038964e-02 3.6339601209739997e-05 2.9745400000000002e-05 9.3499105302509997e+02
2.8289610775747390e-02 3.6448598719180002e-05 3.0295400000000001e-05 9.3499466085090000e+02
2.8802930737171755e-02 3.7332599735440002e-05 3.0844399999999999e-05 9.3502356336480000e+02
2.9391538203060320e-02 3.8352800962709990e-05 3.1473899999999997e-05 9.3505628375879996e+02
2.9992229144074897e-02 3.9400800335690003e-05 3.2116300000000003e-05 9.3508923392610006e+02
3.0605097595990186e-02 4.0477499896860003e-05 3.2771700000000003e-05 9.3512239395989991e+02
3.1230612131930052e-02 4.1583600119840003e-05 3.3440600000000000e-05 9.3515578386089999e+02
3.1868867160453597e-02 4.2719998743180005e-05 3.4123099999999999e-05 9.3518940362910007e+02
3.2520144922003676e-02 4.3887298648500002e-05 3.4819500000000001e-05 9.3522325326449993e+02
3.3184820445813230e-02 4.5086601561120004e-05 3.5530200000000001e-05 9.3525732271979996e+02
3.3862987887692660e-02 4.6318701748649993e-05 3.6255299999999998e-05 9.3529163208960006e+02
3.4555116462740516e-02 4.7584401826990007e-05 3.6995300000000001e-05 9.3532617123270006e+02
3.4710848908415574e-02 4.7870299693839997e-05 3.7161800000000001e-05 9.3533387666670001e+02
3.5705765632703390e-02 4.8013899962450004e-05 3.8225500000000002e-05 9.3533768431169995e+02
3.6190650245182691e-02 4.8884701265269996e-05 3.8743900000000000e-05 9.3536029073669999e+02
3.6764595537185744e-02 4.9920498059249994e-05 3.9357499999999997e-05 9.3538680481020003e+02
3.7347724170046170e-02 5.0978398185919999e-05 3.9980900000000002e-05 9.3541345870079999e+02
3.7940129948432849e-02 5.2058599241440000e-05 4.0614200000000002e-05 9.3544024264290010e+02
3.8541907483377907e-02 5.3161699756499999e-05 4.1257500000000003e-05 9.3546717635549999e+02
3.9153244015328124e-02 5.4288198430999997e-05 4.1910999999999999e-05 9.3549425007299999e+02
3.9774234210732992e-02 5.5438601263319996e-05 4.2574799999999998e-05 9.3552146370150001e+02
4.0405159191034282e-02 5.6613297948239995e-05 4.3249199999999999e-05 9.3554882728830000e+02
4.1046019389420471e-02 5.7812899551080002e-05 4.3934199999999997e-05 9.3557633069220003e+02
4.1697190276124625e-02 5.9037997871239995e-05 4.4630199999999998e-05 9.3560397410099995e+02
4.2358578444415006e-02 6.0288999023690009e-05 4.5337100000000003e-05 9.3563177732760005e+02
4.2549448380963861e-02 6.0651299975859995e-05 4.5541099999999997e-05 9.3563974248900001e+02
4.3740238175900857e-02 6.0833198906699995e-05 4.6813800000000002e-05 9.3564365013750000e+02
4.5854886274473032e-02 6.4782902450840000e-05 4.9073799999999998e-05 9.3572599057799994e+02
4.8180087401599556e-02 6.9195997901699998e-05 5.1558599999999998e-05 9.3581365787159996e+02
5.0623240020302433e-02 7.3909702371599995e-05 5.4169200000000003e-05 9.3590278418340006e+02
5.3190452397117956e-02 7.8944498346630003e-05 5.6912100000000000e-05 9.3599338970190001e+02
5.5887837732656438e-02 8.4322299027779992e-05 5.9793799999999997e-05 9.3608550419339997e+02
5.8722166587791814e-02 9.0066499795649990e-05 6.2821499999999995e-05 9.3617915789369999e+02
6.1700398546921942e-02 9.6201898222459989e-05 6.6002599999999997e-05 9.3627437052180005e+02
6.4829683480590566e-02 1.0275499726340999e-04 6.9344700000000000e-05 9.3637116226620003e+02
6.8117831355171340e-02 1.0975499711746999e-04 7.2856100000000002e-05 9.3646956308100005e+02
7.1572933822013338e-02 1.1723199746169999e-04 7.6545399999999994e-05 9.3656960282640000e+02
7.2872355791586060e-02 1.2007500056640000e-04 7.7932800000000000e-05 9.3660639068670002e+02
7.6294350046888545e-02 1.2043499631464001e-04 8.1586400000000002e-05 9.3661091798129996e+02
7.8557740452832786e-02 1.2521799885310001e-04 8.4002899999999995e-05 9.3666865324139997e+02
8.1070439170188191e-02 1.3058099681828001e-04 8.6685400000000002e-05 9.3673145543940007e+02
8.3663493660002267e-02 1.3617299667415003e-04 8.9453500000000007e-05 9.3679492723830003e+02
8.6339540033127660e-02 1.4200499619000000e-04 9.2310000000000002e-05 9.3685905859080003e+02
8.9101308842231525e-02 1.4808700429182000e-04 9.5257800000000001e-05 9.3692387963880003e+02
9.1951438062670962e-02 1.5442999846642999e-04 9.8299699999999997e-05 9.3698938014720000e+02
9.3544637803481184e-02 1.5800363917307320e-04 1.0000000000000000e-04 9.3702641442654260e+02
9.5903658598855135e-02 1.5954793486811777e-04 1.0251746210448867e-04 9.3704237855413294e+02
9.8322169486271524e-02 1.6114437326269931e-04 1.0509836576364590e-04 9.3705847035730164e+02
1.0080167069457881e-01 1.6279471494005568e-04 1.0774430938106474e-04 9.3707469090021948e+02
1.0334370028559078e-01 1.6450077992901090e-04 1.1045693161977622e-04 9.3709104125600811e+02
1.0594983510816346e-01 1.6626444971113821e-04 1.1323791241586465e-04 9.3710752250681469e+02
1.0862169177633155e-01 1.6808766929569456e-04 1.1608897401758830e-04 9.3712413574388927e+02
1.1136092767211189e-01 1.6997244936461440e-04 1.1901188205064788e-04 9.3714088206766030e+02
1.1416924197359575e-01 1.7192086848992887e-04 1.2200844661025953e-04 9.3715776258781477e+02
1.1704837670896771e-01 1.7393507542605533e-04 1.2508052338070695e-04 9.3717477842337462e+02
1.2000011783710476e-01 1.7601729147948537e-04 1.2823001478306289e-04 9.3719193070277618e+02
1.2302629635542621e-01 1.7816981295848479e-04 1.3145887115178869e-04 9.3720922056395068e+02
1.2612878943568148e-01 1.8039501370550678e-04 1.3476909194093785e-04 9.3722664915440407e+02
1.2930952158838047e-01 1.8269534771511167e-04 1.3816272696070823e-04 9.3724421763129760e+02
1.3257046585658838e-01 1.8507335184027952e-04 1.4164187764510489e-04 9.3726192716153025e+02
1.3591364503982606e-01 1.8753164859010096e-04 1.4520869835149669e-04 9.3727977892182059e+02
1.3934113294883466e-01 1.9007294902193084e-04 1.4886539769286817e-04 9.3729777409879068e+02
1.4285505569198342e-01 1.9270005573119534e-04 1.5261423990358856e-04 9.3731591388904860e+02
1.4645759299411781e-01 1.9541586594214823e-04 1.5645754623954010e-04 9.3733419949927406e+02
1.5015097954866688e-01 1.9822337470298606e-04 1.6039769641347027e-04 9.3735263214630231e+02
1.5393750640384798e-01 2.0112567818884544e-04 1.6443713006645226e-04 9.3737121305721143e+02
1.5781952238382940e-01 2.0412597711632512e-04 1.6857834827636249e-04 9.3738994346940876e+02
1.6179943554573148e-01 2.0722758027329837e-04 1.7282391510430446e-04 9.3740882463071659e+02
1.6587971467337106e-01 2.1043390816790822e-04 1.7717645917993363e-04 9.3742785779946178e+02
1.7006289080867507e-01 2.1374849680077054e-04 1.8163867532666029e-04 9.3744704424456484e+02
1.7435155882171366e-01 2.1717500156454388e-04 1.8621332622773345e-04 9.3746638524562809e+02
1.7874837902032673e-01 2.2071720127516759e-04 1.9090324413423293e-04 9.3748588209302727e+02
1.8325607880034173e-01 2.2437900233921322e-04 1.9571133261602196e-04 9.3750553608800192e+02
1.8787745433740755e-01 2.2816444306194552e-04 2.0064056835674204e-04 9.3752534854274734e+02
1.9261537232149287e-01 2.3207769810084397e-04 2.0569400299395458e-04 9.3754532078050704e+02
1.9747277173512542e-01 2.3612308306949586e-04 2.1087476500556535e-04 9.3756545413566698e+02
2.0245266567647499e-01 2.4030505929693884e-04 2.1618606164369413e-04 9.3758574995384879e+02
2.0755814322841137e-01 2.4462823874770096e-04 2.2163118091718205e-04 9.3760620959200548e+02
2.1279237137469645e-01 2.4909738910796502e-04 2.2721349362395899e-04 9.3762683441851641e+02
2.1815859696449894e-01 2.5371743904346482e-04 2.3293645543452282e-04 9.3764762581328500e+02
2.2366014872645049e-01 2.5849348363491407e-04 2.3880360902781621e-04 9.3766858516783554e+02
2.2930043933349251e-01 2.6343078999695950e-04 2.4481858628081621e-04 9.3768971388541149e+02
2.3508296751979499e-01 2.6853480308685772e-04 2.5098511051318726e-04 9.3771101338107474e+02
2.4101132025105951e-01 2.7381115170927947e-04 2.5730699878838013e-04 9.3773248508180529e+02
2.4708917494955324e-01 2.7926565472386470e-04 2.6378816427259497e-04 9.3775413042660261e+02
2.5332030177525455e-01 2.8490432746237351e-04 2.7043261865306273e-04 9.3777595086658664e+02
2.5970856596452468e-01 2.9073338836251153e-04 2.7724447461713488e-04 9.3779794786510104e+02
2.6625793022775629e-01 2.9675926582574299e-04 2.8422794839370885e-04 9.3782012289781562e+02
2.7297245720748586e-01 3.0298860530665660e-04 2.9138736235855402e-04 9.3784247745283244e+02
2.7985631199849581e-01 3.0942827664170243e-04 2.9872714770514644e-04 9.3786501303078876e+02
2.8691376473146835e-01 3.1608538162538008e-04 3.0625184718265411e-04 9.3788773114496405e+02
2.9414919322179472e-01 3.2296726184223622e-04 3.1396611790276171e-04 9.3791063332138845e+02
3.0156708568518148e-01 3.3008150676330555e-04 3.2187473421706284e-04 9.3793372109894835e+02
3.0917204352174044e-01 3.3743596211592748e-04 3.2998259066679329e-04 9.3795699602949639e+02
3.1696878417028779e-01 3.4503873853616645e-04 3.3829470500672037e-04 9.3798045967796145e+02
3.2496214403462287e-01 3.5289822051337837e-04 3.4681622130505247e-04 9.3800411362245882e+02
3.3315708148360251e-01 3.6102307563678820e-04 3.5555241312127615e-04 9.3802795945440221e+02
3.4155867992687167e-01 3.6942226415427582e-04 3.6450868676387958e-04 9.3805199877861662e+02
3.5017215096815862e-01 3.7810504885391104e-04 3.7369058462996779e-04 9.3807623321345113e+02
3.5900283763808949e-01 3.8708100527913613e-04 3.8310378862882417e-04 9.3810066439089405e+02
3.6805621770852898e-01 3.9636003228886094e-04 3.9275412369152955e-04 9.3812529395668878e+02
3.7733790709050213e-01 4.0595236297411605e-04 4.0264756136879624e-04 9.3815012357044930e+02
3.8685366331780613e-01 4.1586857594330521e-04 4.1279022351923487e-04 9.3817515490577921e+02
3.9660938911847127e-01 4.2611960698849894e-04 4.2318838609032222e-04 9.3820038965038952e+02
4.0661113607628802e-01 4.3671676114563867e-04 4.3384848299439846e-04 9.3822582950621768e+02
4.1686510838467072e-01 4.4767172516194955e-04 4.4477711008207951e-04 9.3825147618954918e+02
4.2737766669518729e-01 4.5899658038431237e-04 4.5598102921552995e-04 9.3827733143113880e+02
4.3815533206314095e-01 4.7070381608280685e-04 4.6746717244410343e-04 9.3830339697633360e+02
4.4920478999265218e-01 4.8280634322412145e-04 4.7924264628491892e-04 9.3832967458519624e+02
4.6053289458375052e-01 4.9531750871001747e-04 4.9131473611100946e-04 9.3835616603263065e+02
4.7214667278404826e-01 5.0825111009655203e-04 5.0369091064974192e-04 9.3838287310850637e+02
4.8405332874763302e-01 5.2162141081028997e-04 5.1637882659427367e-04 9.3840979761778829e+02
4.9626024830388316e-01 5.3544315587828741e-04 5.2938633333088770e-04 9.3843694138066121e+02
5.0877500353897942e-01 5.4973158818919421e-04 5.4272147778511000e-04 9.3846430623266247e+02
5.2160535749295267e-01 5.6450246530340663e-04 5.5639250938959296e-04 9.3849189402481011e+02
5.3475926897518367e-01 5.7977207683081189e-04 5.7040788517682018e-04 9.3851970662373515e+02
5.4824489750133831e-01 5.9555726239528424e-04 5.8477627499976153e-04 9.3854774591181456e+02
5.6207060835480616e-01 6.1187543020575037e-04 5.9950656688369654e-04 9.3857601378730453e+02
5.7624497777577710e-01 6.2874457625429936e-04 6.1460787251248986e-04 9.3860451216447495e+02
5.9077679828117735e-01 6.4618330416251271e-04 6.3008953285269677e-04 9.3863324297374675e+02
6.0567508411876358e-01 6.6421084569789749e-04 6.4596112391895389e-04 9.3866220816182806e+02
6.2094907685876066e-01 6.8284708198305477e-04 6.6223246268420465e-04 9.3869140969185332e+02
6.3660825112650843e-01 7.0211256542096544e-04 6.7891361313838724e-04 9.3872084954352272e+02
6.5266232047967654e-01 7.2202854236058146e-04 6.9601489249931415e-04 9.3875052971324317e+02
6.6912124343368995e-01 7.4261697652770883e-04 7.1354687757955765e-04 9.3878045221427021e+02
6.8599522963910553e-01 7.6390057324703239e-04 7.3152041131325693e-04 9.3881061907685262e+02
7.0329474621477117e-01 7.8590280448198808e-04 7.4994660944686009e-04 9.3884103234837426e+02
7.2103052424069414e-01 8.0864793472010049e-04 7.6883686739790606e-04 9.3887169409350338e+02
7.3921356541464678e-01 8.3216104773232828e-04 7.8820286728606837e-04 9.3890260639433677e+02
7.5785514887664152e-01 8.5646807423593542e-04 8.0805658514077788e-04 9.3893377135055005e+02
7.7696683820550516e-01 8.8159582049138891e-04 8.2841029828985312e-04 9.3896519107954714e+02
7.9656048859189355e-01 9.0757199786482335e-04 8.4927659293367866e-04 9.3899686771660959e+02
8.1664825419219589e-01 9.3442525338867139e-04 8.7066837190957996e-04 9.3902880341505227e+02
8.3724259566789205e-01 9.6218520135416907e-04 8.9259886265117411e-04 9.3906100034637279e+02
8.5835628791503771e-01 9.9088245597057012e-04 9.1508162534757222e-04 9.3909346070041067e+02
8.8000242798867234e-01 1.0205486651270897e-03 9.3813056130745594e-04 9.3912618668550078e+02
9.0219444322706588e-01 1.0512165452948108e-03 9.6175992153315639e-04 9.3915918052863219e+02
9.2494609958084406e-01 1.0829199176070425e-03 9.8598431551000622e-04 9.3919244447560720e+02
9.4827151015215982e-01 1.1156937451579244e-03 1.0108187202163591e-03 9.3922598079120223e+02
9.7218514394920452e-01 1.1495741715604032e-03 1.0362784893598086e-03 9.3925979175932810e+02
9.9670183486149144e-01 1.1845985608061101e-03 1.0623793628452723e-03 9.3929387968319588e+02
1.0218367908614827e+00 1.2208055384710973e-03 1.0891374764807672e-03 9.3932824688547907e+02
1.0476056034382597e+00 1.2582350343128721e-03 1.1165693719268131e-03 9.3936289570848237e+02
1.0740242572690959e+00 1.2969283263057081e-03 1.1446920068955910e-03 9.3939782851430641e+02
1.1011091401349271e+00 1.3369280861627970e-03 1.1735227656060985e-03 9.3943304768501957e+02
1.1288770530858705e+00 1.3782784263954380e-03 1.2030794695017291e-03 9.3946855562282656e+02
1.1573452208631039e+00 1.4210249489611786e-03 1.2333803882368499e-03 9.3950435475024244e+02
1.1865313025835587e+00 1.4652147955545312e-03 1.2644442509391111e-03 9.3954044751026413e+02
1.2164534026940641e+00 1.5108966995957510e-03 1.2962902577544047e-03 9.3957683636654747e+02
1.2471300822017364e+00 1.5581210399749992e-03 1.3289380916815530e-03 9.3961352380358187e+02
1.2785803701875735e+00 1.6069398966111585e-03 1.3624079307039785e-03 9.3965051232687040e+02
1.3108237756104031e+00 1.6574071078865786e-03 1.3967204602258053e-03 9.3968780446310859e+02
1.3438802994085048e+00 1.7095783300210903e-03 1.4318968858200130e-03 9.3972540276036636e+02
1.3777704469064089e+00 1.7635110984507596e-03 1.4679589462964571e-03 9.3976330978827002e+02
1.4125152405345789e+00 1.8192648912790915e-03 1.5049289270977814e-03 9.3980152813818756e+02
1.4481362328698526e+00 1.8769011948706299e-03 1.5428296740314150e-03 9.3984006042341537e+02
1.4846555200047409e+00 1.9364835716593135e-03 1.5816846073460871e-03 9.3987890927936439e+02
1.5220957552538805e+00 1.9980777302463660e-03 1.6215177361614858e-03 9.3991807736375176e+02
1.5604801632061305e+00 2.0617515978650133e-03 1.6623536732598958e-03 9.3995756735678970e+02
1.5998325541310412e+00 2.1275753952919537e-03 1.7042176502488899e-03 9.3999738196138105e+02
1.6401773387486258e+00 2.1956217142881963e-03 1.7471355331043620e-03 9.4003752390330999e+02
1.6815395433715945e+00 2.2659655976546567e-03 1.7911338381034125e-03 9.4007799593144273e+02
1.7239448254294567e+00 2.3386846219908223e-03 1.8362397481568775e-03 9.4011880081792242e+02
1.7674194893841031e+00 2.4138589832477290e-03 1.8824811295514731e-03 9.4015994135836979e+02
1.8119905030467498e+00 2.4915715851696056e-03 1.9298865491118259e-03 9.4020142037208461e+02
1.8576855143063720e+00 2.5719081307217402e-03 1.9784852917929014e-03 9.4024324070224975e+02
1.9045328682799909e+00 2.6549572166053694e-03 2.0283073787136035e-03 9.4028540521613456e+02
1.9525616248954605e+00 2.7408104309638408e-03 2.0793835856425737e-03 9.4032791680530374e+02
2.0018015769176620e+00 2.8295624543877929e-03 2.1317454619475323e-03 9.4037077838582434e+02
2.0522832684292767e+00 2.9213111643307445e-03 2.1854253500197297e-03 9.4041399289847789e+02
2.1040380137776253e+00 3.0161577430502600e-03 2.2404564051854395e-03 9.4045756330897132e+02
2.1570979169992941e+00 3.1142067891936969e-03 2.2968726161166362e-03 9.4050149260815226e+02
2.2114958917346219e+00 3.2155664331516239e-03 2.3547088257533750e-03 9.4054578381222552e+02
2.2672656816443952e+00 3.3203484563061195e-03 2.4140007527506785e-03 9.4059043996296987e+02
2.3244418813414103e+00 3.4286684143054452e-03 2.4747850134630282e-03 9.4063546412796006e+02
2.3830599578498899e+00 3.5406457645010569e-03 2.5370991444799394e-03 9.4068085940078709e+02
2.4431562726060712e+00 3.6564039976874955e-03 2.6009816257263831e-03 9.4072662890128299e+02
2.5047681040135950e+00 3.7760707742904133e-03 2.6664719041421857e-03 9.4077277577574682e+02
2.5679336705677214e+00 3.8997780651529946e-03 2.7336104179549116e-03 9.4081930319717355e+02
2.6326921545626729e+00 4.0276622970759441e-03 2.8024386215610344e-03 9.4086621436548160e+02
2.6990837263968421e+00 4.1598645032716111e-03 2.8729990110306289e-03 9.4091351250774744e+02
2.7671495694909352e+00 4.2965304788981605e-03 2.9453351502511864e-03 9.4096120087843883e+02
2.8369319058344966e+00 4.4378109418452974e-03 3.0194916977265077e-03 9.4100928275965111e+02
2.9084740221766729e+00 4.5838616989488804e-03 3.0955144340470754e-03 9.4105776146134463e+02
2.9818202968774599e+00 4.7348438178177249e-03 3.1734502900486760e-03 9.4110664032158775e+02
3.0570162274360819e+00 4.8909238044620804e-03 3.2533473756764940e-03 9.4115592270679599e+02
3.1341084587135963e+00 5.0522737869197016e-03 3.3352550095722975e-03 9.4120561201197995e+02
3.2131448118672106e+00 5.2190717050819837e-03 3.4192237494028014e-03 9.4125571166099007e+02
3.2941743140142652e+00 5.3915015069295148e-03 3.5053054229477161e-03 9.4130622510676722e+02
3.3772472286443023e+00 5.5697533513934987e-03 3.5935531599664981e-03 9.4135715583159288e+02
3.4624150867980532e+00 5.7540238180666991e-03 3.6840214248632188e-03 9.4140850734734443e+02
3.5497307190327110e+00 5.9445161239952363e-03 3.7767660501695386e-03 9.4146028319574953e+02
3.6392482881933068e+00 6.1414403477902902e-03 3.8718442708661990e-03 9.4151248694864466e+02
3.7310233230105085e+00 6.3450136613068522e-03 3.9693147595639758e-03 9.4156512220823743e+02
3.8251127525457140e+00 6.5554605691450834e-03 4.0692376625656194e-03 9.4161819260736547e+02
3.9215749415047667e+00 6.7730131562383352e-03 4.1716746368307021e-03 9.4167170180976609e+02
4.0204697264422187e+00 6.9979113438009078e-03 4.2766888878659984e-03 9.4172565351034063e+02
4.1218584528786106e+00 7.2304031539178323e-03 4.3843452085644830e-03 9.4178005143542748e+02
4.2258040133537680e+00 7.4707449830684379e-03 4.4947100190166501e-03 9.4183489934307045e+02
4.3323708864397332e+00 7.7192018848853579e-03 4.6078514073184043e-03 9.4189020102329812e+02
4.4416251767375341e+00 7.9760478624608284e-03 4.7238391714004638e-03 9.4194596029839727e+02
4.5536346558825835e+00 8.2415661705225914e-03 4.8427448619047042e-03 9.4200218102319582e+02
4.6684688045841858e+00 8.5160496278127423e-03 4.9646418261336724e-03 9.4205886708534365e+02
4.7861988557251713e+00 8.7998009400138896e-03 5.0896052530999807e-03 9.4211602240559682e+02
4.9068978385484332e+00 9.0931330335788634e-03 5.2177122197030641e-03 9.4217365093810736e+02
5.0306406239577788e+00 9.3963694008320810e-03 5.3490417380614701e-03 9.4223175667071075e+02
5.1575039709611676e+00 9.7098444567231754e-03 5.4836748040294706e-03 9.4229034362521998e+02
5.2875665742851634e+00 1.0033903907626252e-02 5.6216944469275635e-03 9.4234941585772208e+02
5.4209091131901443e+00 1.0368905132591628e-02 5.7631857805172104e-03 9.4240897745887207e+02
5.5576143015165211e+00 1.0715217577470345e-02 5.9082360552507257e-03 9.4246903255419943e+02
5.6977669389930563e+00 1.1073223162346256e-02 6.0569347118283080e-03 9.4252958530440685e+02
5.8414539638390579e+00 1.1443316702724898e-02 6.2093734360946645e-03 9.4259063990567711e+02
5.9887645066931023e+00 1.1825906344943645e-02 6.3656462153086893e-03 9.4265220058998511e+02
6.1397899459017689e+00 1.2221414016283490e-02 6.5258493958205415e-03 9.4271427162540522e+02
6.2946239642026134e+00 1.2630275890278571e-02 6.6900817421910452e-03 9.4277685731642873e+02
6.4533626068366061e+00 1.3052942867736839e-02 6.8584444977895197e-03 9.4283996200428135e+02
6.6161043411260501e+00 1.3489881074002216e-02 7.0310414469068527e-03 9.4290359006724270e+02
6.7829501175549298e+00 1.3941572373006640e-02 7.2079789784216071e-03 9.4296774592096688e+02
6.9540034323896220e+00 1.4408514898679002e-02 7.3893661510578265e-03 9.4303243401881446e+02
7.1293703918787603e+00 1.4891223604296892e-02 7.5753147602743197e-03 9.4309765885217780e+02
7.3091597780720896e+00 1.5390230830387035e-02 7.7659394068259951e-03 9.4316342495081119e+02
7.4934831162991911e+00 1.5906086891800803e-02 7.9613575670389458e-03 9.4322973688317154e+02
7.6824547443498528e+00 1.6439360684612086e-02 8.1616896648420249e-03 9.4329659925675230e+02
7.8761918833990565e+00 1.6990640313506909e-02 8.3670591455986300e-03 9.4336401671842577e+02
8.0748147107205668e+00 1.7560533740356724e-02 8.5775925517835791e-03 9.4343199395478837e+02
8.2784464342341977e+00 1.8149669454690508e-02 8.7934196005510345e-03 9.4350053569250656e+02
8.4872133689330553e+00 1.8758697166805272e-02 9.0146732632405916e-03 9.4356964669866886e+02
8.7012450152381113e+00 1.9388288524279148e-02 9.2414898468697812e-03 9.4363933178114007e+02
8.9206741393287121e+00 2.0039137852677344e-02 9.4740090776624861e-03 9.4370959578891643e+02
9.1456368554989371e+00 2.0711962921267913e-02 9.7123741866639718e-03 9.4378044361248851e+02
9.3762727105907597e+00 2.1407505734591600e-02 9.9567319974944481e-03 9.4385188018420320e+02
9.6127247705564791e+00 2.2126533350758783e-02 1.0207233016294441e-02 9.4392391047863077e+02
9.8551397092041491e+00 2.2869838727376211e-02 1.0464031523916577e-02 9.4399653951293612e+02
1.0103667899180884e+01 2.3638241596035822e-02 1.0727285670419529e-02 9.4406977234725355e+02
1.0358463505250699e+01 2.4432589366330776e-02 1.0997157571921677e-02 9.4414361408506124e+02
1.0619684579924629e+01 2.5253758060395259e-02 1.1273813409873028e-02 9.4421806987356490e+02
1.0887493161502366e+01 2.6102653278998460e-02 1.1557423532805545e-02 9.4429314490407944e+02
1.1162055374586485e+01 2.6980211200258994e-02 1.1848162560623775e-02 9.4436884441241750e+02
1.1443541533131274e+01 2.7887399612079984e-02 1.2146209491498606e-02 9.4444517367928279e+02
1.1732126246090383e+01 2.8825218979444473e-02 1.2451747811429296e-02 9.4452213803066297e+02
1.2027988525728716e+01 2.9794703547747756e-02 1.2764965606539962e-02 9.4459974283822726e+02
1.2331311898665614e+01 3.0796922483382946e-02 1.3086055678178329e-02 9.4467799351973179e+02
1.2642284519718537e+01 3.1832981052838820e-02 1.3415215660886907e-02 9.4475689553942391e+02
1.2961099288617463e+01 3.2904021841608760e-02 1.3752648143317489e-02 9.4483645440845157e+02
1.3287953969662757e+01 3.4011226014256421e-02 1.4098560792162533e-02 9.4491667568527748e+02
1.3623051314400566e+01 3.5155814617026986e-02 1.4453166479178272e-02 9.4499756497609553e+02
1.3966599187391763e+01 3.6339049924440460e-02 1.4816683411376239e-02 9.4507912793525418e+02
1.4318810695152639e+01 3.7562236831352583e-02 1.5189335264462315e-02 9.4516137026567833e+02
1.4679904318347271e+01 3.8826724292018368e-02 1.5571351319603667e-02 9.4524429771930170e+02
1.5050104047313379e+01 4.0133906807744736e-02 1.5962966603606309e-02 9.4532791609749904e+02
1.5429639521006044e+01 4.1485225964773761e-02 1.6364422032588269e-02 9.4541223125152044e+02
1.5818746169445308e+01 4.2882172024092086e-02 1.6775964559234850e-02 9.4549724908293717e+02
1.6217665359755902e+01 4.4326285564919299e-02 1.7197847323725101e-02 9.4558297554408284e+02
1.6626644545890041e+01 4.5819159183689069e-02 1.7630329808420792e-02 9.4566941663850469e+02
1.7045937422125714e+01 4.7362439250394892e-02 1.8073677996410981e-02 9.4575657842141754e+02
1.7475804080436085e+01 4.8957827724239171e-02 1.8528164534008261e-02 9.4584446700016076e+02
1.7916511171827445e+01 5.0607084030586932e-02 1.8994068897294610e-02 9.4593308853466101e+02
1.8368332071745627e+01 5.2312027001293823e-02 1.9471677562817178e-02 9.4602244923789738e+02
1.8831547049653963e+01 5.4074536880549778e-02 1.9961284182537439e-02 9.4611255537637498e+02
1.9306443442887357e+01 5.5896557398448246e-02 2.0463189763138719e-02 9.4620341327059748e+02
1.9793315834890848e+01 5.7780097914569645e-02 2.0977702849800696e-02 9.4629502929554644e+02
2.0292466237953022e+01 5.9727235633942388e-02 2.1505139714551400e-02 9.4638740988116911e+02
2.0804204280547420e+01 6.1740117897824409e-02 2.2045824549310266e-02 9.4648056151286312e+02
2.1328847399398551e+01 6.3820964551832962e-02 2.2600089663738731e-02 9.4657449073197165e+02
2.1866721036391425e+01 6.5972070394033772e-02 2.3168275688017465e-02 9.4666920413628168e+02
2.2418158840446608e+01 6.8195807705688255e-02 2.3750731780672316e-02 9.4676470838052524e+02
2.2983502874486373e+01 7.0494628867451670e-02 2.4347815841574232e-02 9.4686101017688839e+02
2.3563103827620143e+01 7.2871069063906307e-02 2.4959894730241513e-02 9.4695811629552281e+02
2.4157321232680651e+01 7.5327749079411629e-02 2.5587344489575361e-02 9.4705603356506117e+02
2.4766523689246284e+01 7.7867378188356873e-02 2.6230550575163943e-02 9.4715476887314117e+02
2.5391089092287274e+01 8.0492757143000707e-02 2.6889908090292285e-02 9.4725432916693205e+02
2.6031404866578161e+01 8.3206781262195439e-02 2.7565822026799920e-02 9.4735472145366555e+02
2.6687868207021733e+01 8.6012443624401219e-02 2.8258707511930894e-02 9.4745595280117243e+02
2.7360886325033185e+01 8.8912838368510230e-02 2.8968990061324106e-02 9.4755803033842562e+02
2.8050876701138048e+01 9.1911164106124016e-02 2.9697105838296930e-02 9.4766096125608533e+02
2.8758267343939739e+01 9.5010727449043569e-02 3.0443501919576805e-02 9.4776475280705392e+02
2.9483497055618102e+01 9.8214946655865373e-02 3.1208636567641380e-02 9.4786941230703155e+02
3.0227015704123282e+01 1.0152735540170373e-01 3.1992979509830224e-02 9.4797494713507945e+02
3.0989284502233581e+01 1.0495160667519533e-01 3.2797012224395565e-02 9.4808136473418745e+02
3.1770776293650897e+01 1.0849147680708658e-01 3.3621228233664112e-02 9.4818867261184857e+02
3.2571975846310963e+01 1.1215086963484465e-01 3.4466133404485767e-02 9.4829687834063714e+02
3.3393380153090028e+01 1.1593382080788456e-01 3.5332246256148898e-02 9.4840598955879454e+02
3.4235498740095053e+01 1.1984450223816176e-01 3.6220098275947722e-02 9.4851601397081754e+02
3.5098853982728521e+01 1.2388722670103845e-01 3.7130234242590390e-02 9.4862695934805504e+02
3.5983981429723315e+01 1.2806645259149452e-01 3.8063212557641328e-02 9.4873883352930989e+02
3.6891430135349815e+01 1.3238678884093341e-01 3.9019605585197382e-02 9.4885164442144526e+02
3.7821762999999997e+01 1.3685300000000000e-01 4.0000000000000001e-02 9.4896721000000002e+02
4.2986407000000000e+01 1.7286899999999999e-01 4.5440000000000001e-02 9.4980983500000002e+02
4.8155593000000003e+01 2.1283700000000000e-01 5.0880000000000002e-02 9.5063920099999996e+02
5.3329255000000003e+01 2.5676599999999999e-01 5.6320000000000002e-02 9.5145813599999997e+02
5.8507347000000003e+01 3.0482300000000001e-01 6.1760000000000002e-02 9.5227138200000002e+02
6.3689855000000001e+01 3.5735400000000000e-01 6.7199999999999996e-02 9.5308525099999997e+02
6.8876801999999998e+01 4.1488999999999998e-01 7.2639999999999996e-02 9.5390722200000005e+02
7.4068252999999999e+01 4.7814200000000001e-01 7.8079999999999997e-02 9.5474556600000005e+02
7.9264322000000007e+01 5.4799600000000004e-01 8.3519999999999997e-02 9.5560901799999999e+02
8.4465169000000003e+01 6.2549399999999999e-01 8.8959999999999997e-02 9.5650651600000003e+02
8.9671002999999999e+01 7.1182699999999999e-01 9.4399999999999998e-02 9.5744699500000002e+02
9.4882082999999994e+01 8.0831600000000003e-01 9.9839999999999998e-02 9.5843922999999995e+02
1.0009871099999999e+02 9.1639300000000001e-01 1.0528000000000000e-01 9.5949172099999998e+02
1.0532122800000000e+02 1.0363840000000000e+00 1.1072000000000000e-01 9.6060155699999996e+02
1.1054987900000000e+02 1.1674150000000001e+00 1.1616000000000000e-01 9.6175529700000004e+02
1.1578498600000000e+02 1.3132820000000001e+00 1.2160000000000000e-01 9.6298090800000000e+02
1.2102697700000000e+02 1.4763790000000001e+00 1.2703999999999999e-01 9.6429136300000005e+02
1.2627634000000000e+02 1.6588060000000000e+00 1.3247999999999999e-01 9.6569576199999995e+02
1.3153360699999999e+02 1.8625689999999999e+00 1.3791999999999999e-01 9.6720137199999999e+02
1.3679934499999999e+02 2.0896230000000000e+00 1.4335999999999999e-01 9.6881426599999998e+02
1.4207415200000000e+02 2.3418880000000000e+00 1.4879999999999999e-01 9.7053961300000003e+02
1.4735865100000001e+02 2.6212620000000002e+00 1.5423999999999999e-01 9.7238185099999998e+02
1.5265349100000000e+02 2.9296139999999999e+00 1.5967999999999999e-01 9.7434479499999998e+02
1.5795933600000001e+02 3.2687879999999998e+00 1.6511999999999999e-01 9.7643171800000005e+02
1.6327686900000000e+02 3.6406030000000000e+00 1.7055999999999999e-01 9.7864541399999996e+02
1.6860678600000000e+02 4.0468469999999996e+00 1.7599999999999999e-01 9.8098824900000000e+02
1.7394979599999999e+02 4.4892789999999998e+00 1.8143999999999999e-01 9.8346220600000004e+02
1.7930661599999999e+02 4.9696280000000002e+00 1.8687999999999999e-01 9.8606892000000005e+02
1.8467797200000001e+02 5.4895870000000002e+00 1.9231999999999999e-01 9.8880971699999998e+02
1.9006459799999999e+02 6.0508199999999999e+00 1.9775999999999999e-01 9.9168564000000003e+02
1.9546723000000000e+02 6.6549540000000000e+00 2.0319999999999999e-01 9.9469747600000005e+02
2.0088660899999999e+02 7.3035819999999996e+00 2.0863999999999999e-01 9.9784577999999999e+02
2.0632348099999999e+02 7.9982600000000001e+00 2.1407999999999999e-01 1.0011308930000000e+03
2.1177858800000001e+02 8.7405080000000002e+00 2.1951999999999999e-01 1.0045529640000000e+03
2.1725267700000001e+02 9.5318090000000009e+00 2.2495999999999999e-01 1.0081119580000000e+03
2.2274649299999999e+02 1.0373606000000001e+01 2.3039999999999999e-01 1.0118076730000000e+03
2.2826077799999999e+02 1.1267302000000001e+01 2.3583999999999999e-01 1.0156397490000001e+03
2.3379627300000001e+02 1.2214259000000000e+01 2.4127999999999999e-01 1.0196076750000000e+03
2.3935371599999999e+02 1.3215795000000000e+01 2.4671999999999999e-01 1.0237107960000000e+03
2.4493384100000000e+02 1.4273180999999999e+01 2.5216000000000000e-01 1.0279483180000000e+03
2.5053737599999999e+02 1.5387643000000001e+01 2.5760000000000000e-01 1.0323193100000001e+03
2.5616504600000002e+02 1.6560355000000001e+01 2.6304000000000000e-01 1.0368227090000000e+03
2.6181756700000000e+02 1.7792439999999999e+01 2.6848000000000000e-01 1.0414573200000000e+03
2.6749565000000001e+02 1.9084966000000001e+01 2.7392000000000000e-01 1.0462218180000000e+03
2.7319999899999999e+02 2.0438943999999999e+01 2.7936000000000000e-01 1.0511147510000001e+03
2.7893130800000000e+02 2.1855326000000002e+01 2.8480000000000000e-01 1.0561345420000000e+03
2.8469026300000002e+02 2.3335001999999999e+01 2.9024000000000000e-01 1.0612794870000000e+03
2.9047753999999998e+02 2.4878798000000000e+01 2.9568000000000000e-01 1.0665477610000000e+03
2.9629380600000002e+02 2.6487476000000001e+01 3.0112000000000000e-01 1.0719374210000001e+03
3.0213971500000002e+02 2.8161731000000000e+01 3.0656000000000000e-01 1.0774464049999999e+03
3.0801591200000001e+02 2.9902187000000001e+01 3.1200000000000000e-01 1.0830725420000001e+03
3.1392302699999999e+02 3.1709402999999998e+01 3.1744000000000000e-01 1.0888135540000001e+03
3.1986167999999998e+02 3.3583866000000000e+01 3.2288000000000000e-01 1.0946670610000001e+03
3.2583247599999999e+02 3.5525993999999997e+01 3.2832000000000000e-01 1.1006305890000001e+03
3.3183600799999999e+02 3.7536133999999997e+01 3.3376000000000000e-01 1.1067015750000000e+03
3.3787285200000002e+02 3.9614567999999998e+01 3.3920000000000000e-01 1.1128773779999999e+03
3.4394357200000002e+02 4.1761507000000002e+01 3.4464000000000000e-01 1.1191552819999999e+03
3.5004871700000001e+02 4.3977096000000003e+01 3.5008000000000000e-01 1.1255325089999999e+03
3.5618881800000003e+02 4.6261417000000002e+01 3.5552000000000000e-01 1.1320062260000000e+03
3.6236396900000000e+02 4.8478470000000002e+01 3.6096000000000000e-01 1.1381955570000000e+03
3.6857012600000002e+02 5.0424992000000003e+01 3.6640000000000000e-01 1.1435473700000000e+03
3.7480464599999999e+02 5.2310203999999999e+01 3.7184000000000000e-01 1.1486539860000000e+03
3.8106656600000002e+02 5.4174680000000002e+01 3.7728000000000000e-01 1.1536309990000000e+03
3.8735532200000000e+02 5.6034922999999999e+01 3.8272000000000000e-01 1.1585255830000001e+03
3.9367054200000001e+02 5.7899909999999998e+01 3.8816000000000001e-01 1.1633633749999999e+03
4.0001196399999998e+02 5.9775247000000000e+01 3.9360000000000001e-01 1.1681603040000000e+03
4.0637939599999999e+02 6.1664738000000000e+01 3.9904000000000001e-01 1.1729270950000000e+03
4.1277229799999998e+02 6.3453226999999998e+01 4.0448000000000001e-01 1.1773789280000001e+03
4.1918798600000002e+02 6.5103183000000001e+01 4.0992000000000001e-01 1.1814302339999999e+03
4.2562552799999997e+02 6.6751114999999999e+01 4.1536000000000001e-01 1.1854231600000001e+03
4.3208472399999999e+02 6.8411676000000000e+01 4.2080000000000001e-01 1.1893943190000000e+03
4.3856549899999999e+02 7.0090472000000005e+01 4.2624000000000001e-01 1.1933575200000000e+03
4.4506782900000002e+02 7.1790481999999997e+01 4.3168000000000001e-01 1.1973199079999999e+03
4.5159172400000000e+02 7.3513549999999995e+01 4.3712000000000001e-01 1.2012857570000001e+03
4.5813720899999998e+02 7.5260937999999996e+01 4.4256000000000001e-01 1.2052578450000001e+03
4.6470432499999998e+02 7.7033558999999997e+01 4.4800000000000001e-01 1.2092380760000001e+03
4.7129311899999999e+02 7.8832110999999998e+01 4.5344000000000001e-01 1.2132277979999999e+03
4.7790364699999998e+02 8.0657139000000001e+01 4.5888000000000001e-01 1.2172279840000001e+03
4.8453596599999997e+02 8.2509085999999996e+01 4.6432000000000001e-01 1.2212393450000000e+03
4.9119013999999999e+02 8.4388316000000003e+01 4.6976000000000001e-01 1.2252624000000001e+03
4.9786623200000002e+02 8.6295133000000007e+01 4.7520000000000001e-01 1.2292975240000001e+03
5.0456430999999998e+02 8.8229793000000001e+01 4.8064000000000001e-01 1.2333449780000001e+03
5.1128444100000002e+02 9.0192515999999998e+01 4.8608000000000001e-01 1.2374049399999999e+03
5.1802669400000002e+02 9.2183490000000006e+01 4.9152000000000001e-01 1.2414775159999999e+03
5.2479113600000005e+02 9.4202876000000003e+01 4.9696000000000001e-01 1.2455627549999999e+03
5.3157783800000004e+02 9.6250815000000003e+01 5.0239999999999996e-01 1.2496606620000000e+03
5.3838686800000005e+02 9.8327426000000003e+01 5.0783999999999996e-01 1.2537712019999999e+03
5.4521829500000001e+02 1.0043281399999999e+02 5.1327999999999996e-01 1.2578943090000000e+03
5.5207218599999999e+02 1.0256706699999999e+02 5.1871999999999996e-01 1.2620298900000000e+03
5.5894861000000003e+02 1.0473026100000000e+02 5.2415999999999996e-01 1.2661778310000000e+03
5.6584763299999997e+02 1.0692246000000000e+02 5.2959999999999996e-01 1.2703379960000000e+03
5.7276932199999999e+02 1.0914371500000000e+02 5.3503999999999996e-01 1.2745102340000001e+03
5.7971374100000003e+02 1.1139407100000000e+02 5.4047999999999996e-01 1.2786943830000000e+03
5.8668095500000004e+02 1.1367356100000001e+02 5.4591999999999996e-01 1.2828902639999999e+03
5.9367102699999998e+02 1.1598220999999999e+02 5.5135999999999996e-01 1.2870976929999999e+03
6.0068402000000003e+02 1.1832003600000000e+02 5.5679999999999996e-01 1.2913164740000000e+03
6.0771999500000004e+02 1.2068705000000000e+02 5.6223999999999996e-01 1.2955464059999999e+03
6.1477901199999997e+02 1.2308325600000001e+02 5.6767999999999996e-01 1.2997872809999999e+03
6.2186113000000000e+02 1.2550865100000000e+02 5.7311999999999996e-01 1.3040388849999999e+03
6.2896640700000000e+02 1.2796322700000000e+02 5.7855999999999996e-01 1.3083010030000000e+03
6.3609489900000005e+02 1.3044696999999999e+02 5.8399999999999996e-01 1.3125734130000001e+03
6.4324666200000001e+02 1.3295986199999999e+02 5.8943999999999996e-01 1.3168558940000000e+03
6.5042174999999997e+02 1.3550187900000000e+02 5.9487999999999996e-01 1.3211482189999999e+03
6.5762021600000003e+02 1.3807299300000000e+02 6.0031999999999996e-01 1.3254501620000001e+03
6.6484211100000005e+02 1.4067317100000000e+02 6.0575999999999997e-01 1.3297614970000000e+03
6.7208748700000001e+02 1.4330237600000001e+02 6.1119999999999997e-01 1.3340819939999999e+03
6.7935639100000003e+02 1.4596056899999999e+02 6.1663999999999997e-01 1.3384114259999999e+03
6.8664887299999998e+02 1.4864770500000000e+02 6.2207999999999997e-01 1.3427495660000000e+03
6.9396497899999997e+02 1.5136373699999999e+02 6.2751999999999997e-01 1.3470961850000001e+03
7.0130475500000000e+02 1.5410861499999999e+02 6.3295999999999997e-01 1.3514510570000000e+03
7.0866824499999996e+02 1.5688228400000000e+02 6.3839999999999997e-01 1.3558139570000001e+03
7.1605549099999996e+02 1.5968468899999999e+02 6.4383999999999997e-01 1.3601846599999999e+03
7.2346653600000002e+02 1.6251577100000000e+02 6.4927999999999997e-01 1.3645629440000000e+03
7.3090142100000003e+02 1.6537546699999999e+02 6.5471999999999997e-01 1.3689485870000001e+03
7.3836018400000000e+02 1.6826371499999999e+02 6.6015999999999997e-01 1.3733413720000001e+03
7.4584286499999996e+02 1.7118044699999999e+02 6.6559999999999997e-01 1.3777410800000000e+03
7.5334950000000003e+02 1.7412559600000000e+02 6.7103999999999997e-01 1.3821474969999999e+03
7.6088012400000002e+02 1.7709908999999999e+02 6.7647999999999997e-01 1.3865604100000000e+03
7.6843477399999995e+02 1.8010085900000001e+02 6.8191999999999997e-01 1.3909796080000001e+03
7.7601348199999995e+02 1.8313082800000001e+02 6.8735999999999997e-01 1.3954048849999999e+03
7.8361628199999996e+02 1.8618892099999999e+02 6.9279999999999997e-01 1.3998360339999999e+03
7.9124320299999999e+02 1.8927506199999999e+02 6.9823999999999997e-01 1.4042728529999999e+03
7.9889427699999999e+02 1.9238917200000000e+02 7.0367999999999997e-01 1.4087151420000000e+03
8.0656953299999998e+02 1.9553117100000000e+02 7.0911999999999997e-01 1.4131627040000001e+03
8.1426899900000001e+02 1.9870097699999999e+02 7.1455999999999997e-01 1.4176153429999999e+03
8.2199270300000001e+02 2.0189850999999999e+02 7.1999999999999997e-01 1.4220728690000001e+03
8.2974066900000003e+02 2.0512368400000000e+02 7.2543999999999997e-01 1.4265350910000000e+03
8.3751292400000000e+02 2.0837641600000001e+02 7.3087999999999997e-01 1.4310018250000001e+03
8.4530948999999998e+02 2.1165662100000000e+02 7.3631999999999997e-01 1.4354728869999999e+03
8.5313039300000003e+02 2.1496421200000000e+02 7.4175999999999997e-01 1.4399480960000001e+03
8.6097565199999997e+02 2.1829910200000000e+02 7.4719999999999998e-01 1.4444272750000000e+03
8.6884528999999998e+02 2.2166120400000000e+02 7.5263999999999998e-01 1.4489102499999999e+03
8.7673932700000000e+02 2.2505042800000001e+02 7.5807999999999998e-01 1.4533968470000000e+03
8.8465778100000000e+02 2.2846668700000001e+02 7.6351999999999998e-01 1.4578869000000000e+03
8.9260067200000003e+02 2.3190988999999999e+02 7.6895999999999998e-01 1.4623802410000001e+03
9.0056801700000005e+02 2.3537994599999999e+02 7.7439999999999998e-01 1.4668767069999999e+03
9.0855983100000003e+02 2.3887676700000000e+02 7.7983999999999998e-01 1.4713761380000001e+03
9.1657613200000003e+02 2.4240026000000000e+02 7.8527999999999998e-01 1.4758783770000000e+03
9.2461693300000002e+02 2.4595033300000000e+02 7.9071999999999998e-01 1.4803832680000000e+03
9.3268224899999996e+02 2.4952689599999999e+02 7.9615999999999998e-01 1.4848906589999999e+03
9.4077209300000004e+02 2.5312985699999999e+02 8.0159999999999998e-01 1.4894004020000000e+03
9.4888647800000001e+02 2.5675912199999999e+02 8.0703999999999998e-01 1.4939123500000001e+03
9.5702541399999996e+02 2.6041460000000001e+02 8.1247999999999998e-01 1.4984263590000000e+03
9.6518891299999996e+02 2.6409619700000002e+02 8.1791999999999998e-01 1.5029422870000001e+03
9.7337698499999999e+02 2.6780382200000003e+02 8.2335999999999998e-01 1.5074599969999999e+03
9.8158963900000003e+02 2.7153738099999998e+02 8.2879999999999998e-01 1.5119793510000000e+03
9.8982688299999995e+02 2.7529678100000001e+02 8.3423999999999998e-01 1.5165002179999999e+03
9.9808872599999995e+02 2.7908192800000000e+02 8.3967999999999998e-01 1.5210224659999999e+03
1.0063751750000000e+03 2.8289273100000003e+02 8.4511999999999998e-01 1.5255459659999999e+03
1.0146862360000000e+03 2.8672909600000003e+02 8.5055999999999998e-01 1.5300705929999999e+03
1.0230219150000000e+03 2.9059093000000001e+02 8.5599999999999998e-01 1.5345962239999999e+03
1.0313822170000001e+03 2.9447814000000000e+02 8.6143999999999998e-01 1.5391227369999999e+03
1.0397671459999999e+03 2.9839063299999998e+02 8.6687999999999998e-01 1.5436500140000001e+03
1.0481767070000001e+03 3.0232831700000003e+02 8.7231999999999998e-01 1.5481779389999999e+03
1.0566109019999999e+03 3.0629109799999998e+02 8.7775999999999998e-01 1.5527063980000000e+03
1.0650697350000000e+03 3.1027888400000001e+02 8.8319999999999999e-01 1.5572352780000001e+03
1.0735532060000000e+03 3.1429158300000000e+02 8.8863999999999999e-01 1.5617644720000001e+03
1.0820613180000000e+03 3.1832910399999997e+02 8.9407999999999999e-01 1.5662938700000000e+03
1.0905940720000001e+03 3.2239135299999998e+02 8.9951999999999999e-01 1.5708233700000001e+03
1.0991514669999999e+03 3.2647823899999997e+02 9.0495999999999999e-01 1.5753528670000001e+03
1.1077335029999999e+03 3.3058967100000001e+02 9.1039999999999999e-01 1.5798822610000000e+03
1.1163401799999999e+03 3.3472555799999998e+02 9.1583999999999999e-01 1.5844114529999999e+03
1.1249714959999999e+03 3.3888580800000000e+02 9.2127999999999999e-01 1.5889403470000000e+03
1.1336274490000001e+03 3.4307033200000001e+02 9.2671999999999999e-01 1.5934688490000001e+03
1.1423080370000000e+03 3.4727903800000001e+02 9.3215999999999999e-01 1.5979968650000001e+03
1.1510132570000001e+03 3.5151183800000001e+02 9.3759999999999999e-01 1.6025243049999999e+03
1.1597431059999999e+03 3.5576864100000000e+02 9.4303999999999999e-01 1.6070510820000000e+03
1.1684975790000001e+03 3.6004935899999998e+02 9.4847999999999999e-01 1.6115771070000001e+03
1.1772766720000000e+03 3.6435390200000001e+02 9.5391999999999999e-01 1.6161022960000000e+03
1.1860803810000000e+03 3.6868218200000001e+02 9.5935999999999999e-01 1.6206265670000000e+03
1.1949087010000001e+03 3.7303411100000000e+02 9.6479999999999999e-01 1.6251498380000000e+03
1.2037616250000001e+03 3.7740960300000000e+02 9.7023999999999999e-01 1.6296720310000001e+03
1.2126391470000001e+03 3.8180856899999998e+02 9.7567999999999999e-01 1.6341930669999999e+03
1.2215412620000000e+03 3.8623092400000002e+02 9.8111999999999999e-01 1.6387128720000001e+03
1.2304679619999999e+03 3.9067658200000000e+02 9.8655999999999999e-01 1.6432313730000001e+03
1.2394192399999999e+03 3.9514545800000002e+02 9.9199999999999999e-01 1.6477484959999999e+03
1.2483950880000000e+03 3.9963746600000002e+02 9.9743999999999999e-01 1.6522641730000000e+03
1.2573954980000001e+03 4.0415252400000003e+02 1.0028800000000000e+00 1.6567783340000001e+03
1.2664204609999999e+03 4.0869054799999998e+02 1.0083200000000001e+00 1.6612909150000000e+03
1.2754699700000001e+03 4.1325145500000002e+02 1.0137600000000000e+00 1.6658018500000001e+03
1.2845440140000001e+03 4.1783516500000002e+02 1.0192000000000001e+00 1.6703110770000001e+03
1.2936425850000001e+03 4.2244159800000000e+02 1.0246400000000000e+00 1.6748185360000000e+03
1.3027656720000000e+03 4.2707067300000000e+02 1.0300800000000001e+00 1.6793241690000000e+03
1.3119132660000000e+03 4.3172231499999998e+02 1.0355200000000000e+00 1.6838279190000001e+03
1.3210853560000000e+03 4.3639644600000003e+02 1.0409600000000001e+00 1.6883297339999999e+03
1.3302819310000000e+03 4.4109299299999998e+02 1.0464000000000000e+00 1.6928295619999999e+03
1.3395029800000000e+03 4.4581188400000002e+02 1.0518400000000001e+00 1.6973273569999999e+03
1.3487484930000001e+03 4.5055305199999998e+02 1.0572800000000000e+00 1.7018230739999999e+03
1.3580184569999999e+03 4.5531643300000002e+02 1.0627200000000001e+00 1.7063166750000000e+03
1.3673128620000000e+03 4.6010196999999999e+02 1.0681600000000000e+00 1.7108081290000000e+03
1.3766316950000000e+03 4.6490961600000003e+02 1.0736000000000001e+00 1.7152974130000000e+03
1.3859749440000001e+03 4.6973934300000002e+02 1.0790400000000000e+00 1.7197845219999999e+03
1.3953425990000001e+03 4.7459115800000001e+02 1.0844800000000001e+00 1.7242694870000000e+03
1.4047346470000000e+03 4.7946518800000001e+02 1.0899200000000000e+00 1.7287524440000000e+03
1.4141510780000001e+03 4.8436182600000001e+02 1.0953599999999999e+00 1.7332337720000000e+03
1.4235918819999999e+03 4.8927987000000002e+02 1.1008000000000000e+00 1.7377123959999999e+03
1.4330570419999999e+03 4.9421910600000001e+02 1.1062399999999999e+00 1.7421881450000001e+03
1.4425465440000000e+03 4.9917945300000002e+02 1.1116800000000000e+00 1.7466609770000000e+03
1.4520603699999999e+03 5.0416083300000003e+02 1.1171199999999999e+00 1.7511308480000000e+03
1.4615985049999999e+03 5.0916316699999999e+02 1.1225600000000000e+00 1.7555977190000001e+03
1.4711609330000001e+03 5.1418637799999999e+02 1.1279999999999999e+00 1.7600615479999999e+03
1.4807476349999999e+03 5.1923038899999995e+02 1.1334400000000000e+00 1.7645222970000000e+03
1.4903585969999999e+03 5.2429512099999999e+02 1.1388799999999999e+00 1.7689799270000001e+03
1.4999938010000001e+03 5.2938049999999998e+02 1.1443200000000000e+00 1.7734344010000000e+03
1.5096532279999999e+03 5.3448644800000000e+02 1.1497599999999999e+00 1.7778856830000000e+03
1.5193368630000000e+03 5.3961289199999999e+02 1.1552000000000000e+00 1.7823337369999999e+03
1.5290446870000001e+03 5.4475975400000004e+02 1.1606399999999999e+00 1.7867785289999999e+03
1.5387766830000000e+03 5.4992696200000000e+02 1.1660800000000000e+00 1.7912200260000000e+03
1.5485328310000000e+03 5.5511444100000006e+02 1.1715199999999999e+00 1.7956581950000000e+03
1.5583131149999999e+03 5.6032211700000005e+02 1.1769600000000000e+00 1.8000930030000000e+03
1.5681175160000000e+03 5.6554991700000005e+02 1.1823999999999999e+00 1.8045244210000001e+03
1.5779460160000001e+03 5.7079776900000002e+02 1.1878400000000000e+00 1.8089524170000000e+03
1.5877985940000001e+03 5.7606560100000002e+02 1.1932799999999999e+00 1.8133769629999999e+03
1.5976752340000000e+03 5.8135334000000000e+02 1.1987200000000000e+00 1.8177980299999999e+03
1.6075759149999999e+03 5.8666091600000004e+02 1.2041599999999999e+00 1.8222155900000000e+03
1.6175006189999999e+03 5.9198825799999997e+02 1.2096000000000000e+00 1.8266296150000001e+03
1.6274493259999999e+03 5.9733529499999997e+02 1.2150399999999999e+00 1.8310400810000001e+03
1.6374220170000001e+03 6.0270195799999999e+02 1.2204800000000000e+00 1.8354469610000001e+03
1.6474186720000000e+03 6.0808817599999998e+02 1.2259199999999999e+00 1.8398502289999999e+03
1.6574392720000001e+03 6.1349388199999999e+02 1.2313600000000000e+00 1.8442498630000000e+03
1.6674837970000001e+03 6.1891900599999997e+02 1.2367999999999999e+00 1.8486458379999999e+03
1.6775522260000000e+03 6.2436347999999998e+02 1.2422400000000000e+00 1.8530381319999999e+03
1.6876445400000000e+03 6.2982723699999997e+02 1.2476799999999999e+00 1.8574267219999999e+03
1.6977607180000000e+03 6.3531020899999999e+02 1.2531200000000000e+00 1.8618115869999999e+03
1.7079007400000000e+03 6.4081232899999998e+02 1.2585599999999999e+00 1.8661927049999999e+03
1.7180645860000000e+03 6.4633353099999999e+02 1.2640000000000000e+00 1.8705700569999999e+03
1.7282522349999999e+03 6.5187374899999998e+02 1.2694399999999999e+00 1.8749436229999999e+03
1.7384636670000000e+03 6.5743291699999997e+02 1.2748800000000000e+00 1.8793133829999999e+03
1.7486988600000000e+03 6.6301097000000004e+02 1.2803199999999999e+00 1.8836793180000000e+03
1.7589577939999999e+03 6.6860784400000000e+02 1.2857600000000000e+00 1.8880414120000000e+03
1.7692404480000000e+03 6.7422347300000001e+02 1.2911999999999999e+00 1.8923996450000000e+03
1.7795468000000001e+03 6.7985779500000001e+02 1.2966400000000000e+00 1.8967540019999999e+03
1.7898768310000000e+03 6.8551074400000005e+02 1.3020799999999999e+00 1.9011044649999999e+03
1.8002305170000000e+03 6.9118225900000004e+02 1.3075200000000000e+00 1.9054510190000001e+03
1.8106078390000000e+03 6.9687227600000006e+02 1.3129599999999999e+00 1.9097936490000000e+03
1.8210087750000000e+03 7.0258073300000001e+02 1.3184000000000000e+00 1.9141323390000000e+03
1.8314333030000000e+03 7.0830756799999995e+02 1.3238399999999999e+00 1.9184670739999999e+03
1.8418814010000001e+03 7.1405272000000002e+02 1.3292800000000000e+00 1.9227978419999999e+03
1.8523530490000001e+03 7.1981612600000005e+02 1.3347199999999999e+00 1.9271246269999999e+03
1.8628482240000001e+03 7.2559772699999996e+02 1.3401600000000000e+00 1.9314474180000000e+03
1.8733669050000001e+03 7.3139746100000002e+02 1.3455999999999999e+00 1.9357662009999999e+03
1.8839090320000000e+03 7.3718413099999998e+02 1.3510400000000000e+00 1.9400578889999999e+03
1.8944743960000001e+03 7.4294688199999996e+02 1.3564799999999999e+00 1.9443146509999999e+03
1.9050628670000001e+03 7.4870913099999996e+02 1.3619200000000000e+00 1.9485540060000001e+03
1.9156743650000001e+03 7.5447666900000002e+02 1.3673599999999999e+00 1.9527803360000000e+03
1.9263088250000001e+03 7.6025240399999996e+02 1.3728000000000000e+00 1.9569958690000001e+03
1.9369661910000000e+03 7.6603812600000003e+02 1.3782399999999999e+00 1.9612019900000000e+03
1.9476464160000000e+03 7.7183505100000002e+02 1.3836800000000000e+00 1.9653996540000001e+03
1.9583494559999999e+03 7.7764406099999997e+02 1.3891199999999999e+00 1.9695895650000000e+03
1.9690752689999999e+03 7.8346582200000000e+02 1.3945600000000000e+00 1.9737722610000001e+03
1.9798238190000000e+03 7.8930085499999996e+02 1.3999999999999999e+00 1.9779481710000000e+03
