# epsilon[MeV/fm^3] P[MeV/fm^3] nB[fm^-3] muB[MeV]
4.3514892049562272e-07 9.0000000794219998e-12 4.6796200000000002e-10 9.2990010724260003e+02
5.4394952759824855e-07 1.2854500250148002e-11 5.8496400000000005e-10 9.2990743275720001e+02
6.8239664606092796e-07 1.8414700022552000e-11 7.3384599999999997e-10 9.2991587774760001e+02
8.5763463874259032e-07 2.6380199998860002e-11 9.2229000000000003e-10 9.2992551188760001e+02
1.0799253715994732e-06 3.7791099667920001e-11 1.1613300000000000e-09 9.2993648532329996e+02
1.3625442882637764e-06 5.4137899979800000e-11 1.4652400000000000e-09 9.2994894782519998e+02
1.7226605254650248e-06 7.7555599791040007e-11 1.8524800000000000e-09 9.2996308925910000e+02
2.1826057027272589e-06 1.1110299984364001e-10 2.3470600000000000e-09 9.2997909967860005e+02
2.7713348204539073e-06 1.5916099965360000e-10 2.9801100000000000e-09 9.2999716876169998e+02
3.5266032513682487e-06 2.2800800111288001e-10 3.7922200000000000e-09 9.3001754656409992e+02
4.4975537964996660e-06 3.2663399940042002e-10 4.8362200000000001e-09 9.3004045271789994e+02
4.5807460305493105e-06 3.3555999792714001e-10 4.9256699999999996e-09 9.3004228160820003e+02
4.7281205653478515e-06 3.3656599963290001e-10 5.0841300000000003e-09 9.3004248152130003e+02
6.5759177435918250e-06 5.4515600232911993e-10 7.0708799999999999e-09 9.3007696075620004e+02
9.1998724984833464e-06 8.8567000200420000e-10 9.8920399999999997e-09 9.3011730648750006e+02
1.2918168885426129e-05 1.4388700552640002e-09 1.3889600000000001e-08 9.3016406831190000e+02
1.8201380444258739e-05 2.3376200076990001e-09 1.9569300000000001e-08 9.3021808578930006e+02
2.5725895950178280e-05 3.7977398937599994e-09 2.7657999999999999e-08 9.3028025838780002e+02
3.6463989818522291e-05 6.1698799253159997e-09 3.9200400000000002e-08 9.3035162548649998e+02
5.1813630126296458e-05 1.0023700173792000e-08 5.5698400000000002e-08 9.3043332628019994e+02
7.3785560512054020e-05 1.6284700005120000e-08 7.9311899999999997e-08 9.3052664006250006e+02
1.0527189036420272e-04 2.6456400399219999e-08 1.1314700000000000e-07 9.3063298613190000e+02
1.5043483705694415e-04 4.2981499428689995e-08 1.6167299999999999e-07 9.3075400323120004e+02
1.5143539825673478e-04 4.3369399516159995e-08 1.6274800000000000e-07 9.3075639185940008e+02
1.5666718390755263e-04 4.3499599327679997e-08 1.6836899999999999e-07 9.3075719132400002e+02
1.8247319946392853e-04 5.3487099479700000e-08 1.9609400000000001e-07 9.3081203831400001e+02
2.1304949570856091e-04 6.5965099669560007e-08 2.2894200000000001e-07 9.3087079295249998e+02
2.4880173202308656e-04 8.1354199584480006e-08 2.6734800000000002e-07 9.3093285559410003e+02
2.9061049213158235e-04 1.0033299847065000e-07 3.1225699999999999e-07 9.3099838615049998e+02
3.3950651358852186e-04 1.2374000051775000e-07 3.6477499999999998e-07 9.3106758453479995e+02
3.9669496520679297e-04 1.5260700009555001e-07 4.2619500000000001e-07 9.3114063056550003e+02
4.6358813252914599e-04 1.8820900209407997e-07 4.9803199999999997e-07 9.3121772415570001e+02
5.4183717856390442e-04 2.3211699768180001e-07 5.8205699999999998e-07 9.3129908512530005e+02
6.3337419989345891e-04 2.8626699988691999e-07 6.8034199999999997e-07 9.3138494352930002e+02
7.4046361643000222e-04 3.5305100162730003e-07 7.9531500000000002e-07 9.3147551899979999e+02
7.4543957324912111e-04 3.5623800038969997e-07 8.0065699999999999e-07 9.3147951660449996e+02
7.7046470619140960e-04 3.5730600246279002e-07 8.2752300000000002e-07 9.3148080575760002e+02
7.7218701201869997e-04 3.5837800248323999e-07 8.2937200000000002e-07 9.3148210505190002e+02
7.7564281539113634e-04 3.6053199741144001e-07 8.3308200000000005e-07 9.3148469349929996e+02
7.7911352986319152e-04 3.6269800105895999e-07 8.3680799999999998e-07 9.3148728185280004e+02
7.8260009510663572e-04 3.6487800290032998e-07 8.4055099999999997e-07 9.3148988034750005e+02
7.8610250285012515e-04 3.6706999922346001e-07 8.4431100000000000e-07 9.3149248879559991e+02
7.8962075319254110e-04 3.6927600351839998e-07 8.4808799999999996e-07 9.3149508719639994e+02
7.9315485471188711e-04 3.7149499796798001e-07 8.5188199999999998e-07 9.3149769564450003e+02
7.9670479058673201e-04 3.7372699824480005e-07 8.5569300000000004e-07 9.3150031404599997e+02
8.0027057791247260e-04 3.7597299948234002e-07 8.5952100000000004e-07 9.3150293244750003e+02
8.0385221698387247e-04 3.7823200230633998e-07 8.6336599999999998e-07 9.3150555094289996e+02
8.0745063029167934e-04 3.8050499711466001e-07 8.6722899999999999e-07 9.3150817929779998e+02
8.1106395596088781e-04 3.8279099715107999e-07 8.7110800000000002e-07 9.3151080774659999e+02
8.1469498722525535e-04 3.8509200436278001e-07 8.7500600000000005e-07 9.3151343619540000e+02
8.1834093096975699e-04 3.8740599815679997e-07 8.7891999999999998e-07 9.3151607459759998e+02
8.3652972322216491e-04 3.8856800310954005e-07 8.9844600000000005e-07 9.3151737379799999e+02
8.9649746606902973e-04 4.2637900225708002e-07 9.6282100000000007e-07 9.3155798930399999e+02
9.6293679962426715e-04 4.6927300060880000e-07 1.0341400000000000e-06 9.3160093353000002e+02
1.0343084479593990e-03 5.1648199988999994e-07 1.1107499999999999e-06 9.3164493704189999e+02
1.1110033276598183e-03 5.6844100521450010e-07 1.1930700000000001e-06 9.3169002988770001e+02
1.1934040547386528e-03 6.2562700512179996e-07 1.2815100000000000e-06 9.3173623206809998e+02
1.2819398888523502e-03 6.8856500094819997e-07 1.3765300000000001e-06 9.3178357353719991e+02
1.3770588621277026e-03 7.5783499966439992e-07 1.4786100000000000e-06 9.3183208434300002e+02
1.4792742600387720e-03 8.3407400117300003e-07 1.5882999999999999e-06 9.3188178448619999e+02
1.5890902438860661e-03 9.1798299673799988e-07 1.7061399999999999e-06 9.3193271378040004e+02
1.7070948934908867e-03 1.0103300084124001e-06 1.8327600000000000e-06 9.3198488236679998e+02
1.7418302566492478e-03 1.0379399925766002e-06 1.8700300000000001e-06 9.3199978345169995e+02
1.8026805910135908e-03 1.0410599913928000e-06 1.9353200000000000e-06 9.3200143242960007e+02
2.0389359400714486e-03 1.2275099896319999e-06 2.1888000000000001e-06 9.3209187794249999e+02
2.3114099463439177e-03 1.4516999917321999e-06 2.4811100000000001e-06 9.3218792017709995e+02
2.6204004641994278e-03 1.7168400063888003e-06 2.8125600000000001e-06 9.3228811983419996e+02
2.9707928967162671e-03 2.0304000155634000e-06 3.1883800000000001e-06 9.3239264696670000e+02
3.3681648965264784e-03 2.4012300084080001e-06 3.6145400000000001e-06 9.3250170129989999e+02
3.8188055776886142e-03 2.8397900147328003e-06 4.0977700000000004e-06 9.3261546284010001e+02
4.3298558716110781e-03 3.3584500068246004e-06 4.6457100000000001e-06 9.3273413140649996e+02
4.9094492242661523e-03 3.9718300068571995e-06 5.2670599999999997e-06 9.3285792691289998e+02
5.5667590537662745e-03 4.6972400276543001e-06 5.9716300000000001e-06 9.3298704917850000e+02
6.3122329168583428e-03 5.5551399798486997e-06 6.7705900000000002e-06 9.3312173811779996e+02
6.3691536418958340e-03 5.6221100036384002e-06 6.8315900000000001e-06 9.3313158221820004e+02
6.6107787783348925e-03 5.6389700285964000e-06 7.0905299999999997e-06 9.3313397075249998e+02
7.1832281514335565e-03 6.2999099885847007e-06 7.7039700000000007e-06 9.3322329697740008e+02
7.8228640480689938e-03 7.0594400109160007e-06 8.3893400000000006e-06 9.3331767013950002e+02
8.5195476220300548e-03 7.9105299722335996e-06 9.1357600000000004e-06 9.3341477175390003e+02
9.2783521214718639e-03 8.8642300383220009e-06 9.9486500000000000e-06 9.3351470163630006e+02
1.0104791977484120e-02 9.9329099737559988e-06 1.0833900000000000e-05 9.3361751969490001e+02
1.1005037422914624e-02 1.1130399980334000e-05 1.1798100000000000e-05 9.3372332602710003e+02
1.1985504705131824e-02 1.2472300012974001e-05 1.2848100000000000e-05 9.3383220044789994e+02
1.3053499763127112e-02 1.3976000053347000e-05 1.3991700000000000e-05 9.3394422305399996e+02
1.4216706487829026e-02 1.5661000693130000e-05 1.5237100000000000e-05 9.3405949366109996e+02
1.5483652631007537e-02 1.7549100191680000e-05 1.6593399999999999e-05 9.3417811227269999e+02
1.5623499832828706e-02 1.7760599953030001e-05 1.6743099999999999e-05 9.3419079468840005e+02
1.6269961736847121e-02 1.7813900213129999e-05 1.7435099999999998e-05 9.3419395273319992e+02
1.7094324515795702e-02 1.9027400207749999e-05 1.8317499999999999e-05 9.3426180186839997e+02
1.8000874089488257e-02 2.0384500450440000e-05 1.9287799999999999e-05 9.3433394852489994e+02
1.8955614232225096e-02 2.1838399047120000e-05 2.0309599999999999e-05 9.3440734433310001e+02
1.9960983560824267e-02 2.3396100553499999e-05 2.1385500000000000e-05 9.3448202938830002e+02
2.1019794814794490e-02 2.5064799654149998e-05 2.2518500000000001e-05 9.3455801364390004e+02
2.2134768910989058e-02 2.6852600343399999e-05 2.3711500000000002e-05 9.3463531710059999e+02
2.3309000859656603e-02 2.8767899159999994e-05 2.4967799999999998e-05 9.3471396971249999e+02
2.4545494036103295e-02 3.0819700065419999e-05 2.6290599999999999e-05 9.3479400162150000e+02
2.5847718880420045e-02 3.3017999946119998e-05 2.7683600000000000e-05 9.3487541254589996e+02
2.7219055484112444e-02 3.5372998881120002e-05 2.9150400000000001e-05 9.3495825272219997e+02
2.7775365070038964e-02 3.6339601209739997e-05 2.9745400000000002e-05 9.3499105302509997e+02
2.8289610775747390e-02 3.6448598719180002e-05 3.0295400000000001e-05 9.3499466085090000e+02
2.8802930737171755e-02 3.7332599735440002e-05 3.0844399999999999e-05 9.3502356336480000e+02
2.9391538203060320e-02 3.8352800962709990e-05 3.1473899999999997e-05 9.3505628375879996e+02
2.9992229144074897e-02 3.9400800335690003e-05 3.2116300000000003e-05 9.3508923392610006e+02
3.0605097595990186e-02 4.0477499896860003e-05 3.2771700000000003e-05 9.3512239395989991e+02
3.1230612131930052e-02 4.1583600119840003e-05 3.3440600000000000e-05 9.3515578386089999e+02
3.1868867160453597e-02 4.2719998743180005e-05 3.4123099999999999e-05 9.3518940362910007e+02
3.2520144922003676e-02 4.3887298648500002e-05 3.4819500000000001e-05 9.3522325326449993e+02
3.3184820445813230e-02 4.5086601561120004e-05 3.5530200000000001e-05 9.3525732271979996e+02
3.3862987887692660e-02 4.6318701748649993e-05 3.6255299999999998e-05 9.3529163208960006e+02
3.4555116462740516e-02 4.7584401826990007e-05 3.6995300000000001e-05 9.3532617123270006e+02
3.4710848908415574e-02 4.7870299693839997e-05 3.7161800000000001e-05 9.3533387666670001e+02
3.5705765632703390e-02 4.8013899962450004e-05 3.8225500000000002e-05 9.3533768431169995e+02
3.6190650245182691e-02 4.8884701265269996e-05 3.8743900000000000e-05 9.3536029073669999e+02
3.6764595537185744e-02 4.9920498059249994e-05 3.9357499999999997e-05 9.3538680481020003e+02
3.7347724170046170e-02 5.0978398185919999e-05 3.9980900000000002e-05 9.3541345870079999e+02
3.7940129948432849e-02 5.2058599241440000e-05 4.0614200000000002e-05 9.3544024264290010e+02
3.8541907483377907e-02 5.3161699756499999e-05 4.1257500000000003e-05 9.3546717635549999e+02
3.9153244015328124e-02 5.4288198430999997e-05 4.1910999999999999e-05 9.3549425007299999e+02
3.9774234210732992e-02 5.5438601263319996e-05 4.2574799999999998e-05 9.3552146370150001e+02
4.0405159191034282e-02 5.6613297948239995e-05 4.3249199999999999e-05 9.3554882728830000e+02
4.1046019389420471e-02 5.7812899551080002e-05 4.3934199999999997e-05 9.3557633069220003e+02
4.1697190276124625e-02 5.9037997871239995e-05 4.4630199999999998e-05 9.3560397410099995e+02
4.2358578444415006e-02 6.0288999023690009e-05 4.5337100000000003e-05 9.3563177732760005e+02
4.2549448380963861e-02 6.0651299975859995e-05 4.5541099999999997e-05 9.3563974248900001e+02
4.3740238175900857e-02 6.0833198906699995e-05 4.6813800000000002e-05 9.3564365013750000e+02
4.5854886274473032e-02 6.4782902450840000e-05 4.9073799999999998e-05 9.3572599057799994e+02
4.8180087401599556e-02 6.9195997901699998e-05 5.1558599999999998e-05 9.3581365787159996e+02
5.0623240020302433e-02 7.3909702371599995e-05 5.4169200000000003e-05 9.3590278418340006e+02
5.3190452397117956e-02 7.8944498346630003e-05 5.6912100000000000e-05 9.3599338970190001e+02
5.5887837732656438e-02 8.4322299027779992e-05 5.9793799999999997e-05 9.3608550419339997e+02
5.8722166587791814e-02 9.0066499795649990e-05 6.2821499999999995e-05 9.3617915789369999e+02
6.1700398546921942e-02 9.6201898222459989e-05 6.6002599999999997e-05 9.3627437052180005e+02
6.4829683480590566e-02 1.0275499726340999e-04 6.9344700000000000e-05 9.3637116226620003e+02
6.8117831355171340e-02 1.0975499711746999e-04 7.2856100000000002e-05 9.3646956308100005e+02
7.1572933822013338e-02 1.1723199746169999e-04 7.6545399999999994e-05 9.3656960282640000e+02
7.2872355791586060e-02 1.2007500056640000e-04 7.7932800000000000e-05 9.3660639068670002e+02
7.6294350046888545e-02 1.2043499631464001e-04 8.1586400000000002e-05 9.3661091798129996e+02
7.8557740452832786e-02 1.2521799885310001e-04 8.4002899999999995e-05 9.3666865324139997e+02
8.1070439170188191e-02 1.3058099681828001e-04 8.6685400000000002e-05 9.3673145543940007e+02
8.3663493660002267e-02 1.3617299667415003e-04 8.9453500000000007e-05 9.3679492723830003e+02
8.6339540033127660e-02 1.4200499619000000e-04 9.2310000000000002e-05 9.3685905859080003e+02
8.9101308842231525e-02 1.4808700429182000e-04 9.5257800000000001e-05 9.3692387963880003e+02
9.1951438062670962e-02 1.5442999846642999e-04 9.8299699999999997e-05 9.3698938014720000e+02
9.3544637803481184e-02 1.5800363917307320e-04 1.0000000000000000e-04 9.3702641442654260e+02
9.5904903483325102e-02 1.6014309118936380e-04 1.0251890610003774e-04 9.3704712846598636e+02
9.8324722059093969e-02 1.6235481946578635e-04 1.0510131050472906e-04 9.3706801947182487e+02
1.0080559613595778e-01 1.6464126568261175e-04 1.0774881342159794e-04 9.3708908892170871e+02
1.0334906623197490e-01 1.6700495400642844e-04 1.1046305536777334e-04 9.3711033830575411e+02
1.0595671173468874e-01 1.6944849387674494e-04 1.1324571818482818e-04 9.3713176912664483e+02
1.0863015188186084e-01 1.7197458288673137e-04 1.1609852607914822e-04 9.3715338289974113e+02
1.1137104676694902e-01 1.7458600976127944e-04 1.1902324668847312e-04 9.3717518115318728e+02
1.1418109836995537e-01 1.7728565743566933e-04 1.2202169217526742e-04 9.3719716542802007e+02
1.1706205161428400e-01 1.8007650623824215e-04 1.2509572034759557e-04 9.3721933727827741e+02
1.2001569545026482e-01 1.8296163718059085e-04 1.2824723580819202e-04 9.3724169827111007e+02
1.2304386396601610e-01 1.8594423535890289e-04 1.3147819113243508e-04 9.3726424998689208e+02
1.2614843752633575e-01 1.8902759347020861e-04 1.3479058807595065e-04 9.3728699401933318e+02
1.2933134394032866e-01 1.9221511544741831e-04 1.3818647881259078e-04 9.3730993197559224e+02
1.3259455965849445e-01 1.9551032021715941e-04 1.4166796720354913e-04 9.3733306547639165e+02
1.3594011100002004e-01 1.9891684558456408e-04 1.4523721009839730e-04 9.3735639615613150e+02
1.3937007541103813e-01 2.0243845224929437e-04 1.4889641866884233e-04 9.3737992566300716e+02
1.4288658275463370e-01 2.0607902795723965e-04 1.5264785977602872e-04 9.3740365565912577e+02
1.4649181663339900e-01 2.0984259179246894e-04 1.5649385737222707e-04 9.3742758782062310e+02
1.5018801574535848e-01 2.1373329861417659e-04 1.6043679393777280e-04 9.3745172383778527e+02
1.5397747527410588e-01 2.1775544364351950e-04 1.6447911195414171e-04 9.3747606541516620e+02
1.5786254831401625e-01 2.2191346720540990e-04 1.6862331541406847e-04 9.3750061427171090e+02
1.6184564733141824e-01 2.2621195963049782e-04 1.7287197136964003e-04 9.3752537214087658e+02
1.6592924566263387e-01 2.3065566632275573e-04 1.7722771151931676e-04 9.3755034077075572e+02
1.7011587904981587e-01 2.3524949299825895e-04 1.8169323383485924e-04 9.3757552192420133e+02
1.7440814721553660e-01 2.3999851110094624e-04 1.8627130422916349e-04 9.3760091737895209e+02
1.7880871547710589e-01 2.4490796340133813e-04 1.9096475826603141e-04 9.3762652892775714e+02
1.8332031640162064e-01 2.4998326978439552e-04 1.9577650291292974e-04 9.3765235837850605e+02
1.8794575150277371e-01 2.5523003323290618e-04 2.0070951833781750e-04 9.3767840755435645e+02
1.9268789298047537e-01 2.6065404601300637e-04 2.0576685975114779e-04 9.3770467829386246e+02
1.9754968550436847e-01 2.6626129606866530e-04 2.1095165929417890e-04 9.3773117245110836e+02
2.0253414804234374e-01 2.7205797363219161e-04 2.1626712797475744e-04 9.3775789189583793e+02
2.0764437573519157e-01 2.7805047805806043e-04 2.2171655765176537e-04 9.3778483851358897e+02
2.1288354181855362e-01 2.8424542488760462e-04 2.2730332306945277e-04 9.3781201420582659e+02
2.1825489959336825e-01 2.9064965315236989e-04 2.3303088394290838e-04 9.3783942089007985e+02
2.2376178444603304e-01 2.9727023292419586e-04 2.3890278709595288e-04 9.3786706050007774e+02
2.2940761591953893e-01 3.0411447312035926e-04 2.4492266865276983e-04 9.3789493498588615e+02
2.3519589983686198e-01 3.1118992957239418e-04 2.5109425628462345e-04 9.3792304631404818e+02
2.4113023047793145e-01 3.1850441336749897e-04 2.5742137151304675e-04 9.3795139646772384e+02
2.4721429281152610e-01 3.2606599947173753e-04 2.6390793207091694e-04 9.3797998744683116e+02
2.5345186478348375e-01 3.3388303564455376e-04 2.7055795432287066e-04 9.3800882126818863e+02
2.5984681966264661e-01 3.4196415165444301e-04 2.7737555574654964e-04 9.3803789996565911e+02
2.6640312844599745e-01 3.5031826880595174e-04 2.8436495747620195e-04 9.3806722559029640e+02
2.7312486232448097e-01 3.5895460978852445e-04 2.9153048691020543e-04 9.3809680021048871e+02
2.8001619521104193e-01 3.6788270885807086e-04 2.9887658038411610e-04 9.3812662591210881e+02
2.8708140633244839e-01 3.7711242236249169e-04 3.0640778591088620e-04 9.3815670479866196e+02
2.9432488288651104e-01 3.8665393962278533e-04 3.1412876598993831e-04 9.3818703899143566e+02
3.0175112276634797e-01 3.9651779418174596e-04 3.2204430048682190e-04 9.3821763062965204e+02
3.0936473735338599e-01 4.0671487543267196e-04 3.3015928958522392e-04 9.3824848187061968e+02
3.1717045438083435e-01 4.1725644064092302e-04 3.3847875681314955e-04 9.3827959488988927e+02
3.2517312086940697e-01 4.2815412737159578e-04 3.4700785214513227e-04 9.3831097188140677e+02
3.3337770613711787e-01 4.3941996633703950e-04 3.5575185518238185e-04 9.3834261505767347e+02
3.4178930488501796e-01 4.5106639467839421e-04 3.6471617841282619e-04 9.3837452664990030e+02
3.5041314036078891e-01 4.6310626969581274e-04 3.7390637055304807e-04 9.3840670890817057e+02
3.5925456760216001e-01 4.7555288304252752e-04 3.8332811997417502e-04 9.3843916410159966e+02
3.6831907676216008e-01 4.8841997539842753e-04 3.9298725821382502e-04 9.3847189451849795e+02
3.7761229651827066e-01 5.0172175163934853e-04 4.0288976357626789e-04 9.3850490246653351e+02
3.8713999756759737e-01 5.1547289651882066e-04 4.1304176482301444e-04 9.3853819027289865e+02
3.9690809621022899e-01 5.2968859087958663e-04 4.2344954495610162e-04 9.3857176028447577e+02
4.0692265802301014e-01 5.4438452841278745e-04 4.3411954509639723e-04 9.3860561486800589e+02
4.1718990162600816e-01 5.5957693298331582e-04 4.4505836845930752e-04 9.3863975641025843e+02
4.2771620254401421e-01 5.7528257654046737e-04 4.5627278443033186e-04 9.3867418731820146e+02
4.3850809716547406e-01 5.9151879763365777e-04 4.6776973274296308e-04 9.3870891001917505e+02
4.4957228680131023e-01 6.0830352055365046e-04 4.7955632776150578e-04 9.3874392696106565e+02
4.6091564184615269e-01 6.2565527512042527e-04 4.9163986287143835e-04 9.3877924061248086e+02
4.7254520604456379e-01 6.4359321713953121e-04 5.0402781498001651e-04 9.3881485346292664e+02
4.8446820086490661e-01 6.6213714954950985e-04 5.1672784912988167e-04 9.3885076802298806e+02
4.9669202998357159e-01 6.8130754428373194e-04 5.2974782322850848e-04 9.3888698682450593e+02
5.0922428388234720e-01 7.0112556487078614e-04 5.4309579289639075e-04 9.3892351242076211e+02
5.2207274456178820e-01 7.2161308979836456e-04 5.5678001643694674e-04 9.3896034738666140e+02
5.3524539037351049e-01 7.4279273666644522e-04 5.7080895993119303e-04 9.3899749431891621e+02
5.4875040097440930e-01 7.6468788715642732e-04 5.8519130246030939e-04 9.3903495583623544e+02
5.6259616240588151e-01 7.8732271284379291e-04 5.9993594145930820e-04 9.3907273457950987e+02
5.7679127230120331e-01 8.1072220188278571e-04 6.1505199820508535e-04 9.3911083321200476e+02
5.9134454522429725e-01 8.3491218659256686e-04 6.3054882344222487e-04 9.3914925441954983e+02
6.0626501814320433e-01 8.5991937197530516e-04 6.4643600315000631e-04 9.3918800091073433e+02
6.2156195604165954e-01 8.8577136519768116e-04 6.6272336445415516e-04 9.3922707541710020e+02
6.3724485767225603e-01 9.1249670606835336e-04 6.7942098168695864e-04 9.3926648069334067e+02
6.5332346145476883e-01 9.4012489854503360e-04 6.9653918259946726e-04 9.3930621951749799e+02
6.6980775152330263e-01 9.6868644330595083e-04 7.1408855472959026e-04 9.3934629469116328e+02
6.8670796392601752e-01 9.9821287142166731e-04 7.3207995192998889e-04 9.3938670903967966e+02
7.0403459298128279e-01 1.0287367791644146e-03 7.5052450105977226e-04 9.3942746541234567e+02
7.2179839779420552e-01 1.0602918639933782e-03 7.6943360884409572e-04 9.3946856668262080e+02
7.4001040893758063e-01 1.0929129617556629e-03 7.8881896890586791e-04 9.3951001574833367e+02
7.5868193530141059e-01 1.1266360851439974e-03 8.0869256897387731e-04 9.3955181553188993e+02
7.7782457111524894e-01 1.1614984634536474e-03 8.2906669827175264e-04 9.3959396898048533e+02
7.9745020314772774e-01 1.1975385836824157e-03 8.4995395509229006e-04 9.3963647906631729e+02
8.1757101808773802e-01 1.2347962330191086e-03 8.7136725456178122e-04 9.3967934878680092e+02
8.3819951011184979e-01 1.2733125427673746e-03 8.9331983659910743e-04 9.3972258116478497e+02
8.5934848864266777e-01 1.3131300337534020e-03 9.1582527407446787e-04 9.3976617924877098e+02
8.8103108630294269e-01 1.3542926632676112e-03 9.3889748117274342e-04 9.3981014611313481e+02
9.0326076707037461e-01 1.3968458735921546e-03 9.6255072196661784e-04 9.3985448485834820e+02
9.2605133463817513e-01 1.4408366421678051e-03 9.8679961920470423e-04 9.3989919861120416e+02
9.4941694098657858e-01 1.4863135334556123e-03 1.0116591633200626e-03 9.3994429052504233e+02
9.7337209517062340e-01 1.5333267525505796e-03 1.0371447216646135e-03 9.3998976377998076e+02
9.9793167232966262e-01 1.5819282006065494e-03 1.0632720479751157e-03 9.4003562158314287e+02
1.0231109229241984e+00 1.6321715321334907e-03 1.0900572920764882e-03 9.4008186716889247e+02
1.0489254822057732e+00 1.6841122142304313e-03 1.1175170098284221e-03 9.4012850379906865e+02
1.0753913799258012e+00 1.7378075878194390e-03 1.1456681733213682e-03 9.4017553476322166e+02
1.1025250502893675e+00 1.7933169309482409e-03 1.1745281813281367e-03 9.4022296337885325e+02
1.1303433421601745e+00 1.8507015242313731e-03 1.2041148700175067e-03 9.4027079299165598e+02
1.1588635295229763e+00 1.9100247185021033e-03 1.2344465239363942e-03 9.4031902697575924e+02
1.1881033222099930e+00 1.9713520047498078e-03 1.2655418872673007e-03 9.4036766873397198e+02
1.2180808768979692e+00 2.0347510864200209e-03 1.2974201753679232e-03 9.4041672169803292e+02
1.2488148083827031e+00 2.1002919541569611e-03 1.3301010865999830e-03 9.4046618932885860e+02
1.2803242011380491e+00 2.1680469630710620e-03 1.3636048144545069e-03 9.4051607511679640e+02
1.3126286211665723e+00 2.2380909126167984e-03 1.3979520599809723e-03 9.4056638258187900e+02
1.3457481281492054e+00 2.3105011291689875e-03 1.4331640445279057e-03 9.4061711527408193e+02
1.3797032879014681e+00 2.3853575513887444e-03 1.4692625228027415e-03 9.4066827677357958e+02
1.4145151851439677e+00 2.4627428184733104e-03 1.5062697962588923e-03 9.4071987069101124e+02
1.4502054365951216e+00 2.5427423613872003e-03 1.5442087268182428e-03 9.4077190066773983e+02
1.4867962043942260e+00 2.6254444971753658e-03 1.5831027509374169e-03 9.4082437037612158e+02
1.5243102098632095e+00 2.7109405264625118e-03 1.6229758940264404e-03 9.4087728351977285e+02
1.5627707476156141e+00 2.7993248342461871e-03 1.6638527852285828e-03 9.4093064383384115e+02
1.6022017000215667e+00 2.8906949940949310e-03 1.7057586725704157e-03 9.4098445508527914e+02
1.6426275520377229e+00 2.9851518758665049e-03 1.7487194384913358e-03 9.4103872107311906e+02
1.6840734064113914e+00 3.0827997570651248e-03 1.7927616157620281e-03 9.4109344562875231e+02
1.7265649992682799e+00 3.1837464379606338e-03 1.8379124038015932e-03 9.4114863261620974e+02
1.7701287160935428e+00 3.2881033605966946e-03 1.8841996854032906e-03 9.4120428593244390e+02
1.8147916081160536e+00 3.3959857318193957e-03 1.9316520438791057e-03 9.4126040950761728e+02
1.8605814091060742e+00 3.5075126504620752e-03 1.9802987806336074e-03 9.4131700730538796e+02
1.9075265525967604e+00 3.6228072388267965e-03 2.0301699331778098e-03 9.4137408332320206e+02
1.9556561895401785e+00 3.7419967786075838e-03 2.0812962935940200e-03 9.4143164159258743e+02
2.0050002064088206e+00 3.8652128514055227e-03 2.1337094274629510e-03 9.4148968617944934e+02
2.0555892437538406e+00 3.9925914839908146e-03 2.1874416932646207e-03 9.4154822118437073e+02
2.1074547152315435e+00 4.1242732984721675e-03 2.2425262622648859e-03 9.4160725074291122e+02
2.1606288271099383e+00 4.2604036675392889e-03 2.2989971388997048e-03 9.4166677902591437e+02
2.2151445982674720e+00 4.4011328749498906e-03 2.3568891816695826e-03 9.4172681023981409e+02
2.2710358806963593e+00 4.5466162814383516e-03 2.4162381245569175e-03 9.4178734862694341e+02
2.3283373805232390e+00 4.6970144962292107e-03 2.4770805989792906e-03 9.4184839846584794e+02
2.3870846795602145e+00 4.8524935543448272e-03 2.5394541562920869e-03 9.4190996407160185e+02
2.4473142573996562e+00 5.0132250999029605e-03 2.6033972908541445e-03 9.4197204979612582e+02
2.5090635140664892e+00 5.1793865756066251e-03 2.6689494636704830e-03 9.4203466002850939e+02
2.5723707932420283e+00 5.3511614186353921e-03 2.7361511266265066e-03 9.4209779919533332e+02
2.6372754060737869e+00 5.5287392631544205e-03 2.8050437473284315e-03 9.4216147176099844e+02
2.7038176555860374e+00 5.7123161496647618e-03 2.8756698345650590e-03 9.4222568222805546e+02
2.7720388617062910e+00 5.9020947414260795e-03 2.9480729644063993e-03 9.4229043513753788e+02
2.8419813869232233e+00 6.0982845481906620e-03 3.0222978069550078e-03 9.4235573506929802e+02
2.9136886625919995e+00 6.3011021574957997e-03 3.0983901537663329e-03 9.4242158664234785e+02
2.9872052159033031e+00 6.5107714737697615e-03 3.1763969459547249e-03 9.4248799451519938e+02
3.0625766975328452e+00 6.7275239655154402e-03 3.2563663030022306e-03 9.4255496338621163e+02
3.1398499099885084e+00 6.9515989208444942e-03 3.3383475522876689e-03 9.4262249799393851e+02
3.2190728366727259e+00 7.1832437116440802e-03 3.4223912593539492e-03 9.4269060311748115e+02
3.3002946716781492e+00 7.4227140666678539e-03 3.5085492589320235e-03 9.4275928357684279e+02
3.3835658503351023e+00 7.6702743538526680e-03 3.5968746867403359e-03 9.4282854423328808e+02
3.4689380805297931e+00 7.9261978721726824e-03 3.6874220120790943e-03 9.4289838998970208e+02
3.5564643748127285e+00 8.1907671533530662e-03 3.7802470712391375e-03 9.4296882579095916e+02
3.6461990833172666e+00 8.4642742737763565e-03 3.8754071017457342e-03 9.4303985662428749e+02
3.7381979275087591e+00 8.7470211769258514e-03 3.9729607774580773e-03 9.4311148751964311e+02
3.8325180347852257e+00 9.0393200067219511e-03 4.0729682445457870e-03 9.4318372355008478e+02
3.9292179739510571e+00 9.3414934521194991e-03 4.1754911583642904e-03 9.4325656983215140e+02
4.0283577915857709e+00 9.6538751033464938e-03 4.2805927212514229e-03 9.4333003152624440e+02
4.1299990493303991e+00 9.9768098201774916e-03 4.3883377212682014e-03 9.4340411383701564e+02
4.2342048621146757e+00 1.0310654112648235e-02 4.4987925719073034e-03 9.4347882201375285e+02
4.3410399373487314e+00 1.0655776534631794e-02 4.6120253527932734e-03 9.4355416135077371e+02
4.4505706151036746e+00 1.1012558090710781e-02 4.7281058513992079e-03 9.4363013718782338e+02
4.5628649093059668e+00 1.1381392656794715e-02 4.8471056058051673e-03 9.4370675491047393e+02
4.6779925499712043e+00 1.1762687414946973e-02 4.9690979485242683e-03 9.4378401995052718e+02
4.7960250265035107e+00 1.2156863302901310e-02 5.0941580514229949e-03 9.4386193778642212e+02
4.9170356320874413e+00 1.2564355478764239e-02 5.2223629717629647e-03 9.4394051394364715e+02
5.0410995091999542e+00 1.2985613801416232e-02 5.3537916993920340e-03 9.4401975399515493e+02
5.1682936962707151e+00 1.3421103327142145e-02 5.4885252051133432e-03 9.4409966356178018e+02
5.2986971755197141e+00 1.3871304823039134e-02 5.6266464902615821e-03 9.4418024831266268e+02
5.4323909220018844e+00 1.4336715297768783e-02 5.7682406375164893e-03 9.4426151396567548e+02
5.5694579538891951e+00 1.4817848550239448e-02 5.9133948629843574e-03 9.4434346628785352e+02
5.7099833840214300e+00 1.5315235736824509e-02 6.0621985695790640e-03 9.4442611109582936e+02
5.8540544727576700e+00 1.5829425957742754e-02 6.2147434017349266e-03 9.4450945425627037e+02
6.0017606821612883e+00 1.6360986863248182e-02 6.3711233014844505e-03 9.4459350168632500e+02
6.1531937315521184e+00 1.6910505280298516e-02 6.5314345659349664e-03 9.4467825935406495e+02
6.3084476544602719e+00 1.7478587860394142e-02 6.6957759061788136e-03 9.4476373327893884e+02
6.4676188570170074e+00 1.8065861749302872e-02 6.8642485076727587e-03 9.4484992953222843e+02
6.6308061778188465e+00 1.8672975279409573e-02 7.0369560921231013e-03 9.4493685423750594e+02
6.7981109493021812e+00 1.9300598685455306e-02 7.2140049809138896e-03 9.4502451357109942e+02
6.9696370606664386e+00 1.9949424844455936e-02 7.3955041601165700e-03 9.4511291376255849e+02
7.1454910223848831e+00 2.0620170040617152e-02 7.5815653471202693e-03 9.4520206109513094e+02
7.3257820323431275e+00 2.1313574756090262e-02 7.7723030589230621e-03 9.4529196190623554e+02
7.5106220436464071e+00 2.2030404488441836e-02 7.9678346821253406e-03 9.4538262258794612e+02
7.7001258341377312e+00 2.2771450595739547e-02 8.1682805446676061e-03 9.4547404958747541e+02
7.8944110776700800e+00 2.3537531170187261e-02 8.3737639893559142e-03 9.4556624940766847e+02
8.0935984171768975e+00 2.4329491941273752e-02 8.5844114492193997e-03 9.4565922860749561e+02
8.2978115395862577e+00 2.5148207209432165e-02 8.8003525247452811e-03 9.4575299380255115e+02
8.5071772526252296e+00 2.5994580811240904e-02 9.0217200630379017e-03 9.4584755166556113e+02
8.7218255635621169e+00 2.6869547117231538e-02 9.2486502389495864e-03 9.4594290892689003e+02
8.9418897599354850e+00 2.7774072063405243e-02 9.4812826382321812e-03 9.4603907237505530e+02
9.1675064923200917e+00 2.8709154217596546e-02 9.7197603427593409e-03 9.4613604885724749e+02
9.3988158591811395e+00 2.9675825881861701e-02 9.9642300178709939e-03 9.4623384527985218e+02
9.6359614938694840e+00 3.0675154232108419e-02 1.0214842001892469e-02 9.4633246860897975e+02
9.8790906538118968e+00 3.1708242496225482e-02 1.0471750397882272e-02 9.4643192587099929e+02
1.0128354311951702e+01 3.2776231172012456e-02 1.0735113167663702e-02 9.4653222415307766e+02
1.0383907250496609e+01 3.3880299286254439e-02 1.1005092228196900e-02 9.4663337060372260e+02
1.0645908157031922e+01 3.5021665696331410e-02 1.1281853550349306e-02 9.4673537243333158e+02
1.0914519723058827e+01 3.6201590435799486e-02 1.1565567260123899e-02 9.4683823691474652e+02
1.1189908745018956e+01 3.7421376105429394e-02 1.1856407742406134e-02 9.4694197138381446e+02
1.1472246227867926e+01 3.8682369311237773e-02 1.2154553747291932e-02 9.4704658323995068e+02
1.1761707491262198e+01 3.9985962151099015e-02 1.2460188499060562e-02 9.4715207994671096e+02
1.2058472278425189e+01 4.1333593751578662e-02 1.2773499807858000e-02 9.4725846903236425e+02
1.2362724867760214e+01 4.2726751856685057e-02 1.3094680184157676e-02 9.4736575809047815e+02
1.2674654187279598e+01 4.4166974470293108e-02 1.3423926956067552e-02 9.4747395478050066e+02
1.2994453931921003e+01 4.5655851554053550e-02 1.3761442389553699e-02 9.4758306682835769e+02
1.3322322683823792e+01 4.7195026782661832e-02 1.4107433811652751e-02 9.4769310202704776e+02
1.3658464035640167e+01 4.8786199358424667e-02 1.4462113736747039e-02 9.4780406823724525e+02
1.4003086716957599e+01 5.0431125887127316e-02 1.4825699995978048e-02 9.4791597338791416e+02
1.4356404723911099e+01 5.2131622317272593e-02 1.5198415869876076e-02 9.4802882547691831e+02
1.4718637452065780e+01 5.3889565944832366e-02 1.5580490224285249e-02 9.4814263257164600e+02
1.5090009832652228e+01 5.5706897485724771e-02 1.5972157649665569e-02 9.4825740280963737e+02
1.5470752472239324e+01 5.7585623218305258e-02 1.6373658603855423e-02 9.4837314439921499e+02
1.5861101795931161e+01 5.9527817198236306e-02 1.6785239558379912e-02 9.4848986562012669e+02
1.6261300194177071e+01 6.1535623548181435e-02 1.7207153148392763e-02 9.4860757482418819e+02
1.6671596173285845e+01 6.3611258824850928e-02 1.7639658326341394e-02 9.4872628043593807e+02
1.7092244509737661e+01 6.5757014466012412e-02 1.8083020519447268e-02 9.4884599095329293e+02
1.7523506408389569e+01 6.7975259320168416e-02 1.8537511791095564e-02 9.4896671494821385e+02
1.7965649664672586e+01 7.0268442261691932e-02 1.9003411006230632e-02 9.4908846106737667e+02
1.8418948830881426e+01 7.2639094894309086e-02 1.9481004000856336e-02 9.4921123803284945e+02
1.8883685386659856e+01 7.5089834345912113e-02 1.9970583755742316e-02 9.4933505464277619e+02
1.9360147913787674e+01 7.7623366157788212e-02 2.0472450574440026e-02 9.4945991977206836e+02
1.9848632275377817e+01 8.0242487271454430e-02 2.0986912265714908e-02 9.4958584237310174e+02
2.0349441799594853e+01 8.2950089116395329e-02 2.1514284330503487e-02 9.4971283147642032e+02
2.0862887468008967e+01 8.5749160802112576e-02 2.2054890153507051e-02 9.4984089619144800e+02
2.1389288108702395e+01 8.8642792418010305e-02 2.2609061199536186e-02 9.4997004570720583e+02
2.1928970594248188e+01 9.1634178444759129e-02 2.3177137214723208e-02 9.5010028929303758e+02
2.2482270044684292e+01 9.4726621280905032e-02 2.3759466432722497e-02 9.5023163629934243e+02
2.3049530035608925e+01 9.7923534888616076e-02 2.4356405786021634e-02 9.5036409615831235e+02
2.3631102811526546e+01 1.0122844856259218e-01 2.4968321122489187e-02 9.5049767838467983e+02
2.4227349504576797e+01 1.0464501082629840e-01 2.5595587427288038e-02 9.5063239257647217e+02
2.4838640358782314e+01 1.0817699345982283e-01 2.6238589050286504e-02 9.5076824841577127e+02
2.5465354959954656e+01 1.1182829566380666e-01 2.6897719939102553e-02 9.5090525566948293e+02
2.6107882471401034e+01 1.1560294836404189e-01 2.7573383877919522e-02 9.5104342419011437e+02
2.6766621875578331e+01 1.1950511866149019e-01 2.8265994732215791e-02 9.5118276391655570e+02
2.7441982221844331e+01 1.2353911443263460e-01 2.8975976699553437e-02 9.5132328487487337e+02
2.8134382880460123e+01 1.2770938908524326e-01 2.9703764566575204e-02 9.5146499717910808e+02
2.8844253803001305e+01 1.3202054647479511e-01 3.0449803972362265e-02 9.5160791103208373e+02
2.9572035789339782e+01 1.3647734598699546e-01 3.1214551678309273e-02 9.5175203672622251e+02
3.0318180761361866e+01 1.4108470779199178e-01 3.1998475844676834e-02 9.5189738464436789e+02
3.1083152043592683e+01 1.4584771827609122e-01 3.2802056313985549e-02 9.5204396526061441e+02
3.1867424650901143e+01 1.5077163565697482e-01 3.3625784901419507e-02 9.5219178914115025e+02
3.2671485583464126e+01 1.5586189578860921e-01 3.4470165692411681e-02 9.5234086694510449e+02
3.3495834129173026e+01 1.6112411816226260e-01 3.5335715347587400e-02 9.5249120942540276e+02
3.4340982173670440e+01 1.6656411211025107e-01 3.6222963415246612e-02 9.5264282742963314e+02
3.5207454518209566e+01 1.7218788321926365e-01 3.7132452651569926e-02 9.5279573190092015e+02
3.6095789205533599e+01 1.7800163996034588e-01 3.8064739348738059e-02 9.5294993387880663e+02
3.7006537853977534e+01 1.8401180054286151e-01 3.9020393671158705e-02 9.5310544450014584e+02
3.7940266000000001e+01 1.9022500000000001e-01 4.0000000000000001e-02 9.5326408800000002e+02
4.3127938000000000e+01 2.1972800000000001e-01 4.5440000000000001e-02 9.5395573200000001e+02
4.8318980000000003e+01 2.4636600000000000e-01 5.0880000000000002e-02 9.5450938199999996e+02
5.3512714000000003e+01 2.7010000000000001e-01 5.6320000000000002e-02 9.5495232599999997e+02
5.8708612000000002e+01 2.9133599999999998e-01 6.1760000000000002e-02 9.5531183499999997e+02
6.3906292000000001e+01 3.1086900000000001e-01 6.7199999999999996e-02 9.5561430299999995e+02
6.9105513000000002e+01 3.2982400000000001e-01 7.2639999999999996e-02 9.5588472400000001e+02
7.4306163999999995e+01 3.4960799999999997e-01 7.8079999999999997e-02 9.5614640099999997e+02
7.9508256000000003e+01 3.7186300000000000e-01 8.3519999999999997e-02 9.5642081700000006e+02
8.4711912999999996e+01 3.9841799999999999e-01 8.8959999999999997e-02 9.5672760400000004e+02
8.9917359000000005e+01 4.3103799999999998e-01 9.4399999999999998e-02 9.5708223599999997e+02
9.5124820999999997e+01 4.6910099999999999e-01 9.9839999999999998e-02 9.5747292000000004e+02
1.0033457700000000e+02 5.1650200000000002e-01 1.0528000000000000e-01 9.5793372599999998e+02
1.0554707200000000e+02 5.7626100000000002e-01 1.1072000000000000e-01 9.5848559899999998e+02
1.1076284099999999e+02 6.5095199999999998e-01 1.1616000000000000e-01 9.5914251999999999e+02
1.1598248599999999e+02 7.4299400000000004e-01 1.2160000000000000e-01 9.5991521799999998e+02
1.2120666000000000e+02 8.5470199999999996e-01 1.2703999999999999e-01 9.6081219399999998e+02
1.2643605800000000e+02 9.8830499999999999e-01 1.3247999999999999e-01 9.6184021199999995e+02
1.3167140900000001e+02 1.1459490000000001e+00 1.3791999999999999e-01 9.6300460199999998e+02
1.3691346600000000e+02 1.3296969999999999e+00 1.4335999999999999e-01 9.6430948699999999e+02
1.4216300100000001e+02 1.5415289999999999e+00 1.4879999999999999e-01 9.6575796200000002e+02
1.4742080300000001e+02 1.7833440000000000e+00 1.5423999999999999e-01 9.6735224600000004e+02
1.5268766900000000e+02 2.0569600000000001e+00 1.5967999999999999e-01 9.6909382100000005e+02
1.5796440300000000e+02 2.3641209999999999e+00 1.6511999999999999e-01 9.7098355800000002e+02
1.6325181200000000e+02 2.7065009999999998e+00 1.7055999999999999e-01 9.7302182500000004e+02
1.6855070400000000e+02 3.0857079999999999e+00 1.7599999999999999e-01 9.7520858699999997e+02
1.7386188700000000e+02 3.5032969999999999e+00 1.8143999999999999e-01 9.7754349400000001e+02
1.7918616499999999e+02 3.9607690000000000e+00 1.8687999999999999e-01 9.8002595699999995e+02
1.8452433800000000e+02 4.4595859999999998e+00 1.9231999999999999e-01 9.8265520900000001e+02
1.8987720400000001e+02 5.0011710000000003e+00 1.9775999999999999e-01 9.8543036300000006e+02
1.9524555300000000e+02 5.5869160000000004e+00 2.0319999999999999e-01 9.8835045100000002e+02
2.0063016999999999e+02 6.2181889999999997e+00 2.0863999999999999e-01 9.9141445499999998e+02
2.0603183799999999e+02 6.8963359999999998e+00 2.1407999999999999e-01 9.9462133200000005e+02
2.1145132899999999e+02 7.6226820000000002e+00 2.1951999999999999e-01 9.9797003099999995e+02
2.1688941299999999e+02 8.3985360000000000e+00 2.2495999999999999e-01 1.0014595000000000e+03
2.2234685400000001e+02 9.2251910000000006e+00 2.3039999999999999e-01 1.0050886890000000e+03
2.2782440800000001e+02 1.0103923000000000e+01 2.3583999999999999e-01 1.0088565520000000e+03
2.3332282799999999e+02 1.1035989000000001e+01 2.4127999999999999e-01 1.0127620360000000e+03
2.3884285900000000e+02 1.2022627000000000e+01 2.4671999999999999e-01 1.0168040810000000e+03
2.4438524200000001e+02 1.3065053000000001e+01 2.5216000000000000e-01 1.0209816030000000e+03
2.4995071200000001e+02 1.4164455999999999e+01 2.5760000000000000e-01 1.0252934889999999e+03
2.5553999600000000e+02 1.5321994999999999e+01 2.6304000000000000e-01 1.0297385780000000e+03
2.6115381600000001e+02 1.6538798000000000e+01 2.6848000000000000e-01 1.0343156580000000e+03
2.6679288700000001e+02 1.7815951999999999e+01 2.7392000000000000e-01 1.0390234479999999e+03
2.7245791700000001e+02 1.9154502999999998e+01 2.7936000000000000e-01 1.0438605869999999e+03
2.7814960600000001e+02 2.0555450000000000e+01 2.8480000000000000e-01 1.0488256300000000e+03
2.8386864700000001e+02 2.2019739000000001e+01 2.9024000000000000e-01 1.0539170320000001e+03
2.8961572200000001e+02 2.3548264000000000e+01 2.9568000000000000e-01 1.0591331459999999e+03
2.9539150500000000e+02 2.5141856000000001e+01 3.0112000000000000e-01 1.0644722159999999e+03
3.0119666200000000e+02 2.6801283999999999e+01 3.0656000000000000e-01 1.0699323730000001e+03
3.0703184499999998e+02 2.8527251000000000e+01 3.1200000000000000e-01 1.0755116320000000e+03
3.1289769699999999e+02 3.0320392999999999e+01 3.1744000000000000e-01 1.0812078939999999e+03
3.1879485000000000e+02 3.2181272999999997e+01 3.2288000000000000e-01 1.0870189450000000e+03
3.2472392100000002e+02 3.4110382999999999e+01 3.2832000000000000e-01 1.0929424590000001e+03
3.3068551700000000e+02 3.6108139999999999e+01 3.3376000000000000e-01 1.0989760070000000e+03
3.3668022900000000e+02 3.8174889999999998e+01 3.3920000000000000e-01 1.1051170540000001e+03
3.4270863600000001e+02 4.0310904000000001e+01 3.4464000000000000e-01 1.1113629759999999e+03
3.4877130099999999e+02 4.2516381000000003e+01 3.5008000000000000e-01 1.1177110600000001e+03
3.5486877199999998e+02 4.4791446999999998e+01 3.5552000000000000e-01 1.1241585180000000e+03
3.6100158299999998e+02 4.7136161000000001e+01 3.6096000000000000e-01 1.1307024930000000e+03
3.6716929800000003e+02 4.9328574000000003e+01 3.6640000000000000e-01 1.1367317399999999e+03
3.7336730999999997e+02 5.1283655000000003e+01 3.7184000000000000e-01 1.1420277870000000e+03
3.7959346499999998e+02 5.3184980000000003e+01 3.7728000000000000e-01 1.1471032200000000e+03
3.8584687000000002e+02 5.5066991999999999e+01 3.8272000000000000e-01 1.1520551009999999e+03
3.9212698100000000e+02 5.6944904000000001e+01 3.8816000000000001e-01 1.1569264250000001e+03
3.9843343099999998e+02 5.8827297000000002e+01 3.9360000000000001e-01 1.1617413950000000e+03
4.0476595900000001e+02 6.0719645999999997e+01 3.9904000000000001e-01 1.1665153829999999e+03
4.1112398700000000e+02 6.2507818000000000e+01 4.0448000000000001e-01 1.1709664479999999e+03
4.1750470000000001e+02 6.4145132000000004e+01 4.0992000000000001e-01 1.1749866910000001e+03
4.2390708699999999e+02 6.5778892999999997e+01 4.1536000000000001e-01 1.1789452550000001e+03
4.3033093900000000e+02 6.7424672000000001e+01 4.2080000000000001e-01 1.1828810360000000e+03
4.3677617600000002e+02 6.9088369999999998e+01 4.2624000000000001e-01 1.1868085670000000e+03
4.4324277400000000e+02 7.0773118999999994e+01 4.3168000000000001e-01 1.1907353590000000e+03
4.4973074400000002e+02 7.2480864999999994e+01 4.3712000000000001e-01 1.1946659130000000e+03
4.5624011400000001e+02 7.4212937999999994e+01 4.4256000000000001e-01 1.1986031630000000e+03
4.6277092599999997e+02 7.5970309999999998e+01 4.4800000000000001e-01 1.2025491280000001e+03
4.6932323200000002e+02 7.7753722999999994e+01 4.5344000000000001e-01 1.2065052410000001e+03
4.7589709099999999e+02 7.9563760000000002e+01 4.5888000000000001e-01 1.2104725450000001e+03
4.8249256400000002e+02 8.1400897999999998e+01 4.6432000000000001e-01 1.2144518040000000e+03
4.8910971999999998e+02 8.3265525999999994e+01 4.6976000000000001e-01 1.2184435770000000e+03
4.9574862700000000e+02 8.5157973999999996e+01 4.7520000000000001e-01 1.2224482700000001e+03
5.0240935600000000e+02 8.7078519000000000e+01 4.8064000000000001e-01 1.2264661730000000e+03
5.0909197999999998e+02 8.9027398000000005e+01 4.8608000000000001e-01 1.2304974780000000e+03
5.1579657299999997e+02 9.1004817000000003e+01 4.9152000000000001e-01 1.2345423040000001e+03
5.2252320699999996e+02 9.3010948999999997e+01 4.9696000000000001e-01 1.2386007110000000e+03
5.2927195700000004e+02 9.5045947999999996e+01 5.0239999999999996e-01 1.2426727040000001e+03
5.3604289600000004e+02 9.7109943000000001e+01 5.0783999999999996e-01 1.2467582510000000e+03
5.4283609899999999e+02 9.9203046000000001e+01 5.1327999999999996e-01 1.2508572819999999e+03
5.4965163900000005e+02 1.0132535400000000e+02 5.1871999999999996e-01 1.2549696990000000e+03
5.5648958700000003e+02 1.0347694700000000e+02 5.2415999999999996e-01 1.2590953780000000e+03
5.6335001699999998e+02 1.0565789500000000e+02 5.2959999999999996e-01 1.2632341759999999e+03
5.7023299699999995e+02 1.0786825300000000e+02 5.3503999999999996e-01 1.2673859290000000e+03
5.7713860000000000e+02 1.1010806599999999e+02 5.4047999999999996e-01 1.2715504590000000e+03
5.8406689300000005e+02 1.1237736900000000e+02 5.4591999999999996e-01 1.2757275760000000e+03
5.9101794600000005e+02 1.1467619000000001e+02 5.5135999999999996e-01 1.2799170779999999e+03
5.9799182299999995e+02 1.1700454400000000e+02 5.5679999999999996e-01 1.2841187530000000e+03
6.0498859200000004e+02 1.1936244200000000e+02 5.6223999999999996e-01 1.2883323809999999e+03
6.1200831600000004e+02 1.2174988600000000e+02 5.6767999999999996e-01 1.2925577360000000e+03
6.1905105900000001e+02 1.2416687200000000e+02 5.7311999999999996e-01 1.2967945870000001e+03
6.2611688300000003e+02 1.2661338800000000e+02 5.7855999999999996e-01 1.3010426970000001e+03
6.3320584799999995e+02 1.2908941700000000e+02 5.8399999999999996e-01 1.3053018259999999e+03
6.4031801399999995e+02 1.3159493599999999e+02 5.8943999999999996e-01 1.3095717310000000e+03
6.4745343800000001e+02 1.3412991800000000e+02 5.9487999999999996e-01 1.3138521670000000e+03
6.5461217699999997e+02 1.3669433100000001e+02 6.0031999999999996e-01 1.3181428880000001e+03
6.6179428700000005e+02 1.3928813500000001e+02 6.0575999999999997e-01 1.3224436450000001e+03
6.6899982199999999e+02 1.4191129100000001e+02 6.1119999999999997e-01 1.3267541920000001e+03
6.7622883300000001e+02 1.4456375100000000e+02 6.1663999999999997e-01 1.3310742789999999e+03
6.8348137199999996e+02 1.4724546699999999e+02 6.2207999999999997e-01 1.3354036590000001e+03
6.9075748999999996e+02 1.4995638500000001e+02 6.2751999999999997e-01 1.3397420860000000e+03
6.9805723399999999e+02 1.5269644900000000e+02 6.3295999999999997e-01 1.3440893120000001e+03
7.0538065200000005e+02 1.5546559800000000e+02 6.3839999999999997e-01 1.3484450950000000e+03
7.1272778900000003e+02 1.5826377099999999e+02 6.4383999999999997e-01 1.3528091899999999e+03
7.2009869100000003e+02 1.6109090200000000e+02 6.4927999999999997e-01 1.3571813569999999e+03
7.2749340099999995e+02 1.6394692300000000e+02 6.5471999999999997e-01 1.3615613570000000e+03
7.3491196000000002e+02 1.6683176300000000e+02 6.6015999999999997e-01 1.3659489530000001e+03
7.4235440900000003e+02 1.6974535000000000e+02 6.6559999999999997e-01 1.3703439109999999e+03
7.4982078799999999e+02 1.7268760900000001e+02 6.7103999999999997e-01 1.3747459980000001e+03
7.5731113400000004e+02 1.7565846300000001e+02 6.7647999999999997e-01 1.3791549869999999e+03
7.6482548499999996e+02 1.7865783400000001e+02 6.8191999999999997e-01 1.3835706499999999e+03
7.7236387700000000e+02 1.8168564100000000e+02 6.8735999999999997e-01 1.3879927640000001e+03
7.7992634299999997e+02 1.8474180200000001e+02 6.9279999999999997e-01 1.3924211089999999e+03
7.8751291800000001e+02 1.8782623400000000e+02 6.9823999999999997e-01 1.3968554670000001e+03
7.9512363300000004e+02 1.9093885299999999e+02 7.0367999999999997e-01 1.4012956230000000e+03
8.0275851899999998e+02 1.9407957099999999e+02 7.0911999999999997e-01 1.4057413680000000e+03
8.1041760599999998e+02 1.9724830200000000e+02 7.1455999999999997e-01 1.4101924930000000e+03
8.1810092299999997e+02 2.0044495800000001e+02 7.1999999999999997e-01 1.4146487920000000e+03
8.2580849699999999e+02 2.0366944799999999e+02 7.2543999999999997e-01 1.4191100650000001e+03
8.3354035499999998e+02 2.0692168400000000e+02 7.3087999999999997e-01 1.4235761130000001e+03
8.4129652199999998e+02 2.1020157300000000e+02 7.3631999999999997e-01 1.4280467420000000e+03
8.4907702300000005e+02 2.1350902400000001e+02 7.4175999999999997e-01 1.4325217580000001e+03
8.5688188100000002e+02 2.1684394499999999e+02 7.4719999999999998e-01 1.4370009749999999e+03
8.6471111900000005e+02 2.2020624200000000e+02 7.5263999999999998e-01 1.4414842070000000e+03
8.7256475699999999e+02 2.2359582100000000e+02 7.5807999999999998e-01 1.4459712709999999e+03
8.8044281599999999e+02 2.2701258799999999e+02 7.6351999999999998e-01 1.4504619900000000e+03
8.8834531600000003e+02 2.3045644899999999e+02 7.6895999999999998e-01 1.4549561870000000e+03
8.9627227400000004e+02 2.3392730900000001e+02 7.7439999999999998e-01 1.4594536909999999e+03
9.0422370899999999e+02 2.3742507100000000e+02 7.7983999999999998e-01 1.4639543320000000e+03
9.1219963700000005e+02 2.4094964100000001e+02 7.8527999999999998e-01 1.4684579440000000e+03
9.2020007399999997e+02 2.4450092200000000e+02 7.9071999999999998e-01 1.4729643650000000e+03
9.2822503400000005e+02 2.4807881800000001e+02 7.9615999999999998e-01 1.4774734350000001e+03
9.3627453200000002e+02 2.5168323200000000e+02 8.0159999999999998e-01 1.4819849959999999e+03
9.4434857999999997e+02 2.5531406899999999e+02 8.0703999999999998e-01 1.4864988960000001e+03
9.5244719099999998e+02 2.5897123199999999e+02 8.1247999999999998e-01 1.4910149839999999e+03
9.6057037700000001e+02 2.6265462400000001e+02 8.1791999999999998e-01 1.4955331110000000e+03
9.6871814800000004e+02 2.6636414800000000e+02 8.2335999999999998e-01 1.5000531340000000e+03
9.7689051400000005e+02 2.7009970800000002e+02 8.2879999999999998e-01 1.5045749089999999e+03
9.8508748400000002e+02 2.7386120699999998e+02 8.3423999999999998e-01 1.5090982990000000e+03
9.9330906600000003e+02 2.7764854900000000e+02 8.3967999999999998e-01 1.5136231660000001e+03
1.0015552690000000e+03 2.8146163700000000e+02 8.4511999999999998e-01 1.5181493780000001e+03
1.0098260990000000e+03 2.8530037399999998e+02 8.5055999999999998e-01 1.5226768020000000e+03
1.0181215620000000e+03 2.8916466600000001e+02 8.5599999999999998e-01 1.5272053120000000e+03
1.0264416650000001e+03 2.9305441500000001e+02 8.6143999999999998e-01 1.5317347810000001e+03
1.0347864110000000e+03 2.9696952599999997e+02 8.6687999999999998e-01 1.5362650870000000e+03
1.0431558050000001e+03 3.0090990399999998e+02 8.7231999999999998e-01 1.5407961080000000e+03
1.0515498510000000e+03 3.0487545200000000e+02 8.7775999999999998e-01 1.5453277280000000e+03
1.0599685509999999e+03 3.0886607600000002e+02 8.8319999999999999e-01 1.5498598310000000e+03
1.0684119089999999e+03 3.1288168100000001e+02 8.8863999999999999e-01 1.5543923030000001e+03
1.0768799240000001e+03 3.1692217299999999e+02 8.9407999999999999e-01 1.5589250340000001e+03
1.0853725999999999e+03 3.2098745600000001e+02 8.9951999999999999e-01 1.5634579170000000e+03
1.0938899349999999e+03 3.2507743799999997e+02 9.0495999999999999e-01 1.5679908439999999e+03
1.1024319310000001e+03 3.2919202500000000e+02 9.1039999999999999e-01 1.5725237130000000e+03
1.1109985859999999e+03 3.3333112399999999e+02 9.1583999999999999e-01 1.5770564220000001e+03
1.1195898999999999e+03 3.3749464100000000e+02 9.2127999999999999e-01 1.5815888709999999e+03
1.1282058700000000e+03 3.4168248399999999e+02 9.2671999999999999e-01 1.5861209650000001e+03
1.1368464950000000e+03 3.4589456200000001e+02 9.3215999999999999e-01 1.5906526080000001e+03
1.1455117710000000e+03 3.5013078300000001e+02 9.3759999999999999e-01 1.5951837069999999e+03
1.1542016960000001e+03 3.5439105499999999e+02 9.4303999999999999e-01 1.5997141720000000e+03
1.1629162660000000e+03 3.5867528900000002e+02 9.4847999999999999e-01 1.6042439139999999e+03
1.1716554759999999e+03 3.6298339399999998e+02 9.5391999999999999e-01 1.6087728480000001e+03
1.1804193230000001e+03 3.6731527999999997e+02 9.5935999999999999e-01 1.6133008870000001e+03
1.1892077999999999e+03 3.7167085900000001e+02 9.6479999999999999e-01 1.6178279510000000e+03
1.1980209030000001e+03 3.7605004300000002e+02 9.7023999999999999e-01 1.6223539590000000e+03
1.2068586250000001e+03 3.8045274200000000e+02 9.7567999999999999e-01 1.6268788320000001e+03
1.2157209610000000e+03 3.8487887200000000e+02 9.8111999999999999e-01 1.6314024950000000e+03
1.2246079020000000e+03 3.8932834400000002e+02 9.8655999999999999e-01 1.6359248720000001e+03
1.2335194429999999e+03 3.9380107400000003e+02 9.9199999999999999e-01 1.6404458910000001e+03
1.2424555750000000e+03 3.9829697700000003e+02 9.9743999999999999e-01 1.6449654820000001e+03
1.2514162899999999e+03 4.0281596900000000e+02 1.0028800000000000e+00 1.6494835770000000e+03
1.2604015810000001e+03 4.0735796699999997e+02 1.0083200000000001e+00 1.6540001090000001e+03
1.2694114380000001e+03 4.1192289000000000e+02 1.0137600000000000e+00 1.6585150149999999e+03
1.2784458520000001e+03 4.1651065799999998e+02 1.0192000000000001e+00 1.6630282340000001e+03
1.2875048150000000e+03 4.2112119200000001e+02 1.0246400000000000e+00 1.6675397060000000e+03
1.2965883150000000e+03 4.2575441499999999e+02 1.0300800000000001e+00 1.6720493759999999e+03
1.3056963450000001e+03 4.3041025400000001e+02 1.0355200000000000e+00 1.6765571900000000e+03
1.3148288920000000e+03 4.3508863700000001e+02 1.0409600000000001e+00 1.6810631000000001e+03
1.3239859480000000e+03 4.3978949599999999e+02 1.0464000000000000e+00 1.6855670600000001e+03
1.3331675000000000e+03 4.4451277099999999e+02 1.0518400000000001e+00 1.6900690320000001e+03
1.3423735389999999e+03 4.4925840699999998e+02 1.0572800000000000e+00 1.6945689860000000e+03
1.3516040519999999e+03 4.5402636600000000e+02 1.0627200000000001e+00 1.6990669049999999e+03
1.3608590300000001e+03 4.5881663200000003e+02 1.0681600000000000e+00 1.7035627970000000e+03
1.3701384599999999e+03 4.6362925500000000e+02 1.0736000000000001e+00 1.7080567280000000e+03
1.3794423340000001e+03 4.6846463999999997e+02 1.0790400000000000e+00 1.7125490930000001e+03
1.3887706420000000e+03 4.7332224100000002e+02 1.0844800000000001e+00 1.7170394060000001e+03
1.3981233709999999e+03 4.7820128499999998e+02 1.0899200000000000e+00 1.7215269750000000e+03
1.4075005050000000e+03 4.8310169200000001e+02 1.0953599999999999e+00 1.7260117530000000e+03
1.4169020300000000e+03 4.8802337999999997e+02 1.1008000000000000e+00 1.7304936949999999e+03
1.4263279290000000e+03 4.9296626900000001e+02 1.1062399999999999e+00 1.7349727550000000e+03
1.4357781869999999e+03 4.9793027999999998e+02 1.1116800000000000e+00 1.7394488899999999e+03
1.4452527880000000e+03 5.0291533299999998e+02 1.1171199999999999e+00 1.7439220570000000e+03
1.4547517160000000e+03 5.0792134900000002e+02 1.1225600000000000e+00 1.7483922150000001e+03
1.4642749540000000e+03 5.1294825000000003e+02 1.1279999999999999e+00 1.7528593229999999e+03
1.4738224860000000e+03 5.1799595899999997e+02 1.1334400000000000e+00 1.7573233419999999e+03
1.4833942939999999e+03 5.2306439799999998e+02 1.1388799999999999e+00 1.7617842340000000e+03
1.4929903609999999e+03 5.2815349100000003e+02 1.1443200000000000e+00 1.7662419609999999e+03
1.5026106700000000e+03 5.3326316099999997e+02 1.1497599999999999e+00 1.7706964869999999e+03
1.5122552040000000e+03 5.3839333299999998e+02 1.1552000000000000e+00 1.7751477769999999e+03
1.5219239450000000e+03 5.4354393100000004e+02 1.1606399999999999e+00 1.7795957950000000e+03
1.5316168749999999e+03 5.4871488099999999e+02 1.1660800000000000e+00 1.7840405080000000e+03
1.5413339750000000e+03 5.5390610800000002e+02 1.1715199999999999e+00 1.7884818829999999e+03
1.5510752279999999e+03 5.5911753899999997e+02 1.1769600000000000e+00 1.7929198890000000e+03
1.5608406160000000e+03 5.6434910000000002e+02 1.1823999999999999e+00 1.7973544950000000e+03
1.5706301189999999e+03 5.6960071900000003e+02 1.1878400000000000e+00 1.8017856690000001e+03
1.5804437190000001e+03 5.7487232400000005e+02 1.1932799999999999e+00 1.8062133830000000e+03
1.5902813960000001e+03 5.8016384100000005e+02 1.1987200000000000e+00 1.8106376080000000e+03
1.6001431330000000e+03 5.8547519999999997e+02 1.2041599999999999e+00 1.8150583170000000e+03
1.6100289090000001e+03 5.9080633100000000e+02 1.2096000000000000e+00 1.8194754809999999e+03
1.6199387059999999e+03 5.9615716099999997e+02 1.2150399999999999e+00 1.8238890750000000e+03
1.6298725039999999e+03 6.0152762199999995e+02 1.2204800000000000e+00 1.8282990740000000e+03
1.6398302819999999e+03 6.0691764400000000e+02 1.2259199999999999e+00 1.8327054510000000e+03
1.6498120220000001e+03 6.1232715700000006e+02 1.2313600000000000e+00 1.8371081830000001e+03
1.6598177040000000e+03 6.1775609299999996e+02 1.2367999999999999e+00 1.8415072470000000e+03
1.6698473070000000e+03 6.2320438300000001e+02 1.2422400000000000e+00 1.8459026190000000e+03
1.6799008110000000e+03 6.2867196000000001e+02 1.2476799999999999e+00 1.8502942770000000e+03
1.6899781969999999e+03 6.3415875600000004e+02 1.2531200000000000e+00 1.8546822000000000e+03
1.7000794430000001e+03 6.3966470500000003e+02 1.2585599999999999e+00 1.8590663669999999e+03
1.7102045290000001e+03 6.4518973900000003e+02 1.2640000000000000e+00 1.8634467560000001e+03
1.7203534350000000e+03 6.5073379199999999e+02 1.2694399999999999e+00 1.8678233490000000e+03
1.7305261399999999e+03 6.5629679899999996e+02 1.2748800000000000e+00 1.8721961249999999e+03
1.7407226220000000e+03 6.6187869400000000e+02 1.2803199999999999e+00 1.8765650680000001e+03
1.7509428620000001e+03 6.6747941200000002e+02 1.2857600000000000e+00 1.8809301570000000e+03
1.7611868380000001e+03 6.7309888899999999e+02 1.2911999999999999e+00 1.8852913759999999e+03
1.7714545290000001e+03 6.7873706100000004e+02 1.2966400000000000e+00 1.8896487079999999e+03
1.7817459140000001e+03 6.8439386300000001e+02 1.3020799999999999e+00 1.8940021360000001e+03
1.7920609720000000e+03 6.9006923300000005e+02 1.3075200000000000e+00 1.8983516440000001e+03
1.8023996800000000e+03 6.9576310699999999e+02 1.3129599999999999e+00 1.9026972169999999e+03
1.8127620179999999e+03 7.0147542299999998e+02 1.3184000000000000e+00 1.9070388390000001e+03
1.8231479650000001e+03 7.0720611799999995e+02 1.3238399999999999e+00 1.9113764960000001e+03
1.8335574979999999e+03 7.1295513100000005e+02 1.3292800000000000e+00 1.9157101740000001e+03
1.8439905950000000e+03 7.1872240099999999e+02 1.3347199999999999e+00 1.9200398580000001e+03
1.8544472360000000e+03 7.2450786500000004e+02 1.3401600000000000e+00 1.9243655369999999e+03
1.8649273980000000e+03 7.3031146300000000e+02 1.3455999999999999e+00 1.9286871970000000e+03
1.8754309850000000e+03 7.3608582699999999e+02 1.3510400000000000e+00 1.9329697540000000e+03
1.8859577800000000e+03 7.4184445200000005e+02 1.3564799999999999e+00 1.9372234679999999e+03
1.8965076680000000e+03 7.4760376499999995e+02 1.3619200000000000e+00 1.9414606610000001e+03
1.9070805720000001e+03 7.5336876500000005e+02 1.3673599999999999e+00 1.9456851310000000e+03
1.9176764280000000e+03 7.5914212599999996e+02 1.3728000000000000e+00 1.9498989300000001e+03
1.9282951810000000e+03 7.6492553999999996e+02 1.3782399999999999e+00 1.9541033709999999e+03
1.9389367840000000e+03 7.7072017500000004e+02 1.3836800000000000e+00 1.9582993770000000e+03
1.9496011920000001e+03 7.7652688999999998e+02 1.3891199999999999e+00 1.9624876320000001e+03
1.9602883660000000e+03 7.8234634000000005e+02 1.3945600000000000e+00 1.9666686660000000e+03
1.9709982660000001e+03 7.8817903699999999e+02 1.3999999999999999e+00 1.9708429040000001e+03
