# epsilon[MeV/fm^3] P[MeV/fm^3] nB[fm^-3] muB[MeV]
4.3514892049562272e-07 9.0000000794219998e-12 4.6796200000000002e-10 9.2990010724260003e+02
5.4394952759824855e-07 1.2854500250148002e-11 5.8496400000000005e-10 9.2990743275720001e+02
6.8239664606092796e-07 1.8414700022552000e-11 7.3384599999999997e-10 9.2991587774760001e+02
8.5763463874259032e-07 2.6380199998860002e-11 9.2229000000000003e-10 9.2992551188760001e+02
1.0799253715994732e-06 3.7791099667920001e-11 1.1613300000000000e-09 9.2993648532329996e+02
1.3625442882637764e-06 5.4137899979800000e-11 1.4652400000000000e-09 9.2994894782519998e+02
1.7226605254650248e-06 7.7555599791040007e-11 1.8524800000000000e-09 9.2996308925910000e+02
2.1826057027272589e-06 1.1110299984364001e-10 2.3470600000000000e-09 9.2997909967860005e+02
2.7713348204539073e-06 1.5916099965360000e-10 2.9801100000000000e-09 9.2999716876169998e+02
3.5266032513682487e-06 2.2800800111288001e-10 3.7922200000000000e-09 9.3001754656409992e+02
4.4975537964996660e-06 3.2663399940042002e-10 4.8362200000000001e-09 9.3004045271789994e+02
4.5807460305493105e-06 3.3555999792714001e-10 4.9256699999999996e-09 9.3004228160820003e+02
4.7281205653478515e-06 3.3656599963290001e-10 5.0841300000000003e-09 9.3004248152130003e+02
6.5759177435918250e-06 5.4515600232911993e-10 7.0708799999999999e-09 9.3007696075620004e+02
9.1998724984833464e-06 8.8567000200420000e-10 9.8920399999999997e-09 9.3011730648750006e+02
1.2918168885426129e-05 1.4388700552640002e-09 1.3889600000000001e-08 9.3016406831190000e+02
1.8201380444258739e-05 2.3376200076990001e-09 1.9569300000000001e-08 9.3021808578930006e+02
2.5725895950178280e-05 3.7977398937599994e-09 2.7657999999999999e-08 9.3028025838780002e+02
3.6463989818522291e-05 6.1698799253159997e-09 3.9200400000000002e-08 9.3035162548649998e+02
5.1813630126296458e-05 1.0023700173792000e-08 5.5698400000000002e-08 9.3043332628019994e+02
7.3785560512054020e-05 1.6284700005120000e-08 7.9311899999999997e-08 9.3052664006250006e+02
1.0527189036420272e-04 2.6456400399219999e-08 1.1314700000000000e-07 9.3063298613190000e+02
1.5043483705694415e-04 4.2981499428689995e-08 1.6167299999999999e-07 9.3075400323120004e+02
1.5143539825673478e-04 4.3369399516159995e-08 1.6274800000000000e-07 9.3075639185940008e+02
1.5666718390755263e-04 4.3499599327679997e-08 1.6836899999999999e-07 9.3075719132400002e+02
1.8247319946392853e-04 5.3487099479700000e-08 1.9609400000000001e-07 9.3081203831400001e+02
2.1304949570856091e-04 6.5965099669560007e-08 2.2894200000000001e-07 9.3087079295249998e+02
2.4880173202308656e-04 8.1354199584480006e-08 2.6734800000000002e-07 9.3093285559410003e+02
2.9061049213158235e-04 1.0033299847065000e-07 3.1225699999999999e-07 9.3099838615049998e+02
3.3950651358852186e-04 1.2374000051775000e-07 3.6477499999999998e-07 9.3106758453479995e+02
3.9669496520679297e-04 1.5260700009555001e-07 4.2619500000000001e-07 9.3114063056550003e+02
4.6358813252914599e-04 1.8820900209407997e-07 4.9803199999999997e-07 9.3121772415570001e+02
5.4183717856390442e-04 2.3211699768180001e-07 5.8205699999999998e-07 9.3129908512530005e+02
6.3337419989345891e-04 2.8626699988691999e-07 6.8034199999999997e-07 9.3138494352930002e+02
7.4046361643000222e-04 3.5305100162730003e-07 7.9531500000000002e-07 9.3147551899979999e+02
7.4543957324912111e-04 3.5623800038969997e-07 8.0065699999999999e-07 9.3147951660449996e+02
7.7046470619140960e-04 3.5730600246279002e-07 8.2752300000000002e-07 9.3148080575760002e+02
7.7218701201869997e-04 3.5837800248323999e-07 8.2937200000000002e-07 9.3148210505190002e+02
7.7564281539113634e-04 3.6053199741144001e-07 8.3308200000000005e-07 9.3148469349929996e+02
7.7911352986319152e-04 3.6269800105895999e-07 8.3680799999999998e-07 9.3148728185280004e+02
7.8260009510663572e-04 3.6487800290032998e-07 8.4055099999999997e-07 9.3148988034750005e+02
7.8610250285012515e-04 3.6706999922346001e-07 8.4431100000000000e-07 9.3149248879559991e+02
7.8962075319254110e-04 3.6927600351839998e-07 8.4808799999999996e-07 9.3149508719639994e+02
7.9315485471188711e-04 3.7149499796798001e-07 8.5188199999999998e-07 9.3149769564450003e+02
7.9670479058673201e-04 3.7372699824480005e-07 8.5569300000000004e-07 9.3150031404599997e+02
8.0027057791247260e-04 3.7597299948234002e-07 8.5952100000000004e-07 9.3150293244750003e+02
8.0385221698387247e-04 3.7823200230633998e-07 8.6336599999999998e-07 9.3150555094289996e+02
8.0745063029167934e-04 3.8050499711466001e-07 8.6722899999999999e-07 9.3150817929779998e+02
8.1106395596088781e-04 3.8279099715107999e-07 8.7110800000000002e-07 9.3151080774659999e+02
8.1469498722525535e-04 3.8509200436278001e-07 8.7500600000000005e-07 9.3151343619540000e+02
8.1834093096975699e-04 3.8740599815679997e-07 8.7891999999999998e-07 9.3151607459759998e+02
8.3652972322216491e-04 3.8856800310954005e-07 8.9844600000000005e-07 9.3151737379799999e+02
8.9649746606902973e-04 4.2637900225708002e-07 9.6282100000000007e-07 9.3155798930399999e+02
9.6293679962426715e-04 4.6927300060880000e-07 1.0341400000000000e-06 9.3160093353000002e+02
1.0343084479593990e-03 5.1648199988999994e-07 1.1107499999999999e-06 9.3164493704189999e+02
1.1110033276598183e-03 5.6844100521450010e-07 1.1930700000000001e-06 9.3169002988770001e+02
1.1934040547386528e-03 6.2562700512179996e-07 1.2815100000000000e-06 9.3173623206809998e+02
1.2819398888523502e-03 6.8856500094819997e-07 1.3765300000000001e-06 9.3178357353719991e+02
1.3770588621277026e-03 7.5783499966439992e-07 1.4786100000000000e-06 9.3183208434300002e+02
1.4792742600387720e-03 8.3407400117300003e-07 1.5882999999999999e-06 9.3188178448619999e+02
1.5890902438860661e-03 9.1798299673799988e-07 1.7061399999999999e-06 9.3193271378040004e+02
1.7070948934908867e-03 1.0103300084124001e-06 1.8327600000000000e-06 9.3198488236679998e+02
1.7418302566492478e-03 1.0379399925766002e-06 1.8700300000000001e-06 9.3199978345169995e+02
1.8026805910135908e-03 1.0410599913928000e-06 1.9353200000000000e-06 9.3200143242960007e+02
2.0389359400714486e-03 1.2275099896319999e-06 2.1888000000000001e-06 9.3209187794249999e+02
2.3114099463439177e-03 1.4516999917321999e-06 2.4811100000000001e-06 9.3218792017709995e+02
2.6204004641994278e-03 1.7168400063888003e-06 2.8125600000000001e-06 9.3228811983419996e+02
2.9707928967162671e-03 2.0304000155634000e-06 3.1883800000000001e-06 9.3239264696670000e+02
3.3681648965264784e-03 2.4012300084080001e-06 3.6145400000000001e-06 9.3250170129989999e+02
3.8188055776886142e-03 2.8397900147328003e-06 4.0977700000000004e-06 9.3261546284010001e+02
4.3298558716110781e-03 3.3584500068246004e-06 4.6457100000000001e-06 9.3273413140649996e+02
4.9094492242661523e-03 3.9718300068571995e-06 5.2670599999999997e-06 9.3285792691289998e+02
5.5667590537662745e-03 4.6972400276543001e-06 5.9716300000000001e-06 9.3298704917850000e+02
6.3122329168583428e-03 5.5551399798486997e-06 6.7705900000000002e-06 9.3312173811779996e+02
6.3691536418958340e-03 5.6221100036384002e-06 6.8315900000000001e-06 9.3313158221820004e+02
6.6107787783348925e-03 5.6389700285964000e-06 7.0905299999999997e-06 9.3313397075249998e+02
7.1832281514335565e-03 6.2999099885847007e-06 7.7039700000000007e-06 9.3322329697740008e+02
7.8228640480689938e-03 7.0594400109160007e-06 8.3893400000000006e-06 9.3331767013950002e+02
8.5195476220300548e-03 7.9105299722335996e-06 9.1357600000000004e-06 9.3341477175390003e+02
9.2783521214718639e-03 8.8642300383220009e-06 9.9486500000000000e-06 9.3351470163630006e+02
1.0104791977484120e-02 9.9329099737559988e-06 1.0833900000000000e-05 9.3361751969490001e+02
1.1005037422914624e-02 1.1130399980334000e-05 1.1798100000000000e-05 9.3372332602710003e+02
1.1985504705131824e-02 1.2472300012974001e-05 1.2848100000000000e-05 9.3383220044789994e+02
1.3053499763127112e-02 1.3976000053347000e-05 1.3991700000000000e-05 9.3394422305399996e+02
1.4216706487829026e-02 1.5661000693130000e-05 1.5237100000000000e-05 9.3405949366109996e+02
1.5483652631007537e-02 1.7549100191680000e-05 1.6593399999999999e-05 9.3417811227269999e+02
1.5623499832828706e-02 1.7760599953030001e-05 1.6743099999999999e-05 9.3419079468840005e+02
1.6269961736847121e-02 1.7813900213129999e-05 1.7435099999999998e-05 9.3419395273319992e+02
1.7094324515795702e-02 1.9027400207749999e-05 1.8317499999999999e-05 9.3426180186839997e+02
1.8000874089488257e-02 2.0384500450440000e-05 1.9287799999999999e-05 9.3433394852489994e+02
1.8955614232225096e-02 2.1838399047120000e-05 2.0309599999999999e-05 9.3440734433310001e+02
1.9960983560824267e-02 2.3396100553499999e-05 2.1385500000000000e-05 9.3448202938830002e+02
2.1019794814794490e-02 2.5064799654149998e-05 2.2518500000000001e-05 9.3455801364390004e+02
2.2134768910989058e-02 2.6852600343399999e-05 2.3711500000000002e-05 9.3463531710059999e+02
2.3309000859656603e-02 2.8767899159999994e-05 2.4967799999999998e-05 9.3471396971249999e+02
2.4545494036103295e-02 3.0819700065419999e-05 2.6290599999999999e-05 9.3479400162150000e+02
2.5847718880420045e-02 3.3017999946119998e-05 2.7683600000000000e-05 9.3487541254589996e+02
2.7219055484112444e-02 3.5372998881120002e-05 2.9150400000000001e-05 9.3495825272219997e+02
2.7775365070038964e-02 3.6339601209739997e-05 2.9745400000000002e-05 9.3499105302509997e+02
2.8289610775747390e-02 3.6448598719180002e-05 3.0295400000000001e-05 9.3499466085090000e+02
2.8802930737171755e-02 3.7332599735440002e-05 3.0844399999999999e-05 9.3502356336480000e+02
2.9391538203060320e-02 3.8352800962709990e-05 3.1473899999999997e-05 9.3505628375879996e+02
2.9992229144074897e-02 3.9400800335690003e-05 3.2116300000000003e-05 9.3508923392610006e+02
3.0605097595990186e-02 4.0477499896860003e-05 3.2771700000000003e-05 9.3512239395989991e+02
3.1230612131930052e-02 4.1583600119840003e-05 3.3440600000000000e-05 9.3515578386089999e+02
3.1868867160453597e-02 4.2719998743180005e-05 3.4123099999999999e-05 9.3518940362910007e+02
3.2520144922003676e-02 4.3887298648500002e-05 3.4819500000000001e-05 9.3522325326449993e+02
3.3184820445813230e-02 4.5086601561120004e-05 3.5530200000000001e-05 9.3525732271979996e+02
3.3862987887692660e-02 4.6318701748649993e-05 3.6255299999999998e-05 9.3529163208960006e+02
3.4555116462740516e-02 4.7584401826990007e-05 3.6995300000000001e-05 9.3532617123270006e+02
3.4710848908415574e-02 4.7870299693839997e-05 3.7161800000000001e-05 9.3533387666670001e+02
3.5705765632703390e-02 4.8013899962450004e-05 3.8225500000000002e-05 9.3533768431169995e+02
3.6190650245182691e-02 4.8884701265269996e-05 3.8743900000000000e-05 9.3536029073669999e+02
3.6764595537185744e-02 4.9920498059249994e-05 3.9357499999999997e-05 9.3538680481020003e+02
3.7347724170046170e-02 5.0978398185919999e-05 3.9980900000000002e-05 9.3541345870079999e+02
3.7940129948432849e-02 5.2058599241440000e-05 4.0614200000000002e-05 9.3544024264290010e+02
3.8541907483377907e-02 5.3161699756499999e-05 4.1257500000000003e-05 9.3546717635549999e+02
3.9153244015328124e-02 5.4288198430999997e-05 4.1910999999999999e-05 9.3549425007299999e+02
3.9774234210732992e-02 5.5438601263319996e-05 4.2574799999999998e-05 9.3552146370150001e+02
4.0405159191034282e-02 5.6613297948239995e-05 4.3249199999999999e-05 9.3554882728830000e+02
4.1046019389420471e-02 5.7812899551080002e-05 4.3934199999999997e-05 9.3557633069220003e+02
4.1697190276124625e-02 5.9037997871239995e-05 4.4630199999999998e-05 9.3560397410099995e+02
4.2358578444415006e-02 6.0288999023690009e-05 4.5337100000000003e-05 9.3563177732760005e+02
4.2549448380963861e-02 6.0651299975859995e-05 4.5541099999999997e-05 9.3563974248900001e+02
4.3740238175900857e-02 6.0833198906699995e-05 4.6813800000000002e-05 9.3564365013750000e+02
4.5854886274473032e-02 6.4782902450840000e-05 4.9073799999999998e-05 9.3572599057799994e+02
4.8180087401599556e-02 6.9195997901699998e-05 5.1558599999999998e-05 9.3581365787159996e+02
5.0623240020302433e-02 7.3909702371599995e-05 5.4169200000000003e-05 9.3590278418340006e+02
5.3190452397117956e-02 7.8944498346630003e-05 5.6912100000000000e-05 9.3599338970190001e+02
5.5887837732656438e-02 8.4322299027779992e-05 5.9793799999999997e-05 9.3608550419339997e+02
5.8722166587791814e-02 9.0066499795649990e-05 6.2821499999999995e-05 9.3617915789369999e+02
6.1700398546921942e-02 9.6201898222459989e-05 6.6002599999999997e-05 9.3627437052180005e+02
6.4829683480590566e-02 1.0275499726340999e-04 6.9344700000000000e-05 9.3637116226620003e+02
6.8117831355171340e-02 1.0975499711746999e-04 7.2856100000000002e-05 9.3646956308100005e+02
7.1572933822013338e-02 1.1723199746169999e-04 7.6545399999999994e-05 9.3656960282640000e+02
7.2872355791586060e-02 1.2007500056640000e-04 7.7932800000000000e-05 9.3660639068670002e+02
7.6294350046888545e-02 1.2043499631464001e-04 8.1586400000000002e-05 9.3661091798129996e+02
7.8557740452832786e-02 1.2521799885310001e-04 8.4002899999999995e-05 9.3666865324139997e+02
8.1070439170188191e-02 1.3058099681828001e-04 8.6685400000000002e-05 9.3673145543940007e+02
8.3663493660002267e-02 1.3617299667415003e-04 8.9453500000000007e-05 9.3679492723830003e+02
8.6339540033127660e-02 1.4200499619000000e-04 9.2310000000000002e-05 9.3685905859080003e+02
8.9101308842231525e-02 1.4808700429182000e-04 9.5257800000000001e-05 9.3692387963880003e+02
9.1951438062670962e-02 1.5442999846642999e-04 9.8299699999999997e-05 9.3698938014720000e+02
9.3544637803481184e-02 1.5800363917307320e-04 1.0000000000000000e-04 9.3702641442654260e+02
9.5905022145819502e-02 1.6013730735457872e-04 1.0251889215187721e-04 9.3704835700777755e+02
9.8324965372283912e-02 1.6234306004209512e-04 1.0510128206688960e-04 9.3707047616836621e+02
1.0080597031468648e-01 1.6462333256087676e-04 1.0774876993538448e-04 9.3709277338198933e+02
1.0334957772535251e-01 1.6698064251195990e-04 1.1046299625683784e-04 9.3711525013478558e+02
1.0595736723395778e-01 1.6941759255179316e-04 1.1324564285468147e-04 9.3713790792545615e+02
1.0863095832850918e-01 1.7193687326577588e-04 1.1609843391666012e-04 9.3716074826537124e+02
1.1137201136107835e-01 1.7454126613887703e-04 1.1902313706136057e-04 9.3718377267867766e+02
1.1418222857891262e-01 1.7723364662661434e-04 1.2202156443157040e-04 9.3720698270240530e+02
1.1706335518156359e-01 1.8001698732978452e-04 1.2509557381514035e-04 9.3723037988657734e+02
1.2001718040469003e-01 1.8289436127644920e-04 1.2824706979404170e-04 9.3725396579431970e+02
1.2304553863120805e-01 1.8586894531480094e-04 1.3147800492232717e-04 9.3727774200197109e+02
1.2615031053047857e-01 1.8894402362065458e-04 1.3479038093372150e-04 9.3730171009919604e+02
1.2933342422623950e-01 1.9212299132343681e-04 1.3818624997958615e-04 9.3732587168909618e+02
1.3259685649400815e-01 1.9540935825467724e-04 1.4166771589802161e-04 9.3735022838832458e+02
1.3594263398869733e-01 1.9880675282314006e-04 1.4523693551488925e-04 9.3737478182720020e+02
1.3937283450320725e-01 2.0231892602087353e-04 1.4889611997755478e-04 9.3739953364982432e+02
1.4288958825877565e-01 2.0594975556460207e-04 1.5264753612217601e-04 9.3742448551419432e+02
1.4649507922788635e-01 2.0970325017703159e-04 1.5649350787537620e-04 9.3744963909232524e+02
1.5019154649055871e-01 2.1358355401279619e-04 1.6043641769116832e-04 9.3747499607036536e+02
1.5398128562485996e-01 2.1759495123393243e-04 1.6447870802401503e-04 9.3750055814871666e+02
1.5786665013250381e-01 2.2174187073993259e-04 1.6862288283893200e-04 9.3752632704215603e+02
1.6185005290042062e-01 2.2602889105759975e-04 1.7287150915956518e-04 9.3755230447995643e+02
1.6593396769920732e-01 2.3046074539610306e-04 1.7722721865519599e-04 9.3757849220600951e+02
1.7012093071938700e-01 2.3504232687281487e-04 1.8169270926765227e-04 9.3760489197894969e+02
1.7441354214643257e-01 2.3977869391569862e-04 1.8627074687912652e-04 9.3763150557227891e+02
1.7881446777553239e-01 2.4467507584821326e-04 1.9096416702192958e-04 9.3765833477449280e+02
1.8332644066710113e-01 2.4973687866289941e-04 1.9577587663123297e-04 9.3768538138920701e+02
1.8795226284406330e-01 2.5496969099002243e-04 2.0070885584187845e-04 9.3771264723528634e+02
1.9269480703196404e-01 2.6037929026786154e-04 2.0576615983036259e-04 9.3774013414697401e+02
1.9755701844298756e-01 2.6597164912145845e-04 2.1095092070313047e-04 9.3776784397401957e+02
2.0254191660499118e-01 2.7175294195686732e-04 2.1626634943234000e-04 9.3779577858181449e+02
2.0765259723669086e-01 2.7772955177818667e-04 2.2171573784029124e-04 9.3782393985152169e+02
2.1289223417016270e-01 2.8390807723490042e-04 2.2730246063374024e-04 9.3785232968021046e+02
2.1826408132185449e-01 2.9029533990730850e-04 2.3302997748935139e-04 9.3788094998099086e+02
2.2377147471333103e-01 2.9689839183809016e-04 2.3890183519157120e-04 9.3790980268315059e+02
2.2941783454300843e-01 3.0372452331831648e-04 2.4492166982424012e-04 9.3793888973229184e+02
2.3520666731016385e-01 3.1078127093650776e-04 2.5109320901729103e-04 9.3796821309047004e+02
2.4114156799253972e-01 3.1807642589962268e-04 2.5742027424991760e-04 9.3799777473633321e+02
2.4722622227889493e-01 3.2561804263516657e-04 2.6390678321162994e-04 9.3802757666526281e+02
2.5346440885788918e-01 3.3341444768391558e-04 2.7055675222264949e-04 9.3805762088951690e+02
2.5986000176472213e-01 3.4147424889307572e-04 2.7737429871513470e-04 9.3808790943837198e+02
2.6641697278698445e-01 3.4980634492002622e-04 2.8436364377676149e-04 9.3811844435826913e+02
2.7313939393121561e-01 3.5841993505714072e-04 2.9152911475822664e-04 9.3814922771295846e+02
2.8003143995169871e-01 3.6732452938853261e-04 2.9887514794627447e-04 9.3818026158364796e+02
2.8709739094306425e-01 3.7652995928993927e-04 3.0640629130389486e-04 9.3821154806915024e+02
2.9434163499831217e-01 3.8604638828333818e-04 3.1412720727937561e-04 9.3824308928603330e+02
3.0176867093390281e-01 3.9588432325827756e-04 3.2204267568593779e-04 9.3827488736877149e+02
3.0938311108360989e-01 4.0605462607231361e-04 3.3015759665372553e-04 9.3830694446989787e+02
3.1718968416286858e-01 4.1656852554335810e-04 3.3847699365596414e-04 9.3833926276015757e+02
3.2519323820540080e-01 4.2743762984718208e-04 3.4700601661114981e-04 9.3837184442866328e+02
3.3339874357393789e-01 4.3867393933375818e-04 3.5574994506317554e-04 9.3840469168305128e+02
3.4181129604691246e-01 4.5028985977659544e-04 3.6471419144135049e-04 9.3843780674963932e+02
3.5043611998303620e-01 4.6229821606969348e-04 3.7390430440231617e-04 9.3847119187358635e+02
3.5927857156572823e-01 4.7471226638723916e-04 3.8332597225591370e-04 9.3850484931905214e+02
3.6834414212940902e-01 4.8754571682167822e-04 3.9298502647710799e-04 9.3853878136936032e+02
3.7763846156972580e-01 5.0081273651632373e-04 4.0288744530612725e-04 9.3857299032716037e+02
3.8716730183982773e-01 5.1452797330921120e-04 4.1303935743903098e-04 9.3860747851459382e+02
3.9693658053486036e-01 5.2870656990546786e-04 4.2344704581097234e-04 9.3864224827345981e+02
4.0695236456690809e-01 5.4336418059605662e-04 4.3411695147448228e-04 9.3867730196538309e+02
4.1722087393266383e-01 5.5851698854134937e-04 4.4505567757515562e-04 9.3871264197198263e+02
4.2774848557616857e-01 5.7418172363861571e-04 4.5626999342718359e-04 9.3874827069504283e+02
4.3854173734901725e-01 5.9037568099315019e-04 4.6776683869123429e-04 9.3878419055668621e+02
4.4960733207049186e-01 6.0711674001343648e-04 4.7955332765724923e-04 9.3882040399954587e+02
4.6095214169014270e-01 6.2442338415142609e-04 4.9163675363478516e-04 9.3885691348694127e+02
4.7258321155540256e-01 6.4231472130972999e-04 5.0402459345359708e-04 9.3889372150305530e+02
4.8450776478688468e-01 6.6081050493825360e-04 5.1672451207722717e-04 9.3893083055311297e+02
4.9673320676408084e-01 6.7993115584356510e-04 5.2974436733243158e-04 9.3896824316355912e+02
5.0926712972424648e-01 6.9969778473508051e-04 5.4309221475734798e-04 9.3900596188224370e+02
5.2211731747732737e-01 7.2013221553295418e-04 5.5677631257138298e-04 9.3904398927860018e+02
5.3529175023985709e-01 7.4125700946341155e-04 5.7080512676986475e-04 9.3908232794383503e+02
5.4879860959082682e-01 7.6309548996812574e-04 5.8518733634659460e-04 9.3912098049111012e+02
5.6264628355260482e-01 7.8567176845513909e-04 5.9993183864749601e-04 9.3915994955573206e+02
5.7684337180006151e-01 8.0901077091976355e-04 6.1504775485864951e-04 9.3919923779534417e+02
5.9139869100113529e-01 8.3313826546484973e-04 6.3054443563208447e-04 9.3923884789011231e+02
6.0632128029215393e-01 8.5808089075080655e-04 6.4643146685276797e-04 9.3927878254292443e+02
6.2162040689131492e-01 8.8386618540678918e-04 6.6271867555034393e-04 9.3931904447957982e+02
6.3730557185380743e-01 9.1052261843551979e-04 6.7941613595923450e-04 9.3935963644898834e+02
6.5338651597215336e-01 9.3807962064531864e-04 6.9653417573083056e-04 9.3940056122336853e+02
6.6987322582542785e-01 9.6656761714403834e-04 7.1408338230157583e-04 9.3944182159844604e+02
6.8677593998111985e-01 9.9601806093078992e-04 7.3207460942085057e-04 9.3948342039365616e+02
7.0410515535348195e-01 1.0264634676225390e-03 7.5051898384265907e-04 9.3952536045234842e+02
7.2187163372231677e-01 1.0579374513539127e-03 7.6942791218522031e-04 9.3956764464198920e+02
7.4008640841625351e-01 1.0904747618898647e-03 7.8881308796267054e-04 9.3961027585437137e+02
7.5876079116465833e-01 1.1241113229921594e-03 8.0868649879318447e-04 9.3965325700582196e+02
7.7790637912243898e-01 1.1588842720820433e-03 8.2906043378793521e-04 9.3969659103741230e+02
7.9753506207210301e-01 1.1948320012428928e-03 8.4994749112541680e-04 9.3974028091517334e+02
8.1765902980754435e-01 1.2319941996081082e-03 8.7136058581577843e-04 9.3978432963030639e+02
8.3829077970414223e-01 1.2704118971810518e-03 8.9331295765991854e-04 9.3982874019940232e+02
8.5944312447987437e-01 1.3101275101354149e-03 9.1581817940821842e-04 9.3987351566465907e+02
8.8112920015226437e-01 1.3511848876460245e-03 9.3889016512391482e-04 9.3991865909410240e+02
9.0336247419610349e-01 1.3936293603017970e-03 9.6254317875623047e-04 9.3996417358180668e+02
9.2615675390701524e-01 1.4375077901542907e-03 9.8679184292851333e-04 9.4001006224812068e+02
9.4952619497605328e-01 1.4828686224571119e-03 1.0116511479467667e-03 9.4005632823989311e+02
9.7348531028066287e-01 1.5297619391533056e-03 1.0371364610340856e-03 9.4010297473070159e+02
9.9804897889745781e-01 1.5782395141697751e-03 1.0632635357966506e-03 9.4015000492108152e+02
1.0232324553424184e+00 1.6283548705797902e-03 1.0900485219270768e-03 9.4019742203875978e+02
1.0490513790442400e+00 1.6801633396966856e-03 1.1175079751510513e-03 9.4024522933888818e+02
1.0755217840567257e+00 1.7337221221640090e-03 1.1456588674233527e-03 9.4029343010428079e+02
1.1026601090162433e+00 1.7890903511095461e-03 1.1745185973794862e-03 9.4034202764565168e+02
1.1304832073504392e+00 1.8463291574329686e-03 1.2041050010493290e-03 9.4039102530185687e+02
1.1590083577445440e+00 1.9055017372991757e-03 1.2344363628393439e-03 9.4044042644013609e+02
1.1882532748717729e+00 1.9666734219118552e-03 1.2655314267900734e-03 9.4049023445635760e+02
1.2182361203944818e+00 2.0299117496442943e-03 1.2974094081158012e-03 9.4054045277526643e+02
1.2489755142429135e+00 2.0952865406070817e-03 1.3300900050334393e-03 9.4059108485073375e+02
1.2804905461785354e+00 2.1628699737350210e-03 1.3635934108878678e-03 9.4064213416600819e+02
1.3128007876491541e+00 2.2327366664783850e-03 1.3979403265811474e-03 9.4069360423396984e+02
1.3459263039431639e+00 2.3049637571864725e-03 1.4331519733131951e-03 9.4074549859738659e+02
1.3798876666504818e+00 2.3796309902744408e-03 1.4692501056417151e-03 9.4079782082917188e+02
1.4147059664379049e+00 2.4568208042674445e-03 1.5062570248693587e-03 9.4085057453264744e+02
1.4504028261468251e+00 2.5366184228192775e-03 1.5441955927663043e-03 9.4090376334180462e+02
1.4870004142214328e+00 2.6191119488060215e-03 1.5830892456366286e-03 9.4095739092157010e+02
1.5245214584757538e+00 2.7043924615985843e-03 1.6229620087370692e-03 9.4101146096807577e+02
1.5629892602080622e+00 2.7925541176215206e-03 1.6638385110569818e-03 9.4106597720892637e+02
1.6024277086714411e+00 2.8836942543091645e-03 1.7057440004685216e-03 9.4112094340347369e+02
1.6428612959094726e+00 2.9779134975738480e-03 1.7487043592562884e-03 9.4117636334309259e+02
1.6843151319662735e+00 3.0753158729048598e-03 1.7927461200359350e-03 9.4123224085145705e+02
1.7268149604803213e+00 3.1760089202208051e-03 1.8378964820714371e-03 9.4128857978482120e+02
1.7703871746717541e+00 3.2801038126021712e-03 1.8841833280009940e-03 9.4134538403230192e+02
1.8150588337330740e+00 3.3877154790351968e-03 1.9316352409817637e-03 9.4140265751616448e+02
1.8608576796334311e+00 3.4989627313025480e-03 1.9802815222638957e-03 9.4146040419210965e+02
1.9078121543469275e+00 3.6139683951609196e-03 2.0301522092045785e-03 9.4151862804956511e+02
1.9559514175156349e+00 3.7328594459503728e-03 2.0812780937330896e-03 9.4157733311197876e+02
2.0053053645583003e+00 3.8557671487851435e-03 2.1336907412781224e-03 9.4163652343711192e+02
2.0559046452359819e+00 3.9828272034807015e-03 2.1874225101689068e-03 9.4169620311734093e+02
2.1077806826861476e+00 4.1141798943770689e-03 2.2425065715219747e-03 9.4175637627995684e+02
2.1609656929370544e+00 4.2499702452238174e-03 2.2989769296256849e-03 9.4181704708746884e+02
2.2154927049145283e+00 4.3903481792977412e-03 2.3568684428349283e-03 9.4187821973791154e+02
2.2713955809535693e+00 4.5354686849300076e-03 2.4162168449887501e-03 9.4193989846515456e+02
2.3287090378275206e+00 4.6854919866255165e-03 2.4770587673639422e-03 9.4200208753921413e+02
2.3874686683078603e+00 4.8405837219634186e-03 2.5394317611779757e-03 9.4206479126656836e+02
2.4477109632680043e+00 5.0009151244740846e-03 2.6033743206549812e-03 9.4212801399047453e+02
2.5094733343448485e+00 5.1666632126944551e-03 2.6689259066688220e-03 9.4219176009129137e+02
2.5727941371721235e+00 5.3380109856104984e-03 2.7361269709776656e-03 9.4225603398680096e+02
2.6377126951999879e+00 5.5151476247025369e-03 2.8050189810647978e-03 9.4232084013253609e+02
2.7042693241156575e+00 5.6982687028165665e-03 2.8756444456008025e-03 9.4238618302211080e+02
2.7725053568802300e+00 5.8875764000921194e-03 2.9480469405426136e-03 9.4245206718755128e+02
2.8424631693972571e+00 6.0832797271851138e-03 3.0222711358853034e-03 9.4251849719963241e+02
2.9141862068290072e+00 6.2855947560321425e-03 3.0983628230828986e-03 9.4258547766821698e+02
2.9877190105767539e+00 6.4947448584109554e-03 3.1763689431548955e-03 9.4265301324259678e+02
3.0631072459418540e+00 6.7109609525605558e-03 3.2563376154955736e-03 9.4272110861183751e+02
3.1403977304847861e+00 6.9344817581331744e-03 3.3383181674036234e-03 9.4278976850512618e+02
3.2196384630997685e+00 7.1655540597596419e-03 3.4223611643500345e-03 9.4285899769212517e+02
3.3008786538230046e+00 7.4044329795191072e-03 3.5085184410026688e-03 9.4292880098332284e+02
3.3841687543930727e+00 7.6513822586139809e-03 3.5968431330263375e-03 9.4299918323039378e+02
3.4695604895824377e+00 7.9066745485610584e-03 3.6873897096777347e-03 9.4307014932655920e+02
3.5571068893195399e+00 8.1705917122203361e-03 3.7802140072150199e-03 9.4314170420695075e+02
3.6468623216214127e+00 8.4434251349938833e-03 3.8753732631423400e-03 9.4321385284897906e+02
3.7388825263572776e+00 8.7254760465383472e-03 3.9729261513100919e-03 9.4328660027270416e+02
3.8332246498640896e+00 9.0170558533463029e-03 4.0729328178922492e-03 9.4335995154120997e+02
3.9299472804355204e+00 9.3184864825636114e-03 4.1754549182625653e-03 9.4343391176098214e+02
4.0291104847064316e+00 9.6301007374224451e-03 4.2805556547920731e-03 9.4350848608228989e+02
4.1307758449554211e+00 9.9522426646823352e-03 4.3882998155907920e-03 9.4358367969956987e+02
4.2350064973486168e+00 1.0285267934484994e-02 4.4987538142171549e-03 9.4365949785181590e+02
4.3418671711484640e+00 1.0629544233042241e-02 4.6119857303792569e-03 9.4373594582296937e+02
4.4514242289118551e+00 1.0985451668590640e-02 4.7280653516525864e-03 9.4381302894231624e+02
4.5637457077025712e+00 1.1353383191061033e-02 4.8470642162395652e-03 9.4389075258488560e+02
4.6789013613436170e+00 1.1733745025926300e-02 4.9690556567967819e-03 9.4396912217185400e+02
4.7969627037357077e+00 1.2126957122706386e-02 5.0941148453565507e-03 9.4404814317094838e+02
4.9180030532687855e+00 1.2533453618625748e-02 5.2223188393699200e-03 9.4412782109686111e+02
5.0420975783541735e+00 1.2953683317935168e-02 5.3537466288991328e-03 9.4420816151166207e+02
5.1693233441056163e+00 1.3388110187427098e-02 5.4884791849880554e-03 9.4428917002521575e+02
5.2997593601982107e+00 1.3837213868691640e-02 5.6265995092398807e-03 9.4437085229560557e+02
5.4334866299349613e+00 1.4301490207678806e-02 5.7681926846321748e-03 9.4445321402955756e+02
5.5705882005513976e+00 1.4781451802151577e-02 5.9133459275999556e-03 9.4453626098287100e+02
5.7111492147895300e+00 1.5277628567634385e-02 6.0621486414183723e-03 9.4461999896085388e+02
5.8552569637731411e+00 1.5790568322481671e-02 6.2146924709172973e-03 9.4470443381875782e+02
6.0030009412172776e+00 1.6320837392712676e-02 6.3710713585609004e-03 9.4478957146222217e+02
6.1544728990055848e+00 1.6869021237280100e-02 6.5313816019261393e-03 9.4487541784771895e+02
6.3097669041700106e+00 1.7435725094463027e-02 6.6957219126149376e-03 9.4496197898300375e+02
6.4689793973082663e+00 1.8021574650097849e-02 6.8641934766356452e-03 9.4504926092757012e+02
6.6322092524753069e+00 1.8627216728384830e-02 7.0369000162903012e-03 9.4513726979310798e+02
6.7995578385860478e+00 1.9253320006033147e-02 7.2139478536050895e-03 9.4522601174396573e+02
6.9711290823674297e+00 1.9900575750532817e-02 7.3954459753422918e-03 9.4531549299761980e+02
7.1470295328989399e+00 2.0569698583368622e-02 7.5815060996330579e-03 9.4540571982514371e+02
7.3273684277816598e+00 2.1261427269018678e-02 7.7722427442711590e-03 9.4549669855168622e+02
7.5122577609769419e+00 2.1976525530608828e-02 7.9677732967090385e-03 9.4558843555695114e+02
7.7018123523568391e+00 2.2715782893123281e-02 8.1682180857983507e-03 9.4568093727568214e+02
7.8961499190094759e+00 2.3480015555102610e-02 8.3737004553183069e-03 9.4577421019815210e+02
8.0953911483436514e+00 2.4270067289791405e-02 8.5843468393361835e-03 9.4586826087065765e+02
8.2996597730380692e+00 2.5086810376730637e-02 8.8002868394454394e-03 9.4596309589601901e+02
8.5090826478817316e+00 2.5931146564823145e-02 9.0216533039280469e-03 9.4605872193408175e+02
8.7237898285532367e+00 2.6804008067935738e-02 9.2485824088887319e-03 9.4615514570222706e+02
8.9439146523878836e+00 2.7706358594136910e-02 9.4812137414100467e-03 9.4625237397588307e+02
9.1695938211827510e+00 2.8639194409706744e-02 9.7196903847783650e-03 9.4635041358904368e+02
9.4009674860911616e+00 2.9603545439093524e-02 9.9641590058321492e-03 9.4644927143479151e+02
9.6381793346593039e+00 3.0600476402031850e-02 1.0214769944485128e-02 9.4654895446582555e+02
9.8813766800589544e+00 3.1631087989077177e-02 1.0471677305478202e-02 9.4664946969499272e+02
1.0130710552571848e+01 3.2696518076855294e-02 1.0735039052415412e-02 9.4675082419582907e+02
1.0386335793382413e+01 3.3797942984367953e-02 1.1005017104140509e-02 9.4685302510309839e+02
1.0648411150737161e+01 3.4936578771742041e-02 1.1281777433512085e-02 9.4695607961334440e+02
1.0917099378530429e+01 3.6113682582856008e-02 1.1565490168636760e-02 9.4705999498543997e+02
1.1192567337377735e+01 3.7330554033326122e-02 1.1856329696621195e-02 9.4716477854114896e+02
1.1474986098239413e+01 3.8588536645384593e-02 1.2154474769905336e-02 9.4727043766568863e+02
1.1764531048659071e+01 3.9889019331234538e-02 1.2460108615240908e-02 9.4737697980829955e+02
1.2061382001682638e+01 4.1233437926518665e-02 1.2773419045380447e-02 9.4748441248281995e+02
1.2365723307525753e+01 4.2623276775595270e-02 1.3094598573544083e-02 9.4759274326826517e+02
1.2677743968058850e+01 4.4060070370371719e-02 1.3423844530732764e-02 9.4770197980941452e+02
1.2997637754180992e+01 4.5545405044504751e-02 1.3761359185958413e-02 9.4781212981740089e+02
1.3325603326155361e+01 4.7080920724838188e-02 1.4107349869463002e-02 9.4792320107031082e+02
1.3661844356981160e+01 4.8668312742011735e-02 1.4462029099000748e-02 9.4803520141378340e+02
1.4006569658878487e+01 5.0309333702239993e-02 1.4825614709258868e-02 9.4814813876162236e+02
1.4359993312964805e+01 5.2005795422328152e-02 1.5198329984494762e-02 9.4826202109640747e+02
1.4722334802203470e+01 5.3759570930060958e-02 1.5580403794468961e-02 9.4837685647011540e+02
1.5093819147706919e+01 5.5572596532173356e-02 1.5972070733755356e-02 9.4849265300474678e+02
1.5474677048479160e+01 5.7446873952186117e-02 1.6373571264512193e-02 9.4860941889295793e+02
1.5865145024684342e+01 5.9384472540466783e-02 1.6785151862799292e-02 9.4872716239869897e+02
1.6265465564530377e+01 6.1387531558955988e-02 1.7207065168529153e-02 9.4884589185785831e+02
1.6675887274858830e+01 6.3458262543081650e-02 1.7639570139141608e-02 9.4896561567891456e+02
1.7096665035534603e+01 6.5598951743468858e-02 1.8082932207094136e-02 9.4908634234358976e+02
1.7528060157731304e+01 6.7811962650141222e-02 1.8537423441261809e-02 9.4920808040751774e+02
1.7970340546210537e+01 7.0099738602000514e-02 1.9003322712343593e-02 9.4933083850091032e+02
1.8423780865695999e+01 7.2464805484465988e-02 1.9480915862373823e-02 9.4945462532923375e+02
1.8888662711445605e+01 7.4909774518251412e-02 1.9970495878440062e-02 9.4957944967389267e+02
1.9365274784127621e+01 7.7437345142359129e-02 2.0472363070711208e-02 9.4970532039292050e+02
1.9853913069109389e+01 8.0050307994473852e-02 2.0986825254882251e-02 9.4983224642167079e+02
2.0354881020270000e+01 8.2751547992047328e-02 2.1514197939144306e-02 9.4996023677352673e+02
2.0868489748451069e+01 8.5544047517475144e-02 2.2054804515791934e-02 9.5008930054060545e+02
2.1395058214662587e+01 8.8430889710882393e-02 2.2608976457581614e-02 9.5021944689447764e+02
2.1934913428163952e+01 9.1415261874154205e-02 2.3177053518958917e-02 9.5035068508688937e+02
2.2488390649543042e+01 9.4500458989968672e-02 2.3759383942273886e-02 9.5048302445049512e+02
2.3055833598919595e+01 9.7689887359718244e-02 2.4356324669108038e-02 9.5061647439959279e+02
2.3637594669402052e+01 1.0098706836433548e-01 2.4968241556838400e-02 9.5075104443087105e+02
2.4234035145930569e+01 1.0439564235217592e-01 2.5595509600567945e-02 9.5088674412416060e+02
2.4845525429641967e+01 1.0791937265825029e-01 2.6238513160554307e-02 9.5102358314319440e+02
2.5472445267896049e+01 1.1156214975924371e-01 2.6897646195272303e-02 9.5116157123637447e+02
2.6115183990106097e+01 1.1532799556890938e-01 2.7573312500248803e-02 9.5130071823754645e+02
2.6774140749520011e+01 1.1922106787857907e-01 2.8265925952811997e-02 9.5144103406678391e+02
2.7449724771102243e+01 1.2324566494769343e-01 2.8975910762900688e-02 9.5158252873117601e+02
2.8142355605670446e+01 1.2740623024941988e-01 2.9703701730082525e-02 9.5172521232562633e+02
2.8852463390444711e+01 1.3170735737659822e-01 3.0449744506933905e-02 9.5186909503365916e+02
2.9580489116171137e+01 1.3615379511343004e-01 3.1214495868937975e-02 9.5201418712823272e+02
3.0326884900985650e+01 1.4075045267851155e-01 3.1998423991060940e-02 9.5216049897256130e+02
3.1092114271188187e+01 1.4550240514499913e-01 3.2802008731170777e-02 9.5230804102094532e+02
3.1876652449101520e+01 1.5041489904389085e-01 3.3625741920466516e-02 9.5245682381960876e+02
3.2680986648193574e+01 1.5549335815661131e-01 3.4470127661090227e-02 9.5260685800754675e+02
3.3505616375646454e+01 1.6074338950329489e-01 3.5335682631098139e-02 9.5275815431737954e+02
3.4351053742560140e+01 1.6617078953337908e-01 3.6222936396971633e-02 9.5291072357621692e+02
3.5217823781983434e+01 1.7178155052534264e-01 3.7132431733853069e-02 9.5306457670652946e+02
3.6106464774969666e+01 1.7758186720265429e-01 3.8064724953696123e-02 9.5321972472702976e+02
3.7017528584859754e+01 1.8357814357323740e-01 3.9020386241524818e-02 9.5337617875356182e+02
3.7951580999999997e+01 1.8977700000000000e-01 4.0000000000000001e-02 9.5353576899999996e+02
4.3140484999999998e+01 2.1534000000000000e-01 4.5440000000000001e-02 9.5413527199999999e+02
4.8332220999999997e+01 2.3698700000000000e-01 5.0880000000000002e-02 9.5458531000000005e+02
5.3526071999999999e+01 2.5494899999999998e-01 5.6320000000000002e-02 9.5492048999999997e+02
5.8721502999999998e+01 2.6994200000000002e-01 6.1760000000000002e-02 9.5517414299999996e+02
6.3918156000000003e+01 2.8309699999999999e-01 6.7199999999999996e-02 9.5537756800000000e+02
6.9115836999999999e+01 2.9588799999999998e-01 7.2639999999999996e-02 9.5555967099999998e+02
7.4314503999999999e+01 3.1007099999999999e-01 7.8079999999999997e-02 9.5574684500000001e+02
7.9514250000000004e+01 3.2763199999999998e-01 8.3519999999999997e-02 9.5596298999999999e+02
8.4715290999999993e+01 3.5059200000000001e-01 8.8959999999999997e-02 9.5622795399999995e+02
8.9917867000000001e+01 3.7855699999999998e-01 9.4399999999999998e-02 9.5653166399999998e+02
9.5122280000000003e+01 4.1563000000000000e-01 9.9839999999999998e-02 9.5691190099999994e+02
1.0032901800000000e+02 4.6511900000000000e-01 1.0528000000000000e-01 9.5739287000000002e+02
1.0553867600000000e+02 5.2984200000000004e-01 1.1072000000000000e-01 9.5799052099999994e+02
1.1075192100000000e+02 6.1243999999999998e-01 1.1616000000000000e-01 9.5871696099999997e+02
1.1596948100000000e+02 7.1543599999999996e-01 1.2160000000000000e-01 9.5958163800000000e+02
1.2119212800000000e+02 8.4124900000000002e-01 1.2703999999999999e-01 9.6059190799999999e+02
1.2642067200000000e+02 9.9219100000000005e-01 1.3247999999999999e-01 9.6175339799999995e+02
1.3165594500000000e+02 1.1704690000000000e+00 1.3791999999999999e-01 9.6307026199999996e+02
1.3689880299999999e+02 1.3781810000000001e+00 1.4335999999999999e-01 9.6454540599999996e+02
1.4215011100000001e+02 1.6173190000000000e+00 1.4879999999999999e-01 9.6618067299999996e+02
1.4741074300000000e+02 1.8897679999999999e+00 1.5423999999999999e-01 9.6797701500000005e+02
1.5268157700000000e+02 2.1973159999999998e+00 1.5967999999999999e-01 9.6993465300000003e+02
1.5796349000000001e+02 2.5416560000000001e+00 1.6511999999999999e-01 9.7205321500000002e+02
1.6325735399999999e+02 2.9243999999999999e+00 1.7055999999999999e-01 9.7433186799999999e+02
1.6856403800000001e+02 3.3470830000000000e+00 1.7599999999999999e-01 9.7676943000000006e+02
1.7388440199999999e+02 3.8111799999999998e+00 1.8143999999999999e-01 9.7936446699999999e+02
1.7921929900000001e+02 4.3181060000000002e+00 1.8687999999999999e-01 9.8211537699999997e+02
1.8456957299999999e+02 4.8692359999999999e+00 1.9231999999999999e-01 9.8502045599999997e+02
1.8993605700000001e+02 5.4659050000000002e+00 1.9775999999999999e-01 9.8807795099999998e+02
1.9531957600000001e+02 6.1094169999999997e+00 2.0319999999999999e-01 9.9128610200000003e+02
2.0072094500000000e+02 6.8010529999999996e+00 2.0863999999999999e-01 9.9464317000000005e+02
2.0614097000000001e+02 7.5420759999999998e+00 2.1407999999999999e-01 9.9814745500000004e+02
2.1158044799999999e+02 8.3337280000000007e+00 2.1951999999999999e-01 1.0017973130000000e+03
2.1704016500000000e+02 9.1772399999999994e+00 2.2495999999999999e-01 1.0055911500000000e+03
2.2252090200000001e+02 1.0073829000000000e+01 2.3039999999999999e-01 1.0095274300000000e+03
2.2802342999999999e+02 1.1024696000000000e+01 2.3583999999999999e-01 1.0136046640000000e+03
2.3354851199999999e+02 1.2031029000000000e+01 2.4127999999999999e-01 1.0178214030000000e+03
2.3909690300000000e+02 1.3093999000000000e+01 2.4671999999999999e-01 1.0221762250000000e+03
2.4466935000000001e+02 1.4214757000000001e+01 2.5216000000000000e-01 1.0266677250000000e+03
2.5026659500000000e+02 1.5394432999999999e+01 2.5760000000000000e-01 1.0312944990000001e+03
2.5588936799999999e+02 1.6634129000000001e+01 2.6304000000000000e-01 1.0360551340000000e+03
2.6153839599999998e+02 1.7934919000000001e+01 2.6848000000000000e-01 1.0409481910000000e+03
2.6721439500000002e+02 1.9297844000000001e+01 2.7392000000000000e-01 1.0459721939999999e+03
2.7291807299999999e+02 2.0723905999999999e+01 2.7936000000000000e-01 1.0511256200000000e+03
2.7865013099999999e+02 2.2214065999999999e+01 2.8480000000000000e-01 1.0564068850000001e+03
2.8441126000000003e+02 2.3769240000000000e+01 2.9024000000000000e-01 1.0618143379999999e+03
2.9020214099999998e+02 2.5390294999999998e+01 2.9568000000000000e-01 1.0673462540000000e+03
2.9602344900000003e+02 2.7078044999999999e+01 3.0112000000000000e-01 1.0730008230000001e+03
3.0187584500000003e+02 2.8833248000000001e+01 3.0656000000000000e-01 1.0787761539999999e+03
3.0775998099999998e+02 3.0656606000000000e+01 3.1200000000000000e-01 1.0846702630000000e+03
3.1367649899999998e+02 3.2548757999999999e+01 3.1744000000000000e-01 1.0906810790000000e+03
3.1962602700000002e+02 3.4510280999999999e+01 3.2288000000000000e-01 1.0968064409999999e+03
3.2560918400000003e+02 3.6541690000000003e+01 3.2832000000000000e-01 1.1030441000000001e+03
3.3162657300000001e+02 3.8643433000000002e+01 3.3376000000000000e-01 1.1093917240000001e+03
3.3767878800000000e+02 4.0815894000000000e+01 3.3920000000000000e-01 1.1158468989999999e+03
3.4376640600000002e+02 4.3059393000000000e+01 3.4464000000000000e-01 1.1224071369999999e+03
3.4988999300000000e+02 4.5374184000000000e+01 3.5008000000000000e-01 1.1290698820000000e+03
3.5605009899999999e+02 4.7760458000000000e+01 3.5552000000000000e-01 1.1358325150000001e+03
3.6224724700000002e+02 5.0198283000000004e+01 3.6096000000000000e-01 1.1426367430000000e+03
3.6847887400000002e+02 5.2305466000000003e+01 3.6640000000000000e-01 1.1484306180000001e+03
3.7474079100000000e+02 5.4303009000000003e+01 3.7184000000000000e-01 1.1538415680000001e+03
3.8103163599999999e+02 5.6265801000000003e+01 3.7728000000000000e-01 1.1590810389999999e+03
3.8735068000000001e+02 5.8217419999999997e+01 3.8272000000000000e-01 1.1642160510000001e+03
3.9369745699999999e+02 6.0169724000000002e+01 3.8816000000000001e-01 1.1692803400000000e+03
4.0007163100000002e+02 6.2115696000000000e+01 3.9360000000000001e-01 1.1742581610000000e+03
4.0647100599999999e+02 6.3810487000000002e+01 3.9904000000000001e-01 1.1785339489999999e+03
4.1289319799999998e+02 6.5476422999999997e+01 4.0448000000000001e-01 1.1826797959999999e+03
4.1933782400000001e+02 6.7149215999999996e+01 4.0992000000000001e-01 1.1867870590000000e+03
4.2580474500000003e+02 6.8837923000000004e+01 4.1536000000000001e-01 1.1908787270000000e+03
4.3229390999999998e+02 7.0546824999999998e+01 4.2080000000000001e-01 1.1949654550000000e+03
4.3880530700000003e+02 7.2278435000000002e+01 4.2624000000000001e-01 1.1990533009999999e+03
4.4533895500000000e+02 7.4034409999999994e+01 4.3168000000000001e-01 1.2031461059999999e+03
4.5189488799999998e+02 7.5815938000000003e+01 4.3712000000000001e-01 1.2072464789999999e+03
4.5847315300000002e+02 7.7623913999999999e+01 4.4256000000000001e-01 1.2113562700000000e+03
4.6507380400000000e+02 7.9459042999999994e+01 4.4800000000000001e-01 1.2154768290000000e+03
4.7169690400000002e+02 8.1321894000000000e+01 4.5344000000000001e-01 1.2196091620000000e+03
4.7834251799999998e+02 8.3212939000000006e+01 4.5888000000000001e-01 1.2237540260000001e+03
4.8501071600000000e+02 8.5132580000000004e+01 4.6432000000000001e-01 1.2279119889999999e+03
4.9170157100000000e+02 8.7081157000000005e+01 4.6976000000000001e-01 1.2320834809999999e+03
4.9841515700000002e+02 8.9058967999999993e+01 4.7520000000000001e-01 1.2362688169999999e+03
5.0515155099999998e+02 9.1066271000000000e+01 4.8064000000000001e-01 1.2404682250000001e+03
5.1191082899999998e+02 9.3103295000000003e+01 4.8608000000000001e-01 1.2446818610000000e+03
5.1869306900000004e+02 9.5170242000000002e+01 4.9152000000000001e-01 1.2489098200000001e+03
5.2549834899999996e+02 9.7267290000000003e+01 4.9696000000000001e-01 1.2531521499999999e+03
5.3232674799999995e+02 9.9394598999999999e+01 5.0239999999999996e-01 1.2574088560000000e+03
5.3917834300000004e+02 1.0155231100000000e+02 5.0783999999999996e-01 1.2616799090000000e+03
5.4605321300000003e+02 1.0374055100000000e+02 5.1327999999999996e-01 1.2659652520000000e+03
5.5295143499999995e+02 1.0595943200000001e+02 5.1871999999999996e-01 1.2702647990000000e+03
5.5987308599999994e+02 1.0820905300000000e+02 5.2415999999999996e-01 1.2745784440000000e+03
5.6681824300000005e+02 1.1048950200000000e+02 5.2959999999999996e-01 1.2789060649999999e+03
5.7378698099999997e+02 1.1280085500000000e+02 5.3503999999999996e-01 1.2832475190000000e+03
5.8077937499999996e+02 1.1514318100000000e+02 5.4047999999999996e-01 1.2876026520000000e+03
5.8779549799999995e+02 1.1751653700000000e+02 5.4591999999999996e-01 1.2919712970000000e+03
5.9483542599999998e+02 1.1992097300000000e+02 5.5135999999999996e-01 1.2963532769999999e+03
6.0189922799999999e+02 1.2235653100000000e+02 5.5679999999999996e-01 1.3007484059999999e+03
6.0898697600000003e+02 1.2482324500000000e+02 5.6223999999999996e-01 1.3051564890000000e+03
6.1609874100000002e+02 1.2732114300000001e+02 5.6767999999999996e-01 1.3095773270000000e+03
6.2323459000000003e+02 1.2985024700000000e+02 5.7311999999999996e-01 1.3140107120000000e+03
6.3039459199999999e+02 1.3241057000000001e+02 5.7855999999999996e-01 1.3184564330000001e+03
6.3757881399999997e+02 1.3500212300000001e+02 5.8399999999999996e-01 1.3229142770000001e+03
6.4478731900000002e+02 1.3762490900000000e+02 5.8943999999999996e-01 1.3273840240000000e+03
6.5202017400000000e+02 1.4027892700000001e+02 5.9487999999999996e-01 1.3318654540000000e+03
6.5927744099999995e+02 1.4296417000000000e+02 6.0031999999999996e-01 1.3363583440000000e+03
6.6655917999999997e+02 1.4568063000000001e+02 6.0575999999999997e-01 1.3408624700000000e+03
6.7386545400000000e+02 1.4842828900000001e+02 6.1119999999999997e-01 1.3453776060000000e+03
6.8119632100000001e+02 1.5120713100000000e+02 6.1663999999999997e-01 1.3499035269999999e+03
6.8855183999999997e+02 1.5401713100000001e+02 6.2207999999999997e-01 1.3544400069999999e+03
6.9593206599999996e+02 1.5685826399999999e+02 6.2751999999999997e-01 1.3589868200000001e+03
7.0333705699999996e+02 1.5973050000000001e+02 6.3295999999999997e-01 1.3635437390000000e+03
7.1076686500000005e+02 1.6263380599999999e+02 6.3839999999999997e-01 1.3681105410000000e+03
7.1822154499999999e+02 1.6556814600000001e+02 6.4383999999999997e-01 1.3726870010000000e+03
7.2570114799999999e+02 1.6853348099999999e+02 6.4927999999999997e-01 1.3772728959999999e+03
7.3320572500000003e+02 1.7152976899999999e+02 6.5471999999999997e-01 1.3818680059999999e+03
7.4073532499999999e+02 1.7455696599999999e+02 6.6015999999999997e-01 1.3864721110000000e+03
7.4828999699999997e+02 1.7761502600000000e+02 6.6559999999999997e-01 1.3910849920000001e+03
7.5586978799999997e+02 1.8070390000000000e+02 6.7103999999999997e-01 1.3957064350000001e+03
7.6347474399999999e+02 1.8382353599999999e+02 6.7647999999999997e-01 1.4003362239999999e+03
7.7110491000000002e+02 1.8697388300000000e+02 6.8191999999999997e-01 1.4049741469999999e+03
7.7876032899999996e+02 1.9015488400000001e+02 6.8735999999999997e-01 1.4096199970000000e+03
7.8644104400000003e+02 1.9336648299999999e+02 6.9279999999999997e-01 1.4142735650000000e+03
7.9414709700000003e+02 1.9660862100000000e+02 6.9823999999999997e-01 1.4189346459999999e+03
8.0187852699999996e+02 1.9988123999999999e+02 7.0367999999999997e-01 1.4236030380000000e+03
8.0963537499999995e+02 2.0318427600000001e+02 7.0911999999999997e-01 1.4282785420000000e+03
8.1741767700000003e+02 2.0651766699999999e+02 7.1455999999999997e-01 1.4329609610000000e+03
8.2522547199999997e+02 2.0988135000000000e+02 7.1999999999999997e-01 1.4376501000000001e+03
8.3305879500000003e+02 2.1327525900000001e+02 7.2543999999999997e-01 1.4423457679999999e+03
8.4091768100000002e+02 2.1669932600000001e+02 7.3087999999999997e-01 1.4470477750000000e+03
8.4880216399999995e+02 2.2015348499999999e+02 7.3631999999999997e-01 1.4517559360000000e+03
8.5671227799999997e+02 2.2363766799999999e+02 7.4175999999999997e-01 1.4564700670000000e+03
8.6464805300000000e+02 2.2715180300000000e+02 7.4719999999999998e-01 1.4611899870000000e+03
8.7260952199999997e+02 2.3069582199999999e+02 7.5263999999999998e-01 1.4659155200000000e+03
8.8059671400000002e+02 2.3426965300000001e+02 7.5807999999999998e-01 1.4706464890000000e+03
8.8860965799999997e+02 2.3787322499999999e+02 7.6351999999999998e-01 1.4753827229999999e+03
8.9664838199999997e+02 2.4150646399999999e+02 7.6895999999999998e-01 1.4801240510000000e+03
9.0471291499999995e+02 2.4516929800000000e+02 7.7439999999999998e-01 1.4848703089999999e+03
9.1280328099999997e+02 2.4886165199999999e+02 7.7983999999999998e-01 1.4896213310000001e+03
9.2091950699999995e+02 2.5258345399999999e+02 7.8527999999999998e-01 1.4943769569999999e+03
9.2906161699999996e+02 2.5633462700000001e+02 7.9071999999999998e-01 1.4991370290000000e+03
9.3722963400000003e+02 2.6011509799999999e+02 7.9615999999999998e-01 1.5039013900000000e+03
9.4542358300000001e+02 2.6392478999999997e+02 8.0159999999999998e-01 1.5086698879999999e+03
9.5364348399999994e+02 2.6776362899999998e+02 8.0703999999999998e-01 1.5134423730000001e+03
9.6188936000000001e+02 2.7163153699999998e+02 8.1247999999999998e-01 1.5182186979999999e+03
9.7016123000000005e+02 2.7552843799999999e+02 8.1791999999999998e-01 1.5229987169999999e+03
9.7845911500000000e+02 2.7945425699999998e+02 8.2335999999999998e-01 1.5277822880000001e+03
9.8678303200000005e+02 2.8340891599999998e+02 8.2879999999999998e-01 1.5325692720000000e+03
9.9513300200000003e+02 2.8739233899999999e+02 8.3423999999999998e-01 1.5373595319999999e+03
1.0035090400000000e+03 2.9140444900000000e+02 8.3967999999999998e-01 1.5421529330000001e+03
1.0119111630000000e+03 2.9544516900000002e+02 8.4511999999999998e-01 1.5469493440000001e+03
1.0203393890000000e+03 2.9951442200000002e+02 8.5055999999999998e-01 1.5517486340000000e+03
1.0287937310000000e+03 3.0361213099999998e+02 8.5599999999999998e-01 1.5565506789999999e+03
1.0372742049999999e+03 3.0773821900000002e+02 8.6143999999999998e-01 1.5613553509999999e+03
1.0457808239999999e+03 3.1189260999999999e+02 8.6687999999999998e-01 1.5661625309999999e+03
1.0543136019999999e+03 3.1607522699999998e+02 8.7231999999999998e-01 1.5709720990000001e+03
1.0628725509999999e+03 3.2028599300000002e+02 8.7775999999999998e-01 1.5757839369999999e+03
1.0714576840000000e+03 3.2452483300000000e+02 8.8319999999999999e-01 1.5805979310000000e+03
1.0800690119999999e+03 3.2879167100000001e+02 8.8863999999999999e-01 1.5854139690000000e+03
1.0887065459999999e+03 3.3308643000000001e+02 8.9407999999999999e-01 1.5902319410000000e+03
1.0973702949999999e+03 3.3740903700000001e+02 8.9951999999999999e-01 1.5950517410000000e+03
1.1060602710000001e+03 3.4175941599999999e+02 9.0495999999999999e-01 1.5998732620000001e+03
1.1147764800000000e+03 3.4613749300000001e+02 9.1039999999999999e-01 1.6046964029999999e+03
1.1235189330000001e+03 3.5054319500000003e+02 9.1583999999999999e-01 1.6095210649999999e+03
1.1322876369999999e+03 3.5497644900000000e+02 9.2127999999999999e-01 1.6143471489999999e+03
1.1410826000000000e+03 3.5943718400000000e+02 9.2671999999999999e-01 1.6191745630000000e+03
1.1499038280000000e+03 3.6392532899999998e+02 9.3215999999999999e-01 1.6240032140000001e+03
1.1587513289999999e+03 3.6844081399999999e+02 9.3759999999999999e-01 1.6288330129999999e+03
1.1676251070000001e+03 3.7298357299999998e+02 9.4303999999999999e-01 1.6336638760000001e+03
1.1765251690000000e+03 3.7755353900000000e+02 9.4847999999999999e-01 1.6384957219999999e+03
1.1854515200000001e+03 3.8215064999999998e+02 9.5391999999999999e-01 1.6433284719999999e+03
1.1944041649999999e+03 3.8677484600000003e+02 9.5935999999999999e-01 1.6481620530000000e+03
1.2033831070000001e+03 3.9142607099999998e+02 9.6479999999999999e-01 1.6529964000000000e+03
1.2123883510000001e+03 3.9610427800000002e+02 9.7023999999999999e-01 1.6578314539999999e+03
1.2214199010000000e+03 4.0080942800000003e+02 9.7567999999999999e-01 1.6626671660000000e+03
1.2304777590000001e+03 4.0554149600000000e+02 9.8111999999999999e-01 1.6675035049999999e+03
1.2395619300000001e+03 4.1030048699999998e+02 9.8655999999999999e-01 1.6723404680000001e+03
1.2486724170000000e+03 4.1508646800000002e+02 9.9199999999999999e-01 1.6771781180000000e+03
1.2578092240000001e+03 4.1989977699999997e+02 9.9743999999999999e-01 1.6820167839999999e+03
1.2669723580000000e+03 4.2474060500000002e+02 1.0028800000000000e+00 1.6868566470000001e+03
1.2761618209999999e+03 4.2960738099999998e+02 1.0083200000000001e+00 1.6916961329999999e+03
1.2853776100000000e+03 4.3450002499999999e+02 1.0137600000000000e+00 1.6965351670000000e+03
1.2946197239999999e+03 4.3941845999999998e+02 1.0192000000000001e+00 1.7013736759999999e+03
1.3038881580000000e+03 4.4436260700000003e+02 1.0246400000000000e+00 1.7062115910000000e+03
1.3131829100000000e+03 4.4933238899999998e+02 1.0300800000000001e+00 1.7110488419999999e+03
1.3225039750000001e+03 4.5432772899999998e+02 1.0355200000000000e+00 1.7158853600000000e+03
1.3318513499999999e+03 4.5934855099999999e+02 1.0409600000000001e+00 1.7207210809999999e+03
1.3412250289999999e+03 4.6439477699999998e+02 1.0464000000000000e+00 1.7255559390000001e+03
1.3506250090000001e+03 4.6946633100000003e+02 1.0518400000000001e+00 1.7303898700000000e+03
1.3600512839999999e+03 4.7456313899999998e+02 1.0572800000000000e+00 1.7352228130000001e+03
1.3695038470000000e+03 4.7968512500000003e+02 1.0627200000000001e+00 1.7400547059999999e+03
1.3789826940000000e+03 4.8483221400000002e+02 1.0681600000000000e+00 1.7448854899999999e+03
1.3884878189999999e+03 4.9000433099999998e+02 1.0736000000000001e+00 1.7497151070000000e+03
1.3980192130000000e+03 4.9520140199999997e+02 1.0790400000000000e+00 1.7545434990000001e+03
1.4075768720000001e+03 5.0042335400000002e+02 1.0844800000000001e+00 1.7593706110000001e+03
1.4171607879999999e+03 5.0567011200000002e+02 1.0899200000000000e+00 1.7641963880000001e+03
1.4267709520000001e+03 5.1094160499999998e+02 1.0953599999999999e+00 1.7690207750000000e+03
1.4364073590000000e+03 5.1623775899999998e+02 1.1008000000000000e+00 1.7738437220000001e+03
1.4460699990000001e+03 5.2155850199999998e+02 1.1062399999999999e+00 1.7786651760000000e+03
1.4557588639999999e+03 5.2690376100000003e+02 1.1116800000000000e+00 1.7834850870000000e+03
1.4654739460000001e+03 5.3227346599999998e+02 1.1171199999999999e+00 1.7883034060000000e+03
1.4752152360000000e+03 5.3766754500000002e+02 1.1225600000000000e+00 1.7931200850000000e+03
1.4849827250000001e+03 5.4308592699999997e+02 1.1279999999999999e+00 1.7979350760000000e+03
1.4947764030000001e+03 5.4852854200000002e+02 1.1334400000000000e+00 1.8027483340000001e+03
1.5045962620000000e+03 5.5399531899999999e+02 1.1388799999999999e+00 1.8075598130000001e+03
1.5144422910000001e+03 5.5948618799999997e+02 1.1443200000000000e+00 1.8123694690000000e+03
1.5243144800000000e+03 5.6500108100000000e+02 1.1497599999999999e+00 1.8171772590000000e+03
1.5342128190000001e+03 5.7053992800000003e+02 1.1552000000000000e+00 1.8219831400000000e+03
1.5441372970000000e+03 5.7610265900000002e+02 1.1606399999999999e+00 1.8267870720000001e+03
1.5540879040000000e+03 5.8168920800000001e+02 1.1660800000000000e+00 1.8315890119999999e+03
1.5640646290000000e+03 5.8729950499999995e+02 1.1715199999999999e+00 1.8363889220000001e+03
1.5740674600000000e+03 5.9293348300000002e+02 1.1769600000000000e+00 1.8411867629999999e+03
1.5840963870000000e+03 5.9859107500000005e+02 1.1823999999999999e+00 1.8459824960000001e+03
1.5941513970000001e+03 6.0427221299999997e+02 1.1878400000000000e+00 1.8507760850000000e+03
1.6042324799999999e+03 6.0997682999999995e+02 1.1932799999999999e+00 1.8555674919999999e+03
1.6143396220000000e+03 6.1570486000000005e+02 1.1987200000000000e+00 1.8603566820000001e+03
1.6244728120000000e+03 6.2145623799999998e+02 1.2041599999999999e+00 1.8651436209999999e+03
1.6346320370000001e+03 6.2723089700000003e+02 1.2096000000000000e+00 1.8699282740000001e+03
1.6448172850000001e+03 6.3302877200000000e+02 1.2150399999999999e+00 1.8747106070000000e+03
1.6550285429999999e+03 6.3884979699999997e+02 1.2204800000000000e+00 1.8794905870000000e+03
1.6652657990000000e+03 6.4469390799999996e+02 1.2259199999999999e+00 1.8842681840000000e+03
1.6755290379999999e+03 6.5056104100000005e+02 1.2313600000000000e+00 1.8890433640000001e+03
1.6858182489999999e+03 6.5645113000000003e+02 1.2367999999999999e+00 1.8938160980000000e+03
1.6961334170000000e+03 6.6236411299999997e+02 1.2422400000000000e+00 1.8985863560000000e+03
1.7064744790000000e+03 6.6825834099999997e+02 1.2476799999999999e+00 1.9033207370000000e+03
1.7168411269999999e+03 6.7411160400000006e+02 1.2531200000000000e+00 1.9080017399999999e+03
1.7272331710000001e+03 6.7996050100000002e+02 1.2585599999999999e+00 1.9126589879999999e+03
1.7376505050000001e+03 6.8581374100000005e+02 1.2640000000000000e+00 1.9172995900000001e+03
1.7480930470000001e+03 6.9167557599999998e+02 1.2694399999999999e+00 1.9219270480000000e+03
1.7585607330000000e+03 6.9754858000000002e+02 1.2748800000000000e+00 1.9265434980000000e+03
1.7690535070000001e+03 7.0343448799999999e+02 1.2803199999999999e+00 1.9311503909999999e+03
1.7795713189999999e+03 7.0933454600000005e+02 1.2857600000000000e+00 1.9357487810000000e+03
1.7901141259999999e+03 7.1524969599999997e+02 1.2911999999999999e+00 1.9403394690000000e+03
1.8006818870000000e+03 7.2118066899999997e+02 1.2966400000000000e+00 1.9449230860000000e+03
1.8112745660000000e+03 7.2712805000000003e+02 1.3020799999999999e+00 1.9495001400000001e+03
1.8218921280000000e+03 7.3309231299999999e+02 1.3075200000000000e+00 1.9540710500000000e+03
1.8325345400000001e+03 7.3907385099999999e+02 1.3129599999999999e+00 1.9586361680000000e+03
1.8432017719999999e+03 7.4507299399999999e+02 1.3184000000000000e+00 1.9631957910000001e+03
1.8538937950000000e+03 7.5109001899999998e+02 1.3238399999999999e+00 1.9677501749999999e+03
1.8646105800000000e+03 7.5712516300000004e+02 1.3292800000000000e+00 1.9722995410000001e+03
1.8753521009999999e+03 7.6317863000000000e+02 1.3347199999999999e+00 1.9768440830000000e+03
1.8861183329999999e+03 7.6925059599999997e+02 1.3401600000000000e+00 1.9813839730000000e+03
1.8969092490000000e+03 7.7534121300000004e+02 1.3455999999999999e+00 1.9859193610000000e+03
1.9077248259999999e+03 7.8145061499999997e+02 1.3510400000000000e+00 1.9904503820000000e+03
1.9185650419999999e+03 7.8757891700000005e+02 1.3564799999999999e+00 1.9949771579999999e+03
1.9294298710000000e+03 7.9372622200000001e+02 1.3619200000000000e+00 1.9994997960000001e+03
1.9403192939999999e+03 7.9989261899999997e+02 1.3673599999999999e+00 2.0040183970000000e+03
1.9512332870000000e+03 8.0607818599999996e+02 1.3728000000000000e+00 2.0085330480000000e+03
1.9621718300000000e+03 8.1228299100000004e+02 1.3782399999999999e+00 2.0130438310000000e+03
1.9731349020000000e+03 8.1850709600000005e+02 1.3836800000000000e+00 2.0175508210000000e+03
1.9841224820000000e+03 8.2475055399999997e+02 1.3891199999999999e+00 2.0220540840000001e+03
1.9951345500000000e+03 8.3101340900000002e+02 1.3945600000000000e+00 2.0265536850000001e+03
2.0061710869999999e+03 8.3729570400000000e+02 1.3999999999999999e+00 2.0310496800000001e+03
