# epsilon[MeV/fm^3] P[MeV/fm^3] nB[fm^-3] muB[MeV]
4.3514892049562272e-07 9.0000000794219998e-12 4.6796200000000002e-10 9.2990010724260003e+02
5.4394952759824855e-07 1.2854500250148002e-11 5.8496400000000005e-10 9.2990743275720001e+02
6.8239664606092796e-07 1.8414700022552000e-11 7.3384599999999997e-10 9.2991587774760001e+02
8.5763463874259032e-07 2.6380199998860002e-11 9.2229000000000003e-10 9.2992551188760001e+02
1.0799253715994732e-06 3.7791099667920001e-11 1.1613300000000000e-09 9.2993648532329996e+02
1.3625442882637764e-06 5.4137899979800000e-11 1.4652400000000000e-09 9.2994894782519998e+02
1.7226605254650248e-06 7.7555599791040007e-11 1.8524800000000000e-09 9.2996308925910000e+02
2.1826057027272589e-06 1.1110299984364001e-10 2.3470600000000000e-09 9.2997909967860005e+02
2.7713348204539073e-06 1.5916099965360000e-10 2.9801100000000000e-09 9.2999716876169998e+02
3.5266032513682487e-06 2.2800800111288001e-10 3.7922200000000000e-09 9.3001754656409992e+02
4.4975537964996660e-06 3.2663399940042002e-10 4.8362200000000001e-09 9.3004045271789994e+02
4.5807460305493105e-06 3.3555999792714001e-10 4.9256699999999996e-09 9.3004228160820003e+02
4.7281205653478515e-06 3.3656599963290001e-10 5.0841300000000003e-09 9.3004248152130003e+02
6.5759177435918250e-06 5.4515600232911993e-10 7.0708799999999999e-09 9.3007696075620004e+02
9.1998724984833464e-06 8.8567000200420000e-10 9.8920399999999997e-09 9.3011730648750006e+02
1.2918168885426129e-05 1.4388700552640002e-09 1.3889600000000001e-08 9.3016406831190000e+02
1.8201380444258739e-05 2.3376200076990001e-09 1.9569300000000001e-08 9.3021808578930006e+02
2.5725895950178280e-05 3.7977398937599994e-09 2.7657999999999999e-08 9.3028025838780002e+02
3.6463989818522291e-05 6.1698799253159997e-09 3.9200400000000002e-08 9.3035162548649998e+02
5.1813630126296458e-05 1.0023700173792000e-08 5.5698400000000002e-08 9.3043332628019994e+02
7.3785560512054020e-05 1.6284700005120000e-08 7.9311899999999997e-08 9.3052664006250006e+02
1.0527189036420272e-04 2.6456400399219999e-08 1.1314700000000000e-07 9.3063298613190000e+02
1.5043483705694415e-04 4.2981499428689995e-08 1.6167299999999999e-07 9.3075400323120004e+02
1.5143539825673478e-04 4.3369399516159995e-08 1.6274800000000000e-07 9.3075639185940008e+02
1.5666718390755263e-04 4.3499599327679997e-08 1.6836899999999999e-07 9.3075719132400002e+02
1.8247319946392853e-04 5.3487099479700000e-08 1.9609400000000001e-07 9.3081203831400001e+02
2.1304949570856091e-04 6.5965099669560007e-08 2.2894200000000001e-07 9.3087079295249998e+02
2.4880173202308656e-04 8.1354199584480006e-08 2.6734800000000002e-07 9.3093285559410003e+02
2.9061049213158235e-04 1.0033299847065000e-07 3.1225699999999999e-07 9.3099838615049998e+02
3.3950651358852186e-04 1.2374000051775000e-07 3.6477499999999998e-07 9.3106758453479995e+02
3.9669496520679297e-04 1.5260700009555001e-07 4.2619500000000001e-07 9.3114063056550003e+02
4.6358813252914599e-04 1.8820900209407997e-07 4.9803199999999997e-07 9.3121772415570001e+02
5.4183717856390442e-04 2.3211699768180001e-07 5.8205699999999998e-07 9.3129908512530005e+02
6.3337419989345891e-04 2.8626699988691999e-07 6.8034199999999997e-07 9.3138494352930002e+02
7.4046361643000222e-04 3.5305100162730003e-07 7.9531500000000002e-07 9.3147551899979999e+02
7.4543957324912111e-04 3.5623800038969997e-07 8.0065699999999999e-07 9.3147951660449996e+02
7.7046470619140960e-04 3.5730600246279002e-07 8.2752300000000002e-07 9.3148080575760002e+02
7.7218701201869997e-04 3.5837800248323999e-07 8.2937200000000002e-07 9.3148210505190002e+02
7.7564281539113634e-04 3.6053199741144001e-07 8.3308200000000005e-07 9.3148469349929996e+02
7.7911352986319152e-04 3.6269800105895999e-07 8.3680799999999998e-07 9.3148728185280004e+02
7.8260009510663572e-04 3.6487800290032998e-07 8.4055099999999997e-07 9.3148988034750005e+02
7.8610250285012515e-04 3.6706999922346001e-07 8.4431100000000000e-07 9.3149248879559991e+02
7.8962075319254110e-04 3.6927600351839998e-07 8.4808799999999996e-07 9.3149508719639994e+02
7.9315485471188711e-04 3.7149499796798001e-07 8.5188199999999998e-07 9.3149769564450003e+02
7.9670479058673201e-04 3.7372699824480005e-07 8.5569300000000004e-07 9.3150031404599997e+02
8.0027057791247260e-04 3.7597299948234002e-07 8.5952100000000004e-07 9.3150293244750003e+02
8.0385221698387247e-04 3.7823200230633998e-07 8.6336599999999998e-07 9.3150555094289996e+02
8.0745063029167934e-04 3.8050499711466001e-07 8.6722899999999999e-07 9.3150817929779998e+02
8.1106395596088781e-04 3.8279099715107999e-07 8.7110800000000002e-07 9.3151080774659999e+02
8.1469498722525535e-04 3.8509200436278001e-07 8.7500600000000005e-07 9.3151343619540000e+02
8.1834093096975699e-04 3.8740599815679997e-07 8.7891999999999998e-07 9.3151607459759998e+02
8.3652972322216491e-04 3.8856800310954005e-07 8.9844600000000005e-07 9.3151737379799999e+02
8.9649746606902973e-04 4.2637900225708002e-07 9.6282100000000007e-07 9.3155798930399999e+02
9.6293679962426715e-04 4.6927300060880000e-07 1.0341400000000000e-06 9.3160093353000002e+02
1.0343084479593990e-03 5.1648199988999994e-07 1.1107499999999999e-06 9.3164493704189999e+02
1.1110033276598183e-03 5.6844100521450010e-07 1.1930700000000001e-06 9.3169002988770001e+02
1.1934040547386528e-03 6.2562700512179996e-07 1.2815100000000000e-06 9.3173623206809998e+02
1.2819398888523502e-03 6.8856500094819997e-07 1.3765300000000001e-06 9.3178357353719991e+02
1.3770588621277026e-03 7.5783499966439992e-07 1.4786100000000000e-06 9.3183208434300002e+02
1.4792742600387720e-03 8.3407400117300003e-07 1.5882999999999999e-06 9.3188178448619999e+02
1.5890902438860661e-03 9.1798299673799988e-07 1.7061399999999999e-06 9.3193271378040004e+02
1.7070948934908867e-03 1.0103300084124001e-06 1.8327600000000000e-06 9.3198488236679998e+02
1.7418302566492478e-03 1.0379399925766002e-06 1.8700300000000001e-06 9.3199978345169995e+02
1.8026805910135908e-03 1.0410599913928000e-06 1.9353200000000000e-06 9.3200143242960007e+02
2.0389359400714486e-03 1.2275099896319999e-06 2.1888000000000001e-06 9.3209187794249999e+02
2.3114099463439177e-03 1.4516999917321999e-06 2.4811100000000001e-06 9.3218792017709995e+02
2.6204004641994278e-03 1.7168400063888003e-06 2.8125600000000001e-06 9.3228811983419996e+02
2.9707928967162671e-03 2.0304000155634000e-06 3.1883800000000001e-06 9.3239264696670000e+02
3.3681648965264784e-03 2.4012300084080001e-06 3.6145400000000001e-06 9.3250170129989999e+02
3.8188055776886142e-03 2.8397900147328003e-06 4.0977700000000004e-06 9.3261546284010001e+02
4.3298558716110781e-03 3.3584500068246004e-06 4.6457100000000001e-06 9.3273413140649996e+02
4.9094492242661523e-03 3.9718300068571995e-06 5.2670599999999997e-06 9.3285792691289998e+02
5.5667590537662745e-03 4.6972400276543001e-06 5.9716300000000001e-06 9.3298704917850000e+02
6.3122329168583428e-03 5.5551399798486997e-06 6.7705900000000002e-06 9.3312173811779996e+02
6.3691536418958340e-03 5.6221100036384002e-06 6.8315900000000001e-06 9.3313158221820004e+02
6.6107787783348925e-03 5.6389700285964000e-06 7.0905299999999997e-06 9.3313397075249998e+02
7.1832281514335565e-03 6.2999099885847007e-06 7.7039700000000007e-06 9.3322329697740008e+02
7.8228640480689938e-03 7.0594400109160007e-06 8.3893400000000006e-06 9.3331767013950002e+02
8.5195476220300548e-03 7.9105299722335996e-06 9.1357600000000004e-06 9.3341477175390003e+02
9.2783521214718639e-03 8.8642300383220009e-06 9.9486500000000000e-06 9.3351470163630006e+02
1.0104791977484120e-02 9.9329099737559988e-06 1.0833900000000000e-05 9.3361751969490001e+02
1.1005037422914624e-02 1.1130399980334000e-05 1.1798100000000000e-05 9.3372332602710003e+02
1.1985504705131824e-02 1.2472300012974001e-05 1.2848100000000000e-05 9.3383220044789994e+02
1.3053499763127112e-02 1.3976000053347000e-05 1.3991700000000000e-05 9.3394422305399996e+02
1.4216706487829026e-02 1.5661000693130000e-05 1.5237100000000000e-05 9.3405949366109996e+02
1.5483652631007537e-02 1.7549100191680000e-05 1.6593399999999999e-05 9.3417811227269999e+02
1.5623499832828706e-02 1.7760599953030001e-05 1.6743099999999999e-05 9.3419079468840005e+02
1.6269961736847121e-02 1.7813900213129999e-05 1.7435099999999998e-05 9.3419395273319992e+02
1.7094324515795702e-02 1.9027400207749999e-05 1.8317499999999999e-05 9.3426180186839997e+02
1.8000874089488257e-02 2.0384500450440000e-05 1.9287799999999999e-05 9.3433394852489994e+02
1.8955614232225096e-02 2.1838399047120000e-05 2.0309599999999999e-05 9.3440734433310001e+02
1.9960983560824267e-02 2.3396100553499999e-05 2.1385500000000000e-05 9.3448202938830002e+02
2.1019794814794490e-02 2.5064799654149998e-05 2.2518500000000001e-05 9.3455801364390004e+02
2.2134768910989058e-02 2.6852600343399999e-05 2.3711500000000002e-05 9.3463531710059999e+02
2.3309000859656603e-02 2.8767899159999994e-05 2.4967799999999998e-05 9.3471396971249999e+02
2.4545494036103295e-02 3.0819700065419999e-05 2.6290599999999999e-05 9.3479400162150000e+02
2.5847718880420045e-02 3.3017999946119998e-05 2.7683600000000000e-05 9.3487541254589996e+02
2.7219055484112444e-02 3.5372998881120002e-05 2.9150400000000001e-05 9.3495825272219997e+02
2.7775365070038964e-02 3.6339601209739997e-05 2.9745400000000002e-05 9.3499105302509997e+02
2.8289610775747390e-02 3.6448598719180002e-05 3.0295400000000001e-05 9.3499466085090000e+02
2.8802930737171755e-02 3.7332599735440002e-05 3.0844399999999999e-05 9.3502356336480000e+02
2.9391538203060320e-02 3.8352800962709990e-05 3.1473899999999997e-05 9.3505628375879996e+02
2.9992229144074897e-02 3.9400800335690003e-05 3.2116300000000003e-05 9.3508923392610006e+02
3.0605097595990186e-02 4.0477499896860003e-05 3.2771700000000003e-05 9.3512239395989991e+02
3.1230612131930052e-02 4.1583600119840003e-05 3.3440600000000000e-05 9.3515578386089999e+02
3.1868867160453597e-02 4.2719998743180005e-05 3.4123099999999999e-05 9.3518940362910007e+02
3.2520144922003676e-02 4.3887298648500002e-05 3.4819500000000001e-05 9.3522325326449993e+02
3.3184820445813230e-02 4.5086601561120004e-05 3.5530200000000001e-05 9.3525732271979996e+02
3.3862987887692660e-02 4.6318701748649993e-05 3.6255299999999998e-05 9.3529163208960006e+02
3.4555116462740516e-02 4.7584401826990007e-05 3.6995300000000001e-05 9.3532617123270006e+02
3.4710848908415574e-02 4.7870299693839997e-05 3.7161800000000001e-05 9.3533387666670001e+02
3.5705765632703390e-02 4.8013899962450004e-05 3.8225500000000002e-05 9.3533768431169995e+02
3.6190650245182691e-02 4.8884701265269996e-05 3.8743900000000000e-05 9.3536029073669999e+02
3.6764595537185744e-02 4.9920498059249994e-05 3.9357499999999997e-05 9.3538680481020003e+02
3.7347724170046170e-02 5.0978398185919999e-05 3.9980900000000002e-05 9.3541345870079999e+02
3.7940129948432849e-02 5.2058599241440000e-05 4.0614200000000002e-05 9.3544024264290010e+02
3.8541907483377907e-02 5.3161699756499999e-05 4.1257500000000003e-05 9.3546717635549999e+02
3.9153244015328124e-02 5.4288198430999997e-05 4.1910999999999999e-05 9.3549425007299999e+02
3.9774234210732992e-02 5.5438601263319996e-05 4.2574799999999998e-05 9.3552146370150001e+02
4.0405159191034282e-02 5.6613297948239995e-05 4.3249199999999999e-05 9.3554882728830000e+02
4.1046019389420471e-02 5.7812899551080002e-05 4.3934199999999997e-05 9.3557633069220003e+02
4.1697190276124625e-02 5.9037997871239995e-05 4.4630199999999998e-05 9.3560397410099995e+02
4.2358578444415006e-02 6.0288999023690009e-05 4.5337100000000003e-05 9.3563177732760005e+02
4.2549448380963861e-02 6.0651299975859995e-05 4.5541099999999997e-05 9.3563974248900001e+02
4.3740238175900857e-02 6.0833198906699995e-05 4.6813800000000002e-05 9.3564365013750000e+02
4.5854886274473032e-02 6.4782902450840000e-05 4.9073799999999998e-05 9.3572599057799994e+02
4.8180087401599556e-02 6.9195997901699998e-05 5.1558599999999998e-05 9.3581365787159996e+02
5.0623240020302433e-02 7.3909702371599995e-05 5.4169200000000003e-05 9.3590278418340006e+02
5.3190452397117956e-02 7.8944498346630003e-05 5.6912100000000000e-05 9.3599338970190001e+02
5.5887837732656438e-02 8.4322299027779992e-05 5.9793799999999997e-05 9.3608550419339997e+02
5.8722166587791814e-02 9.0066499795649990e-05 6.2821499999999995e-05 9.3617915789369999e+02
6.1700398546921942e-02 9.6201898222459989e-05 6.6002599999999997e-05 9.3627437052180005e+02
6.4829683480590566e-02 1.0275499726340999e-04 6.9344700000000000e-05 9.3637116226620003e+02
6.8117831355171340e-02 1.0975499711746999e-04 7.2856100000000002e-05 9.3646956308100005e+02
7.1572933822013338e-02 1.1723199746169999e-04 7.6545399999999994e-05 9.3656960282640000e+02
7.2872355791586060e-02 1.2007500056640000e-04 7.7932800000000000e-05 9.3660639068670002e+02
7.6294350046888545e-02 1.2043499631464001e-04 8.1586400000000002e-05 9.3661091798129996e+02
7.8557740452832786e-02 1.2521799885310001e-04 8.4002899999999995e-05 9.3666865324139997e+02
8.1070439170188191e-02 1.3058099681828001e-04 8.6685400000000002e-05 9.3673145543940007e+02
8.3663493660002267e-02 1.3617299667415003e-04 8.9453500000000007e-05 9.3679492723830003e+02
8.6339540033127660e-02 1.4200499619000000e-04 9.2310000000000002e-05 9.3685905859080003e+02
8.9101308842231525e-02 1.4808700429182000e-04 9.5257800000000001e-05 9.3692387963880003e+02
9.1951438062670962e-02 1.5442999846642999e-04 9.8299699999999997e-05 9.3698938014720000e+02
9.3544637803481184e-02 1.5800363917307320e-04 1.0000000000000000e-04 9.3702641442654260e+02
9.5903265081092745e-02 1.5904201288813918e-04 1.0251623469984030e-04 9.3704482392709770e+02
9.8321362604838328e-02 1.6011544111997421e-04 1.0509586276528530e-04 9.3706331966559742e+02
1.0080042985291399e-01 1.6122510727598557e-04 1.0774048106857592e-04 9.3708190235319921e+02
1.0334200411124314e-01 1.6237223471429784e-04 1.1045172669881376e-04 9.3710057270719938e+02
1.0594766142675796e-01 1.6355808809245153e-04 1.1323127797453792e-04 9.3711933145108037e+02
1.0861901758471620e-01 1.6478397476163228e-04 1.1608085548178629e-04 9.3713817931456060e+02
1.1135772911066052e-01 1.6605124620796817e-04 1.1900222313828409e-04 9.3715711703364207e+02
1.1416549429764065e-01 1.6736129954248360e-04 1.2199718928441523e-04 9.3717614535066025e+02
1.1704405425933632e-01 1.6871557904135279e-04 1.2506760780165159e-04 9.3719526501433427e+02
1.1999519400973303e-01 1.7011557773815070e-04 1.2821537925912987e-04 9.3721447677981678e+02
1.2302074357002128e-01 1.7156283906985691e-04 1.3144245208908525e-04 9.3723378140874479e+02
1.2612257910340460e-01 1.7305895857842700e-04 1.3475082379186623e-04 9.3725317966929128e+02
1.2930262407852064e-01 1.7460558566980734e-04 1.3814254217127593e-04 9.3727267233621785e+02
1.3256285046219690e-01 1.7620442543233255e-04 1.4161970660100243e-04 9.3729226019092516e+02
1.3590527994228027e-01 1.7785724051651053e-04 1.4518446932291974e-04 9.3731194402150709e+02
1.3933198518129900e-01 1.7956585307826701e-04 1.4883903677806123e-04 9.3733172462280515e+02
1.4284509110173424e-01 1.8133214678779219e-04 1.5258567097108737e-04 9.3735160279645993e+02
1.4644677620369867e-01 1.8315806890620452e-04 1.5642669086909033e-04 9.3737157935096820e+02
1.5013927391583867e-01 1.8504563243232027e-04 1.6036447383559893e-04 9.3739165510173518e+02
1.5392487398029805e-01 1.8699691832189610e-04 1.6440145710066884e-04 9.3741183087113257e+02
1.5780592387260242e-01 1.8901407778179147e-04 1.6854013926796677e-04 9.3743210748855245e+02
1.6178483025734400e-01 1.9109933464157933e-04 1.7278308185977715e-04 9.3745248579046563e+02
1.6586406048057042e-01 1.9325498780522069e-04 1.7713291090088753e-04 9.3747296662047700e+02
1.7004614409980195e-01 1.9548341378550476e-04 1.8159231854232767e-04 9.3749355082938462e+02
1.7433367445262710e-01 1.9778706932405002e-04 1.8616406472596721e-04 9.3751423927523706e+02
1.7872931026484801e-01 2.0016849409975370e-04 1.9085097889099726e-04 9.3753503282339284e+02
1.8323577729917417e-01 2.0263031352867606e-04 1.9565596172335111e-04 9.3755593234657817e+02
1.8785587004548551e-01 2.0517524165844612e-04 2.0058198694914190e-04 9.3757693872494815e+02
1.9259245345371420e-01 2.0780608416037972e-04 2.0563210317322582e-04 9.3759805284614720e+02
1.9744846471041888e-01 2.1052574142260892e-04 2.1080943576402481e-04 9.3761927560536890e+02
2.0242691506015326e-01 2.1333721174763198e-04 2.1611718878577154e-04 9.3764060790541828e+02
2.0753089167275893e-01 2.1624359465781032e-04 2.2155864697937040e-04 9.3766205065677411e+02
2.1276355955773951e-01 2.1924809431245537e-04 2.2713717779309565e-04 9.3768360477765020e+02
2.1812816352690403e-01 2.2235402304027346e-04 2.3285623346438051e-04 9.3770527119406017e+02
2.2362803020649602e-01 2.2556480499106226e-04 2.3871935315398165e-04 9.3772705083988023e+02
2.2926657010005633e-01 2.2888397991068554e-04 2.4473016513383599e-04 9.3774894465691409e+02
2.3504727970329897e-01 2.3231520704348717e-04 2.5089238902995989e-04 9.3777095359495706e+02
2.4097374367231084e-01 2.3586226916644704e-04 2.5720983812177375e-04 9.3779307861186362e+02
2.4704963704642077e-01 2.3952907675952619e-04 2.6368642169927273e-04 9.3781532067361036e+02
2.5327872752711567e-01 2.4331967231679922e-04 2.7032614747949524e-04 9.3783768075436569e+02
2.5966487781441699e-01 2.4723823480312605e-04 2.7713312408378230e-04 9.3786015983655568e+02
2.6621204800216625e-01 2.5128908426127658e-04 2.8411156357735392e-04 9.3788275891093247e+02
2.7292429803370555e-01 2.5547668657458845e-04 2.9126578407277147e-04 9.3790547897664283e+02
2.7980579021947488e-01 2.5980565839040616e-04 2.9860021239888997e-04 9.3792832104129616e+02
2.8686079181808877e-01 2.6428077220973245e-04 3.0611938683694804e-04 9.3795128612103656e+02
2.9409367768249062e-01 2.6890696164870009e-04 3.1382795992548147e-04 9.3797437524061206e+02
3.0150893297282866e-01 2.7368932687766716e-04 3.2173070133579385e-04 9.3799758943344511e+02
3.0911115593773275e-01 2.7863314024393021e-04 3.2983250081975325e-04 9.3802092974170523e+02
3.1690506076571906e-01 2.8374385208425551e-04 3.3813837123173668e-04 9.3804439721638096e+02
3.2489548050848865e-01 2.8902709673363496e-04 3.4665345162658388e-04 9.3806799291735308e+02
3.3308737007793560e-01 2.9448869873689341e-04 3.5538301043547255e-04 9.3809171791346830e+02
3.4148580931871991e-01 3.0013467926999265e-04 3.6433244872167259e-04 9.3811557328261244e+02
3.5009600615831282e-01 3.0597126277811290e-04 3.7350730351818609e-04 9.3813956011178732e+02
3.5892329983646659e-01 3.1200488383783018e-04 3.8291325124933305e-04 9.3816367949718506e+02
3.6797316421611287e-01 3.1824219425095380e-04 3.9255611123839226e-04 9.3818793254426521e+02
3.7725121117774069e-01 3.2469007037784530e-04 4.0244184930345836e-04 9.3821232036783067e+02
3.8676319409936039e-01 3.3135562071830301e-04 4.1257658144373387e-04 9.3823684409210614e+02
3.9651501142421158e-01 3.3824619374837075e-04 4.2296657761852803e-04 9.3826150485081689e+02
4.0651271031842662e-01 3.4536938602170927e-04 4.3361826562129306e-04 9.3828630378726677e+02
4.1676249042091756e-01 3.5273305054446237e-04 4.4453823505108430e-04 9.3831124205441870e+02
4.2727070768781378e-01 3.6034530543285081e-04 4.5573324138389475e-04 9.3833632081497478e+02
4.3804387833383196e-01 3.6821454286303866e-04 4.6721021014637179e-04 9.3836154124145821e+02
4.4908868287302373e-01 3.7634943832313798e-04 4.7897624119448955e-04 9.3838690451629407e+02
4.6041197026140607e-01 3.8475896017755250e-04 4.9103861309981393e-04 9.3841241183189186e+02
4.7202076214404476e-01 3.9345237955420607e-04 5.0340478764606354e-04 9.3843806439073114e+02
4.8392225720922222e-01 4.0243928056555222e-04 5.1608241443873903e-04 9.3846386340544257e+02
4.9612383565239138e-01 4.1172957087463674e-04 5.2907933563065858e-04 9.3848981009889451e+02
5.0863306375268391e-01 4.2133349261786097e-04 5.4240359076631597e-04 9.3851590570427834e+02
5.2145769856480961e-01 4.3126163369648618e-04 5.5606342174804293e-04 9.3854215146519448e+02
5.3460569272925695e-01 4.4152493944932898e-04 5.7006727792703713e-04 9.3856854863574017e+02
5.4808519940377765e-01 4.5213472471951582e-04 5.8442382132239284e-04 9.3859509848059531e+02
5.6190457731921384e-01 4.6310268632860025e-04 5.9914193197134935e-04 9.3862180227511533e+02
5.7607239596280235e-01 4.7444091597179366e-04 6.1423071341405689e-04 9.3864866130541441e+02
5.9059744089216915e-01 4.8616191354852755e-04 6.2969949831622959e-04 9.3867567686846189e+02
6.0548871918331248e-01 4.9827860094304316e-04 6.4555785423316288e-04 9.3870285027216926e+02
6.2075546501594958e-01 5.1080433627019941e-04 6.6181558951865487e-04 9.3873018283548276e+02
6.3640714539969223e-01 5.2375292860220842e-04 6.7848275938247617e-04 9.3875767588847748e+02
6.5245346604460208e-01 5.3713865319252876e-04 6.9556967210011975e-04 9.3878533077244867e+02
6.6890437737976494e-01 5.5097626721370516e-04 7.1308689537865364e-04 9.3881314884000722e+02
6.8577008072361800e-01 5.6528102602650273e-04 7.3104526288259876e-04 9.3884113145517449e+02
7.0306103460985359e-01 5.8006869999826908e-04 7.4945588092384917e-04 9.3886927999347779e+02
7.2078796127282563e-01 5.9535559188907301e-04 7.6833013531975671e-04 9.3889759584204762e+02
7.3896185329647779e-01 6.1115855482477889e-04 7.8767969842360281e-04 9.3892608039971446e+02
7.5759398043091608e-01 6.2749501087687692e-04 8.0751653633178225e-04 9.3895473507710858e+02
7.7669589658085680e-01 6.4438297026955089e-04 8.2785291627214617e-04 9.3898356129675767e+02
7.9627944697027753e-01 6.6184105123515786e-04 8.4870141417804190e-04 9.3901256049318783e+02
8.1635677548771857e-01 6.7988850054000963e-04 8.7007492245272117e-04 9.3904173411302452e+02
8.3694033221678943e-01 6.9854521470308784e-04 8.9198665792889365e-04 9.3907108361509427e+02
8.5804288115654614e-01 7.1783176193107871e-04 9.1445017002832424e-04 9.3910061047052773e+02
8.7967750813653256e-01 7.3776940479391810e-04 9.3747934912650154e-04 9.3913031616286298e+02
9.0185762893138766e-01 7.5838012366583789e-04 9.6108843512751759e-04 9.3916020218815140e+02
9.2459699758005731e-01 7.7968664095776270e-04 9.8529202625445068e-04 9.3919027005506030e+02
9.4790971491476406e-01 8.0171244616776885e-04 1.0101050880606441e-03 9.3922052128498296e+02
9.7181023730502492e-01 8.2448182177722088e-04 1.0355429626674431e-03 9.3925095741214216e+02
9.9631338562214289e-01 8.4801987002114105e-04 1.0616213782340604e-03 9.3928157998370250e+02
1.0214343544297260e+00 8.7235254056231850e-04 1.0883564586654105e-03 9.3931239055987658e+02
1.0471887214059357e+00 8.9750665909967020e-04 1.1157647335638772e-03 9.3934339071403599e+02
1.0735924570033100e+00 9.2350995694239683e-04 1.1438631484311415e-03 9.3937458203282290e+02
1.1006619343521415e+00 9.5039110158252589e-04 1.1726690751263401e-03 9.3940596611626290e+02
1.1284139394135695e+00 9.7817972829956695e-04 1.2022003225870084e-03 9.3943754457787554e+02
1.1568656813886600e+00 1.0069064728320989e-03 1.2324751478193705e-03 9.3946931904479106e+02
1.1860348033899473e+00 1.0366030051523277e-03 1.2635122671647680e-03 9.3950129115786399e+02
1.2159393933820426e+00 1.0673020643808338e-03 1.2953308678491388e-03 9.3953346257179021e+02
1.2465979953981017e+00 1.0990374948800163e-03 1.3279506198226590e-03 9.3956583495522239e+02
1.2780296210391009e+00 1.1318442835660115e-03 1.3613916878968207e-03 9.3959840999089010e+02
1.3102537612630549e+00 1.1657585984802283e-03 1.3956747441864180e-03 9.3963118937571824e+02
1.3432903984714910e+00 1.2008178286630250e-03 1.4308209808640917e-03 9.3966417482094653e+02
1.3771600189006659e+00 1.2370606253734803e-03 1.4668521232352703e-03 9.3969736805225079e+02
1.4118836253252156e+00 1.2745269447007068e-03 1.5037904431415463e-03 9.3973077080986673e+02
1.4474827500821152e+00 1.3132580916136807e-03 1.5416587727007383e-03 9.3976438484871164e+02
1.4839794684230228e+00 1.3532967654981550e-03 1.5804805183920747e-03 9.3979821193850978e+02
1.5213964122032875e+00 1.3946871072308519e-03 1.6202796754951657e-03 9.3983225386391734e+02
1.5597567839161113e+00 1.4374747478428380e-03 1.6610808428916318e-03 9.3986651242464893e+02
1.5990843710805709e+00 1.4817068588257303e-03 1.7029092382384952e-03 9.3990098943560656e+02
1.6394035609924118e+00 1.5274322041361899e-03 1.7457907135226556e-03 9.3993568672700644e+02
1.6807393558467727e+00 1.5747011939560391e-03 1.7897517710060071e-03 9.3997060614451107e+02
1.7231173882422111e+00 1.6235659402672694e-03 1.8348195795710011e-03 9.4000574954935882e+02
1.7665639370756459e+00 1.6740803143032099e-03 1.8810219914766962e-03 9.4004111881849610e+02
1.8111059438380730e+00 1.7263000059391891e-03 1.9283875595355836e-03 9.4007671584471279e+02
1.8567710293211654e+00 1.7802825850881791e-03 1.9769455547217671e-03 9.4011254253677396e+02
1.9035875107451041e+00 1.8360875651690859e-03 2.0267259842212757e-03 9.4014860081955760e+02
1.9515844193182750e+00 1.8937764687176806e-03 2.0777596099356343e-03 9.4018489263419087e+02
2.0007915182397107e+00 1.9534128952124847e-03 2.1300779674500369e-03 9.4022141993818809e+02
2.0512393211554474e+00 2.0150625911904015e-03 2.1837133854777811e-03 9.4025818470559057e+02
2.1029591110802386e+00 2.0787935227293787e-03 2.2386990057929094e-03 9.4029518892710587e+02
2.1559829597963538e+00 2.1446759503780167e-03 2.2950688036632830e-03 9.4033243461025120e+02
2.2103437477415087e+00 2.2127825066147406e-03 2.3528576087966601e-03 9.4036992377949639e+02
2.2660751843982361e+00 2.2831882759219053e-03 2.4121011268126214e-03 9.4040765847640603e+02
2.3232118291973611e+00 2.3559708775631391e-03 2.4728359612535334e-03 9.4044564075978758e+02
2.3817891129485287e+00 2.4312105511551641e-03 2.5350996361480612e-03 9.4048387270583589e+02
2.4418433598110840e+00 2.5089902451284458e-03 2.5989306191410845e-03 9.4052235640828360e+02
2.5034118098189246e+00 2.5893957081741924e-03 2.6643683452042223e-03 9.4056109397854868e+02
2.5665326419732830e+00 2.6725155837785024e-03 2.7314532409414916e-03 9.4060008754588614e+02
2.6312449979177872e+00 2.7584415079479263e-03 2.8002267495050716e-03 9.4063933925753850e+02
2.6975890062104453e+00 2.8472682102341214e-03 2.8707313561363947e-03 9.4067885127889190e+02
2.7656058072076286e+00 2.9390936181690162e-03 2.9430106143483034e-03 9.4071862579362823e+02
2.8353375785754795e+00 3.0340189652256111e-03 3.0171091727642955e-03 9.4075866500388202e+02
2.9068275614445600e+00 3.1321489024234272e-03 3.0930728026313443e-03 9.4079897113039749e+02
2.9801200872239604e+00 3.2335916137016525e-03 3.1709484260231649e-03 9.4083954641268826e+02
3.0552606050914952e+00 3.3384589351871693e-03 3.2507841447512293e-03 9.4088039310919726e+02
3.1322957101770434e+00 3.4468664784889766e-03 3.3326292700012802e-03 9.4092151349745768e+02
3.2112731724564929e+00 3.5589337581548950e-03 3.4165343527134953e-03 9.4096290987425584e+02
3.2922419663742155e+00 3.6747843234311022e-03 3.5025512147249436e-03 9.4100458455579678e+02
3.3752523012124427e+00 3.7945458944697377e-03 3.5907329806934458e-03 9.4104653987786844e+02
3.4603556522263768e+00 3.9183505031347623e-03 3.6811341108223990e-03 9.4108877819601116e+02
3.5476047925643246e+00 4.0463346385612624e-03 3.7738104344066212e-03 9.4113130188568493e+02
3.6370538259926870e+00 4.1786393976287360e-03 3.8688191842198285e-03 9.4117411334243911e+02
3.7287582204460539e+00 4.3154106405141881e-03 3.9662190317647549e-03 9.4121721498208592e+02
3.8227748424232364e+00 4.4567991514965566e-03 4.0660701234075860e-03 9.4126060924087233e+02
3.9191619922505576e+00 4.6029608051897531e-03 4.1684341174188138e-03 9.4130429857565537e+02
4.0179794402342681e+00 4.7540567383875633e-03 4.2733742219432311e-03 9.4134828546407959e+02
4.1192884637245104e+00 4.9102535277098800e-03 4.3809552339223456e-03 9.4139257240475229e+02
4.2231518851137979e+00 5.0717233732460870e-03 4.4912435789930122e-03 9.4143716191742590e+02
4.3296341107936041e+00 5.2386442883980960e-03 4.6043073523868092e-03 9.4148205654317667e+02
4.4388011710931856e+00 5.4112002961322859e-03 4.7202163608551341e-03 9.4152725884458937e+02
4.5507207612254259e+00 5.5895816318567307e-03 4.8390421656457636e-03 9.4157277140593987e+02
4.6654622832650787e+00 5.7739849531473651e-03 4.9608581265571574e-03 9.4161859683338105e+02
4.7830968891854546e+00 5.9646135565543119e-03 5.0857394470975141e-03 9.4166473775513168e+02
4.9036975249802319e+00 6.1616776017273962e-03 5.2137632207762312e-03 9.4171119682166420e+02
5.0273389758977336e+00 6.3653943431078892e-03 5.3450084785560828e-03 9.4175797670589702e+02
5.1540979128157707e+00 6.5759883694420018e-03 5.4795562374952431e-03 9.4180508010338542e+02
5.2840529397857461e+00 6.7936918513800838e-03 5.6174895506088465e-03 9.4185250973251607e+02
5.4172846427755497e+00 7.0187447974345545e-03 5.7588935579806584e-03 9.4190026833470472e+02
5.5538756396414435e+00 7.2513953185787301e-03 5.9038555391561437e-03 9.4194835867459108e+02
5.6939106313599437e+00 7.4918999017782612e-03 6.0524649668489772e-03 9.4199678354023990e+02
5.8374764545514513e+00 7.7405236927567270e-03 6.2048135619938612e-03 9.4204554574334384e+02
5.9846621353282048e+00 7.9975407883071219e-03 6.3609953501793754e-03 9.4209464811942098e+02
6.1355589444999730e+00 8.2632345384715342e-03 6.5211067194953258e-03 9.4214409352802625e+02
6.2902604541716745e+00 8.5378978589220923e-03 6.6852464798300391e-03 9.4219388485295349e+02
6.4488625957680625e+00 8.8218335538876053e-03 6.8535159236538497e-03 9.4224402500244457e+02
6.6114637195214252e+00 9.1153546499819094e-03 7.0260188883259226e-03 9.4229451690940175e+02
6.7781646554592232e+00 9.4187847413019429e-03 7.2028618199626061e-03 9.4234536353159740e+02
6.9490687759294358e+00 9.7324583461759866e-03 7.3841538389062718e-03 9.4239656785188777e+02
7.1242820597024572e+00 1.0056721275955433e-02 7.5700068068347334e-03 9.4244813287843158e+02
7.3039131576892133e+00 1.0391931016256574e-02 7.7605353955522444e-03 9.4250006164490651e+02
7.4880734603163139e+00 1.0738457121072766e-02 7.9558571575041696e-03 9.4255235721072665e+02
7.6768771665999882e+00 1.1096681620191458e-02 8.1560925980583444e-03 9.4260502266126730e+02
7.8704413549616445e+00 1.1466999440365220e-02 8.3613652495973766e-03 9.4265806110808830e+02
8.0688860558289779e+00 1.1849818840701132e-02 8.5718017474671771e-03 9.4271147568915728e+02
8.2723343260676110e+00 1.2245561862748453e-02 8.7875319078280049e-03 9.4276526956907981e+02
8.4809123252894896e+00 1.2654664795780918e-02 9.0086888074557680e-03 9.4281944593932769e+02
8.6947493940852727e+00 1.3077578657786424e-02 9.2354088655421645e-03 9.4287400801847070e+02
8.9139781342292945e+00 1.3514769692694552e-02 9.4678319275437184e-03 9.4292895905241187e+02
9.1387344909067867e+00 1.3966719884389977e-02 9.7061013511308934e-03 9.4298430231462214e+02
9.3691578370143933e+00 1.4433927488078497e-02 9.9503640942897858e-03 9.4304004110637834e+02
9.6053910595862195e+00 1.4916907579591495e-02 1.0200770805630179e-02 9.4309617875700246e+02
9.8475806483989992e+00 1.5416192623234331e-02 1.0457475916955002e-02 9.4315271862410680e+02
1.0095876786811431e+01 1.5932333058804943e-02 1.0720637738147973e-02 9.4320966409383448e+02
1.0350433444893794e+01 1.6465897908429363e-02 1.0990418554436918e-02 9.4326701858110982e+02
1.0611408474905831e+01 1.7017475403883622e-02 1.1266984726092534e-02 9.4332478552988368e+02
1.0878963709182022e+01 1.7587673635093542e-02 1.1550506790623218e-02 9.4338296841338695e+02
1.1153265060484783e+01 1.8177121220526886e-02 1.1841159567528238e-02 9.4344157073438305e+02
1.1434482624888167e+01 1.8786468000217819e-02 1.2139122265673456e-02 9.4350059602542274e+02
1.1722790787255462e+01 1.9416385752186741e-02 1.2444578593354665e-02 9.4356004784910294e+02
1.2018368329376489e+01 2.0067568933046211e-02 1.2757716871116126e-02 9.4361992979832735e+02
1.2321398540831279e+01 2.0740735443608611e-02 1.3078730147392694e-02 9.4368024549656684e+02
1.2632069332649190e+01 2.1436627420340335e-02 1.3407816317046316e-02 9.4374099859812543e+02
1.2950573353833805e+01 2.2156012053534638e-02 1.3745178242869053e-02 9.4380219278840877e+02
1.3277108110825770e+01 2.2899682433105018e-02 1.4091023880126639e-02 9.4386383178419146e+02
1.3611876089977926e+01 2.3668458422932172e-02 1.4445566404218662e-02 9.4392591933389019e+02
1.3955084883118337e+01 2.4463187564727630e-02 1.4809024341532841e-02 9.4398845921783936e+02
1.4306947316279452e+01 2.5284746012411468e-02 1.5181621703573600e-02 9.4405145524856550e+02
1.4667681581672833e+01 2.6134039498033220e-02 1.5563588124446101e-02 9.4411491127106729e+02
1.5037511372991622e+01 2.7012004330301723e-02 1.5955159001779854e-02 9.4417883116310054e+02
1.5416666024124524e+01 2.7919608426824401e-02 1.6356575641177779e-02 9.4424321883545781e+02
1.5805380651367148e+01 2.8857852381193583e-02 1.6768085404278203e-02 9.4430807823225905e+02
1.6203896299219299e+01 2.9827770566097239e-02 1.7189941860520589e-02 9.4437341333124004e+02
1.6612460089858128e+01 3.0830432273669037e-02 1.7622404942706768e-02 9.4443922814404573e+02
1.7031325376380359e+01 3.1866942894336225e-02 1.8065741106452968e-02 9.4450552671652258e+02
1.7460751899908082e+01 3.2938445135463637e-02 1.8520223493629008e-02 9.4457231312901865e+02
1.7901005950656007e+01 3.4046120281138480e-02 1.8986132099884725e-02 9.4463959149668199e+02
1.8352360533059805e+01 3.5191189494484118e-02 1.9463753946365216e-02 9.4470736596976428e+02
1.8815095535067847e+01 3.6374915163938482e-02 1.9953383255719239e-02 9.4477564073392864e+02
1.9289497901701711e+01 3.7598602294982096e-02 2.0455321632508367e-02 9.4484442001055334e+02
1.9775861812992520e+01 3.8863599948848838e-02 2.0969878248125792e-02 9.4491370805704764e+02
2.0274488866404084e+01 4.0171302729807061e-02 2.1497370030338046e-02 9.4498350916716493e+02
2.0785688263855313e+01 4.1523152322649012e-02 2.2038121857564211e-02 9.4505382767131653e+02
2.1309777003458450e+01 4.2920639082085113e-02 2.2592466758011055e-02 9.4512466793689487e+02
2.1847080076091725e+01 4.4365303675794610e-02 2.3160746113785085e-02 9.4519603436859529e+02
2.2397930666928211e+01 4.5858738782943546e-02 2.3743309870105280e-02 9.4526793140874076e+02
2.2962670362046300e+01 4.7402590850043905e-02 2.4340516749743992e-02 9.4534036353761303e+02
2.3541649360249316e+01 4.8998561906088041e-02 2.4952734472825946e-02 9.4541333527378004e+02
2.4135226690226268e+01 5.0648411438961233e-02 2.5580339982119043e-02 9.4548685117443472e+02
2.4743770433187755e+01 5.2353958335199256e-02 2.6223719673953531e-02 9.4556091583573016e+02
2.5367657951115604e+01 5.4117082885230927e-02 2.6883269634909984e-02 9.4563553389312119e+02
2.6007276120767603e+01 5.5939728856315860e-02 2.7559395884419718e-02 9.4571071002170834e+02
2.6663021573582149e+01 5.7823905635461831e-02 2.8252514623424513e-02 9.4578644893658509e+02
2.7335300941632223e+01 5.9771690444686179e-02 2.8963052489247271e-02 9.4586275539318649e+02
2.8024531109780391e+01 6.1785230631061054e-02 2.9691446816827269e-02 9.4593963418764326e+02
2.8731139474192091e+01 6.3866746034069791e-02 3.0438145906479447e-02 9.4601709015714039e+02
2.9455564207366596e+01 6.6018531432881694e-02 3.1203609298339249e-02 9.4609512818027451e+02
3.0198254529850761e+01 6.8242959076245377e-02 3.1988308053660097e-02 9.4617375317741812e+02
3.0959670988803719e+01 7.0542481297788909e-02 3.2792725043133776e-02 9.4625297011108546e+02
3.1740285743585016e+01 7.2919633219609134e-02 3.3617355242408151e-02 9.4633278398630250e+02
3.2540582858543971e+01 7.5377035547133125e-02 3.4462706034982055e-02 9.4641319985098175e+02
3.3361058603190934e+01 7.7917397458329721e-02 3.5329297522660091e-02 9.4649422279629584e+02
3.4202221759937409e+01 8.0543519590459620e-02 3.6217662843755959e-02 9.4657585795706098e+02
3.5064593939595440e+01 8.3258297127654909e-02 3.7128348499236956e-02 9.4665811051211824e+02
3.5948709904831695e+01 8.6064722992731546e-02 3.8061914687006565e-02 9.4674098568472289e+02
3.6855117901777582e+01 8.8965891146755932e-02 3.9018935644528817e-02 9.4682448874293141e+02
3.7784379999999999e+01 9.1965000000000005e-02 4.0000000000000001e-02 9.4691045599999995e+02
4.2937071000000003e+01 1.1602000000000000e-01 4.5440000000000001e-02 9.4747302800000000e+02
4.8092840000000002e+01 1.4353800000000000e-01 5.0880000000000002e-02 9.4804384100000004e+02
5.3251738000000003e+01 1.7475900000000000e-01 5.6320000000000002e-02 9.4862568599999997e+02
5.8413834000000001e+01 2.1001800000000001e-01 6.1760000000000002e-02 9.4922220100000004e+02
6.3579220999999997e+01 2.4976899999999999e-01 6.7199999999999996e-02 9.4983795199999997e+02
6.8748014999999995e+01 2.9460199999999997e-01 7.2639999999999996e-02 9.5047835099999998e+02
7.3920368999999994e+01 3.4524300000000002e-01 7.8079999999999997e-02 9.5114948300000003e+02
7.9096467000000004e+01 4.0255800000000003e-01 8.3519999999999997e-02 9.5185792200000003e+02
8.4276528999999996e+01 4.6754800000000002e-01 8.8959999999999997e-02 9.5261054899999999e+02
8.9460815999999994e+01 5.4133600000000004e-01 9.4399999999999998e-02 9.5341439400000002e+02
9.4649624000000003e+01 6.2516499999999997e-01 9.9839999999999998e-02 9.5427649699999995e+02
9.9843289999999996e+01 7.2038000000000002e-01 1.0528000000000000e-01 9.5520379700000001e+02
1.0504218700000000e+02 8.2842000000000005e-01 1.1072000000000000e-01 9.5620304799999997e+02
1.1024672400000000e+02 9.5080299999999995e-01 1.1616000000000000e-01 9.5728074100000003e+02
1.1545734500000000e+02 1.0891189999999999e+00 1.2160000000000000e-01 9.5844305899999995e+02
1.2067452500000000e+02 1.2450129999999999e+00 1.2703999999999999e-01 9.5969583699999998e+02
1.2589875600000001e+02 1.4186479999999999e+00 1.3247999999999999e-01 9.6103286500000002e+02
1.3113045700000001e+02 1.6103390000000000e+00 1.3791999999999999e-01 9.6244950700000004e+02
1.3637011799999999e+02 1.8233670000000000e+00 1.4335999999999999e-01 9.6396298300000001e+02
1.4161828700000001e+02 2.0599210000000001e+00 1.4879999999999999e-01 9.6558107800000005e+02
1.4687554900000001e+02 2.3219829999999999e+00 1.5423999999999999e-01 9.6730937200000005e+02
1.5214251600000000e+02 2.6114480000000002e+00 1.5967999999999999e-01 9.6915229899999997e+02
1.5741982200000001e+02 2.9301560000000002e+00 1.6511999999999999e-01 9.7111350700000003e+02
1.6270812000000001e+02 3.2799030000000000e+00 1.7055999999999999e-01 9.7319603500000005e+02
1.6800807499999999e+02 3.6624469999999998e+00 1.7599999999999999e-01 9.7540241100000003e+02
1.7332036900000000e+02 4.0795079999999997e+00 1.8143999999999999e-01 9.7773472700000002e+02
1.7864569100000000e+02 4.5327729999999997e+00 1.8687999999999999e-01 9.8019469100000003e+02
1.8398473899999999e+02 5.0238860000000001e+00 1.9231999999999999e-01 9.8278366500000004e+02
1.8933821900000001e+02 5.5544580000000003e+00 1.9775999999999999e-01 9.8550270599999999e+02
1.9470684000000000e+02 6.1260589999999997e+00 2.0319999999999999e-01 9.8835258899999997e+02
2.0009131500000001e+02 6.7402199999999999e+00 2.0863999999999999e-01 9.9133383800000001e+02
2.0549236200000001e+02 7.3984319999999997e+00 2.1407999999999999e-01 9.9444674499999996e+02
2.1091069500000000e+02 8.1021439999999991e+00 2.1951999999999999e-01 9.9769139099999995e+02
2.1634703200000001e+02 8.8527649999999998e+00 2.2495999999999999e-01 1.0010676650000000e+03
2.2180208900000000e+02 9.6516610000000007e+00 2.3039999999999999e-01 1.0045752760000000e+03
2.2727657800000000e+02 1.0500154000000000e+01 2.3583999999999999e-01 1.0082137680000000e+03
2.3277121099999999e+02 1.1399521000000000e+01 2.4127999999999999e-01 1.0119825310000000e+03
2.3828669500000001e+02 1.2350997000000000e+01 2.4671999999999999e-01 1.0158808110000000e+03
2.4382373100000001e+02 1.3355767999999999e+01 2.5216000000000000e-01 1.0199077200000000e+03
2.4938301799999999e+02 1.4414975000000000e+01 2.5760000000000000e-01 1.0240622440000000e+03
2.5496524600000001e+02 1.5529711000000001e+01 2.6304000000000000e-01 1.0283432459999999e+03
2.6057110000000000e+02 1.6701018999999999e+01 2.6848000000000000e-01 1.0327494770000001e+03
2.6620125899999999e+02 1.7929891999999999e+01 2.7392000000000000e-01 1.0372795770000000e+03
2.7185639300000003e+02 1.9217274000000000e+01 2.7936000000000000e-01 1.0419320849999999e+03
2.7753716300000002e+02 2.0564056000000001e+01 2.8480000000000000e-01 1.0467054390000001e+03
2.8324422299999998e+02 2.1971076000000000e+01 2.9024000000000000e-01 1.0515979830000001e+03
2.8897821599999997e+02 2.3439119000000002e+01 2.9568000000000000e-01 1.0566079720000000e+03
2.9473977800000000e+02 2.4968916000000000e+01 3.0112000000000000e-01 1.0617335740000001e+03
3.0052953100000002e+02 2.6561143999999999e+01 3.0656000000000000e-01 1.0669728769999999e+03
3.0634808900000002e+02 2.8216425000000001e+01 3.1200000000000000e-01 1.0723238930000000e+03
3.1219605600000000e+02 2.9935324999999999e+01 3.1744000000000000e-01 1.0777845629999999e+03
3.1807402000000002e+02 3.1718357999999998e+01 3.2288000000000000e-01 1.0833527600000000e+03
3.2398256300000003e+02 3.3565978999999999e+01 3.2832000000000000e-01 1.0890262970000001e+03
3.2992225100000002e+02 3.5478592999999996e+01 3.3376000000000000e-01 1.0948029309999999e+03
3.3589363900000001e+02 3.7456550000000000e+01 3.3920000000000000e-01 1.1006803700000000e+03
3.4189726899999999e+02 3.9500146000000001e+01 3.4464000000000000e-01 1.1066562739999999e+03
3.4793367100000000e+02 4.1609627000000003e+01 3.5008000000000000e-01 1.1127282680000001e+03
3.5400336099999998e+02 4.3785187999999998e+01 3.5552000000000000e-01 1.1188939419999999e+03
3.6010684199999997e+02 4.6026975999999998e+01 3.6096000000000000e-01 1.1251508590000001e+03
3.6624460499999998e+02 4.8335089000000004e+01 3.6640000000000000e-01 1.1314965600000000e+03
3.7241712400000000e+02 5.0709578999999998e+01 3.7184000000000000e-01 1.1379285729999999e+03
3.7862303700000001e+02 5.2829881999999998e+01 3.7728000000000000e-01 1.1435898720000000e+03
3.8485809899999998e+02 5.4798557000000002e+01 3.8272000000000000e-01 1.1487702079999999e+03
3.9112081300000000e+02 5.6727144000000003e+01 3.8816000000000001e-01 1.1537732990000000e+03
3.9741043800000000e+02 5.8641930000000002e+01 3.9360000000000001e-01 1.1586714039999999e+03
4.0372650700000003e+02 6.0555554999999998e+01 3.9904000000000001e-01 1.1634993170000000e+03
4.1006869799999998e+02 6.2475425999999999e+01 4.0448000000000001e-01 1.1682773900000000e+03
4.1643677700000001e+02 6.4406378000000004e+01 4.0992000000000001e-01 1.1730188330000001e+03
4.2283033100000000e+02 6.6258371999999994e+01 4.1536000000000001e-01 1.1775073120000000e+03
4.2924669000000000e+02 6.7935393000000005e+01 4.2080000000000001e-01 1.1815181230000001e+03
4.3568464000000000e+02 6.9604162000000002e+01 4.2624000000000001e-01 1.1854578480000000e+03
4.4214393999999999e+02 7.1282792000000001e+01 4.3168000000000001e-01 1.1893705789999999e+03
4.4862448899999998e+02 7.2977744999999999e+01 4.3712000000000001e-01 1.1932718780000000e+03
4.5512625000000003e+02 7.4692363000000000e+01 4.4256000000000001e-01 1.1971696300000001e+03
4.6164921700000002e+02 7.6428689000000006e+01 4.4800000000000001e-01 1.2010685109999999e+03
4.6819340499999998e+02 7.8188104999999993e+01 4.5344000000000001e-01 1.2049715630000001e+03
4.7475884100000002e+02 7.9971609999999998e+01 4.5888000000000001e-01 1.2088808750000001e+03
4.8134556600000002e+02 8.1779961000000000e+01 4.6432000000000001e-01 1.2127979419999999e+03
4.8795362299999999e+02 8.3613755999999995e+01 4.6976000000000001e-01 1.2167238620000001e+03
4.9458306399999998e+02 8.5473476000000005e+01 4.7520000000000001e-01 1.2206594520000001e+03
5.0123394300000001e+02 8.7359521999999998e+01 4.8064000000000001e-01 1.2246053280000001e+03
5.0790631700000000e+02 8.9272227999999998e+01 4.8608000000000001e-01 1.2285619540000000e+03
5.1460024499999997e+02 9.1211883000000000e+01 4.9152000000000001e-01 1.2325296770000000e+03
5.2131578999999999e+02 9.3178732999999994e+01 4.9696000000000001e-01 1.2365087550000001e+03
5.2805301199999997e+02 9.5172995000000000e+01 5.0239999999999996e-01 1.2404993720000000e+03
5.3481197599999996e+02 9.7194857999999996e+01 5.0783999999999996e-01 1.2445016539999999e+03
5.4159274400000004e+02 9.9244488000000004e+01 5.1327999999999996e-01 1.2485156790000001e+03
5.4839538200000004e+02 1.0132203400000000e+02 5.1871999999999996e-01 1.2525414880000001e+03
5.5521995300000003e+02 1.0342762700000000e+02 5.2415999999999996e-01 1.2565790850000001e+03
5.6206652099999997e+02 1.0556138300000001e+02 5.2959999999999996e-01 1.2606284490000000e+03
5.6893515000000002e+02 1.0772340699999999e+02 5.3503999999999996e-01 1.2646895360000001e+03
5.7582590400000004e+02 1.0991379200000000e+02 5.4047999999999996e-01 1.2687622810000000e+03
5.8273884599999997e+02 1.1213262000000000e+02 5.4591999999999996e-01 1.2728466020000001e+03
5.8967403899999999e+02 1.1437996400000000e+02 5.5135999999999996e-01 1.2769424030000000e+03
5.9663154499999996e+02 1.1665588900000000e+02 5.5679999999999996e-01 1.2810495739999999e+03
6.0361142500000005e+02 1.1896045100000001e+02 5.6223999999999996e-01 1.2851679979999999e+03
6.1061374100000000e+02 1.2129370100000000e+02 5.6767999999999996e-01 1.2892975440000000e+03
6.1763855200000000e+02 1.2365568100000000e+02 5.7311999999999996e-01 1.2934380770000000e+03
6.2468591800000002e+02 1.2604642900000000e+02 5.7855999999999996e-01 1.2975894530000000e+03
6.3175589700000000e+02 1.2846597499999999e+02 5.8399999999999996e-01 1.3017515220000000e+03
6.3884854800000005e+02 1.3091434500000000e+02 5.8943999999999996e-01 1.3059241300000001e+03
6.4596392600000001e+02 1.3339156000000000e+02 5.9487999999999996e-01 1.3101071190000000e+03
6.5310208899999998e+02 1.3589763600000001e+02 6.0031999999999996e-01 1.3143003249999999e+03
6.6026309200000003e+02 1.3843258499999999e+02 6.0575999999999997e-01 1.3185035849999999e+03
6.6744698800000003e+02 1.4099641199999999e+02 6.1119999999999997e-01 1.3227167300000001e+03
6.7465383099999997e+02 1.4358912300000000e+02 6.1663999999999997e-01 1.3269395890000001e+03
6.8188367300000004e+02 1.4621071599999999e+02 6.2207999999999997e-01 1.3311719929999999e+03
6.8913656600000002e+02 1.4886118800000000e+02 6.2751999999999997e-01 1.3354137679999999e+03
6.9641255999999998e+02 1.5154052999999999e+02 6.3295999999999997e-01 1.3396647399999999e+03
7.0371170500000005e+02 1.5424873199999999e+02 6.3839999999999997e-01 1.3439247359999999e+03
7.1103404999999998e+02 1.5698578100000000e+02 6.4383999999999997e-01 1.3481935800000001e+03
7.1837964099999999e+02 1.5975165999999999e+02 6.4927999999999997e-01 1.3524710990000001e+03
7.2574852699999997e+02 1.6254634999999999e+02 6.5471999999999997e-01 1.3567571180000000e+03
7.3314075200000002e+02 1.6536982800000001e+02 6.6015999999999997e-01 1.3610514630000000e+03
7.4055636100000004e+02 1.6822207100000000e+02 6.6559999999999997e-01 1.3653539599999999e+03
7.4799539900000002e+02 1.7110305099999999e+02 6.7103999999999997e-01 1.3696644360000000e+03
7.5545790799999997e+02 1.7401273900000001e+02 6.7647999999999997e-01 1.3739827200000000e+03
7.6294393000000002e+02 1.7695110399999999e+02 6.8191999999999997e-01 1.3783086410000001e+03
7.7045350699999995e+02 1.7991811300000001e+02 6.8735999999999997e-01 1.3826420280000000e+03
7.7798667799999998e+02 1.8291373100000001e+02 6.9279999999999997e-01 1.3869827130000001e+03
7.8554348300000004e+02 1.8593791999999999e+02 6.9823999999999997e-01 1.3913305280000000e+03
7.9312396000000001e+02 1.8899064200000001e+02 7.0367999999999997e-01 1.3956853070000000e+03
8.0072814700000004e+02 1.9207185699999999e+02 7.0911999999999997e-01 1.4000468860000001e+03
8.0835607900000002e+02 1.9518152100000000e+02 7.1455999999999997e-01 1.4044151019999999e+03
8.1600779399999999e+02 1.9831959300000000e+02 7.1999999999999997e-01 1.4087897940000000e+03
8.2368332499999997e+02 2.0148602500000001e+02 7.2543999999999997e-01 1.4131708000000001e+03
8.3138270599999998e+02 2.0468077299999999e+02 7.3087999999999997e-01 1.4175579650000000e+03
8.3910597099999995e+02 2.0790378899999999e+02 7.3631999999999997e-01 1.4219511299999999e+03
8.4685315100000003e+02 2.1115502300000000e+02 7.4175999999999997e-01 1.4263501420000000e+03
8.5462427900000000e+02 2.1443442600000000e+02 7.4719999999999998e-01 1.4307548480000000e+03
8.6241938400000004e+02 2.1774194700000001e+02 7.5263999999999998e-01 1.4351650970000001e+03
8.7023849700000005e+02 2.2107753199999999e+02 7.5807999999999998e-01 1.4395807400000001e+03
8.7808164599999998e+02 2.2444112999999999e+02 7.6351999999999998e-01 1.4440016300000000e+03
8.8594885999999997e+02 2.2783268500000000e+02 7.6895999999999998e-01 1.4484276219999999e+03
8.9384016599999995e+02 2.3125214299999999e+02 7.7439999999999998e-01 1.4528585730000000e+03
9.0175558999999998e+02 2.3469944799999999e+02 7.7983999999999998e-01 1.4572943399999999e+03
9.0969515799999999e+02 2.3817454300000000e+02 7.8527999999999998e-01 1.4617347850000001e+03
9.1765889600000003e+02 2.4167737099999999e+02 7.9071999999999998e-01 1.4661797710000001e+03
9.2564682700000003e+02 2.4520787400000000e+02 7.9615999999999998e-01 1.4706291610000001e+03
9.3365897500000005e+02 2.4876599200000001e+02 8.0159999999999998e-01 1.4750828230000000e+03
9.4169536400000004e+02 2.5235166699999999e+02 8.0703999999999998e-01 1.4795406240000000e+03
9.4975601500000005e+02 2.5596483799999999e+02 8.1247999999999998e-01 1.4840024340000000e+03
9.5784095000000002e+02 2.5960544499999997e+02 8.1791999999999998e-01 1.4884681270000001e+03
9.6595018900000002e+02 2.6327342700000003e+02 8.2335999999999998e-01 1.4929375760000000e+03
9.7408375300000000e+02 2.6696872200000001e+02 8.2879999999999998e-01 1.4974106569999999e+03
9.8224166100000002e+02 2.7069126799999998e+02 8.3423999999999998e-01 1.5018872480000000e+03
9.9042393200000004e+02 2.7444100300000002e+02 8.3967999999999998e-01 1.5063672290000000e+03
9.9863058300000000e+02 2.7821786500000002e+02 8.4511999999999998e-01 1.5108504809999999e+03
1.0068616340000000e+03 2.8202178900000001e+02 8.5055999999999998e-01 1.5153368889999999e+03
1.0151170990000001e+03 2.8585271299999999e+02 8.5599999999999998e-01 1.5198263370000000e+03
1.0233969959999999e+03 2.8971057300000001e+02 8.6143999999999998e-01 1.5243187129999999e+03
1.0317013390000000e+03 2.9359530500000000e+02 8.6687999999999998e-01 1.5288139060000001e+03
1.0400301449999999e+03 2.9750684400000000e+02 8.7231999999999998e-01 1.5333118070000000e+03
1.0483834280000001e+03 3.0144512700000001e+02 8.7775999999999998e-01 1.5378123089999999e+03
1.0567612010000000e+03 3.0541008799999997e+02 8.8319999999999999e-01 1.5423153050000001e+03
1.0651634770000001e+03 3.0940166399999998e+02 8.8863999999999999e-01 1.5468206929999999e+03
1.0735902699999999e+03 3.1341978799999998e+02 8.9407999999999999e-01 1.5513283699999999e+03
1.0820415920000000e+03 3.1746439600000002e+02 8.9951999999999999e-01 1.5558382360000001e+03
1.0905174529999999e+03 3.2153542299999998e+02 9.0495999999999999e-01 1.5603501920000001e+03
1.0990178659999999e+03 3.2563280400000002e+02 9.1039999999999999e-01 1.5648641430000000e+03
1.1075428410000000e+03 3.2975647400000003e+02 9.1583999999999999e-01 1.5693799919999999e+03
1.1160923880000000e+03 3.3390636699999999e+02 9.2127999999999999e-01 1.5738976459999999e+03
1.1246665160000000e+03 3.3808241900000002e+02 9.2671999999999999e-01 1.5784170130000000e+03
1.1332652350000001e+03 3.4228456399999999e+02 9.3215999999999999e-01 1.5829380040000001e+03
1.1418885540000001e+03 3.4651273700000002e+02 9.3759999999999999e-01 1.5874605300000001e+03
1.1505364790000001e+03 3.5076687399999997e+02 9.4303999999999999e-01 1.5919845049999999e+03
1.1592090189999999e+03 3.5504691100000002e+02 9.4847999999999999e-01 1.5965098419999999e+03
1.1679061819999999e+03 3.5935278099999999e+02 9.5391999999999999e-01 1.6010364600000000e+03
1.1766279730000001e+03 3.6368442299999998e+02 9.5935999999999999e-01 1.6055642769999999e+03
1.1853743999999999e+03 3.6804176999999999e+02 9.6479999999999999e-01 1.6100932110000001e+03
1.1941454670000001e+03 3.7242476099999999e+02 9.7023999999999999e-01 1.6146231860000000e+03
1.2029411809999999e+03 3.7683333199999998e+02 9.7567999999999999e-01 1.6191541250000000e+03
1.2117615460000000e+03 3.8126742000000002e+02 9.8111999999999999e-01 1.6236859520000000e+03
1.2206065679999999e+03 3.8572696300000001e+02 9.8655999999999999e-01 1.6282185959999999e+03
1.2294762499999999e+03 3.9021190000000001e+02 9.9199999999999999e-01 1.6327519850000001e+03
1.2383705960000000e+03 3.9472217100000000e+02 9.9743999999999999e-01 1.6372860499999999e+03
1.2472896100000000e+03 3.9925771600000002e+02 1.0028800000000000e+00 1.6418207250000000e+03
1.2562332939999999e+03 4.0381847800000003e+02 1.0083200000000001e+00 1.6463559450000000e+03
1.2652016520000000e+03 4.0840439800000001e+02 1.0137600000000000e+00 1.6508916480000000e+03
1.2741946869999999e+03 4.1301542400000000e+02 1.0192000000000001e+00 1.6554277750000001e+03
1.2832123990000000e+03 4.1765150199999999e+02 1.0246400000000000e+00 1.6599642719999999e+03
1.2922547920000000e+03 4.2231258500000001e+02 1.0300800000000001e+00 1.6645010860000000e+03
1.3013218660000000e+03 4.2699862700000000e+02 1.0355200000000000e+00 1.6690381720000000e+03
1.3104136240000000e+03 4.3170959199999999e+02 1.0409600000000001e+00 1.6735754899999999e+03
1.3195300649999999e+03 4.3644545199999999e+02 1.0464000000000000e+00 1.6781130120000000e+03
1.3286711920000000e+03 4.4120619799999997e+02 1.0518400000000001e+00 1.6826507260000001e+03
1.3378370050000001e+03 4.4599185100000000e+02 1.0572800000000000e+00 1.6871886529999999e+03
1.3470275059999999e+03 4.5080252100000001e+02 1.0627200000000001e+00 1.6917268910000000e+03
1.3562426980000000e+03 4.5563877200000002e+02 1.0681600000000000e+00 1.6962659679999999e+03
1.3654825830000000e+03 4.6049975899999998e+02 1.0736000000000001e+00 1.7008050870000000e+03
1.3747471610000000e+03 4.6538474600000001e+02 1.0790400000000000e+00 1.7053435629999999e+03
1.3840364259999999e+03 4.7029366599999997e+02 1.0844800000000001e+00 1.7098813399999999e+03
1.3933503760000001e+03 4.7522645199999999e+02 1.0899200000000000e+00 1.7144183650000000e+03
1.4026890050000000e+03 4.8018303700000001e+02 1.0953599999999999e+00 1.7189545820000001e+03
1.4120523100000000e+03 4.8516335400000003e+02 1.1008000000000000e+00 1.7234899390000000e+03
1.4214402849999999e+03 4.9016733699999997e+02 1.1062399999999999e+00 1.7280243840000001e+03
1.4308529260000000e+03 4.9519492000000002e+02 1.1116800000000000e+00 1.7325578680000001e+03
1.4402902260000001e+03 5.0024603600000000e+02 1.1171199999999999e+00 1.7370903390000001e+03
1.4497521810000001e+03 5.0532062100000002e+02 1.1225600000000000e+00 1.7416217500000000e+03
1.4592387850000000e+03 5.1041860800000001e+02 1.1279999999999999e+00 1.7461520530000000e+03
1.4687500310000000e+03 5.1553993400000002e+02 1.1334400000000000e+00 1.7506812000000000e+03
1.4782859129999999e+03 5.2068453199999999e+02 1.1388799999999999e+00 1.7552091459999999e+03
1.4878464230000000e+03 5.2585233900000003e+02 1.1443200000000000e+00 1.7597358449999999e+03
1.4974315570000001e+03 5.3104328999999996e+02 1.1497599999999999e+00 1.7642612540000000e+03
1.5070413050000000e+03 5.3625732200000004e+02 1.1552000000000000e+00 1.7687853290000000e+03
1.5166756610000000e+03 5.4149437000000000e+02 1.1606399999999999e+00 1.7733080270000000e+03
1.5263346180000001e+03 5.4675437099999999e+02 1.1660800000000000e+00 1.7778293080000001e+03
1.5360181669999999e+03 5.5203726200000006e+02 1.1715199999999999e+00 1.7823491289999999e+03
1.5457263000000000e+03 5.5734298100000001e+02 1.1769600000000000e+00 1.7868674520000000e+03
1.5554590089999999e+03 5.6267146400000001e+02 1.1823999999999999e+00 1.7913842360000001e+03
1.5652162860000001e+03 5.6802264800000000e+02 1.1878400000000000e+00 1.7958994439999999e+03
1.5749981210000001e+03 5.7339647300000001e+02 1.1932799999999999e+00 1.8004130370000000e+03
1.5848045070000001e+03 5.7879287599999998e+02 1.1987200000000000e+00 1.8049249780000000e+03
1.5946354340000000e+03 5.8421179600000005e+02 1.2041599999999999e+00 1.8094352320000000e+03
1.6044908920000000e+03 5.8965317200000004e+02 1.2096000000000000e+00 1.8139437630000000e+03
1.6143708720000000e+03 5.9511694100000000e+02 1.2150399999999999e+00 1.8184505349999999e+03
1.6242753650000000e+03 6.0060304499999995e+02 1.2204800000000000e+00 1.8229555150000001e+03
1.6342043600000000e+03 6.0611142099999995e+02 1.2259199999999999e+00 1.8274586700000000e+03
1.6441578480000001e+03 6.1164201100000002e+02 1.2313600000000000e+00 1.8319599650000000e+03
1.6541358190000001e+03 6.1719475299999999e+02 1.2367999999999999e+00 1.8364593700000000e+03
1.6641382610000001e+03 6.2276958999999999e+02 1.2422400000000000e+00 1.8409568529999999e+03
1.6741651660000000e+03 6.2836645999999996e+02 1.2476799999999999e+00 1.8454523819999999e+03
1.6842165199999999e+03 6.3398530500000004e+02 1.2531200000000000e+00 1.8499459280000001e+03
1.6942923149999999e+03 6.3962606700000003e+02 1.2585599999999999e+00 1.8544374600000001e+03
1.7043925389999999e+03 6.4528868599999998e+02 1.2640000000000000e+00 1.8589269509999999e+03
1.7145171800000001e+03 6.5097310400000003e+02 1.2694399999999999e+00 1.8634143700000000e+03
1.7246662269999999e+03 6.5667926299999999e+02 1.2748800000000000e+00 1.8678996910000001e+03
1.7348396700000001e+03 6.6240710600000000e+02 1.2803199999999999e+00 1.8723828860000001e+03
1.7450374950000000e+03 6.6815657399999998e+02 1.2857600000000000e+00 1.8768639280000000e+03
1.7552596920000001e+03 6.7392761099999996e+02 1.2911999999999999e+00 1.8813427899999999e+03
1.7655062490000000e+03 6.7972015999999996e+02 1.2966400000000000e+00 1.8858194480000000e+03
1.7757771530000000e+03 6.8553416300000004e+02 1.3020799999999999e+00 1.8902938760000000e+03
1.7860723920000000e+03 6.9136956499999997e+02 1.3075200000000000e+00 1.8947660480000000e+03
1.7963919400000000e+03 6.9720687599999997e+02 1.3129599999999999e+00 1.8992211310000000e+03
1.8067355630000000e+03 7.0299521300000004e+02 1.3184000000000000e+00 1.9036205620000001e+03
1.8171030450000001e+03 7.0877463399999999e+02 1.3238399999999999e+00 1.9079951249999999e+03
1.8274942790000000e+03 7.1455591600000002e+02 1.3292800000000000e+00 1.9123531490000000e+03
1.8379091860000001e+03 7.2034383400000002e+02 1.3347199999999999e+00 1.9166983580000001e+03
1.8483477009999999e+03 7.2614117499999998e+02 1.3401600000000000e+00 1.9210329369999999e+03
1.8588097710000000e+03 7.3194977700000004e+02 1.3455999999999999e+00 1.9253583430000001e+03
1.8692953490000000e+03 7.3777095199999997e+02 1.3510400000000000e+00 1.9296756220000000e+03
1.8798043940000000e+03 7.4360567800000001e+02 1.3564799999999999e+00 1.9339855630000000e+03
1.8903368670000000e+03 7.4945471499999996e+02 1.3619200000000000e+00 1.9382887830000000e+03
1.9008927329999999e+03 7.5531866500000001e+02 1.3673599999999999e+00 1.9425857770000000e+03
1.9114719580000001e+03 7.6119801900000004e+02 1.3728000000000000e+00 1.9468769530000000e+03
1.9220745139999999e+03 7.6709318299999995e+02 1.3782399999999999e+00 1.9511626520000000e+03
1.9327003689999999e+03 7.7300449500000002e+02 1.3836800000000000e+00 1.9554431609999999e+03
1.9433494980000000e+03 7.7893224199999997e+02 1.3891199999999999e+00 1.9597187300000001e+03
1.9540218729999999e+03 7.8487666999999999e+02 1.3945600000000000e+00 1.9639895720000000e+03
1.9647174689999999e+03 7.9083798800000000e+02 1.3999999999999999e+00 1.9682558759999999e+03
