# epsilon[MeV/fm^3] P[MeV/fm^3] nB[fm^-3] muB[MeV]
4.3514892049562272e-07 9.0000000794219998e-12 4.6796200000000002e-10 9.2990010724260003e+02
5.4394952759824855e-07 1.2854500250148002e-11 5.8496400000000005e-10 9.2990743275720001e+02
6.8239664606092796e-07 1.8414700022552000e-11 7.3384599999999997e-10 9.2991587774760001e+02
8.5763463874259032e-07 2.6380199998860002e-11 9.2229000000000003e-10 9.2992551188760001e+02
1.0799253715994732e-06 3.7791099667920001e-11 1.1613300000000000e-09 9.2993648532329996e+02
1.3625442882637764e-06 5.4137899979800000e-11 1.4652400000000000e-09 9.2994894782519998e+02
1.7226605254650248e-06 7.7555599791040007e-11 1.8524800000000000e-09 9.2996308925910000e+02
2.1826057027272589e-06 1.1110299984364001e-10 2.3470600000000000e-09 9.2997909967860005e+02
2.7713348204539073e-06 1.5916099965360000e-10 2.9801100000000000e-09 9.2999716876169998e+02
3.5266032513682487e-06 2.2800800111288001e-10 3.7922200000000000e-09 9.3001754656409992e+02
4.4975537964996660e-06 3.2663399940042002e-10 4.8362200000000001e-09 9.3004045271789994e+02
4.5807460305493105e-06 3.3555999792714001e-10 4.9256699999999996e-09 9.3004228160820003e+02
4.7281205653478515e-06 3.3656599963290001e-10 5.0841300000000003e-09 9.3004248152130003e+02
6.5759177435918250e-06 5.4515600232911993e-10 7.0708799999999999e-09 9.3007696075620004e+02
9.1998724984833464e-06 8.8567000200420000e-10 9.8920399999999997e-09 9.3011730648750006e+02
1.2918168885426129e-05 1.4388700552640002e-09 1.3889600000000001e-08 9.3016406831190000e+02
1.8201380444258739e-05 2.3376200076990001e-09 1.9569300000000001e-08 9.3021808578930006e+02
2.5725895950178280e-05 3.7977398937599994e-09 2.7657999999999999e-08 9.3028025838780002e+02
3.6463989818522291e-05 6.1698799253159997e-09 3.9200400000000002e-08 9.3035162548649998e+02
5.1813630126296458e-05 1.0023700173792000e-08 5.5698400000000002e-08 9.3043332628019994e+02
7.3785560512054020e-05 1.6284700005120000e-08 7.9311899999999997e-08 9.3052664006250006e+02
1.0527189036420272e-04 2.6456400399219999e-08 1.1314700000000000e-07 9.3063298613190000e+02
1.5043483705694415e-04 4.2981499428689995e-08 1.6167299999999999e-07 9.3075400323120004e+02
1.5143539825673478e-04 4.3369399516159995e-08 1.6274800000000000e-07 9.3075639185940008e+02
1.5666718390755263e-04 4.3499599327679997e-08 1.6836899999999999e-07 9.3075719132400002e+02
1.8247319946392853e-04 5.3487099479700000e-08 1.9609400000000001e-07 9.3081203831400001e+02
2.1304949570856091e-04 6.5965099669560007e-08 2.2894200000000001e-07 9.3087079295249998e+02
2.4880173202308656e-04 8.1354199584480006e-08 2.6734800000000002e-07 9.3093285559410003e+02
2.9061049213158235e-04 1.0033299847065000e-07 3.1225699999999999e-07 9.3099838615049998e+02
3.3950651358852186e-04 1.2374000051775000e-07 3.6477499999999998e-07 9.3106758453479995e+02
3.9669496520679297e-04 1.5260700009555001e-07 4.2619500000000001e-07 9.3114063056550003e+02
4.6358813252914599e-04 1.8820900209407997e-07 4.9803199999999997e-07 9.3121772415570001e+02
5.4183717856390442e-04 2.3211699768180001e-07 5.8205699999999998e-07 9.3129908512530005e+02
6.3337419989345891e-04 2.8626699988691999e-07 6.8034199999999997e-07 9.3138494352930002e+02
7.4046361643000222e-04 3.5305100162730003e-07 7.9531500000000002e-07 9.3147551899979999e+02
7.4543957324912111e-04 3.5623800038969997e-07 8.0065699999999999e-07 9.3147951660449996e+02
7.7046470619140960e-04 3.5730600246279002e-07 8.2752300000000002e-07 9.3148080575760002e+02
7.7218701201869997e-04 3.5837800248323999e-07 8.2937200000000002e-07 9.3148210505190002e+02
7.7564281539113634e-04 3.6053199741144001e-07 8.3308200000000005e-07 9.3148469349929996e+02
7.7911352986319152e-04 3.6269800105895999e-07 8.3680799999999998e-07 9.3148728185280004e+02
7.8260009510663572e-04 3.6487800290032998e-07 8.4055099999999997e-07 9.3148988034750005e+02
7.8610250285012515e-04 3.6706999922346001e-07 8.4431100000000000e-07 9.3149248879559991e+02
7.8962075319254110e-04 3.6927600351839998e-07 8.4808799999999996e-07 9.3149508719639994e+02
7.9315485471188711e-04 3.7149499796798001e-07 8.5188199999999998e-07 9.3149769564450003e+02
7.9670479058673201e-04 3.7372699824480005e-07 8.5569300000000004e-07 9.3150031404599997e+02
8.0027057791247260e-04 3.7597299948234002e-07 8.5952100000000004e-07 9.3150293244750003e+02
8.0385221698387247e-04 3.7823200230633998e-07 8.6336599999999998e-07 9.3150555094289996e+02
8.0745063029167934e-04 3.8050499711466001e-07 8.6722899999999999e-07 9.3150817929779998e+02
8.1106395596088781e-04 3.8279099715107999e-07 8.7110800000000002e-07 9.3151080774659999e+02
8.1469498722525535e-04 3.8509200436278001e-07 8.7500600000000005e-07 9.3151343619540000e+02
8.1834093096975699e-04 3.8740599815679997e-07 8.7891999999999998e-07 9.3151607459759998e+02
8.3652972322216491e-04 3.8856800310954005e-07 8.9844600000000005e-07 9.3151737379799999e+02
8.9649746606902973e-04 4.2637900225708002e-07 9.6282100000000007e-07 9.3155798930399999e+02
9.6293679962426715e-04 4.6927300060880000e-07 1.0341400000000000e-06 9.3160093353000002e+02
1.0343084479593990e-03 5.1648199988999994e-07 1.1107499999999999e-06 9.3164493704189999e+02
1.1110033276598183e-03 5.6844100521450010e-07 1.1930700000000001e-06 9.3169002988770001e+02
1.1934040547386528e-03 6.2562700512179996e-07 1.2815100000000000e-06 9.3173623206809998e+02
1.2819398888523502e-03 6.8856500094819997e-07 1.3765300000000001e-06 9.3178357353719991e+02
1.3770588621277026e-03 7.5783499966439992e-07 1.4786100000000000e-06 9.3183208434300002e+02
1.4792742600387720e-03 8.3407400117300003e-07 1.5882999999999999e-06 9.3188178448619999e+02
1.5890902438860661e-03 9.1798299673799988e-07 1.7061399999999999e-06 9.3193271378040004e+02
1.7070948934908867e-03 1.0103300084124001e-06 1.8327600000000000e-06 9.3198488236679998e+02
1.7418302566492478e-03 1.0379399925766002e-06 1.8700300000000001e-06 9.3199978345169995e+02
1.8026805910135908e-03 1.0410599913928000e-06 1.9353200000000000e-06 9.3200143242960007e+02
2.0389359400714486e-03 1.2275099896319999e-06 2.1888000000000001e-06 9.3209187794249999e+02
2.3114099463439177e-03 1.4516999917321999e-06 2.4811100000000001e-06 9.3218792017709995e+02
2.6204004641994278e-03 1.7168400063888003e-06 2.8125600000000001e-06 9.3228811983419996e+02
2.9707928967162671e-03 2.0304000155634000e-06 3.1883800000000001e-06 9.3239264696670000e+02
3.3681648965264784e-03 2.4012300084080001e-06 3.6145400000000001e-06 9.3250170129989999e+02
3.8188055776886142e-03 2.8397900147328003e-06 4.0977700000000004e-06 9.3261546284010001e+02
4.3298558716110781e-03 3.3584500068246004e-06 4.6457100000000001e-06 9.3273413140649996e+02
4.9094492242661523e-03 3.9718300068571995e-06 5.2670599999999997e-06 9.3285792691289998e+02
5.5667590537662745e-03 4.6972400276543001e-06 5.9716300000000001e-06 9.3298704917850000e+02
6.3122329168583428e-03 5.5551399798486997e-06 6.7705900000000002e-06 9.3312173811779996e+02
6.3691536418958340e-03 5.6221100036384002e-06 6.8315900000000001e-06 9.3313158221820004e+02
6.6107787783348925e-03 5.6389700285964000e-06 7.0905299999999997e-06 9.3313397075249998e+02
7.1832281514335565e-03 6.2999099885847007e-06 7.7039700000000007e-06 9.3322329697740008e+02
7.8228640480689938e-03 7.0594400109160007e-06 8.3893400000000006e-06 9.3331767013950002e+02
8.5195476220300548e-03 7.9105299722335996e-06 9.1357600000000004e-06 9.3341477175390003e+02
9.2783521214718639e-03 8.8642300383220009e-06 9.9486500000000000e-06 9.3351470163630006e+02
1.0104791977484120e-02 9.9329099737559988e-06 1.0833900000000000e-05 9.3361751969490001e+02
1.1005037422914624e-02 1.1130399980334000e-05 1.1798100000000000e-05 9.3372332602710003e+02
1.1985504705131824e-02 1.2472300012974001e-05 1.2848100000000000e-05 9.3383220044789994e+02
1.3053499763127112e-02 1.3976000053347000e-05 1.3991700000000000e-05 9.3394422305399996e+02
1.4216706487829026e-02 1.5661000693130000e-05 1.5237100000000000e-05 9.3405949366109996e+02
1.5483652631007537e-02 1.7549100191680000e-05 1.6593399999999999e-05 9.3417811227269999e+02
1.5623499832828706e-02 1.7760599953030001e-05 1.6743099999999999e-05 9.3419079468840005e+02
1.6269961736847121e-02 1.7813900213129999e-05 1.7435099999999998e-05 9.3419395273319992e+02
1.7094324515795702e-02 1.9027400207749999e-05 1.8317499999999999e-05 9.3426180186839997e+02
1.8000874089488257e-02 2.0384500450440000e-05 1.9287799999999999e-05 9.3433394852489994e+02
1.8955614232225096e-02 2.1838399047120000e-05 2.0309599999999999e-05 9.3440734433310001e+02
1.9960983560824267e-02 2.3396100553499999e-05 2.1385500000000000e-05 9.3448202938830002e+02
2.1019794814794490e-02 2.5064799654149998e-05 2.2518500000000001e-05 9.3455801364390004e+02
2.2134768910989058e-02 2.6852600343399999e-05 2.3711500000000002e-05 9.3463531710059999e+02
2.3309000859656603e-02 2.8767899159999994e-05 2.4967799999999998e-05 9.3471396971249999e+02
2.4545494036103295e-02 3.0819700065419999e-05 2.6290599999999999e-05 9.3479400162150000e+02
2.5847718880420045e-02 3.3017999946119998e-05 2.7683600000000000e-05 9.3487541254589996e+02
2.7219055484112444e-02 3.5372998881120002e-05 2.9150400000000001e-05 9.3495825272219997e+02
2.7775365070038964e-02 3.6339601209739997e-05 2.9745400000000002e-05 9.3499105302509997e+02
2.8289610775747390e-02 3.6448598719180002e-05 3.0295400000000001e-05 9.3499466085090000e+02
2.8802930737171755e-02 3.7332599735440002e-05 3.0844399999999999e-05 9.3502356336480000e+02
2.9391538203060320e-02 3.8352800962709990e-05 3.1473899999999997e-05 9.3505628375879996e+02
2.9992229144074897e-02 3.9400800335690003e-05 3.2116300000000003e-05 9.3508923392610006e+02
3.0605097595990186e-02 4.0477499896860003e-05 3.2771700000000003e-05 9.3512239395989991e+02
3.1230612131930052e-02 4.1583600119840003e-05 3.3440600000000000e-05 9.3515578386089999e+02
3.1868867160453597e-02 4.2719998743180005e-05 3.4123099999999999e-05 9.3518940362910007e+02
3.2520144922003676e-02 4.3887298648500002e-05 3.4819500000000001e-05 9.3522325326449993e+02
3.3184820445813230e-02 4.5086601561120004e-05 3.5530200000000001e-05 9.3525732271979996e+02
3.3862987887692660e-02 4.6318701748649993e-05 3.6255299999999998e-05 9.3529163208960006e+02
3.4555116462740516e-02 4.7584401826990007e-05 3.6995300000000001e-05 9.3532617123270006e+02
3.4710848908415574e-02 4.7870299693839997e-05 3.7161800000000001e-05 9.3533387666670001e+02
3.5705765632703390e-02 4.8013899962450004e-05 3.8225500000000002e-05 9.3533768431169995e+02
3.6190650245182691e-02 4.8884701265269996e-05 3.8743900000000000e-05 9.3536029073669999e+02
3.6764595537185744e-02 4.9920498059249994e-05 3.9357499999999997e-05 9.3538680481020003e+02
3.7347724170046170e-02 5.0978398185919999e-05 3.9980900000000002e-05 9.3541345870079999e+02
3.7940129948432849e-02 5.2058599241440000e-05 4.0614200000000002e-05 9.3544024264290010e+02
3.8541907483377907e-02 5.3161699756499999e-05 4.1257500000000003e-05 9.3546717635549999e+02
3.9153244015328124e-02 5.4288198430999997e-05 4.1910999999999999e-05 9.3549425007299999e+02
3.9774234210732992e-02 5.5438601263319996e-05 4.2574799999999998e-05 9.3552146370150001e+02
4.0405159191034282e-02 5.6613297948239995e-05 4.3249199999999999e-05 9.3554882728830000e+02
4.1046019389420471e-02 5.7812899551080002e-05 4.3934199999999997e-05 9.3557633069220003e+02
4.1697190276124625e-02 5.9037997871239995e-05 4.4630199999999998e-05 9.3560397410099995e+02
4.2358578444415006e-02 6.0288999023690009e-05 4.5337100000000003e-05 9.3563177732760005e+02
4.2549448380963861e-02 6.0651299975859995e-05 4.5541099999999997e-05 9.3563974248900001e+02
4.3740238175900857e-02 6.0833198906699995e-05 4.6813800000000002e-05 9.3564365013750000e+02
4.5854886274473032e-02 6.4782902450840000e-05 4.9073799999999998e-05 9.3572599057799994e+02
4.8180087401599556e-02 6.9195997901699998e-05 5.1558599999999998e-05 9.3581365787159996e+02
5.0623240020302433e-02 7.3909702371599995e-05 5.4169200000000003e-05 9.3590278418340006e+02
5.3190452397117956e-02 7.8944498346630003e-05 5.6912100000000000e-05 9.3599338970190001e+02
5.5887837732656438e-02 8.4322299027779992e-05 5.9793799999999997e-05 9.3608550419339997e+02
5.8722166587791814e-02 9.0066499795649990e-05 6.2821499999999995e-05 9.3617915789369999e+02
6.1700398546921942e-02 9.6201898222459989e-05 6.6002599999999997e-05 9.3627437052180005e+02
6.4829683480590566e-02 1.0275499726340999e-04 6.9344700000000000e-05 9.3637116226620003e+02
6.8117831355171340e-02 1.0975499711746999e-04 7.2856100000000002e-05 9.3646956308100005e+02
7.1572933822013338e-02 1.1723199746169999e-04 7.6545399999999994e-05 9.3656960282640000e+02
7.2872355791586060e-02 1.2007500056640000e-04 7.7932800000000000e-05 9.3660639068670002e+02
7.6294350046888545e-02 1.2043499631464001e-04 8.1586400000000002e-05 9.3661091798129996e+02
7.8557740452832786e-02 1.2521799885310001e-04 8.4002899999999995e-05 9.3666865324139997e+02
8.1070439170188191e-02 1.3058099681828001e-04 8.6685400000000002e-05 9.3673145543940007e+02
8.3663493660002267e-02 1.3617299667415003e-04 8.9453500000000007e-05 9.3679492723830003e+02
8.6339540033127660e-02 1.4200499619000000e-04 9.2310000000000002e-05 9.3685905859080003e+02
8.9101308842231525e-02 1.4808700429182000e-04 9.5257800000000001e-05 9.3692387963880003e+02
9.1951438062670962e-02 1.5442999846642999e-04 9.8299699999999997e-05 9.3698938014720000e+02
9.3544637803481184e-02 1.5800363917307320e-04 1.0000000000000000e-04 9.3702641442654260e+02
9.5904513846440595e-02 1.5981873792206373e-04 1.0251811929114735e-04 9.3704735561470659e+02
9.8323923124750509e-02 1.6169514526869091e-04 1.0509970597643289e-04 9.3706844710015832e+02
1.0080436749954556e-01 1.6363493203370007e-04 1.0774635928079950e-04 9.3708969013463320e+02
1.0334738671981988e-01 1.6564023898395697e-04 1.1045971871147036e-04 9.3711108598047542e+02
1.0595455937823479e-01 1.6771327919501834e-04 1.1324146507212172e-04 9.3713263591072575e+02
1.0862750389103842e-01 1.6985634049350283e-04 1.1609332150257176e-04 9.3715434120921236e+02
1.1136787950270607e-01 1.7207178798195772e-04 1.1901705454462872e-04 9.3717620317063938e+02
1.1417738731592510e-01 1.7436206664900842e-04 1.2201447523475491e-04 9.3719822310067900e+02
1.1705777134756354e-01 1.7672970406767093e-04 1.2508744022422151e-04 9.3722040231606172e+02
1.2001081961127766e-01 1.7917731318480495e-04 1.2823785292744388e-04 9.3724274214467050e+02
1.2303836522743097e-01 1.8170759520478664e-04 1.3146766469920724e-04 9.3726524392563272e+02
1.2614228756101339e-01 1.8432334257058297e-04 1.3477887604150781e-04 9.3728790900941476e+02
1.2932451338826709e-01 1.8702744204551823e-04 1.3817353784075455e-04 9.3731073875791674e+02
1.3258701809274304e-01 1.8982287789913292e-04 1.4165375263609366e-04 9.3733373454456830e+02
1.3593182689153072e-01 1.9271273520065157e-04 1.4522167591963896e-04 9.3735689775442586e+02
1.3936101609242246e-01 1.9570020322369413e-04 1.4887951746940967e-04 9.3738022978426773e+02
1.4287671438279254e-01 1.9878857896598831e-04 1.5262954271579737e-04 9.3740373204269588e+02
1.4648110415099111e-01 2.0198127078796708e-04 1.5647407414240517e-04 9.3742740595023156e+02
1.5017642284107324e-01 2.0528180217426733e-04 1.6041549272212218e-04 9.3745125293941794e+02
1.5396496434170429e-01 2.0869381562228036e-04 1.6445623938931997e-04 9.3747527445491880e+02
1.5784908041010351e-01 2.1222107666204641e-04 1.6859881654907730e-04 9.3749947195362199e+02
1.6183118213190970e-01 2.1586747801192883e-04 1.7284578962436424e-04 9.3752384690474150e+02
1.6591374141787535e-01 2.1963704387465441e-04 1.7719978864213986e-04 9.3754840078991970e+02
1.7009929253831846e-01 2.2353393437846147e-04 1.8166350985933998e-04 9.3757313510333461e+02
1.7439043369628424e-01 2.2756245016825632e-04 1.8623971742975934e-04 9.3759805135180147e+02
1.7878982864039347e-01 2.3172703715184541e-04 1.9093124511285309e-04 9.3762315105488187e+02
1.8330020831837843e-01 2.3603229140648060e-04 1.9574099802551238e-04 9.3764843574499025e+02
1.8792437257233324e-01 2.4048296425113337e-04 2.0067195443789398e-04 9.3767390696750090e+02
1.9266519187673084e-01 2.4508396749009493e-04 2.0572716761440906e-04 9.3769956628085890e+02
1.9752560912028508e-01 2.4984037883368955e-04 2.1090976770100743e-04 9.3772541525668782e+02
2.0250864143276448e-01 2.5475744750208328e-04 2.1622296365991843e-04 9.3775145547990246e+02
2.0761738205789149e-01 2.5984060001837223e-04 2.2167004525304172e-04 9.3777768854882027e+02
2.1285500227349011e-01 2.6509544619734499e-04 2.2725438507521025e-04 9.3780411607527390e+02
2.1822475336007341e-01 2.7052778533652629e-04 2.3297944063857678e-04 9.3783073968472502e+02
2.2372996861909278e-01 2.7614361261633642e-04 2.3884875650940848e-04 9.3785756101638026e+02
2.2937406544210284e-01 2.8194912571642835e-04 2.4486596649860731e-04 9.3788458172330559e+02
2.3516054743212531e-01 2.8795073165550537e-04 2.5103479590730319e-04 9.3791180347254419e+02
2.4109300657852914e-01 2.9415505386216694e-04 2.5735906382890486e-04 9.3793922794523428e+02
2.4717512548677675e-01 3.0056893948458634e-04 2.6384268550902500e-04 9.3796685683672729e+02
2.5341067966442116e-01 3.0719946694708812e-04 2.7048967476473411e-04 9.3799469185670910e+02
2.5980353986477217e-01 3.1405395376196308e-04 2.7730414646463217e-04 9.3802273472931984e+02
2.6635767448968717e-01 3.2113996460514372e-04 2.8429031907126564e-04 9.3805098719327657e+02
2.7307715205297733e-01 3.2846531966465158e-04 2.9145251724745438e-04 9.3807945100199663e+02
2.7996614370595924e-01 3.3603810327102962e-04 2.9879517452813497e-04 9.3810812792372133e+02
2.8702892582671952e-01 3.4386667281928625e-04 3.0632283605936360e-04 9.3813701974164144e+02
2.9426988267469872e-01 3.5195966799219367e-04 3.1404016140616531e-04 9.3816612825402410e+02
3.0169350911224380e-01 3.6032602029512339e-04 3.2195192743095826e-04 9.3819545527433922e+02
3.0930441339481768e-01 3.6897496291293932e-04 3.3006303124432436e-04 9.3822500263138954e+02
3.1710732003159847e-01 3.7791604089982699e-04 3.3837849322994313e-04 9.3825477216943887e+02
3.2510707271824352e-01 3.8715912171330533e-04 3.4690346014554940e-04 9.3828476574834417e+02
3.3330863734363886e-01 3.9671440610404459e-04 3.5564320830182343e-04 9.3831498524368692e+02
3.4171710507250125e-01 4.0659243937351072e-04 3.6460314682117080e-04 9.3834543254690652e+02
3.5033769550574601e-01 4.1680412301185965e-04 3.7378882097839590e-04 9.3837610956543472e+02
3.5917575992058148e-01 4.2736072672892303e-04 3.8320591562532444e-04 9.3840701822283086e+02
3.6823678459234288e-01 4.3827390089156641e-04 3.9286025870148268e-04 9.3843816045891901e+02
3.7752639420012662e-01 4.4955568938114275e-04 4.0275782483299271e-04 9.3846953822992521e+02
3.8705035531834014e-01 4.6121854288523346e-04 4.1290473902189762e-04 9.3850115350861699e+02
3.9681457999633335e-01 4.7327533263834406e-04 4.2330728042818506e-04 9.3853300828444503e+02
4.0682512942833404e-01 4.8573936462671820e-04 4.3397188624683727e-04 9.3856510456368107e+02
4.1708821771596705e-01 4.9862439427295004e-04 4.4490515568228911e-04 9.3859744436956498e+02
4.2761021572569069e-01 5.1194464161659738e-04 4.5611385402274132e-04 9.3863002974244580e+02
4.3839765504354555e-01 5.2571480700755002e-04 4.6760491681683143e-04 9.3866286273992841e+02
4.4945723202967131e-01 5.3995008732947490e-04 4.7938545415523190e-04 9.3869594543702033e+02
4.6079581197510772e-01 5.5466619277123787e-04 4.9146275505980864e-04 9.3872927992627808e+02
4.7242043336346068e-01 5.6987936416481725e-04 5.0384429198303588e-04 9.3876286831795801e+02
4.8433831224007817e-01 5.8560639090883733e-04 5.1653772542043506e-04 9.3879671274016619e+02
4.9655684669144812e-01 6.0186462949750547e-04 5.2955090863887209e-04 9.3883081533900952e+02
5.0908362143760044e-01 6.1867202267540335e-04 5.4289189252361935e-04 9.3886517827875002e+02
5.2192641254036198e-01 6.3604711923926716e-04 5.5656893054716093e-04 9.3889980374195875e+02
5.3509319223038843e-01 6.5400909450861458e-04 5.7059048386279548e-04 9.3893469392967154e+02
5.4859213385596794e-01 6.7257777148780576e-04 5.8496522652616405e-04 9.3896985106154591e+02
5.6243161695667110e-01 6.9177364274289799e-04 5.9970205084791390e-04 9.3900527737602090e+02
5.7662023246499450e-01 7.1161789301743366e-04 6.1481007288078607e-04 9.3904097513047532e+02
5.9116678803922740e-01 7.3213242261212165e-04 6.3029863804449501e-04 9.3907694660139077e+02
6.0608031353085245e-01 7.5333987155421476e-04 6.4617732689185978e-04 9.3911319408451266e+02
6.2137006658987326e-01 7.7526364458325525e-04 6.6245596101972273e-04 9.3914971989501635e+02
6.3704553841155109e-01 7.9792793698076666e-04 6.7914460912829328e-04 9.3918652636767160e+02
6.5311645962811349e-01 8.2135776127239223e-04 6.9625359323262923e-04 9.3922361585700992e+02
6.6959280634909568e-01 8.4557897483195240e-04 7.1379349503007639e-04 9.3926099073749344e+02
6.8648480635406417e-01 8.7061830841788593e-04 7.3177516242757328e-04 9.3929865340368440e+02
7.0380294544156508e-01 8.9650339567356530e-04 7.5020971623282885e-04 9.3933660627041786e+02
7.2155797393823873e-01 9.2326280362404502e-04 7.6910855701347940e-04 9.3937485177297356e+02
7.3976091337214200e-01 9.5092606420289739e-04 7.8848337212843742e-04 9.3941339236725094e+02
7.5842306331442033e-01 9.7952370684393207e-04 8.0834614293574510e-04 9.3945223052994595e+02
7.7755600839357664e-01 1.0090872921737657e-03 8.2870915218135959e-04 9.3949136875872784e+02
7.9717162548669096e-01 1.0396494468424263e-03 8.4958499157339979e-04 9.3953080957241934e+02
8.1728209109205419e-01 1.0712438995304271e-03 8.7098656954650623e-04 9.3957055551117617e+02
8.3789988888779399e-01 1.1039055181720574e-03 8.9292711922107340e-04 9.3961060913667154e+02
8.5903781748118535e-01 1.1376703484359614e-03 9.1542020656224465e-04 9.3965097303227708e+02
8.8070899835345295e-01 1.1725756535054775e-03 9.3847973874366291e-04 9.3969164980325297e+02
9.0292688400499965e-01 1.2086599552026318e-03 9.6211997272111936e-04 9.3973264207693092e+02
9.2570526630611838e-01 1.2459630765011887e-03 9.8635552402135036e-04 9.3977395250290601e+02
9.4905828505836876e-01 1.2845261854756537e-03 1.0112013757513760e-03 9.3981558375322584e+02
9.7300043677193360e-01 1.3243918407347490e-03 1.0366728878339014e-03 9.3985753852258290e+02
9.9754658366440319e-01 1.3656040383894907e-03 1.0627858064744438e-03 9.3989981952851099e+02
1.0227119628865782e+00 1.4082082606077123e-03 1.0895562738659965e-03 9.3994242951157696e+02
1.0485121959810100e+00 1.4522515258086105e-03 1.1170008381371642e-03 9.3998537123558208e+02
1.0749632985791566e+00 1.4977824405527128e-03 1.1451364635498816e-03 9.4002864748775778e+02
1.1020816903431707e+00 1.5448512531845357e-03 1.1739805409529533e-03 9.4007226107897020e+02
1.1298842051584910e+00 1.5935099092871247e-03 1.2035508984978296e-03 9.4011621484391969e+02
1.1583881015835675e+00 1.6438121090096912e-03 1.2338658126231803e-03 9.4016051164134831e+02
1.1876110735632037e+00 1.6958133663316022e-03 1.2649440193149976e-03 9.4020515435424420e+02
1.2175712614121623e+00 1.7495710703281189e-03 1.2968047256491191e-03 9.4025014589005002e+02
1.2482872630758672e+00 1.8051445485055316e-03 1.3294676216232559e-03 9.4029548918087414e+02
1.2797781456751740e+00 1.8625951322755424e-03 1.3629528922857570e-03 9.4034118718370235e+02
1.3120634573423859e+00 1.9219862246411912e-03 1.3972812301685472e-03 9.4038724288060996e+02
1.3451632393558624e+00 1.9833833701690014e-03 1.4324738480318475e-03 9.4043365927897969e+02
1.3790980385807456e+00 2.0468543273245788e-03 1.4685524919284790e-03 9.4048043941171863e+02
1.4138889202235403e+00 2.1124691432514923e-03 1.5055394545957601e-03 9.4052758633747703e+02
1.4495574809084495e+00 2.1803002310759570e-03 1.5434575891831756e-03 9.4057510314087097e+02
1.4861258620835929e+00 2.2504224498226359e-03 1.5823303233242342e-03 9.4062299293270462e+02
1.5236167637654308e+00 2.3229131870297678e-03 1.6221816735611202e-03 9.4067125885019834e+02
1.5620534586299177e+00 2.3978524441547766e-03 1.6630362601309724e-03 9.4071990405721169e+02
1.6014598064591403e+00 2.4753229248646300e-03 1.7049193221228198e-03 9.4076893174447810e+02
1.6418602689524031e+00 2.5554101263083849e-03 1.7478567330144728e-03 9.4081834512983232e+02
1.6832799249109560e+00 2.6382024334726342e-03 1.7918750165988448e-03 9.4086814745844674e+02
1.7257444858057980e+00 2.7237912167240204e-03 1.8370013633094758e-03 9.4091834200306494e+02
1.7692803117382057e+00 2.8122709326464210e-03 1.8832636469552082e-03 9.4096893206424204e+02
1.8139144278029038e+00 2.9037392282841149e-03 1.9306904418742732e-03 9.4101992097058269e+02
1.8596745408640414e+00 2.9982970489059900e-03 1.9793110405182711e-03 9.4107131207898340e+02
1.9065890567543713e+00 3.0960487494096785e-03 2.0291554714767816e-03 9.4112310877487744e+02
1.9546870979083213e+00 3.1971022094886030e-03 2.0802545179536302e-03 9.4117531447248223e+02
2.0039985214399021e+00 3.3015689526890222e-03 2.1326397367061167e-03 9.4122793261504455e+02
2.0545539376766633e+00 3.4095642694884501e-03 2.1863434774587378e-03 9.4128096667509601e+02
2.1063847291612245e+00 3.5212073445313238e-03 2.2413989028033259e-03 9.4133442015470280e+02
2.1595230701321513e+00 3.6366213881622897e-03 2.2978400085977044e-03 9.4138829658572206e+02
2.2140019464962792e+00 3.7559337724022827e-03 2.3557016448753441e-03 9.4144259953005985e+02
2.2698551763049002e+00 3.8792761715175043e-03 2.4150195372788078e-03 9.4149733257993137e+02
2.3271174307464899e+00 4.0067847073363616e-03 2.4758303090300386e-03 9.4155249935812276e+02
2.3858242556690352e+00 4.1386000994748035e-03 2.5381715034509299e-03 9.4160810351825569e+02
2.4460120936453063e+00 4.2748678206358014e-03 2.6020816070479159e-03 9.4166414874505563e+02
2.5077183065947750e+00 4.4157382571543896e-03 2.6676000731746803e-03 9.4172063875461936e+02
2.5709811989762290e+00 4.5613668749654385e-03 2.7347673462874249e-03 9.4177757729468806e+02
2.6358400415654657e+00 4.7119143911773216e-03 2.8036248868074888e-03 9.4183496814492241e+02
2.7023350958328303e+00 4.8675469514408076e-03 2.8742151966065018e-03 9.4189281511717797e+02
2.7705076389357441e+00 5.0284363133089793e-03 2.9465818451296240e-03 9.4195112205578448e+02
2.8403999893417140e+00 5.1947600357904666e-03 3.0207694961727812e-03 9.4200989283782906e+02
2.9120555330977473e+00 5.3667016753052394e-03 3.0968239353302575e-03 9.4206913137343963e+02
2.9855187507624712e+00 5.5444509882591943e-03 3.1747920981293662e-03 9.4212884160607189e+02
3.0608352450176683e+00 5.7282041404610904e-03 3.2547220988693526e-03 9.4218902751279836e+02
3.1380517689763954e+00 5.9181639236129992e-03 3.3366632601821242e-03 9.4224969310460233e+02
3.2172162552052184e+00 6.1145399791131148e-03 3.4206661433328106e-03 9.4231084242667066e+02
3.2983778454786035e+00 6.3175490294179581e-03 3.5067825792786242e-03 9.4237247955869168e+02
3.3815869212839438e+00 6.5274151172193358e-03 3.5950657005049589e-03 9.4243460861515621e+02
3.4668951350961290e+00 6.7443698526999359e-03 3.6855699736581069e-03 9.4249723374565951e+02
3.5543554424410937e+00 6.9686526691405092e-03 3.7783512329944823e-03 9.4256035913520770e+02
3.6440221347682415e+00 7.2005110871606794e-03 3.8734667146667276e-03 9.4262398900452479e+02
3.7359508731521460e+00 7.4402009878850100e-03 3.9709750918675629e-03 9.4268812761036520e+02
3.8301987228444658e+00 7.6879868953358341e-03 4.0709365108528130e-03 9.4275277924582758e+02
3.9268241886974979e+00 7.9441422683644361e-03 4.1734126278655092e-03 9.4281794824067003e+02
4.0258872514813691e+00 8.2089498024427911e-03 4.2784666469835387e-03 9.4288363896163219e+02
4.1274494051174262e+00 8.4827017416489597e-03 4.3861633589139162e-03 9.4294985581275694e+02
4.2315736948509119e+00 8.7657002011903903e-03 4.4965691807572466e-03 9.4301660323571548e+02
4.3383247563866298e+00 9.0582575008210826e-03 4.6097521967665735e-03 9.4308388571013506e+02
4.4477688560119066e+00 9.3606965095206097e-03 4.7257822001254184e-03 9.4315170775393301e+02
4.5599739317317338e+00 9.6733510018153345e-03 4.8447307357704153e-03 9.4322007392364981e+02
4.6750096354416542e+00 9.9965660261351359e-03 4.9666711442845944e-03 9.4328898881478563e+02
4.7929473761645411e+00 1.0330698285612077e-02 5.0916786068879658e-03 9.4335845706214309e+02
4.9138603643781202e+00 1.0676116531741301e-02 5.2198301915527745e-03 9.4342848334016981e+02
5.0378236574607742e+00 1.1033201971338691e-02 5.3512049002714798e-03 9.4349907236330489e+02
5.1649142062838020e+00 1.1402348687244247e-02 5.4858837175061227e-03 9.4357022888633048e+02
5.2952109029790799e+00 1.1783964073235622e-02 5.6239496598485634e-03 9.4364195770472418e+02
5.4287946299117733e+00 1.2178469283631718e-02 5.7654878269217408e-03 9.4371426365501532e+02
5.5657483098884857e+00 1.2586299698082511e-02 5.9105854535528579e-03 9.4378715161514606e+02
5.7061569576320421e+00 1.3007905402058159e-02 6.0593319632502186e-03 9.4386062650483120e+02
5.8501077325548261e+00 1.3443751683567543e-02 6.2118190230160877e-03 9.4393469328592960e+02
5.9976899928634317e+00 1.3894319546654418e-02 6.3681405995289512e-03 9.4400935696280965e+02
6.1489953510282698e+00 1.4360106242238076e-02 6.5283930167292286e-03 9.4408462258272448e+02
6.3041177306524743e+00 1.4841625816884056e-02 6.6926750148433483e-03 9.4416049523618813e+02
6.4631534247754852e+00 1.5339409680110787e-02 6.8610878108820430e-03 9.4423698005735605e+02
6.6262011556474665e+00 1.5854007190858121e-02 7.0337351606495459e-03 9.4431408222440791e+02
6.7933621360116501e+00 1.6385986263764956e-02 7.2107234223012639e-03 9.4439180695993468e+02
6.9647401319327029e+00 1.6935933995925231e-02 7.3921616214885025e-03 9.4447015953133098e+02
7.1404415272100543e+00 1.7504457314813766e-02 7.5781615181297196e-03 9.4454914525118761e+02
7.3205753894161933e+00 1.8092183648097060e-02 7.7688376748487609e-03 9.4462876947768837e+02
7.5052535376009581e+00 1.8699761616068424e-02 7.9643075271215499e-03 9.4470903761501597e+02
7.6945906117037950e+00 1.9327861747471371e-02 8.1646914551737684e-03 9.4478995511375285e+02
7.8887041437171108e+00 1.9977177219501450e-02 8.3701128576730219e-03 9.4487152747129232e+02
8.0877146306448839e+00 2.0648424622803103e-02 8.5806982272601494e-03 9.4495376023225072e+02
8.2917456093017989e+00 2.1342344752305745e-02 8.7965772279653635e-03 9.4503665898888619e+02
8.5009237329994143e+00 2.2059703424772148e-02 9.0178827745562174e-03 9.4512022938151506e+02
8.7153788501668465e+00 2.2801292323960852e-02 9.2447511138651923e-03 9.4520447709894154e+02
8.9352440849548795e+00 2.3567929874335862e-02 9.4773219081463640e-03 9.4528940787888018e+02
9.1606559198734914e+00 2.4360462144287550e-02 9.7157383205113638e-03 9.4537502750839303e+02
9.3917542805140961e+00 2.5179763779861655e-02 9.9601471024964479e-03 9.4546134182432536e+02
9.6286826224090891e+00 2.6026738970026882e-02 1.0210698683813595e-02 9.4554835671374224e+02
9.8715880200826387e+00 2.6902322444546312e-02 1.0467547264339806e-02 9.4563607811437839e+02
1.0120621258347976e+01 2.7807480505553962e-02 1.0730850908400350e-02 9.4572451201508295e+02
1.0375936925907833e+01 2.8743212093974749e-02 1.1000771641402758e-02 9.4581366445627441e+02
1.0637693511316265e+01 2.9710549891965300e-02 1.1277475548880190e-02 9.4590354153039698e+02
1.0906053501361207e+01 3.0710561462591476e-02 1.1561132878003691e-02 9.4599414938238260e+02
1.1181183481929029e+01 3.1744350428001056e-02 1.1851918141624927e-02 9.4608549421011367e+02
1.1463254241413606e+01 3.2813057687391477e-02 1.2150010224911963e-02 9.4617758226489855e+02
1.1752440876734118e+01 3.3917862676116892e-02 1.2455592494642689e-02 9.4627041985194194e+02
1.2048922902027389e+01 3.5059984667324073e-02 1.2768852911221672e-02 9.4636401333082370e+02
1.2352884360082241e+01 3.6240684117553705e-02 1.3089984143488057e-02 9.4645836911598371e+02
1.2664513936585045e+01 3.7461264057792105e-02 1.3419183686383817e-02 9.4655349367721101e+02
1.2984005077247309e+01 3.8723071531508217e-02 1.3756653981553235e-02 9.4664939354013234e+02
1.3311556107888199e+01 4.0027499081263719e-02 1.4102602540946429e-02 9.4674607528671334e+02
1.3647370357546304e+01 4.1375986285535876e-02 1.4457242073501282e-02 9.4684354555575851e+02
1.3991656284697216e+01 4.2770021347449866e-02 1.4820790614980251e-02 9.4694181104341624e+02
1.4344627606655239e+01 4.4211142737173734e-02 1.5193471661040117e-02 9.4704087850369410e+02
1.4706503432239545e+01 4.5700940889788495e-02 1.5575514303615031e-02 9.4714075474897106e+02
1.5077508397787151e+01 4.7241059960507245e-02 1.5967153370694782e-02 9.4724144665052040e+02
1.5457872806597047e+01 4.8833199639180036e-02 1.6368629569582446e-02 9.4734296113903645e+02
1.5847832771892293e+01 5.0479117026087934e-02 1.6780189633717892e-02 9.4744530520516423e+02
1.6247630363388485e+01 5.2180628571095053e-02 1.7202086473155128e-02 9.4754848590003292e+02
1.6657513757559833e+01 5.3939612078299830e-02 1.7634579328784095e-02 9.4765251033580444e+02
1.7077737391696019e+01 5.5758008778397102e-02 1.8077933930389957e-02 9.4775738568621000e+02
1.7508562121845493e+01 5.7637825471038628e-02 1.8532422658644389e-02 9.4786311918710919e+02
1.7950255384743262e+01 5.9581136739555937e-02 1.8998324711126720e-02 9.4796971813704306e+02
1.8403091363823638e+01 6.1590087240489984e-02 1.9475926272474343e-02 9.4807718989779573e+02
1.8867351159421094e+01 6.3666894070454283e-02 1.9965520688764803e-02 9.4818554189496297e+02
1.9343322963264704e+01 6.5813849212943157e-02 2.0467408646234090e-02 9.4829478161852410e+02
1.9831302237374800e+01 6.8033322067786797e-02 2.0981898354438765e-02 9.4840491662342083e+02
2.0331591897472521e+01 7.0327762066042757e-02 2.1509305733971470e-02 9.4851595453014011e+02
2.0844502501016350e+01 7.2699701373211092e-02 2.2049954608842692e-02 9.4862790302530311e+02
2.1370352439982337e+01 7.5151757683756051e-02 2.2604176903644160e-02 9.4874076986226078e+02
2.1909468138507563e+01 7.7686637110018095e-02 2.3172312845611994e-02 9.4885456286169392e+02
2.2462184255519716e+01 8.0307137168705134e-02 2.3754711171710952e-02 9.4896928991222001e+02
2.3028843892478278e+01 8.3016149868257588e-02 2.4351729340863604e-02 9.4908495897100431e+02
2.3609798806356718e+01 8.5816664900496775e-02 2.4963733751451955e-02 9.4920157806437976e+02
2.4205409627997412e+01 8.8711772940076455e-02 2.5591099964221486e-02 9.4931915528846810e+02
2.4816046085975170e+01 9.1704669055380370e-02 2.6234212930721212e-02 9.4943769880981165e+02
2.5442087236108200e+01 9.4798656234629713e-02 2.6893467227416482e-02 9.4955721686600941e+02
2.6083921696759031e+01 9.7997149031091899e-02 2.7569267295614760e-02 9.4967771776635811e+02
2.6741947890071415e+01 1.0130367733141368e-01 2.8262027687347691e-02 9.4979920989250115e+02
2.7416574289292981e+01 1.0472189025123692e-01 2.8972173317356676e-02 9.4992170169908297e+02
2.8108219672337203e+01 1.0825556016239722e-01 2.9700139721332602e-02 9.5004520171441027e+02
2.8817313381741894e+01 1.1190858685614820e-01 3.0446373320563897e-02 9.5016971854111932e+02
2.9544295591186025e+01 1.1568500184700842e-01 3.1211331693151503e-02 9.5029526085684859e+02
3.0289617578729775e+01 1.1958897282197832e-01 3.1995483851952118e-02 9.5042183741492067e+02
3.1053742006947790e+01 1.2362480824003856e-01 3.2799310529416197e-02 9.5054945704502779e+02
3.1837143210129430e+01 1.2779696208700586e-01 3.3623304469490516e-02 9.5067812865392625e+02
3.2640307488724304e+01 1.3211003879099362e-01 3.4467970726759542e-02 9.5080786122613574e+02
3.3463733411215884e+01 1.3656879830390192e-01 3.5333826973004044e-02 9.5093866382464842e+02
3.4307932123610378e+01 1.4117816135454456e-01 3.6221403811359597e-02 9.5107054559164123e+02
3.5173427666733559e+01 1.4594321487921255e-01 3.7131245098262877e-02 9.5120351574919653e+02
3.6060757301531723e+01 1.5086921763566385e-01 3.8063908273376627e-02 9.5133758360003208e+02
3.6970471842579322e+01 1.5596160600673825e-01 3.9019964697690680e-02 9.5147275852823407e+02
3.7903136000000003e+01 1.6122600000000001e-01 4.0000000000000001e-02 9.5161085000000003e+02
4.3081561999999998e+01 1.8695400000000001e-01 4.5440000000000001e-02 9.5221385599999996e+02
4.8262979000000001e+01 2.1113799999999999e-01 5.0880000000000002e-02 9.5271633699999995e+02
5.3446911000000000e+01 2.3409500000000000e-01 5.6320000000000002e-02 9.5314462200000003e+02
5.8633026999999998e+01 2.5659900000000002e-01 6.1760000000000002e-02 9.5352548000000002e+02
6.3821140000000000e+01 2.7983000000000002e-01 6.7199999999999996e-02 9.5388521700000001e+02
6.9011204000000006e+01 3.0531900000000001e-01 7.2639999999999996e-02 9.5424902899999995e+02
7.4203306999999995e+01 3.3489500000000000e-01 7.8079999999999997e-02 9.5464058599999998e+02
7.9397659000000004e+01 3.7062699999999998e-01 8.3519999999999997e-02 9.5508177400000000e+02
8.4594586000000007e+01 4.1477599999999998e-01 8.8959999999999997e-02 9.5559257300000002e+02
8.9794516999999999e+01 4.6975299999999998e-01 9.4399999999999998e-02 9.5619101000000001e+02
9.4997972000000004e+01 5.3807300000000002e-01 9.9839999999999998e-02 9.5689317700000004e+02
1.0020552400000000e+02 6.2042500000000000e-01 1.0528000000000000e-01 9.5769497400000000e+02
1.0541770699999999e+02 7.1887999999999996e-01 1.1072000000000000e-01 9.5860525900000005e+02
1.1063519300000000e+02 8.3748500000000003e-01 1.1616000000000000e-01 9.5964938500000005e+02
1.1585874600000000e+02 9.7921800000000003e-01 1.2160000000000000e-01 9.6084019799999999e+02
1.2108919200000000e+02 1.1468140000000000e+00 1.2703999999999999e-01 9.6218685500000004e+02
1.2632739700000000e+02 1.3428590000000000e+00 1.3247999999999999e-01 9.6369622700000002e+02
1.3157426100000001e+02 1.5698209999999999e+00 1.3791999999999999e-01 9.6537347999999997e+02
1.3683070799999999e+02 1.8300609999999999e+00 1.4335999999999999e-01 9.6722242300000005e+02
1.4209768199999999e+02 2.1258400000000002e+00 1.4879999999999999e-01 9.6924574299999995e+02
1.4737613400000001e+02 2.4593189999999998e+00 1.5423999999999999e-01 9.7144519400000001e+02
1.5266702699999999e+02 2.8325659999999999e+00 1.5967999999999999e-01 9.7382174099999997e+02
1.5797132600000000e+02 3.2475570000000000e+00 1.6511999999999999e-01 9.7637568399999998e+02
1.6328999400000001e+02 3.7061750000000000e+00 1.7055999999999999e-01 9.7910675700000002e+02
1.6862399400000001e+02 4.2102199999999996e+00 1.7599999999999999e-01 9.8201421600000003e+02
1.7397428400000001e+02 4.7614020000000004e+00 1.8143999999999999e-01 9.8509690100000000e+02
1.7934181100000001e+02 5.3613489999999997e+00 1.8687999999999999e-01 9.8835330099999999e+02
1.8472751800000000e+02 6.0116050000000003e+00 1.9231999999999999e-01 9.9178159300000004e+02
1.9013233299999999e+02 6.7136300000000002e+00 1.9775999999999999e-01 9.9537967800000001e+02
1.9555717400000000e+02 7.4688020000000002e+00 2.0319999999999999e-01 9.9914521200000001e+02
2.0100294600000001e+02 8.2784130000000005e+00 2.0863999999999999e-01 1.0030756260000001e+03
2.0647053800000000e+02 9.1436700000000002e+00 2.1407999999999999e-01 1.0071681410000000e+03
2.1196082400000000e+02 1.0065690000000000e+01 2.1951999999999999e-01 1.0114197860000000e+03
2.1747466299999999e+02 1.1045503000000000e+01 2.2495999999999999e-01 1.0158274020000000e+03
2.2301289299999999e+02 1.2084047999999999e+01 2.3039999999999999e-01 1.0203876580000000e+03
2.2857633600000000e+02 1.3182168000000001e+01 2.3583999999999999e-01 1.0250970520000001e+03
2.3416579400000001e+02 1.4340612999999999e+01 2.4127999999999999e-01 1.0299519280000000e+03
2.3978204800000000e+02 1.5560036000000000e+01 2.4671999999999999e-01 1.0349484740000000e+03
2.4542585900000000e+02 1.6840993000000001e+01 2.5216000000000000e-01 1.0400827420000001e+03
2.5109796399999999e+02 1.8183941000000001e+01 2.5760000000000000e-01 1.0453506490000000e+03
2.5679908000000000e+02 1.9589241000000001e+01 2.6304000000000000e-01 1.0507479949999999e+03
2.6252990000000000e+02 2.1057155000000002e+01 2.6848000000000000e-01 1.0562704710000000e+03
2.6829109199999999e+02 2.2587851000000001e+01 2.7392000000000000e-01 1.0619136750000000e+03
2.7408330200000000e+02 2.4181401000000001e+01 2.7936000000000000e-01 1.0676731219999999e+03
2.7990715000000000e+02 2.5837786999999999e+01 2.8480000000000000e-01 1.0735442670000000e+03
2.8576323000000002e+02 2.7556902999999998e+01 2.9024000000000000e-01 1.0795225109999999e+03
2.9165211399999998e+02 2.9338557000000002e+01 2.9568000000000000e-01 1.0856032240000000e+03
2.9757434599999999e+02 3.1182475000000000e+01 3.0112000000000000e-01 1.0917817540000001e+03
3.0353044699999998e+02 3.3088309000000002e+01 3.0656000000000000e-01 1.0980534510000000e+03
3.0952090900000002e+02 3.5055636999999997e+01 3.1200000000000000e-01 1.1044136759999999e+03
3.1554620299999999e+02 3.7083970999999998e+01 3.1744000000000000e-01 1.1108578170000001e+03
3.2160677299999998e+02 3.9172759999999997e+01 3.2288000000000000e-01 1.1173813040000000e+03
3.2770303799999999e+02 4.1321399000000000e+01 3.2832000000000000e-01 1.1239796220000001e+03
3.3383539300000001e+02 4.3529228000000003e+01 3.3376000000000000e-01 1.1306483250000001e+03
3.4000421000000000e+02 4.5795544000000000e+01 3.3920000000000000e-01 1.1373830419999999e+03
3.4620862399999999e+02 4.7878535999999997e+01 3.4464000000000000e-01 1.1434765060000000e+03
3.5244372900000002e+02 4.9748947999999999e+01 3.5008000000000000e-01 1.1488610329999999e+03
3.5870745799999997e+02 5.1570326999999999e+01 3.5552000000000000e-01 1.1540233690000000e+03
3.6499889300000001e+02 5.3373283000000001e+01 3.6096000000000000e-01 1.1590558189999999e+03
3.7131745200000000e+02 5.5171497000000002e+01 3.6640000000000000e-01 1.1639999190000001e+03
3.7766272300000003e+02 5.6972672000000003e+01 3.7184000000000000e-01 1.1688791570000001e+03
3.8403439800000001e+02 5.8781691000000002e+01 3.7728000000000000e-01 1.1737084620000001e+03
3.9043212299999999e+02 6.0549410999999999e+01 3.8272000000000000e-01 1.1783606360000001e+03
3.9685366599999998e+02 6.2161659999999998e+01 3.8816000000000001e-01 1.1825432400000000e+03
4.0329772300000002e+02 6.3767460999999997e+01 3.9360000000000001e-01 1.1866510440000000e+03
4.0976403699999997e+02 6.5383877999999996e+01 3.9904000000000001e-01 1.1907292259999999e+03
4.1625249200000002e+02 6.7016473000000005e+01 4.0448000000000001e-01 1.1947924499999999e+03
4.2276302900000002e+02 6.8667998999999995e+01 4.0992000000000001e-01 1.1988478780000000e+03
4.2929561699999999e+02 7.0340069999999997e+01 4.1536000000000001e-01 1.2028996299999999e+03
4.3585024399999998e+02 7.2033728999999994e+01 4.2080000000000001e-01 1.2069502960000000e+03
4.4242690800000003e+02 7.3749689000000004e+01 4.2624000000000001e-01 1.2110015900000001e+03
4.4902561700000001e+02 7.5488457999999994e+01 4.3168000000000001e-01 1.2150546820000000e+03
4.5564638300000001e+02 7.7250406999999996e+01 4.3712000000000001e-01 1.2191103790000000e+03
4.6228922000000000e+02 7.9035809999999998e+01 4.4256000000000001e-01 1.2231692380000000e+03
4.6895414899999997e+02 8.0844866999999994e+01 4.4800000000000001e-01 1.2272316350000001e+03
4.7564118800000000e+02 8.2677727000000004e+01 4.5344000000000001e-01 1.2312978140000000e+03
4.8235035800000003e+02 8.4534496000000004e+01 4.5888000000000001e-01 1.2353679159999999e+03
4.8908168200000000e+02 8.6415245999999996e+01 4.6432000000000001e-01 1.2394420060000000e+03
4.9583518099999998e+02 8.8320021999999994e+01 4.6976000000000001e-01 1.2435200880000000e+03
5.0261087600000002e+02 9.0248847999999995e+01 4.7520000000000001e-01 1.2476021189999999e+03
5.0940878900000001e+02 9.2201727000000005e+01 4.8064000000000001e-01 1.2516880169999999e+03
5.1622893999999997e+02 9.4178647999999995e+01 4.8608000000000001e-01 1.2557776719999999e+03
5.2307135000000005e+02 9.6179586000000000e+01 4.9152000000000001e-01 1.2598709460000000e+03
5.2993603900000005e+02 9.8204502000000005e+01 4.9696000000000001e-01 1.2639676860000000e+03
5.3682302300000003e+02 1.0025335000000000e+02 5.0239999999999996e-01 1.2680677200000000e+03
5.4373232099999996e+02 1.0232607200000000e+02 5.0783999999999996e-01 1.2721708659999999e+03
5.5066394900000000e+02 1.0442260500000000e+02 5.1327999999999996e-01 1.2762769320000000e+03
5.5761792300000002e+02 1.0654287800000000e+02 5.1871999999999996e-01 1.2803857170000001e+03
5.6459425599999997e+02 1.0868681100000001e+02 5.2415999999999996e-01 1.2844970149999999e+03
5.7159296300000005e+02 1.1085432299999999e+02 5.2959999999999996e-01 1.2886106179999999e+03
5.7861405400000001e+02 1.1304532500000001e+02 5.3503999999999996e-01 1.2927263109999999e+03
5.8565754000000004e+02 1.1525972400000001e+02 5.4047999999999996e-01 1.2968438810000000e+03
5.9272343200000000e+02 1.1749742300000000e+02 5.4591999999999996e-01 1.3009631110000000e+03
5.9981173699999999e+02 1.1975832400000000e+02 5.5135999999999996e-01 1.3050837870000000e+03
6.0692246299999999e+02 1.2204232100000000e+02 5.5679999999999996e-01 1.3092056940000000e+03
6.1405561699999998e+02 1.2434930900000001e+02 5.6223999999999996e-01 1.3133286169999999e+03
6.2121120199999996e+02 1.2667918000000000e+02 5.6767999999999996e-01 1.3174523449999999e+03
6.2838922300000002e+02 1.2903182200000001e+02 5.7311999999999996e-01 1.3215766679999999e+03
6.3558968200000004e+02 1.3140712199999999e+02 5.7855999999999996e-01 1.3257013780000000e+03
6.4281258100000002e+02 1.3380496500000001e+02 5.8399999999999996e-01 1.3298262709999999e+03
6.5005792099999996e+02 1.3622523600000000e+02 5.8943999999999996e-01 1.3339511440000001e+03
6.5732570099999998e+02 1.3866781499999999e+02 5.9487999999999996e-01 1.3380757990000000e+03
6.6461591799999997e+02 1.4113258500000001e+02 6.0031999999999996e-01 1.3422000410000001e+03
6.7192857100000003e+02 1.4361942500000001e+02 6.0575999999999997e-01 1.3463236780000000e+03
6.7926365499999997e+02 1.4612821400000001e+02 6.1119999999999997e-01 1.3504465230000001e+03
6.8662116600000002e+02 1.4865883099999999e+02 6.1663999999999997e-01 1.3545683910000000e+03
6.9400109799999996e+02 1.5121115300000000e+02 6.2207999999999997e-01 1.3586891020000000e+03
7.0140344300000004e+02 1.5378505799999999e+02 6.2751999999999997e-01 1.3628084790000000e+03
7.0882819500000005e+02 1.5638042200000001e+02 6.3295999999999997e-01 1.3669263510000001e+03
7.1627534500000002e+02 1.5899712299999999e+02 6.3839999999999997e-01 1.3710425490000000e+03
7.2374488199999996e+02 1.6163503499999999e+02 6.4383999999999997e-01 1.3751569079999999e+03
7.3123679800000002e+02 1.6429403700000000e+02 6.4927999999999997e-01 1.3792692689999999e+03
7.3875107900000000e+02 1.6697400300000001e+02 6.5471999999999997e-01 1.3833794740000001e+03
7.4628771500000005e+02 1.6967481100000001e+02 6.6015999999999997e-01 1.3874873720000001e+03
7.5384669199999996e+02 1.7239633699999999e+02 6.6559999999999997e-01 1.3915928130000000e+03
7.6142799600000001e+02 1.7513845800000001e+02 6.7103999999999997e-01 1.3956956550000000e+03
7.6903161399999999e+02 1.7790105100000000e+02 6.7647999999999997e-01 1.3997957550000001e+03
7.7665752799999996e+02 1.8068399299999999e+02 6.8191999999999997e-01 1.4038929780000001e+03
7.8430572500000005e+02 1.8348716200000001e+02 6.8735999999999997e-01 1.4079871909999999e+03
7.9197618599999998e+02 1.8631043600000001e+02 6.9279999999999997e-01 1.4120782640000000e+03
7.9966889500000002e+02 1.8915369300000000e+02 6.9823999999999997e-01 1.4161660730000001e+03
8.0738383299999998e+02 1.9201681400000001e+02 7.0367999999999997e-01 1.4202504950000000e+03
8.1512098200000003e+02 1.9489967799999999e+02 7.0911999999999997e-01 1.4243314120000000e+03
8.2288032199999998e+02 1.9780216500000000e+02 7.1455999999999997e-01 1.4284087110000000e+03
8.3066183300000000e+02 2.0072415599999999e+02 7.1999999999999997e-01 1.4324822790000001e+03
8.3846549400000004e+02 2.0366553300000001e+02 7.2543999999999997e-01 1.4365520100000001e+03
8.4629128500000002e+02 2.0662617800000001e+02 7.3087999999999997e-01 1.4406178000000000e+03
8.5413918400000000e+02 2.0960597500000000e+02 7.3631999999999997e-01 1.4446795470000000e+03
8.6200916800000005e+02 2.1260480699999999e+02 7.4175999999999997e-01 1.4487371530000000e+03
8.6990121499999998e+02 2.1562255900000000e+02 7.4719999999999998e-01 1.4527905249999999e+03
8.7781530099999998e+02 2.1865911700000001e+02 7.5263999999999998e-01 1.4568395710000000e+03
8.8575140299999998e+02 2.2171436499999999e+02 7.5807999999999998e-01 1.4608842020000000e+03
8.9370949599999994e+02 2.2478819300000001e+02 7.6351999999999998e-01 1.4649243340000000e+03
9.0168955600000004e+02 2.2788048699999999e+02 7.6895999999999998e-01 1.4689598830000000e+03
9.0969155699999999e+02 2.3099113600000001e+02 7.7439999999999998e-01 1.4729907710000000e+03
9.1771547399999997e+02 2.3412003000000001e+02 7.7983999999999998e-01 1.4770169200000000e+03
9.2576128100000005e+02 2.3726705899999999e+02 7.8527999999999998e-01 1.4810382560000000e+03
9.3382895099999996e+02 2.4043211400000001e+02 7.9071999999999998e-01 1.4850547079999999e+03
9.4191845799999999e+02 2.4361508900000001e+02 7.9615999999999998e-01 1.4890662070000001e+03
9.5002977499999997e+02 2.4681587500000001e+02 8.0159999999999998e-01 1.4930726860000000e+03
9.5816287399999999e+02 2.5003436700000000e+02 8.0703999999999998e-01 1.4970740830000000e+03
9.6631772699999999e+02 2.5327046100000001e+02 8.1247999999999998e-01 1.5010703340000000e+03
9.7449430600000005e+02 2.5652405099999999e+02 8.1791999999999998e-01 1.5050613820000001e+03
9.8269258300000001e+02 2.5979503399999999e+02 8.2335999999999998e-01 1.5090471689999999e+03
9.9091252899999995e+02 2.6308330899999999e+02 8.2879999999999998e-01 1.5130276409999999e+03
9.9915411400000005e+02 2.6638877400000001e+02 8.3423999999999998e-01 1.5170027450000000e+03
1.0074173100000000e+03 2.6971132799999998e+02 8.3967999999999998e-01 1.5209724320000000e+03
1.0157020870000000e+03 2.7305087099999997e+02 8.4511999999999998e-01 1.5249366520000001e+03
1.0240084150000000e+03 2.7640730600000001e+02 8.5055999999999998e-01 1.5288953590000001e+03
1.0323362640000000e+03 2.7978053299999999e+02 8.5599999999999998e-01 1.5328485100000000e+03
1.0406856029999999e+03 2.8317045800000000e+02 8.6143999999999998e-01 1.5367960619999999e+03
1.0490564030000000e+03 2.8657698299999998e+02 8.6687999999999998e-01 1.5407379739999999e+03
1.0574486310000000e+03 2.9000001300000002e+02 8.7231999999999998e-01 1.5446742079999999e+03
1.0658622580000001e+03 2.9343945500000001e+02 8.7775999999999998e-01 1.5486047269999999e+03
1.0742972510000000e+03 2.9689521400000001e+02 8.8319999999999999e-01 1.5525294950000000e+03
1.0827535809999999e+03 3.0036720000000003e+02 8.8863999999999999e-01 1.5564484789999999e+03
1.0912312139999999e+03 3.0385532000000001e+02 8.9407999999999999e-01 1.5603616469999999e+03
1.0997301190000001e+03 3.0735948400000001e+02 8.9951999999999999e-01 1.5642689680000001e+03
1.1082502649999999e+03 3.1087960299999997e+02 9.0495999999999999e-01 1.5681704139999999e+03
1.1167916190000001e+03 3.1441558600000002e+02 9.1039999999999999e-01 1.5720659570000000e+03
1.1253541499999999e+03 3.1796734700000002e+02 9.1583999999999999e-01 1.5759555710000000e+03
1.1339378240000001e+03 3.2153479900000002e+02 9.2127999999999999e-01 1.5798392320000000e+03
1.1425426100000000e+03 3.2511785500000002e+02 9.2671999999999999e-01 1.5837169170000000e+03
1.1511684740000001e+03 3.2871643000000000e+02 9.3215999999999999e-01 1.5875886029999999e+03
1.1598153850000001e+03 3.3233043900000001e+02 9.3759999999999999e-01 1.5914542700000000e+03
1.1684833090000000e+03 3.3595979899999998e+02 9.4303999999999999e-01 1.5953138990000000e+03
1.1771722130000001e+03 3.3960442699999999e+02 9.4847999999999999e-01 1.5991674720000001e+03
1.1858820650000000e+03 3.4326424100000003e+02 9.5391999999999999e-01 1.6030149710000001e+03
1.1946128309999999e+03 3.4693916000000002e+02 9.5935999999999999e-01 1.6068563810000001e+03
1.2033644790000001e+03 3.5062910299999999e+02 9.6479999999999999e-01 1.6106916880000001e+03
1.2121369740000000e+03 3.5433399100000003e+02 9.7023999999999999e-01 1.6145208769999999e+03
1.2209302840000000e+03 3.5805374499999999e+02 9.7567999999999999e-01 1.6183439360000000e+03
1.2297443740000001e+03 3.6178721000000002e+02 9.8111999999999999e-01 1.6221597529999999e+03
1.2385791950000000e+03 3.6553204799999997e+02 9.8655999999999999e-01 1.6259660320000000e+03
1.2474347009999999e+03 3.6928981499999998e+02 9.9199999999999999e-01 1.6297644490000000e+03
1.2563108500000001e+03 3.7306090200000000e+02 9.9743999999999999e-01 1.6335554840000000e+03
1.2652076039999999e+03 3.7684545800000001e+02 1.0028800000000000e+00 1.6373393650000000e+03
1.2741249230000001e+03 3.8064354400000002e+02 1.0083200000000001e+00 1.6411162330000000e+03
1.2830627700000000e+03 3.8445517899999999e+02 1.0137600000000000e+00 1.6448861800000000e+03
1.2920211070000000e+03 3.8828035799999998e+02 1.0192000000000001e+00 1.6486492760000001e+03
1.3009998969999999e+03 3.9211906099999999e+02 1.0246400000000000e+00 1.6524055730000000e+03
1.3099991040000000e+03 3.9597125499999999e+02 1.0300800000000001e+00 1.6561551130000000e+03
1.3190186900000001e+03 3.9983690300000001e+02 1.0355200000000000e+00 1.6598979300000001e+03
1.3280586189999999e+03 4.0371596099999999e+02 1.0409600000000001e+00 1.6636340530000000e+03
1.3371188549999999e+03 4.0760838200000001e+02 1.0464000000000000e+00 1.6673635059999999e+03
1.3461993610000000e+03 4.1151411600000000e+02 1.0518400000000001e+00 1.6710863110000000e+03
1.3553001019999999e+03 4.1543311100000000e+02 1.0572800000000000e+00 1.6748024860000000e+03
1.3644210410000001e+03 4.1936531200000002e+02 1.0627200000000001e+00 1.6785120489999999e+03
1.3735621430000001e+03 4.2331066499999997e+02 1.0681600000000000e+00 1.6822150160000001e+03
1.3827233710000000e+03 4.2726911400000000e+02 1.0736000000000001e+00 1.6859114010000001e+03
1.3919046900000001e+03 4.3124060100000003e+02 1.0790400000000000e+00 1.6896012180000000e+03
1.4011060640000001e+03 4.3522507000000002e+02 1.0844800000000001e+00 1.6932844809999999e+03
1.4103274580000000e+03 4.3922246300000000e+02 1.0899200000000000e+00 1.6969612020000000e+03
1.4195688359999999e+03 4.4323272300000002e+02 1.0953599999999999e+00 1.7006313920000000e+03
1.4288301620000000e+03 4.4725579099999999e+02 1.1008000000000000e+00 1.7042950659999999e+03
1.4381114009999999e+03 4.5129160999999999e+02 1.1062399999999999e+00 1.7079522330000000e+03
1.4474125180000001e+03 4.5534012100000001e+02 1.1116800000000000e+00 1.7116029060000001e+03
1.4567334770000000e+03 4.5940126700000002e+02 1.1171199999999999e+00 1.7152470960000001e+03
1.4660742430000000e+03 4.6347498999999999e+02 1.1225600000000000e+00 1.7188848149999999e+03
1.4754347820000000e+03 4.6756123400000001e+02 1.1279999999999999e+00 1.7225160739999999e+03
1.4848150570000000e+03 4.7165993900000001e+02 1.1334400000000000e+00 1.7261408850000000e+03
1.4942150340000001e+03 4.7577105100000000e+02 1.1388799999999999e+00 1.7297592589999999e+03
1.5036346779999999e+03 4.7989451100000002e+02 1.1443200000000000e+00 1.7333712080000000e+03
1.5130739530000001e+03 4.8403026399999999e+02 1.1497599999999999e+00 1.7369767449999999e+03
1.5225328259999999e+03 4.8817825399999998e+02 1.1552000000000000e+00 1.7405758800000001e+03
1.5320112610000001e+03 4.9233842399999997e+02 1.1606399999999999e+00 1.7441686250000000e+03
1.5415092230000000e+03 4.9651071899999999e+02 1.1660800000000000e+00 1.7477549939999999e+03
1.5510266790000001e+03 5.0069508500000001e+02 1.1715199999999999e+00 1.7513349980000000e+03
1.5605635920000000e+03 5.0489146599999998e+02 1.1769600000000000e+00 1.7549086490000000e+03
1.5701199290000000e+03 5.0909980899999999e+02 1.1823999999999999e+00 1.7584759610000001e+03
1.5796956560000001e+03 5.1332005900000001e+02 1.1878400000000000e+00 1.7620369450000001e+03
1.5892907370000000e+03 5.1755216299999995e+02 1.1932799999999999e+00 1.7655916150000000e+03
1.5989051390000000e+03 5.2179606699999999e+02 1.1987200000000000e+00 1.7691399839999999e+03
1.6085388280000000e+03 5.2605172000000005e+02 1.2041599999999999e+00 1.7726820640000001e+03
1.6181917679999999e+03 5.3031906800000002e+02 1.2096000000000000e+00 1.7762178699999999e+03
1.6278639260000000e+03 5.3459806000000003e+02 1.2150399999999999e+00 1.7797474139999999e+03
1.6375552690000000e+03 5.3888864400000000e+02 1.2204800000000000e+00 1.7832707100000000e+03
1.6472657620000000e+03 5.4319076800000005e+02 1.2259199999999999e+00 1.7867877730000000e+03
1.6569953700000001e+03 5.4750438299999996e+02 1.2313600000000000e+00 1.7902986149999999e+03
1.6667440610000001e+03 5.5182943799999998e+02 1.2367999999999999e+00 1.7938032510000000e+03
1.6765118010000001e+03 5.5616588200000001e+02 1.2422400000000000e+00 1.7973016940000000e+03
1.6862985560000000e+03 5.6051366700000005e+02 1.2476799999999999e+00 1.8007939610000001e+03
1.6961042920000000e+03 5.6487274200000002e+02 1.2531200000000000e+00 1.8042800629999999e+03
1.7059289770000000e+03 5.6924306000000001e+02 1.2585599999999999e+00 1.8077600170000001e+03
1.7157725750000000e+03 5.7362457199999994e+02 1.2640000000000000e+00 1.8112338370000000e+03
1.7256350550000000e+03 5.7801722900000004e+02 1.2694399999999999e+00 1.8147015380000000e+03
1.7355163829999999e+03 5.8242098499999997e+02 1.2748800000000000e+00 1.8181631339999999e+03
1.7454165260000000e+03 5.8683579099999997e+02 1.2803199999999999e+00 1.8216186399999999e+03
1.7553354500000000e+03 5.9126160200000004e+02 1.2857600000000000e+00 1.8250680729999999e+03
1.7652731229999999e+03 5.9569836999999995e+02 1.2911999999999999e+00 1.8285114460000000e+03
1.7752295120000001e+03 6.0014604999999995e+02 1.2966400000000000e+00 1.8319487760000000e+03
1.7852045840000001e+03 6.0460459600000002e+02 1.3020799999999999e+00 1.8353800770000000e+03
1.7951983060000000e+03 6.0907396200000005e+02 1.3075200000000000e+00 1.8388053649999999e+03
1.8052106450000001e+03 6.1355410400000005e+02 1.3129599999999999e+00 1.8422246560000001e+03
1.8152415690000000e+03 6.1804497600000002e+02 1.3184000000000000e+00 1.8456379660000000e+03
1.8252910460000001e+03 6.2254653599999995e+02 1.3238399999999999e+00 1.8490453100000000e+03
1.8353590429999999e+03 6.2705873799999995e+02 1.3292800000000000e+00 1.8524467040000000e+03
1.8454455270000001e+03 6.3158154000000002e+02 1.3347199999999999e+00 1.8558421650000000e+03
1.8555504670000000e+03 6.3611489700000004e+02 1.3401600000000000e+00 1.8592317069999999e+03
1.8656738310000001e+03 6.4065876900000001e+02 1.3455999999999999e+00 1.8626153469999999e+03
1.8758155850000001e+03 6.4521311100000003e+02 1.3510400000000000e+00 1.8659931019999999e+03
1.8859756990000001e+03 6.4977788099999998e+02 1.3564799999999999e+00 1.8693649869999999e+03
1.8961541400000001e+03 6.5435303899999997e+02 1.3619200000000000e+00 1.8727310190000001e+03
1.9063508760000000e+03 6.5893854199999998e+02 1.3673599999999999e+00 1.8760912140000000e+03
1.9165658770000000e+03 6.6353435000000002e+02 1.3728000000000000e+00 1.8794455880000000e+03
1.9267991090000000e+03 6.6814042199999994e+02 1.3782399999999999e+00 1.8827941579999999e+03
1.9370505430000001e+03 6.7275671699999998e+02 1.3836800000000000e+00 1.8861369400000001e+03
1.9473201460000000e+03 6.7738319400000000e+02 1.3891199999999999e+00 1.8894739509999999e+03
1.9576078860000000e+03 6.8201981599999999e+02 1.3945600000000000e+00 1.8928052070000001e+03
1.9679137330000001e+03 6.8666654100000005e+02 1.3999999999999999e+00 1.8961307250000000e+03
