# epsilon[MeV/fm^3] P[MeV/fm^3] nB[fm^-3] muB[MeV]
4.3514892049562272e-07 9.0000000794219998e-12 4.6796200000000002e-10 9.2990010724260003e+02
5.4394952759824855e-07 1.2854500250148002e-11 5.8496400000000005e-10 9.2990743275720001e+02
6.8239664606092796e-07 1.8414700022552000e-11 7.3384599999999997e-10 9.2991587774760001e+02
8.5763463874259032e-07 2.6380199998860002e-11 9.2229000000000003e-10 9.2992551188760001e+02
1.0799253715994732e-06 3.7791099667920001e-11 1.1613300000000000e-09 9.2993648532329996e+02
1.3625442882637764e-06 5.4137899979800000e-11 1.4652400000000000e-09 9.2994894782519998e+02
1.7226605254650248e-06 7.7555599791040007e-11 1.8524800000000000e-09 9.2996308925910000e+02
2.1826057027272589e-06 1.1110299984364001e-10 2.3470600000000000e-09 9.2997909967860005e+02
2.7713348204539073e-06 1.5916099965360000e-10 2.9801100000000000e-09 9.2999716876169998e+02
3.5266032513682487e-06 2.2800800111288001e-10 3.7922200000000000e-09 9.3001754656409992e+02
4.4975537964996660e-06 3.2663399940042002e-10 4.8362200000000001e-09 9.3004045271789994e+02
4.5807460305493105e-06 3.3555999792714001e-10 4.9256699999999996e-09 9.3004228160820003e+02
4.7281205653478515e-06 3.3656599963290001e-10 5.0841300000000003e-09 9.3004248152130003e+02
6.5759177435918250e-06 5.4515600232911993e-10 7.0708799999999999e-09 9.3007696075620004e+02
9.1998724984833464e-06 8.8567000200420000e-10 9.8920399999999997e-09 9.3011730648750006e+02
1.2918168885426129e-05 1.4388700552640002e-09 1.3889600000000001e-08 9.3016406831190000e+02
1.8201380444258739e-05 2.3376200076990001e-09 1.9569300000000001e-08 9.3021808578930006e+02
2.5725895950178280e-05 3.7977398937599994e-09 2.7657999999999999e-08 9.3028025838780002e+02
3.6463989818522291e-05 6.1698799253159997e-09 3.9200400000000002e-08 9.3035162548649998e+02
5.1813630126296458e-05 1.0023700173792000e-08 5.5698400000000002e-08 9.3043332628019994e+02
7.3785560512054020e-05 1.6284700005120000e-08 7.9311899999999997e-08 9.3052664006250006e+02
1.0527189036420272e-04 2.6456400399219999e-08 1.1314700000000000e-07 9.3063298613190000e+02
1.5043483705694415e-04 4.2981499428689995e-08 1.6167299999999999e-07 9.3075400323120004e+02
1.5143539825673478e-04 4.3369399516159995e-08 1.6274800000000000e-07 9.3075639185940008e+02
1.5666718390755263e-04 4.3499599327679997e-08 1.6836899999999999e-07 9.3075719132400002e+02
1.8247319946392853e-04 5.3487099479700000e-08 1.9609400000000001e-07 9.3081203831400001e+02
2.1304949570856091e-04 6.5965099669560007e-08 2.2894200000000001e-07 9.3087079295249998e+02
2.4880173202308656e-04 8.1354199584480006e-08 2.6734800000000002e-07 9.3093285559410003e+02
2.9061049213158235e-04 1.0033299847065000e-07 3.1225699999999999e-07 9.3099838615049998e+02
3.3950651358852186e-04 1.2374000051775000e-07 3.6477499999999998e-07 9.3106758453479995e+02
3.9669496520679297e-04 1.5260700009555001e-07 4.2619500000000001e-07 9.3114063056550003e+02
4.6358813252914599e-04 1.8820900209407997e-07 4.9803199999999997e-07 9.3121772415570001e+02
5.4183717856390442e-04 2.3211699768180001e-07 5.8205699999999998e-07 9.3129908512530005e+02
6.3337419989345891e-04 2.8626699988691999e-07 6.8034199999999997e-07 9.3138494352930002e+02
7.4046361643000222e-04 3.5305100162730003e-07 7.9531500000000002e-07 9.3147551899979999e+02
7.4543957324912111e-04 3.5623800038969997e-07 8.0065699999999999e-07 9.3147951660449996e+02
7.7046470619140960e-04 3.5730600246279002e-07 8.2752300000000002e-07 9.3148080575760002e+02
7.7218701201869997e-04 3.5837800248323999e-07 8.2937200000000002e-07 9.3148210505190002e+02
7.7564281539113634e-04 3.6053199741144001e-07 8.3308200000000005e-07 9.3148469349929996e+02
7.7911352986319152e-04 3.6269800105895999e-07 8.3680799999999998e-07 9.3148728185280004e+02
7.8260009510663572e-04 3.6487800290032998e-07 8.4055099999999997e-07 9.3148988034750005e+02
7.8610250285012515e-04 3.6706999922346001e-07 8.4431100000000000e-07 9.3149248879559991e+02
7.8962075319254110e-04 3.6927600351839998e-07 8.4808799999999996e-07 9.3149508719639994e+02
7.9315485471188711e-04 3.7149499796798001e-07 8.5188199999999998e-07 9.3149769564450003e+02
7.9670479058673201e-04 3.7372699824480005e-07 8.5569300000000004e-07 9.3150031404599997e+02
8.0027057791247260e-04 3.7597299948234002e-07 8.5952100000000004e-07 9.3150293244750003e+02
8.0385221698387247e-04 3.7823200230633998e-07 8.6336599999999998e-07 9.3150555094289996e+02
8.0745063029167934e-04 3.8050499711466001e-07 8.6722899999999999e-07 9.3150817929779998e+02
8.1106395596088781e-04 3.8279099715107999e-07 8.7110800000000002e-07 9.3151080774659999e+02
8.1469498722525535e-04 3.8509200436278001e-07 8.7500600000000005e-07 9.3151343619540000e+02
8.1834093096975699e-04 3.8740599815679997e-07 8.7891999999999998e-07 9.3151607459759998e+02
8.3652972322216491e-04 3.8856800310954005e-07 8.9844600000000005e-07 9.3151737379799999e+02
8.9649746606902973e-04 4.2637900225708002e-07 9.6282100000000007e-07 9.3155798930399999e+02
9.6293679962426715e-04 4.6927300060880000e-07 1.0341400000000000e-06 9.3160093353000002e+02
1.0343084479593990e-03 5.1648199988999994e-07 1.1107499999999999e-06 9.3164493704189999e+02
1.1110033276598183e-03 5.6844100521450010e-07 1.1930700000000001e-06 9.3169002988770001e+02
1.1934040547386528e-03 6.2562700512179996e-07 1.2815100000000000e-06 9.3173623206809998e+02
1.2819398888523502e-03 6.8856500094819997e-07 1.3765300000000001e-06 9.3178357353719991e+02
1.3770588621277026e-03 7.5783499966439992e-07 1.4786100000000000e-06 9.3183208434300002e+02
1.4792742600387720e-03 8.3407400117300003e-07 1.5882999999999999e-06 9.3188178448619999e+02
1.5890902438860661e-03 9.1798299673799988e-07 1.7061399999999999e-06 9.3193271378040004e+02
1.7070948934908867e-03 1.0103300084124001e-06 1.8327600000000000e-06 9.3198488236679998e+02
1.7418302566492478e-03 1.0379399925766002e-06 1.8700300000000001e-06 9.3199978345169995e+02
1.8026805910135908e-03 1.0410599913928000e-06 1.9353200000000000e-06 9.3200143242960007e+02
2.0389359400714486e-03 1.2275099896319999e-06 2.1888000000000001e-06 9.3209187794249999e+02
2.3114099463439177e-03 1.4516999917321999e-06 2.4811100000000001e-06 9.3218792017709995e+02
2.6204004641994278e-03 1.7168400063888003e-06 2.8125600000000001e-06 9.3228811983419996e+02
2.9707928967162671e-03 2.0304000155634000e-06 3.1883800000000001e-06 9.3239264696670000e+02
3.3681648965264784e-03 2.4012300084080001e-06 3.6145400000000001e-06 9.3250170129989999e+02
3.8188055776886142e-03 2.8397900147328003e-06 4.0977700000000004e-06 9.3261546284010001e+02
4.3298558716110781e-03 3.3584500068246004e-06 4.6457100000000001e-06 9.3273413140649996e+02
4.9094492242661523e-03 3.9718300068571995e-06 5.2670599999999997e-06 9.3285792691289998e+02
5.5667590537662745e-03 4.6972400276543001e-06 5.9716300000000001e-06 9.3298704917850000e+02
6.3122329168583428e-03 5.5551399798486997e-06 6.7705900000000002e-06 9.3312173811779996e+02
6.3691536418958340e-03 5.6221100036384002e-06 6.8315900000000001e-06 9.3313158221820004e+02
6.6107787783348925e-03 5.6389700285964000e-06 7.0905299999999997e-06 9.3313397075249998e+02
7.1832281514335565e-03 6.2999099885847007e-06 7.7039700000000007e-06 9.3322329697740008e+02
7.8228640480689938e-03 7.0594400109160007e-06 8.3893400000000006e-06 9.3331767013950002e+02
8.5195476220300548e-03 7.9105299722335996e-06 9.1357600000000004e-06 9.3341477175390003e+02
9.2783521214718639e-03 8.8642300383220009e-06 9.9486500000000000e-06 9.3351470163630006e+02
1.0104791977484120e-02 9.9329099737559988e-06 1.0833900000000000e-05 9.3361751969490001e+02
1.1005037422914624e-02 1.1130399980334000e-05 1.1798100000000000e-05 9.3372332602710003e+02
1.1985504705131824e-02 1.2472300012974001e-05 1.2848100000000000e-05 9.3383220044789994e+02
1.3053499763127112e-02 1.3976000053347000e-05 1.3991700000000000e-05 9.3394422305399996e+02
1.4216706487829026e-02 1.5661000693130000e-05 1.5237100000000000e-05 9.3405949366109996e+02
1.5483652631007537e-02 1.7549100191680000e-05 1.6593399999999999e-05 9.3417811227269999e+02
1.5623499832828706e-02 1.7760599953030001e-05 1.6743099999999999e-05 9.3419079468840005e+02
1.6269961736847121e-02 1.7813900213129999e-05 1.7435099999999998e-05 9.3419395273319992e+02
1.7094324515795702e-02 1.9027400207749999e-05 1.8317499999999999e-05 9.3426180186839997e+02
1.8000874089488257e-02 2.0384500450440000e-05 1.9287799999999999e-05 9.3433394852489994e+02
1.8955614232225096e-02 2.1838399047120000e-05 2.0309599999999999e-05 9.3440734433310001e+02
1.9960983560824267e-02 2.3396100553499999e-05 2.1385500000000000e-05 9.3448202938830002e+02
2.1019794814794490e-02 2.5064799654149998e-05 2.2518500000000001e-05 9.3455801364390004e+02
2.2134768910989058e-02 2.6852600343399999e-05 2.3711500000000002e-05 9.3463531710059999e+02
2.3309000859656603e-02 2.8767899159999994e-05 2.4967799999999998e-05 9.3471396971249999e+02
2.4545494036103295e-02 3.0819700065419999e-05 2.6290599999999999e-05 9.3479400162150000e+02
2.5847718880420045e-02 3.3017999946119998e-05 2.7683600000000000e-05 9.3487541254589996e+02
2.7219055484112444e-02 3.5372998881120002e-05 2.9150400000000001e-05 9.3495825272219997e+02
2.7775365070038964e-02 3.6339601209739997e-05 2.9745400000000002e-05 9.3499105302509997e+02
2.8289610775747390e-02 3.6448598719180002e-05 3.0295400000000001e-05 9.3499466085090000e+02
2.8802930737171755e-02 3.7332599735440002e-05 3.0844399999999999e-05 9.3502356336480000e+02
2.9391538203060320e-02 3.8352800962709990e-05 3.1473899999999997e-05 9.3505628375879996e+02
2.9992229144074897e-02 3.9400800335690003e-05 3.2116300000000003e-05 9.3508923392610006e+02
3.0605097595990186e-02 4.0477499896860003e-05 3.2771700000000003e-05 9.3512239395989991e+02
3.1230612131930052e-02 4.1583600119840003e-05 3.3440600000000000e-05 9.3515578386089999e+02
3.1868867160453597e-02 4.2719998743180005e-05 3.4123099999999999e-05 9.3518940362910007e+02
3.2520144922003676e-02 4.3887298648500002e-05 3.4819500000000001e-05 9.3522325326449993e+02
3.3184820445813230e-02 4.5086601561120004e-05 3.5530200000000001e-05 9.3525732271979996e+02
3.3862987887692660e-02 4.6318701748649993e-05 3.6255299999999998e-05 9.3529163208960006e+02
3.4555116462740516e-02 4.7584401826990007e-05 3.6995300000000001e-05 9.3532617123270006e+02
3.4710848908415574e-02 4.7870299693839997e-05 3.7161800000000001e-05 9.3533387666670001e+02
3.5705765632703390e-02 4.8013899962450004e-05 3.8225500000000002e-05 9.3533768431169995e+02
3.6190650245182691e-02 4.8884701265269996e-05 3.8743900000000000e-05 9.3536029073669999e+02
3.6764595537185744e-02 4.9920498059249994e-05 3.9357499999999997e-05 9.3538680481020003e+02
3.7347724170046170e-02 5.0978398185919999e-05 3.9980900000000002e-05 9.3541345870079999e+02
3.7940129948432849e-02 5.2058599241440000e-05 4.0614200000000002e-05 9.3544024264290010e+02
3.8541907483377907e-02 5.3161699756499999e-05 4.1257500000000003e-05 9.3546717635549999e+02
3.9153244015328124e-02 5.4288198430999997e-05 4.1910999999999999e-05 9.3549425007299999e+02
3.9774234210732992e-02 5.5438601263319996e-05 4.2574799999999998e-05 9.3552146370150001e+02
4.0405159191034282e-02 5.6613297948239995e-05 4.3249199999999999e-05 9.3554882728830000e+02
4.1046019389420471e-02 5.7812899551080002e-05 4.3934199999999997e-05 9.3557633069220003e+02
4.1697190276124625e-02 5.9037997871239995e-05 4.4630199999999998e-05 9.3560397410099995e+02
4.2358578444415006e-02 6.0288999023690009e-05 4.5337100000000003e-05 9.3563177732760005e+02
4.2549448380963861e-02 6.0651299975859995e-05 4.5541099999999997e-05 9.3563974248900001e+02
4.3740238175900857e-02 6.0833198906699995e-05 4.6813800000000002e-05 9.3564365013750000e+02
4.5854886274473032e-02 6.4782902450840000e-05 4.9073799999999998e-05 9.3572599057799994e+02
4.8180087401599556e-02 6.9195997901699998e-05 5.1558599999999998e-05 9.3581365787159996e+02
5.0623240020302433e-02 7.3909702371599995e-05 5.4169200000000003e-05 9.3590278418340006e+02
5.3190452397117956e-02 7.8944498346630003e-05 5.6912100000000000e-05 9.3599338970190001e+02
5.5887837732656438e-02 8.4322299027779992e-05 5.9793799999999997e-05 9.3608550419339997e+02
5.8722166587791814e-02 9.0066499795649990e-05 6.2821499999999995e-05 9.3617915789369999e+02
6.1700398546921942e-02 9.6201898222459989e-05 6.6002599999999997e-05 9.3627437052180005e+02
6.4829683480590566e-02 1.0275499726340999e-04 6.9344700000000000e-05 9.3637116226620003e+02
6.8117831355171340e-02 1.0975499711746999e-04 7.2856100000000002e-05 9.3646956308100005e+02
7.1572933822013338e-02 1.1723199746169999e-04 7.6545399999999994e-05 9.3656960282640000e+02
7.2872355791586060e-02 1.2007500056640000e-04 7.7932800000000000e-05 9.3660639068670002e+02
7.6294350046888545e-02 1.2043499631464001e-04 8.1586400000000002e-05 9.3661091798129996e+02
7.8557740452832786e-02 1.2521799885310001e-04 8.4002899999999995e-05 9.3666865324139997e+02
8.1070439170188191e-02 1.3058099681828001e-04 8.6685400000000002e-05 9.3673145543940007e+02
8.3663493660002267e-02 1.3617299667415003e-04 8.9453500000000007e-05 9.3679492723830003e+02
8.6339540033127660e-02 1.4200499619000000e-04 9.2310000000000002e-05 9.3685905859080003e+02
8.9101308842231525e-02 1.4808700429182000e-04 9.5257800000000001e-05 9.3692387963880003e+02
9.1951438062670962e-02 1.5442999846642999e-04 9.8299699999999997e-05 9.3698938014720000e+02
9.3544637803481184e-02 1.5800363917307320e-04 1.0000000000000000e-04 9.3702641442654260e+02
9.5905266501561198e-02 1.6032349546579765e-04 1.0251934378742321e-04 9.3704842859920893e+02
9.8325466415918744e-02 1.6272173464854166e-04 1.0510220308471164e-04 9.3707063467724356e+02
1.0080674084515041e-01 1.6520100510839154e-04 1.0775017864641330e-04 9.3709303426403062e+02
1.0335063102407116e-01 1.6776404471566351e-04 1.1046491155189597e-04 9.3711562897648548e+02
1.0595871708104682e-01 1.7041368384734681e-04 1.1324808422055674e-04 9.3713842044517037e+02
1.0863261901948533e-01 1.7315284851270290e-04 1.1610142145256992e-04 9.3716141031440918e+02
1.1137399772409608e-01 1.7598456358447142e-04 1.1902669149581389e-04 9.3718460024240619e+02
1.1418455599254246e-01 1.7891195613925186e-04 1.2202570713963560e-04 9.3720799190136313e+02
1.1706603959312875e-01 1.8193825891074921e-04 1.2510032683612702e-04 9.3723158697759789e+02
1.2002023834917784e-01 1.8506681385969741e-04 1.2825245584960392e-04 9.3725538717166614e+02
1.2304898725077362e-01 1.8830107586440274e-04 1.3148404743499681e-04 9.3727939419848008e+02
1.2615416759455858e-01 1.9164461653598257e-04 1.3479710404587901e-04 9.3730360978743283e+02
1.2933770815229459e-01 1.9510112816251268e-04 1.3819367857287779e-04 9.3732803568252007e+02
1.3260158636891256e-01 1.9867442778643873e-04 1.4167587561323054e-04 9.3735267364246522e+02
1.3594782959079540e-01 2.0236846141975470e-04 1.4524585277226950e-04 9.3737752544084412e+02
1.3937851632505713e-01 2.0618730840160312e-04 1.4890582199763628e-04 9.3740259286621097e+02
1.4289577753059993e-01 2.1013518590310847e-04 1.5265805094704822e-04 9.3742787772222709e+02
1.4650179794175211e-01 2.1421645358442014e-04 1.5650486439046059e-04 9.3745338182778721e+02
1.5019881742530761e-01 2.1843561840910564e-04 1.6044864564748610e-04 9.3747910701715205e+02
1.5398913237181183e-01 2.2279733962121272e-04 1.6449183806096029e-04 9.3750505514007614e+02
1.5787509712195605e-01 2.2730643389049440e-04 1.6863694650755783e-04 9.3753122806194096e+02
1.6185912542896805e-01 2.3196788063148106e-04 1.7288653894639174e-04 9.3755762766388864e+02
1.6594369195790629e-01 2.3678682750227179e-04 1.7724324800654919e-04 9.3758425584295401e+02
1.7013133382278930e-01 2.4176859608911793e-04 1.8170977261454090e-04 9.3761111451220165e+02
1.7442465216251521e-01 2.4691868778307653e-04 1.8628887966266742e-04 9.3763820560086140e+02
1.7882631375654973e-01 2.5224278985522291e-04 1.9098340571932870e-04 9.3766553105446633e+02
1.8333905268138689e-01 2.5774678173713151e-04 1.9579625878233072e-04 9.3769309283499126e+02
1.8796567200881106e-01 2.6343674151356076e-04 2.0073042007626865e-04 9.3772089292099281e+02
1.9270904554701487e-01 2.6931895263451093e-04 2.0578894589509249e-04 9.3774893330775058e+02
1.9757211962565494e-01 2.7539991085406856e-04 2.1097496949099039e-04 9.3777721600740892e+02
2.0255791492595443e-01 2.8168633140369904e-04 2.1629170301075182e-04 9.3780574304912193e+02
2.0766952835698801e-01 2.8818515640790875e-04 2.2174243948080229e-04 9.3783451647919753e+02
2.1291013497931655e-01 2.9490356255046715e-04 2.2733055484213269e-04 9.3786353836124226e+02
2.1828298997716386e-01 3.0184896899965229e-04 2.3305951003637273e-04 9.3789281077631108e+02
2.2379143068036392e-01 3.0902904560127552e-04 2.3893285314429623e-04 9.3792233582305471e+02
2.2943887863733045e-01 3.1645172134852771e-04 2.4495422157806988e-04 9.3795211561786937e+02
2.3522884174034026e-01 3.2412519313800567e-04 2.5112734432859826e-04 9.3798215229504819e+02
2.4116491640444779e-01 3.3205793482158410e-04 2.5745604426934441e-04 9.3801244800693416e+02
2.4725078980138571e-01 3.4025870656413106e-04 2.6394424051804537e-04 9.3804300492407413e+02
2.5349024214983845e-01 3.4873656451740059e-04 2.7059595085777489e-04 9.3807382523537274e+02
2.5988714906351174e-01 3.5750087082078415e-04 2.7741529421884193e-04 9.3810491114825061e+02
2.6644548395845630e-01 3.6656130393996689e-04 2.8440649322305199e-04 9.3813626488880163e+02
2.7316932052114090e-01 3.7592786935490335e-04 2.9157387679189586e-04 9.3816788870195126e+02
2.8006283523880893e-01 3.8561091060891779e-04 2.9892188282026964e-04 9.3819978485161892e+02
2.8713030999368760e-01 3.9562112073112819e-04 3.0645506091736915e-04 9.3823195562087847e+02
2.9437613472266505e-01 4.0596955404481085e-04 3.1417807521644562e-04 9.3826440331212370e+02
3.0180481014408322e-01 4.1666763837474186e-04 3.2209570725514838e-04 9.3829713024723105e+02
3.0942095055334340e-01 4.2772718766699960e-04 3.3021285892822610e-04 9.3833013876772736e+02
3.1722928668905964e-01 4.3916041503516223e-04 3.3853455551440117e-04 9.3836343123495783e+02
3.2523466867153994e-01 4.5097994624730784e-04 3.4706594877927777e-04 9.3839701003025323e+02
3.3344206901542156e-01 4.6319883366871084e-04 3.5581232015618921e-04 9.3843087755510396e+02
3.4185658571833061e-01 4.7583057067563219e-04 3.6477908400694216e-04 9.3846503623132969e+02
3.5048344542748538e-01 4.8888910655611945e-04 3.7397179096445757e-04 9.3849948850125452e+02
3.5932800668620973e-01 5.0238886191427312e-04 3.8339613135936527e-04 9.3853423682788127e+02
3.6839576326237317e-01 5.1634474459498893e-04 3.9305793873265475e-04 9.3856928369506920e+02
3.7769234756082531e-01 5.3077216614676301e-04 4.0296319343654130e-04 9.3860463160771212e+02
3.8722353412194432e-01 5.4568705884073892e-04 4.1311802632575931e-04 9.3864028309191781e+02
3.9699524320847207e-01 5.6110589326479200e-04 4.2352872254154819e-04 9.3867624069519059e+02
4.0701354448286414e-01 5.7704569651207814e-04 4.3420172539065661e-04 9.3871250698661311e+02
4.1728466077743964e-01 5.9352407098413524e-04 4.4514364032174566e-04 9.3874908455703269e+02
4.2781497195967116e-01 6.1055921382930050e-04 4.5636123900163295e-04 9.3878597601924616e+02
4.3861101889501669e-01 6.2816993703790802e-04 4.6786146349387915e-04 9.3882318400818872e+02
4.4967950750975533e-01 6.4637568821646117e-04 4.7965143054228357e-04 9.3886071118112386e+02
4.6102731295634924e-01 6.6519657206371785e-04 4.9173843596191688e-04 9.3889856021783328e+02
4.7266148388392065e-01 6.8465337257240621e-04 5.0412995914038579e-04 9.3893673382081158e+02
4.8458924681649496e-01 7.0476757598108826e-04 5.1683366765209286e-04 9.3897523471546026e+02
4.9681801064173059e-01 7.2556139450151587e-04 5.2985742198832222e-04 9.3901406565028299e+02
5.0935537121292340e-01 7.4705779084768451e-04 5.4320928040605255e-04 9.3905322939708640e+02
5.2220911606714382e-01 7.6928050359366764e-04 5.5689750389847383e-04 9.3909272875117790e+02
5.3538722926243809e-01 7.9225407338823944e-04 5.7093056129025579e-04 9.3913256653156748e+02
5.4889789633709762e-01 8.1600387005523124e-04 5.8531713446069228e-04 9.3917274558117276e+02
5.6274950939407675e-01 8.4055612060954959e-04 6.0006612369792713e-04 9.3921326876702199e+02
5.7695067231371822e-01 8.6593793821979623e-04 6.1518665318754245e-04 9.3925413898046315e+02
5.9151020609802263e-01 8.9217735214947014e-04 6.3068807663887712e-04 9.3929535913737129e+02
6.0643715434978263e-01 9.1930333870981877e-04 6.4657998305252208e-04 9.3933693217836060e+02
6.2174078888998474e-01 9.4734585325851727e-04 6.6287220263253044e-04 9.3937886106899612e+02
6.3743061551696834e-01 9.7633586327951606e-04 6.7957481284696645e-04 9.3942114880000827e+02
6.5351637991091782e-01 1.0063053825805804e-03 6.9669814464050329e-04 9.3946379838751056e+02
6.7000807368735826e-01 1.0372875066462937e-03 7.1425278880288463e-04 9.3950681287321629e+02
6.8691594060341155e-01 1.0693164491855619e-03 7.3224960249714595e-04 9.3955019532465849e+02
7.0425048292066961e-01 1.1024275799139747e-03 7.5069971595159452e-04 9.3959394883541563e+02
7.2202246792863711e-01 1.1366574636127538e-03 7.6961453931965584e-04 9.3963807652533069e+02
7.4024293463279534e-01 1.1720439005074175e-03 7.8900576971177745e-04 9.3968258154074135e+02
7.5892320061144136e-01 1.2086259680107526e-03 8.0888539840370571e-04 9.3972746705470729e+02
7.7807486904556100e-01 1.2464440638761869e-03 8.2926571822554472e-04 9.3977273626723877e+02
7.9770983592610423e-01 1.2855399508092259e-03 8.5015933113612402e-04 9.3981839240553086e+02
8.1784029744313802e-01 1.3259568025862085e-03 8.7157915598731176e-04 9.3986443872419716e+02
8.3847875756146550e-01 1.3677392517313159e-03 8.9353843648302554e-04 9.3991087850550593e+02
8.5963803578742048e-01 1.4109334388044839e-03 9.1605074933781550e-04 9.3995771505961909e+02
8.8133127513165754e-01 1.4555870633546455e-03 9.3913001264000812e-04 9.4000495172483261e+02
9.0357195027288728e-01 1.5017494365945720e-03 9.6279049442453326e-04 9.4005259186781939e+02
9.2637387592762421e-01 1.5494715358554830e-03 9.8704682146067584e-04 9.4010063888387526e+02
9.4975121543114993e-01 1.5988060608815597e-03 1.0119139882601323e-03 9.4014909619716457e+02
9.7371848953501849e-01 1.6498074920265270e-03 1.0374073663108796e-03 9.4019796726096956e+02
9.9829058542656834e-01 1.7025321504165660e-03 1.0635427135425000e-03 9.4024725555794464e+02
1.0234827659760488e+00 1.7570382601460135e-03 1.0903361840287657e-03 9.4029696460036632e+02
1.0493106792170939e+00 1.8133860125744991e-03 1.1178043379333901e-03 9.4034709793039360e+02
1.0757903680664478e+00 1.8716376327965662e-03 1.1459641517050595e-03 9.4039765912032271e+02
1.1029382802889607e+00 1.9318574483571317e-03 1.1748330285279425e-03 9.4044865177284998e+02
1.1307712787140638e+00 1.9941119602887134e-03 1.2044288090340954e-03 9.4050007952133410e+02
1.1593066517100523e+00 2.0584699165488319e-03 1.2347697822842837e-03 9.4055194603006373e+02
1.1885621239226984e+00 2.1250023879387215e-03 1.2658746970239604e-03 9.4060425499452083e+02
1.2185558672848480e+00 2.1937828465871498e-03 1.2977627732212388e-03 9.4065701014165654e+02
1.2493065123038538e+00 2.2648872470860449e-03 1.3304537138939480e-03 9.4071021523015872e+02
1.2808331596338514e+00 2.3383941103675252e-03 1.3639677172329670e-03 9.4076387405073172e+02
1.3131553919400583e+00 2.4143846104149303e-03 1.3983254890292539e-03 9.4081799042636965e+02
1.3462932860624817e+00 2.4929426639036553e-03 1.4335482554121563e-03 9.4087256821264032e+02
1.3802674254865714e+00 2.5741550228707256e-03 1.4696577759067755e-03 9.4092761129796486e+02
1.4150989131285852e+00 2.6581113705155066e-03 1.5066763568183680e-03 9.4098312360390571e+02
1.4508093844435832e+00 2.7449044202372741e-03 1.5446268649519320e-03 9.4103910908545174e+02
1.4874210208642211e+00 2.8346300180190852e-03 1.5835327416753788e-03 9.4109557173131054e+02
1.5249565635786619e+00 2.9273872482709433e-03 1.6234180173348418e-03 9.4115251556420026e+02
1.5634393276561909e+00 3.0232785432492072e-03 1.6643073260309443e-03 9.4120994464114676e+02
1.6028932165292813e+00 3.1224097961730052e-03 1.7062259207650157e-03 9.4126786305377993e+02
1.6433427368411335e+00 3.2248904781626473e-03 1.7491996889645149e-03 9.4132627492863639e+02
1.6848130136678845e+00 3.3308337591290960e-03 1.7932551683971106e-03 9.4138518442746215e+02
1.7273298061249609e+00 3.4403566327480483e-03 1.8384195634831319e-03 9.4144459574751988e+02
1.7709195233672657e+00 3.5535800456566241e-03 1.8847207620163360e-03 9.4150451312189762e+02
1.8156092409931248e+00 3.6706290310153039e-03 1.9321873523031685e-03 9.4156494081982135e+02
1.8614267178622066e+00 3.7916328465826708e-03 1.9808486407309860e-03 9.4162588314696973e+02
1.9084004133378309e+00 3.9167251174553530e-03 2.0307346697759185e-03 9.4168734444579172e+02
1.9565595049644102e+00 4.0460439836308851e-03 2.0818762364613712e-03 9.4174932909582685e+02
2.0059339065909696e+00 4.1797322525563545e-03 2.1343049112783766e-03 9.4181184151402988e+02
2.0565542869520357e+00 4.3179375568313675e-03 2.1880530575793555e-03 9.4187488615509676e+02
2.1084520887174047e+00 4.4608125172394247e-03 2.2431538514570636e-03 9.4193846751179376e+02
2.1616595480226546e+00 4.6085149112878102e-03 2.2996413021208525e-03 9.4200259011529056e+02
2.2162097144924950e+00 4.7612078474420253e-03 2.3575502727826250e-03 9.4206725853549551e+02
2.2721364717694361e+00 4.9190599452472797e-03 2.4169165020652230e-03 9.4213247738139466e+02
2.3294745585604844e+00 5.0822455215358492e-03 2.4777766259462481e-03 9.4219825130139282e+02
2.3882595902149699e+00 5.2509447829259979e-03 2.5401682002506852e-03 9.4226458498365741e+02
2.4485280808468985e+00 5.4253440248250287e-03 2.6041297237060011e-03 9.4233148315646963e+02
2.5103174660155556e+00 5.6056358371561719e-03 2.6697006615737429e-03 9.4239895058857212e+02
2.5736661259784817e+00 5.7920193170365990e-03 2.7369214698720144e-03 9.4246699208952475e+02
2.6386134095312217e+00 5.9847002886412939e-03 2.8058336202035311e-03 9.4253561251006317e+02
2.7051996584487017e+00 6.1838915304957155e-03 2.8764796252043878e-03 9.4260481674245841e+02
2.7734662325433685e+00 6.3898130104481149e-03 2.9489030646289633e-03 9.4267460972088065e+02
2.8434555353556998e+00 6.6026921285811226e-03 3.0231486120868394e-03 9.4274499642176818e+02
2.9152110404930043e+00 6.8227639683307272e-03 3.0992620624479641e-03 9.4281598186419751e+02
2.9887773186329083e+00 7.0502715560900710e-03 3.1772903599327183e-03 9.4288757111025802e+02
3.0642000652082628e+00 7.2854661295846408e-03 3.2572816269039275e-03 9.4295976926542869e+02
3.1415261287907130e+00 7.5286074153153330e-03 3.3392851933783216e-03 9.4303258147896042e+02
3.2208035401905093e+00 7.7799639153756425e-03 3.4233516272753318e-03 9.4310601294426067e+02
3.3020815422906820e+00 8.0398132039598402e-03 3.5095327654216138e-03 9.4318006889928097e+02
3.3854106206340866e+00 8.3084422338895059e-03 3.5978817453300930e-03 9.4325475462691008e+02
3.4708425347823080e+00 8.5861476534968666e-03 3.6884530377728091e-03 9.4333007545536782e+02
3.5584303504659447e+00 8.8732361342150432e-03 3.7813024801673411e-03 9.4340603675860632e+02
3.6482284725461827e+00 9.1700247092367237e-03 3.8764873107970331e-03 9.4348264395670947e+02
3.7402926788081969e+00 9.4768411236155065e-03 3.9740662038857885e-03 9.4355990251630385e+02
3.8346801546073110e+00 9.7940241961962885e-03 4.0740993055486882e-03 9.4363781795096543e+02
3.9314495283894928e+00 1.0121924193774607e-02 4.1766482706402340e-03 9.4371639582163527e+02
4.0306609081081897e+00 1.0460903217897883e-02 4.2817763005225194e-03 9.4379564173703704e+02
4.1323759185601876e+00 1.0811335604735973e-02 4.3895481817762478e-03 9.4387556135409977e+02
4.2366577396636167e+00 1.1173608338462338e-02 4.5000303258780046e-03 9.4395616037838181e+02
4.3435711457019526e+00 1.1548121478602598e-02 4.6132908098678585e-03 9.4403744456450204e+02
4.4531825455583185e+00 1.1935288601822141e-02 4.7293994180318656e-03 9.4411941971657245e+02
4.5655600239651299e+00 1.2335537258640842e-02 4.8484276846247325e-03 9.4420209168863755e+02
4.6807733837946968e+00 1.2749309445579195e-02 4.9704489376585234e-03 9.4428546638511443e+02
4.7988941894170081e+00 1.3177062093257134e-02 5.0955383437838279e-03 9.4436954976123945e+02
4.9199958111517139e+00 1.3619267570984809e-02 5.2237729542906446e-03 9.4445434782351731e+02
5.0441534708418096e+00 1.4076414208402183e-02 5.3552317522566799e-03 9.4453986663017668e+02
5.1714442885774456e+00 1.4549006834743916e-02 5.4899957008717002e-03 9.4462611229162871e+02
5.3019473305987734e+00 1.5037567336324630e-02 5.6281477929670315e-03 9.4471309097092933e+02
5.4357436584076817e+00 1.5542635232860553e-02 5.7697731017802515e-03 9.4480080888424527e+02
5.5729163791188396e+00 1.6064768273263676e-02 5.9149588329856272e-03 9.4488927230132833e+02
5.7135506970814074e+00 1.6604543051566629e-02 6.0637943780218750e-03 9.4497848754598760e+02
5.8577339668033961e+00 1.7162555643658189e-02 6.2163713687492907e-03 9.4506846099657332e+02
6.0055557472116323e+00 1.7739422265532826e-02 6.3727837334694058e-03 9.4515919908646015e+02
6.1571078572809439e+00 1.8335779953780912e-02 6.5331277543408586e-03 9.4525070830453683e+02
6.3124844330672056e+00 1.8952287269071350e-02 6.6975021262262388e-03 9.4534299519569925e+02
6.4717819861796215e+00 1.9589625023403313e-02 6.8660080170053371e-03 9.4543606636135087e+02
6.6350994637285474e+00 2.0248497031930143e-02 7.0387491293911935e-03 9.4552992845990548e+02
6.8025383097861676e+00 2.0929630890185919e-02 7.2158317642862955e-03 9.4562458820729591e+02
6.9742025283980862e+00 2.1633778777572582e-02 7.3973648857170171e-03 9.4572005237748408e+02
7.1501987481851064e+00 2.2361718287995408e-02 7.5834601873855309e-03 9.4581632780298264e+02
7.3306362885751870e+00 2.3114253288563584e-02 7.7742321608792325e-03 9.4591342137537515e+02
7.5156272277068501e+00 2.3892214807304656e-02 7.9697981655788355e-03 9.4601134004584537e+02
7.7052864720460876e+00 2.4696461950872637e-02 8.1702785003071755e-03 9.4611009082570911e+02
7.8997318277601352e+00 2.5527882853263774e-02 8.3757964767619663e-03 9.4620968078694978e+02
8.0990840738923264e+00 2.6387395656587074e-02 8.5864784947765477e-03 9.4631011706276547e+02
8.3034670373835961e+00 2.7275949524973170e-02 8.8024541194541457e-03 9.4641140684811342e+02
8.5130076699871200e+00 2.8194525692740731e-02 9.0238561602218360e-03 9.4651355740026440e+02
8.7278361271239611e+00 2.9144138547978340e-02 9.2508207518519295e-03 9.4661657603936089e+02
8.9480858487286508e+00 3.0125836752738132e-02 9.4834874374994053e-03 9.4672047014898067e+02
9.1738936421349120e+00 3.1140704401078276e-02 9.7219992538053381e-03 9.4682524717670594e+02
9.4053997670530727e+00 3.2189862216233378e-02 9.9665028181174994e-03 9.4693091463469875e+02
9.6427480226918831e+00 3.3274468788234521e-02 1.0217148417880517e-02 9.4703748010027914e+02
9.8860858370788609e+00 3.4395721853345725e-02 1.0474090102249256e-02 9.4714495121651044e+02
1.0135564358634719e+01 3.5554859616729995e-02 1.0737485775980481e-02 9.4725333569279485e+02
1.0391338550058640e+01 3.6753162119805123e-02 1.1007497295659195e-02 9.4736264130546374e+02
1.0653567284582861e+01 3.7991952653799843e-02 1.1284290568317359e-02 9.4747287589838413e+02
1.0922413444656151e+01 3.9272599221070383e-02 1.1568035652504086e-02 9.4758404738356660e+02
1.1198044023117706e+01 4.0596516045792272e-02 1.1858906861868143e-02 9.4769616374177895e+02
1.1480630226924156e+01 4.1965165135694850e-02 1.2157082871314711e-02 9.4780923302316478e+02
1.1770347583494134e+01 4.3380057896563393e-02 1.2462746825800033e-02 9.4792326334787174e+02
1.2067376049736579e+01 4.4842756801292065e-02 1.2776086451829325e-02 9.4803826290668235e+02
1.2371900123830233e+01 4.6354877115329852e-02 1.3097294171724458e-02 9.4815423996165089e+02
1.2684108959824107e+01 4.7918088680426310e-02 1.3426567220730138e-02 9.4827120284675141e+02
1.3004196485129794e+01 4.9534117758645614e-02 1.3764107767028541e-02 9.4838915996852438e+02
1.3332361520978873e+01 5.1204748938686449e-02 1.4110123034734344e-02 9.4850811980673393e+02
1.3668807905919914e+01 5.2931827106611457e-02 1.4464825429943498e-02 9.4862809091503323e+02
1.4013744622432132e+01 5.4717259483164048e-02 1.4828432669911525e-02 9.4874908192163218e+02
1.4367385926734078e+01 5.6563017729921373e-02 1.5201167915438294e-02 9.4887110152997184e+02
1.4729951481868198e+01 5.8471140126609977e-02 1.5583259906538534e-02 9.4899415851941080e+02
1.5101666494143654e+01 6.0443733821987450e-02 1.5974943101479032e-02 9.4911826174591283e+02
1.5482761853022495e+01 6.2482977160777338e-02 1.6376457819265892e-02 9.4924342014274009e+02
1.5873474274535800e+01 6.4591122089225503e-02 1.6788050385666491e-02 9.4936964272115983e+02
1.6274046448318998e+01 6.6770496641935281e-02 1.7209973282853744e-02 9.4949693857115119e+02
1.6684727188357730e+01 6.9023507512727525e-02 1.7642485302761760e-02 9.4962531686212151e+02
1.7105771587537681e+01 7.1352642712363787e-02 1.8085851704244229e-02 9.4975478684363350e+02
1.7537441176094688e+01 7.3760474316068872e-02 1.8540344374129780e-02 9.4988535784613043e+02
1.7980004084063282e+01 7.6249661303885691e-02 1.9006241992269718e-02 9.5001703928167751e+02
1.8433735207824778e+01 7.8822952497000207e-02 1.9483830200677048e-02 9.5014984064470445e+02
1.8898916380858079e+01 8.1483189593277230e-02 1.9973401776857049e-02 9.5028377151275890e+02
1.9375836548799633e+01 8.4233310305361617e-02 2.0475256811433078e-02 9.5041884154726608e+02
1.9864791948920921e+01 8.7076351604808089e-02 2.0989702890173038e-02 9.5055506049429584e+02
2.0366086294135286e+01 9.0015453075824120e-02 2.1517055280525159e-02 9.5069243818533550e+02
2.0880030961648025e+01 9.3053860382327283e-02 2.2057637122773574e-02 9.5083098453807327e+02
2.1406945186367288e+01 9.6194928852147865e-02 2.2611779625927874e-02 9.5097070955718982e+02
2.1947156259195705e+01 9.9442127182333501e-02 2.3179822268462883e-02 9.5111162333515188e+02
2.2500999730325947e+01 1.0279904126964798e-01 2.3762113004027845e-02 9.5125373605302241e+02
2.3068819617666634e+01 1.0626937817049478e-01 2.4359008472247520e-02 9.5139705798127034e+02
2.3650968620527685e+01 1.0985697019463651e-01 2.4970874214739900e-02 9.5154159948059385e+02
2.4247808338698356e+01 1.1356577913723362e-01 2.5598084896479287e-02 9.5168737100275052e+02
2.4859709497053608e+01 1.1739990065387361e-01 2.6241024532635725e-02 9.5183438309139467e+02
2.5487052175828648e+01 1.2136356878342378e-01 2.6900086721025600e-02 9.5198264638292278e+02
2.6130226046704276e+01 1.2546116062369991e-01 2.7575674880310756e-02 9.5213217160732984e+02
2.6789630614850161e+01 1.2969720116511702e-01 2.8268202494087950e-02 9.5228296958907185e+02
2.7465675467076014e+01 1.3407636828765784e-01 2.8978093361012782e-02 9.5243505124793569e+02
2.8158780526245092e+01 1.3860349792667886e-01 2.9705781851106366e-02 9.5258842759992388e+02
2.8869376312107622e+01 1.4328358941325592e-01 3.0451713168396365e-02 9.5274310975814069e+02
2.9597904208716745e+01 1.4812181099497052e-01 3.1216343620048090e-02 9.5289910893369040e+02
3.0344816738592609e+01 1.5312350554323015e-01 3.2000140892144431e-02 9.5305643643658584e+02
3.1110577843805114e+01 1.5829419645342685e-01 3.2803584332277980e-02 9.5321510367666383e+02
3.1895663174149998e+01 1.6363959374445014e-01 3.3627165239122278e-02 9.5337512216451250e+02
3.2700560382596827e+01 1.6916560036428710e-01 3.4471387159153086e-02 9.5353650351240105e+02
3.3525769428193065e+01 1.7487831870867729e-01 3.5336766190695007e-02 9.5369925943523117e+02
3.4371802886611754e+01 1.8078405736001704e-01 3.6223831295472998e-02 9.5386340175148473e+02
3.5239186268536237e+01 1.8688933805395855e-01 3.7133124617852495e-02 9.5402894238419140e+02
3.6128458346079071e+01 1.9320090288139263e-01 3.8065201811956197e-02 9.5419589336189756e+02
3.7040171487438506e+01 1.9972572173377284e-01 3.9020632376850675e-02 9.5436426681965224e+02
3.7974891999999997e+01 2.0647099999999999e-01 4.0000000000000001e-02 9.5453590399999996e+02
4.3169516999999999e+01 2.3629400000000000e-01 4.5440000000000001e-02 9.5523533899999995e+02
4.8367503999999997e+01 2.6246199999999997e-01 5.0880000000000002e-02 9.5577943600000003e+02
5.3568097000000002e+01 2.8501100000000001e-01 5.6320000000000002e-02 9.5620045200000004e+02
5.8770710000000001e+01 3.0444800000000000e-01 6.1760000000000002e-02 9.5652962000000002e+02
6.3974927000000001e+01 3.2167499999999999e-01 6.7199999999999996e-02 9.5679646900000000e+02
6.9180481999999998e+01 3.3793600000000001e-01 7.2639999999999996e-02 9.5702847199999997e+02
7.4387255999999994e+01 3.5475600000000002e-01 7.8079999999999997e-02 9.5725090999999998e+02
7.9595260999999994e+01 3.7389400000000000e-01 8.3519999999999997e-02 9.5748687399999994e+02
8.4804598999999996e+01 3.9554699999999998e-01 8.8959999999999997e-02 9.5773723500000006e+02
9.0015321999999998e+01 4.2055300000000001e-01 9.4399999999999998e-02 9.5800891999999999e+02
9.5227680000000007e+01 4.5334000000000002e-01 9.9839999999999998e-02 9.5834530900000004e+02
1.0044208800000000e+02 4.9686999999999998e-01 1.0528000000000000e-01 9.5876845900000001e+02
1.0565906500000000e+02 5.5383800000000005e-01 1.1072000000000000e-01 9.5929459499999996e+02
1.1087920800000001e+02 6.2682599999999999e-01 1.1616000000000000e-01 9.5993660799999998e+02
1.1610317499999999e+02 7.1833899999999995e-01 1.2160000000000000e-01 9.6070498199999997e+02
1.2133167899999999e+02 8.3081499999999997e-01 1.2703999999999999e-01 9.6160827300000005e+02
1.2656547300000000e+02 9.6662199999999998e-01 1.3247999999999999e-01 9.6265341400000000e+02
1.3180534299999999e+02 1.1280470000000000e+00 1.3791999999999999e-01 9.6384592199999997e+02
1.3705210600000001e+02 1.3172960000000000e+00 1.4335999999999999e-01 9.6519007599999998e+02
1.4230659299999999e+02 1.5364810000000000e+00 1.4879999999999999e-01 9.6668905400000006e+02
1.4756965400000001e+02 1.7876230000000000e+00 1.5423999999999999e-01 9.6834506599999997e+02
1.5284214700000001e+02 2.0726420000000001e+00 1.5967999999999999e-01 9.7015947000000006e+02
1.5812493699999999e+02 2.3933610000000001e+00 1.6511999999999999e-01 9.7213288399999999e+02
1.6341888800000001e+02 2.7515070000000001e+00 1.7055999999999999e-01 9.7426528900000005e+02
1.6872486400000000e+02 3.1487129999999999e+00 1.7599999999999999e-01 9.7655613000000005e+02
1.7404372400000000e+02 3.5865230000000001e+00 1.8143999999999999e-01 9.7900440100000003e+02
1.7937632199999999e+02 4.0663970000000003e+00 1.8687999999999999e-01 9.8160873100000003e+02
1.8472350299999999e+02 4.5897170000000003e+00 1.9231999999999999e-01 9.8436745499999995e+02
1.9008609999999999e+02 5.1577919999999997e+00 1.9775999999999999e-01 9.8727867800000001e+02
1.9546493899999999e+02 5.7718680000000004e+00 2.0319999999999999e-01 9.9034033199999999e+02
2.0086083300000001e+02 6.4331290000000001e+00 2.0863999999999999e-01 9.9355021999999997e+02
2.0627457999999999e+02 7.1427030000000000e+00 2.1407999999999999e-01 9.9690606000000002e+02
2.1170697000000001e+02 7.9016719999999996e+00 2.1951999999999999e-01 1.0004055080000001e+03
2.1715877699999999e+02 8.7110690000000002e+00 2.2495999999999999e-01 1.0040461880000000e+03
2.2263076300000000e+02 9.5718870000000003e+00 2.3039999999999999e-01 1.0078257120000000e+03
2.2812367699999999e+02 1.0485078000000000e+01 2.3583999999999999e-01 1.0117416870000000e+03
2.3363825600000001e+02 1.1451559000000000e+01 2.4127999999999999e-01 1.0157917290000000e+03
2.3917522199999999e+02 1.2472208999999999e+01 2.4671999999999999e-01 1.0199734670000000e+03
2.4473528600000000e+02 1.3547872999999999e+01 2.5216000000000000e-01 1.0242845480000001e+03
2.5031914499999999e+02 1.4679364000000000e+01 2.5760000000000000e-01 1.0287226370000001e+03
2.5592748399999999e+02 1.5867459000000000e+01 2.6304000000000000e-01 1.0332854130000001e+03
2.6156097499999998e+02 1.7112902999999999e+01 2.6848000000000000e-01 1.0379705739999999e+03
2.6722027800000001e+02 1.8416405000000001e+01 2.7392000000000000e-01 1.0427758280000000e+03
2.7290604100000002e+02 1.9778642000000001e+01 2.7936000000000000e-01 1.0476988970000000e+03
2.7861889800000000e+02 2.1200253000000000e+01 2.8480000000000000e-01 1.0527375070000001e+03
2.8435947099999998e+02 2.2681844000000002e+01 2.9024000000000000e-01 1.0578893909999999e+03
2.9012837200000001e+02 2.4223983000000000e+01 2.9568000000000000e-01 1.0631522820000000e+03
2.9592619900000000e+02 2.5827200999999999e+01 3.0112000000000000e-01 1.0685239140000001e+03
3.0175353600000000e+02 2.7491992000000000e+01 3.0656000000000000e-01 1.0740020199999999e+03
3.0761095699999998e+02 2.9218810999999999e+01 3.1200000000000000e-01 1.0795843279999999e+03
3.1349902300000002e+02 3.1008075999999999e+01 3.1744000000000000e-01 1.0852685610000001e+03
3.1941828299999997e+02 3.2860166000000000e+01 3.2288000000000000e-01 1.0910524379999999e+03
3.2536927200000002e+02 3.4775418999999999e+01 3.2832000000000000e-01 1.0969336730000000e+03
3.3135251399999999e+02 3.6754136000000003e+01 3.3376000000000000e-01 1.1029099759999999e+03
3.3736852099999999e+02 3.8796579000000001e+01 3.3920000000000000e-01 1.1089790510000000e+03
3.4341779000000002e+02 4.0902971999999998e+01 3.4464000000000000e-01 1.1151386010000001e+03
3.4950080800000001e+02 4.3073501000000000e+01 3.5008000000000000e-01 1.1213863280000000e+03
3.5561804999999998e+02 4.5308314000000003e+01 3.5552000000000000e-01 1.1277199330000001e+03
3.6176997399999999e+02 4.7607523000000000e+01 3.6096000000000000e-01 1.1341371210000000e+03
3.6795703200000003e+02 4.9971204000000000e+01 3.6640000000000000e-01 1.1406356029999999e+03
3.7417965600000002e+02 5.2394120000000001e+01 3.7184000000000000e-01 1.1471988910000000e+03
3.8043593399999997e+02 5.4527076999999998e+01 3.7728000000000000e-01 1.1528935560000000e+03
3.8672195399999998e+02 5.6546413999999999e+01 3.8272000000000000e-01 1.1582071699999999e+03
3.9303638899999999e+02 5.8530827000000002e+01 3.8816000000000001e-01 1.1633550729999999e+03
3.9937853300000000e+02 6.0503425999999997e+01 3.9360000000000001e-01 1.1684010630000000e+03
4.0574792700000000e+02 6.2475687000000001e+01 3.9904000000000001e-01 1.1733769110000001e+03
4.1214408600000002e+02 6.4377308999999997e+01 4.0448000000000001e-01 1.1781104439999999e+03
4.1856406299999998e+02 6.6059717000000006e+01 4.0992000000000001e-01 1.1822416730000000e+03
4.2500621799999999e+02 6.7726710999999995e+01 4.1536000000000001e-01 1.1862809709999999e+03
4.3147023799999999e+02 6.9400710000000004e+01 4.2080000000000001e-01 1.1902844410000000e+03
4.3795598500000000e+02 7.1089149000000006e+01 4.2624000000000001e-01 1.1942705690000000e+03
4.4446339200000000e+02 7.2795773999999994e+01 4.3168000000000001e-01 1.1982485369999999e+03
4.5099243000000001e+02 7.4522847999999996e+01 4.3712000000000001e-01 1.2022237590000000e+03
4.5754309400000000e+02 7.6271887000000007e+01 4.4256000000000001e-01 1.2061997510000001e+03
4.6411539599999998e+02 7.8043982999999997e+01 4.4800000000000001e-01 1.2101789460000000e+03
4.7070935800000001e+02 7.9839960000000005e+01 4.5344000000000001e-01 1.2141631000000000e+03
4.7732501000000002e+02 8.1660469000000006e+01 4.5888000000000001e-01 1.2181535180000001e+03
4.8396239000000003e+02 8.3506034999999997e+01 4.6432000000000001e-01 1.2221511920000000e+03
4.9062153999999998e+02 8.5377094999999997e+01 4.6976000000000001e-01 1.2261568870000001e+03
4.9730250300000000e+02 8.7274016000000003e+01 4.7520000000000001e-01 1.2301711989999999e+03
5.0400533000000001e+02 8.9197114999999997e+01 4.8064000000000001e-01 1.2341945920000001e+03
5.1073007000000001e+02 9.1146665999999996e+01 4.8608000000000001e-01 1.2382274279999999e+03
5.1747677499999998e+02 9.3122910000000005e+01 4.9152000000000001e-01 1.2422699920000000e+03
5.2424549900000000e+02 9.5126058999999998e+01 4.9696000000000001e-01 1.2463224990000001e+03
5.3103629699999999e+02 9.7156302999999994e+01 5.0239999999999996e-01 1.2503851119999999e+03
5.3784922400000005e+02 9.9213813000000002e+01 5.0783999999999996e-01 1.2544579500000000e+03
5.4468433500000003e+02 1.0129873900000000e+02 5.1327999999999996e-01 1.2585410939999999e+03
5.5154168800000002e+02 1.0341122200000000e+02 5.1871999999999996e-01 1.2626345950000000e+03
5.5842133699999999e+02 1.0555138500000000e+02 5.2415999999999996e-01 1.2667384740000000e+03
5.6532334100000003e+02 1.0771934000000000e+02 5.2959999999999996e-01 1.2708527340000001e+03
5.7224775599999998e+02 1.0991519200000000e+02 5.3503999999999996e-01 1.2749773530000000e+03
5.7919463699999994e+02 1.1213903200000000e+02 5.4047999999999996e-01 1.2791122949999999e+03
5.8616404000000000e+02 1.1439094500000000e+02 5.4591999999999996e-01 1.2832575090000000e+03
5.9315602200000001e+02 1.1667100800000000e+02 5.5135999999999996e-01 1.2874129300000000e+03
6.0017063800000005e+02 1.1897928800000000e+02 5.5679999999999996e-01 1.2915784830000000e+03
6.0720794300000000e+02 1.2131585000000000e+02 5.6223999999999996e-01 1.2957540819999999e+03
6.1426799000000005e+02 1.2368074799999999e+02 5.6767999999999996e-01 1.2999396310000000e+03
6.2135083499999996e+02 1.2607403200000000e+02 5.7311999999999996e-01 1.3041350299999999e+03
6.2845653000000004e+02 1.2849574799999999e+02 5.7855999999999996e-01 1.3083401699999999e+03
6.3558512700000006e+02 1.3094593399999999e+02 5.8399999999999996e-01 1.3125549349999999e+03
6.4273667999999998e+02 1.3342462599999999e+02 5.8943999999999996e-01 1.3167792070000000e+03
6.4991123900000002e+02 1.3593185099999999e+02 5.9487999999999996e-01 1.3210128609999999e+03
6.5710885599999995e+02 1.3846763799999999e+02 6.0031999999999996e-01 1.3252557680000000e+03
6.6432957899999997e+02 1.4103200500000000e+02 6.0575999999999997e-01 1.3295077970000000e+03
6.7157345899999996e+02 1.4362497099999999e+02 6.1119999999999997e-01 1.3337688140000000e+03
6.7884054300000003e+02 1.4624655000000001e+02 6.1663999999999997e-01 1.3380386810000000e+03
6.8613088100000004e+02 1.4889675099999999e+02 6.2207999999999997e-01 1.3423172580000000e+03
6.9344451800000002e+02 1.5157558100000000e+02 6.2751999999999997e-01 1.3466044059999999e+03
7.0078150100000005e+02 1.5428304299999999e+02 6.3295999999999997e-01 1.3508999810000000e+03
7.0814187500000003e+02 1.5701913800000000e+02 6.3839999999999997e-01 1.3552038390000000e+03
7.1552568599999995e+02 1.5978386200000000e+02 6.4383999999999997e-01 1.3595158360000000e+03
7.2293297600000005e+02 1.6257721100000001e+02 6.4927999999999997e-01 1.3638358260000000e+03
7.3036378900000000e+02 1.6539917600000001e+02 6.5471999999999997e-01 1.3681636619999999e+03
7.3781816800000001e+02 1.6824974599999999e+02 6.6015999999999997e-01 1.3724992000000000e+03
7.4529615400000000e+02 1.7112890800000000e+02 6.6559999999999997e-01 1.3768422909999999e+03
7.5279778699999997e+02 1.7403664499999999e+02 6.7103999999999997e-01 1.3811927900000001e+03
7.6032310700000005e+02 1.7697294099999999e+02 6.7647999999999997e-01 1.3855505499999999e+03
7.6787215400000002e+02 1.7993777399999999e+02 6.8191999999999997e-01 1.3899154249999999e+03
7.7544496600000002e+02 1.8293112300000001e+02 6.8735999999999997e-01 1.3942872689999999e+03
7.8304157999999995e+02 1.8595296300000001e+02 6.9279999999999997e-01 1.3986659380000001e+03
7.9066203399999995e+02 1.8900326799999999e+02 6.9823999999999997e-01 1.4030512870000000e+03
7.9830636200000004e+02 1.9208201099999999e+02 7.0367999999999997e-01 1.4074431720000000e+03
8.0597460100000001e+02 1.9518915999999999e+02 7.0911999999999997e-01 1.4118414510000000e+03
8.1366678400000001e+02 1.9832468499999999e+02 7.1455999999999997e-01 1.4162459810000000e+03
8.2138294599999995e+02 2.0148855200000000e+02 7.1999999999999997e-01 1.4206566210000001e+03
8.2912311799999998e+02 2.0468072699999999e+02 7.2543999999999997e-01 1.4250732320000000e+03
8.3688733400000001e+02 2.0790117499999999e+02 7.3087999999999997e-01 1.4294956749999999e+03
8.4467562499999997e+02 2.1114985600000000e+02 7.3631999999999997e-01 1.4339238120000000e+03
8.5248802000000001e+02 2.1442673300000001e+02 7.4175999999999997e-01 1.4383575069999999e+03
8.6032455100000004e+02 2.1773176500000000e+02 7.4719999999999998e-01 1.4427966240000001e+03
8.6818524600000001e+02 2.2106491100000000e+02 7.5263999999999998e-01 1.4472410299999999e+03
8.7607013300000006e+02 2.2442612900000000e+02 7.5807999999999998e-01 1.4516905919999999e+03
8.8397924000000000e+02 2.2781537399999999e+02 7.6351999999999998e-01 1.4561451790000001e+03
8.9191259500000001e+02 2.3123260099999999e+02 7.6895999999999998e-01 1.4606046610000001e+03
8.9987022400000001e+02 2.3467776599999999e+02 7.7439999999999998e-01 1.4650689100000000e+03
9.0785215100000005e+02 2.3815082100000001e+02 7.7983999999999998e-01 1.4695377989999999e+03
9.1585840199999996e+02 2.4165171900000001e+02 7.8527999999999998e-01 1.4740112030000000e+03
9.2388900200000000e+02 2.4518041099999999e+02 7.9071999999999998e-01 1.4784889969999999e+03
9.3194397300000003e+02 2.4873684800000001e+02 7.9615999999999998e-01 1.4829710590000000e+03
9.4002333899999996e+02 2.5232097899999999e+02 8.0159999999999998e-01 1.4874572680000001e+03
9.4812712199999999e+02 2.5593275399999999e+02 8.0703999999999998e-01 1.4919475050000001e+03
9.5625534400000004e+02 2.5957211999999998e+02 8.1247999999999998e-01 1.4964416520000000e+03
9.6440802499999995e+02 2.6323902600000002e+02 8.1791999999999998e-01 1.5009395919999999e+03
9.7258518500000002e+02 2.6693341900000001e+02 8.2335999999999998e-01 1.5054412110000001e+03
9.8078684499999997e+02 2.7065524499999998e+02 8.2879999999999998e-01 1.5099463949999999e+03
9.8901302399999997e+02 2.7440445000000000e+02 8.3423999999999998e-01 1.5144550330000000e+03
9.9726373899999999e+02 2.7818097899999998e+02 8.3967999999999998e-01 1.5189670140000001e+03
1.0055390090000000e+03 2.8198477700000001e+02 8.4511999999999998e-01 1.5234822300000001e+03
1.0138388520000000e+03 2.8581578900000000e+02 8.5055999999999998e-01 1.5280005730000000e+03
1.0221632840000000e+03 2.8967395900000002e+02 8.5599999999999998e-01 1.5325219380000001e+03
1.0305123200000000e+03 2.9355922900000002e+02 8.6143999999999998e-01 1.5370462219999999e+03
1.0388859769999999e+03 2.9747154399999999e+02 8.6687999999999998e-01 1.5415733210000001e+03
1.0472842700000001e+03 3.0141084599999999e+02 8.7231999999999998e-01 1.5461031350000001e+03
1.0557072129999999e+03 3.0537707799999998e+02 8.7775999999999998e-01 1.5506355639999999e+03
1.0641548210000001e+03 3.0937018200000000e+02 8.8319999999999999e-01 1.5551705119999999e+03
1.0726271050000000e+03 3.1339010100000002e+02 8.8863999999999999e-01 1.5597078799999999e+03
1.0811240809999999e+03 3.1743677600000001e+02 8.9407999999999999e-01 1.5642475750000001e+03
1.0896457590000000e+03 3.2151014900000001e+02 8.9951999999999999e-01 1.5687895040000001e+03
1.0981921520000001e+03 3.2561016200000000e+02 9.0495999999999999e-01 1.5733335750000001e+03
1.1067632710000000e+03 3.2973675600000001e+02 9.1039999999999999e-01 1.5778796970000001e+03
1.1153591269999999e+03 3.3388987400000002e+02 9.1583999999999999e-01 1.5824277840000000e+03
1.1239797309999999e+03 3.3806945500000000e+02 9.2127999999999999e-01 1.5869777469999999e+03
1.1326250920000000e+03 3.4227544399999999e+02 9.2671999999999999e-01 1.5915295010000000e+03
1.1412952200000000e+03 3.4650778000000003e+02 9.3215999999999999e-01 1.5960829639999999e+03
1.1499901250000000e+03 3.5076640700000002e+02 9.3759999999999999e-01 1.6006380520000000e+03
1.1587098140000001e+03 3.5505126500000000e+02 9.4303999999999999e-01 1.6051946869999999e+03
1.1674542960000001e+03 3.5936229900000001e+02 9.4847999999999999e-01 1.6097527880000000e+03
1.1762235790000000e+03 3.6369945100000001e+02 9.5391999999999999e-01 1.6143122810000000e+03
1.1850176690000001e+03 3.6806266499999998e+02 9.5935999999999999e-01 1.6188730889999999e+03
1.1938365750000000e+03 3.7245188500000000e+02 9.6479999999999999e-01 1.6234351409999999e+03
1.2026803020000000e+03 3.7686705599999999e+02 9.7023999999999999e-01 1.6279983660000000e+03
1.2115488570000000e+03 3.8130812600000002e+02 9.7567999999999999e-01 1.6325626950000001e+03
1.2204422450000000e+03 3.8577504099999999e+02 9.8111999999999999e-01 1.6371280630000001e+03
1.2293604730000000e+03 3.9026775199999997e+02 9.8655999999999999e-01 1.6416944090000000e+03
1.2383035440000001e+03 3.9478621199999998e+02 9.9199999999999999e-01 1.6462616730000000e+03
1.2472714650000000e+03 3.9933037600000000e+02 9.9743999999999999e-01 1.6508298000000000e+03
1.2562642390000001e+03 4.0390020600000003e+02 1.0028800000000000e+00 1.6553987430000000e+03
1.2652818709999999e+03 4.0849566900000002e+02 1.0083200000000001e+00 1.6599684609999999e+03
1.2743243649999999e+03 4.1311674499999998e+02 1.0137600000000000e+00 1.6645389250000001e+03
1.2833917260000001e+03 4.1776343300000002e+02 1.0192000000000001e+00 1.6691101269999999e+03
1.2924839560000000e+03 4.2243577399999998e+02 1.0246400000000000e+00 1.6736820970000001e+03
1.3016010610000001e+03 4.2713392900000002e+02 1.0300800000000001e+00 1.6782549859999999e+03
1.3107430469999999e+03 4.3185847000000001e+02 1.0355200000000000e+00 1.6828293369999999e+03
1.3199099189999999e+03 4.3660809300000000e+02 1.0409600000000001e+00 1.6874038790000000e+03
1.3291016770000001e+03 4.4138244600000002e+02 1.0464000000000000e+00 1.6919782729999999e+03
1.3383183200000001e+03 4.4618146400000001e+02 1.0518400000000001e+00 1.6965524579999999e+03
1.3475598460000001e+03 4.5100508200000002e+02 1.0572800000000000e+00 1.7011263750000001e+03
1.3568262540000001e+03 4.5585323499999998e+02 1.0627200000000001e+00 1.7056999659999999e+03
1.3661175430000001e+03 4.6072585900000001e+02 1.0681600000000000e+00 1.7102731719999999e+03
1.3754337089999999e+03 4.6562288799999999e+02 1.0736000000000001e+00 1.7148459390000000e+03
1.3847747500000000e+03 4.7054426000000001e+02 1.0790400000000000e+00 1.7194182089999999e+03
1.3941406640000000e+03 4.7548990900000001e+02 1.0844800000000001e+00 1.7239899300000000e+03
1.4035314460000000e+03 4.8045977199999999e+02 1.0899200000000000e+00 1.7285610480000000e+03
1.4129470950000000e+03 4.8545378399999998e+02 1.0953599999999999e+00 1.7331315099999999e+03
1.4223876060000000e+03 4.9047188299999999e+02 1.1008000000000000e+00 1.7377012649999999e+03
1.4318529750000000e+03 4.9551400400000000e+02 1.1062399999999999e+00 1.7422702620000000e+03
1.4413431969999999e+03 5.0058008500000000e+02 1.1116800000000000e+00 1.7468384520000000e+03
1.4508582690000001e+03 5.0567006300000003e+02 1.1171199999999999e+00 1.7514057869999999e+03
1.4603981850000000e+03 5.1078387500000002e+02 1.1225600000000000e+00 1.7559722180000001e+03
1.4699629410000000e+03 5.1592145700000003e+02 1.1279999999999999e+00 1.7605376980000001e+03
1.4795525310000000e+03 5.2108274900000004e+02 1.1334400000000000e+00 1.7651021830000000e+03
1.4891669489999999e+03 5.2626768700000002e+02 1.1388799999999999e+00 1.7696656250000001e+03
1.4988061909999999e+03 5.3147621000000004e+02 1.1443200000000000e+00 1.7742279820000001e+03
1.5084702490000000e+03 5.3670825600000001e+02 1.1497599999999999e+00 1.7787892090000000e+03
1.5181591169999999e+03 5.4196376399999997e+02 1.1552000000000000e+00 1.7833492630000001e+03
1.5278727899999999e+03 5.4724267099999997e+02 1.1606399999999999e+00 1.7879081040000001e+03
1.5376112599999999e+03 5.5254491800000005e+02 1.1660800000000000e+00 1.7924656890000001e+03
1.5473745200000001e+03 5.5787044300000002e+02 1.1715199999999999e+00 1.7970219790000001e+03
1.5571625630000001e+03 5.6321918500000004e+02 1.1769600000000000e+00 1.8015769330000001e+03
1.5669753820000001e+03 5.6859108500000002e+02 1.1823999999999999e+00 1.8061305130000001e+03
1.5768129700000000e+03 5.7398608100000001e+02 1.1878400000000000e+00 1.8106826799999999e+03
1.5866753180000001e+03 5.7940411500000005e+02 1.1932799999999999e+00 1.8152333980000001e+03
1.5965624180000000e+03 5.8484512500000005e+02 1.1987200000000000e+00 1.8197826279999999e+03
1.6064742620000000e+03 5.9030905399999995e+02 1.2041599999999999e+00 1.8243303360000000e+03
1.6164108430000001e+03 5.9579584000000000e+02 1.2096000000000000e+00 1.8288764860000001e+03
1.6263721499999999e+03 6.0130542600000001e+02 1.2150399999999999e+00 1.8334210430000001e+03
1.6363581770000001e+03 6.0683775300000002e+02 1.2204800000000000e+00 1.8379639729999999e+03
1.6463689119999999e+03 6.1239276099999995e+02 1.2259199999999999e+00 1.8425052420000000e+03
1.6564043480000000e+03 6.1797039299999994e+02 1.2313600000000000e+00 1.8470448190000000e+03
1.6664644760000001e+03 6.2357059100000004e+02 1.2367999999999999e+00 1.8515826689999999e+03
1.6765492850000001e+03 6.2919329600000003e+02 1.2422400000000000e+00 1.8561187629999999e+03
1.6866587660000000e+03 6.3483844999999997e+02 1.2476799999999999e+00 1.8606530690000000e+03
1.6967929090000000e+03 6.4050599699999998e+02 1.2531200000000000e+00 1.8651855559999999e+03
1.7069517040000001e+03 6.4619587899999999e+02 1.2585599999999999e+00 1.8697161950000000e+03
1.7171351420000001e+03 6.5190803900000003e+02 1.2640000000000000e+00 1.8742449570000001e+03
1.7273432110000001e+03 6.5764242100000001e+02 1.2694399999999999e+00 1.8787718120000000e+03
1.7375758690000000e+03 6.6336670500000002e+02 1.2748800000000000e+00 1.8832714010000000e+03
1.7478328400000000e+03 6.6904784900000004e+02 1.2803199999999999e+00 1.8877180480000000e+03
1.7581139340000000e+03 6.7472348999999997e+02 1.2857600000000000e+00 1.8921415500000001e+03
1.7684190480000000e+03 6.8040271800000005e+02 1.2911999999999999e+00 1.8965491589999999e+03
1.7787481049999999e+03 6.8608984899999996e+02 1.2966400000000000e+00 1.9009443450000001e+03
1.7891010429999999e+03 6.9178746599999999e+02 1.3020799999999999e+00 1.9053291990000000e+03
1.7994778110000000e+03 6.9749730000000000e+02 1.3075200000000000e+00 1.9097051349999999e+03
1.8098783630000000e+03 7.0322059200000001e+02 1.3129599999999999e+00 1.9140731750000000e+03
1.8203026580000001e+03 7.0895827699999995e+02 1.3184000000000000e+00 1.9184340930000001e+03
1.8307506590000000e+03 7.1471108300000003e+02 1.3238399999999999e+00 1.9227885000000001e+03
1.8412223320000001e+03 7.2047958800000004e+02 1.3292800000000000e+00 1.9271368849999999e+03
1.8517176449999999e+03 7.2626426600000002e+02 1.3347199999999999e+00 1.9314796530000001e+03
1.8622365689999999e+03 7.3206550700000003e+02 1.3401600000000000e+00 1.9358171410000000e+03
1.8727790760000000e+03 7.3788363900000002e+02 1.3455999999999999e+00 1.9401496370000000e+03
1.8833451379999999e+03 7.4371893899999998e+02 1.3510400000000000e+00 1.9444773860000000e+03
1.8939347319999999e+03 7.4957164499999999e+02 1.3564799999999999e+00 1.9488006009999999e+03
1.9045478330000001e+03 7.5544196099999999e+02 1.3619200000000000e+00 1.9531194700000001e+03
1.9151844169999999e+03 7.6133006200000000e+02 1.3673599999999999e+00 1.9574341560000000e+03
1.9258444629999999e+03 7.6723610499999995e+02 1.3728000000000000e+00 1.9617448059999999e+03
1.9365279479999999e+03 7.7316022299999997e+02 1.3782399999999999e+00 1.9660515479999999e+03
1.9472348520000000e+03 7.7910253399999999e+02 1.3836800000000000e+00 1.9703544990000000e+03
1.9579651540000000e+03 7.8506314299999997e+02 1.3891199999999999e+00 1.9746537650000000e+03
1.9687188349999999e+03 7.9104214100000002e+02 1.3945600000000000e+00 1.9789494390000000e+03
1.9794958760000000e+03 7.9703960900000004e+02 1.3999999999999999e+00 1.9832416080000000e+03
