# epsilon[MeV/fm^3] P[MeV/fm^3] nB[fm^-3] muB[MeV]
4.3514892049562272e-07 9.0000000794219998e-12 4.6796200000000002e-10 9.2990010724260003e+02
5.4394952759824855e-07 1.2854500250148002e-11 5.8496400000000005e-10 9.2990743275720001e+02
6.8239664606092796e-07 1.8414700022552000e-11 7.3384599999999997e-10 9.2991587774760001e+02
8.5763463874259032e-07 2.6380199998860002e-11 9.2229000000000003e-10 9.2992551188760001e+02
1.0799253715994732e-06 3.7791099667920001e-11 1.1613300000000000e-09 9.2993648532329996e+02
1.3625442882637764e-06 5.4137899979800000e-11 1.4652400000000000e-09 9.2994894782519998e+02
1.7226605254650248e-06 7.7555599791040007e-11 1.8524800000000000e-09 9.2996308925910000e+02
2.1826057027272589e-06 1.1110299984364001e-10 2.3470600000000000e-09 9.2997909967860005e+02
2.7713348204539073e-06 1.5916099965360000e-10 2.9801100000000000e-09 9.2999716876169998e+02
3.5266032513682487e-06 2.2800800111288001e-10 3.7922200000000000e-09 9.3001754656409992e+02
4.4975537964996660e-06 3.2663399940042002e-10 4.8362200000000001e-09 9.3004045271789994e+02
4.5807460305493105e-06 3.3555999792714001e-10 4.9256699999999996e-09 9.3004228160820003e+02
4.7281205653478515e-06 3.3656599963290001e-10 5.0841300000000003e-09 9.3004248152130003e+02
6.5759177435918250e-06 5.4515600232911993e-10 7.0708799999999999e-09 9.3007696075620004e+02
9.1998724984833464e-06 8.8567000200420000e-10 9.8920399999999997e-09 9.3011730648750006e+02
1.2918168885426129e-05 1.4388700552640002e-09 1.3889600000000001e-08 9.3016406831190000e+02
1.8201380444258739e-05 2.3376200076990001e-09 1.9569300000000001e-08 9.3021808578930006e+02
2.5725895950178280e-05 3.7977398937599994e-09 2.7657999999999999e-08 9.3028025838780002e+02
3.6463989818522291e-05 6.1698799253159997e-09 3.9200400000000002e-08 9.3035162548649998e+02
5.1813630126296458e-05 1.0023700173792000e-08 5.5698400000000002e-08 9.3043332628019994e+02
7.3785560512054020e-05 1.6284700005120000e-08 7.9311899999999997e-08 9.3052664006250006e+02
1.0527189036420272e-04 2.6456400399219999e-08 1.1314700000000000e-07 9.3063298613190000e+02
1.5043483705694415e-04 4.2981499428689995e-08 1.6167299999999999e-07 9.3075400323120004e+02
1.5143539825673478e-04 4.3369399516159995e-08 1.6274800000000000e-07 9.3075639185940008e+02
1.5666718390755263e-04 4.3499599327679997e-08 1.6836899999999999e-07 9.3075719132400002e+02
1.8247319946392853e-04 5.3487099479700000e-08 1.9609400000000001e-07 9.3081203831400001e+02
2.1304949570856091e-04 6.5965099669560007e-08 2.2894200000000001e-07 9.3087079295249998e+02
2.4880173202308656e-04 8.1354199584480006e-08 2.6734800000000002e-07 9.3093285559410003e+02
2.9061049213158235e-04 1.0033299847065000e-07 3.1225699999999999e-07 9.3099838615049998e+02
3.3950651358852186e-04 1.2374000051775000e-07 3.6477499999999998e-07 9.3106758453479995e+02
3.9669496520679297e-04 1.5260700009555001e-07 4.2619500000000001e-07 9.3114063056550003e+02
4.6358813252914599e-04 1.8820900209407997e-07 4.9803199999999997e-07 9.3121772415570001e+02
5.4183717856390442e-04 2.3211699768180001e-07 5.8205699999999998e-07 9.3129908512530005e+02
6.3337419989345891e-04 2.8626699988691999e-07 6.8034199999999997e-07 9.3138494352930002e+02
7.4046361643000222e-04 3.5305100162730003e-07 7.9531500000000002e-07 9.3147551899979999e+02
7.4543957324912111e-04 3.5623800038969997e-07 8.0065699999999999e-07 9.3147951660449996e+02
7.7046470619140960e-04 3.5730600246279002e-07 8.2752300000000002e-07 9.3148080575760002e+02
7.7218701201869997e-04 3.5837800248323999e-07 8.2937200000000002e-07 9.3148210505190002e+02
7.7564281539113634e-04 3.6053199741144001e-07 8.3308200000000005e-07 9.3148469349929996e+02
7.7911352986319152e-04 3.6269800105895999e-07 8.3680799999999998e-07 9.3148728185280004e+02
7.8260009510663572e-04 3.6487800290032998e-07 8.4055099999999997e-07 9.3148988034750005e+02
7.8610250285012515e-04 3.6706999922346001e-07 8.4431100000000000e-07 9.3149248879559991e+02
7.8962075319254110e-04 3.6927600351839998e-07 8.4808799999999996e-07 9.3149508719639994e+02
7.9315485471188711e-04 3.7149499796798001e-07 8.5188199999999998e-07 9.3149769564450003e+02
7.9670479058673201e-04 3.7372699824480005e-07 8.5569300000000004e-07 9.3150031404599997e+02
8.0027057791247260e-04 3.7597299948234002e-07 8.5952100000000004e-07 9.3150293244750003e+02
8.0385221698387247e-04 3.7823200230633998e-07 8.6336599999999998e-07 9.3150555094289996e+02
8.0745063029167934e-04 3.8050499711466001e-07 8.6722899999999999e-07 9.3150817929779998e+02
8.1106395596088781e-04 3.8279099715107999e-07 8.7110800000000002e-07 9.3151080774659999e+02
8.1469498722525535e-04 3.8509200436278001e-07 8.7500600000000005e-07 9.3151343619540000e+02
8.1834093096975699e-04 3.8740599815679997e-07 8.7891999999999998e-07 9.3151607459759998e+02
8.3652972322216491e-04 3.8856800310954005e-07 8.9844600000000005e-07 9.3151737379799999e+02
8.9649746606902973e-04 4.2637900225708002e-07 9.6282100000000007e-07 9.3155798930399999e+02
9.6293679962426715e-04 4.6927300060880000e-07 1.0341400000000000e-06 9.3160093353000002e+02
1.0343084479593990e-03 5.1648199988999994e-07 1.1107499999999999e-06 9.3164493704189999e+02
1.1110033276598183e-03 5.6844100521450010e-07 1.1930700000000001e-06 9.3169002988770001e+02
1.1934040547386528e-03 6.2562700512179996e-07 1.2815100000000000e-06 9.3173623206809998e+02
1.2819398888523502e-03 6.8856500094819997e-07 1.3765300000000001e-06 9.3178357353719991e+02
1.3770588621277026e-03 7.5783499966439992e-07 1.4786100000000000e-06 9.3183208434300002e+02
1.4792742600387720e-03 8.3407400117300003e-07 1.5882999999999999e-06 9.3188178448619999e+02
1.5890902438860661e-03 9.1798299673799988e-07 1.7061399999999999e-06 9.3193271378040004e+02
1.7070948934908867e-03 1.0103300084124001e-06 1.8327600000000000e-06 9.3198488236679998e+02
1.7418302566492478e-03 1.0379399925766002e-06 1.8700300000000001e-06 9.3199978345169995e+02
1.8026805910135908e-03 1.0410599913928000e-06 1.9353200000000000e-06 9.3200143242960007e+02
2.0389359400714486e-03 1.2275099896319999e-06 2.1888000000000001e-06 9.3209187794249999e+02
2.3114099463439177e-03 1.4516999917321999e-06 2.4811100000000001e-06 9.3218792017709995e+02
2.6204004641994278e-03 1.7168400063888003e-06 2.8125600000000001e-06 9.3228811983419996e+02
2.9707928967162671e-03 2.0304000155634000e-06 3.1883800000000001e-06 9.3239264696670000e+02
3.3681648965264784e-03 2.4012300084080001e-06 3.6145400000000001e-06 9.3250170129989999e+02
3.8188055776886142e-03 2.8397900147328003e-06 4.0977700000000004e-06 9.3261546284010001e+02
4.3298558716110781e-03 3.3584500068246004e-06 4.6457100000000001e-06 9.3273413140649996e+02
4.9094492242661523e-03 3.9718300068571995e-06 5.2670599999999997e-06 9.3285792691289998e+02
5.5667590537662745e-03 4.6972400276543001e-06 5.9716300000000001e-06 9.3298704917850000e+02
6.3122329168583428e-03 5.5551399798486997e-06 6.7705900000000002e-06 9.3312173811779996e+02
6.3691536418958340e-03 5.6221100036384002e-06 6.8315900000000001e-06 9.3313158221820004e+02
6.6107787783348925e-03 5.6389700285964000e-06 7.0905299999999997e-06 9.3313397075249998e+02
7.1832281514335565e-03 6.2999099885847007e-06 7.7039700000000007e-06 9.3322329697740008e+02
7.8228640480689938e-03 7.0594400109160007e-06 8.3893400000000006e-06 9.3331767013950002e+02
8.5195476220300548e-03 7.9105299722335996e-06 9.1357600000000004e-06 9.3341477175390003e+02
9.2783521214718639e-03 8.8642300383220009e-06 9.9486500000000000e-06 9.3351470163630006e+02
1.0104791977484120e-02 9.9329099737559988e-06 1.0833900000000000e-05 9.3361751969490001e+02
1.1005037422914624e-02 1.1130399980334000e-05 1.1798100000000000e-05 9.3372332602710003e+02
1.1985504705131824e-02 1.2472300012974001e-05 1.2848100000000000e-05 9.3383220044789994e+02
1.3053499763127112e-02 1.3976000053347000e-05 1.3991700000000000e-05 9.3394422305399996e+02
1.4216706487829026e-02 1.5661000693130000e-05 1.5237100000000000e-05 9.3405949366109996e+02
1.5483652631007537e-02 1.7549100191680000e-05 1.6593399999999999e-05 9.3417811227269999e+02
1.5623499832828706e-02 1.7760599953030001e-05 1.6743099999999999e-05 9.3419079468840005e+02
1.6269961736847121e-02 1.7813900213129999e-05 1.7435099999999998e-05 9.3419395273319992e+02
1.7094324515795702e-02 1.9027400207749999e-05 1.8317499999999999e-05 9.3426180186839997e+02
1.8000874089488257e-02 2.0384500450440000e-05 1.9287799999999999e-05 9.3433394852489994e+02
1.8955614232225096e-02 2.1838399047120000e-05 2.0309599999999999e-05 9.3440734433310001e+02
1.9960983560824267e-02 2.3396100553499999e-05 2.1385500000000000e-05 9.3448202938830002e+02
2.1019794814794490e-02 2.5064799654149998e-05 2.2518500000000001e-05 9.3455801364390004e+02
2.2134768910989058e-02 2.6852600343399999e-05 2.3711500000000002e-05 9.3463531710059999e+02
2.3309000859656603e-02 2.8767899159999994e-05 2.4967799999999998e-05 9.3471396971249999e+02
2.4545494036103295e-02 3.0819700065419999e-05 2.6290599999999999e-05 9.3479400162150000e+02
2.5847718880420045e-02 3.3017999946119998e-05 2.7683600000000000e-05 9.3487541254589996e+02
2.7219055484112444e-02 3.5372998881120002e-05 2.9150400000000001e-05 9.3495825272219997e+02
2.7775365070038964e-02 3.6339601209739997e-05 2.9745400000000002e-05 9.3499105302509997e+02
2.8289610775747390e-02 3.6448598719180002e-05 3.0295400000000001e-05 9.3499466085090000e+02
2.8802930737171755e-02 3.7332599735440002e-05 3.0844399999999999e-05 9.3502356336480000e+02
2.9391538203060320e-02 3.8352800962709990e-05 3.1473899999999997e-05 9.3505628375879996e+02
2.9992229144074897e-02 3.9400800335690003e-05 3.2116300000000003e-05 9.3508923392610006e+02
3.0605097595990186e-02 4.0477499896860003e-05 3.2771700000000003e-05 9.3512239395989991e+02
3.1230612131930052e-02 4.1583600119840003e-05 3.3440600000000000e-05 9.3515578386089999e+02
3.1868867160453597e-02 4.2719998743180005e-05 3.4123099999999999e-05 9.3518940362910007e+02
3.2520144922003676e-02 4.3887298648500002e-05 3.4819500000000001e-05 9.3522325326449993e+02
3.3184820445813230e-02 4.5086601561120004e-05 3.5530200000000001e-05 9.3525732271979996e+02
3.3862987887692660e-02 4.6318701748649993e-05 3.6255299999999998e-05 9.3529163208960006e+02
3.4555116462740516e-02 4.7584401826990007e-05 3.6995300000000001e-05 9.3532617123270006e+02
3.4710848908415574e-02 4.7870299693839997e-05 3.7161800000000001e-05 9.3533387666670001e+02
3.5705765632703390e-02 4.8013899962450004e-05 3.8225500000000002e-05 9.3533768431169995e+02
3.6190650245182691e-02 4.8884701265269996e-05 3.8743900000000000e-05 9.3536029073669999e+02
3.6764595537185744e-02 4.9920498059249994e-05 3.9357499999999997e-05 9.3538680481020003e+02
3.7347724170046170e-02 5.0978398185919999e-05 3.9980900000000002e-05 9.3541345870079999e+02
3.7940129948432849e-02 5.2058599241440000e-05 4.0614200000000002e-05 9.3544024264290010e+02
3.8541907483377907e-02 5.3161699756499999e-05 4.1257500000000003e-05 9.3546717635549999e+02
3.9153244015328124e-02 5.4288198430999997e-05 4.1910999999999999e-05 9.3549425007299999e+02
3.9774234210732992e-02 5.5438601263319996e-05 4.2574799999999998e-05 9.3552146370150001e+02
4.0405159191034282e-02 5.6613297948239995e-05 4.3249199999999999e-05 9.3554882728830000e+02
4.1046019389420471e-02 5.7812899551080002e-05 4.3934199999999997e-05 9.3557633069220003e+02
4.1697190276124625e-02 5.9037997871239995e-05 4.4630199999999998e-05 9.3560397410099995e+02
4.2358578444415006e-02 6.0288999023690009e-05 4.5337100000000003e-05 9.3563177732760005e+02
4.2549448380963861e-02 6.0651299975859995e-05 4.5541099999999997e-05 9.3563974248900001e+02
4.3740238175900857e-02 6.0833198906699995e-05 4.6813800000000002e-05 9.3564365013750000e+02
4.5854886274473032e-02 6.4782902450840000e-05 4.9073799999999998e-05 9.3572599057799994e+02
4.8180087401599556e-02 6.9195997901699998e-05 5.1558599999999998e-05 9.3581365787159996e+02
5.0623240020302433e-02 7.3909702371599995e-05 5.4169200000000003e-05 9.3590278418340006e+02
5.3190452397117956e-02 7.8944498346630003e-05 5.6912100000000000e-05 9.3599338970190001e+02
5.5887837732656438e-02 8.4322299027779992e-05 5.9793799999999997e-05 9.3608550419339997e+02
5.8722166587791814e-02 9.0066499795649990e-05 6.2821499999999995e-05 9.3617915789369999e+02
6.1700398546921942e-02 9.6201898222459989e-05 6.6002599999999997e-05 9.3627437052180005e+02
6.4829683480590566e-02 1.0275499726340999e-04 6.9344700000000000e-05 9.3637116226620003e+02
6.8117831355171340e-02 1.0975499711746999e-04 7.2856100000000002e-05 9.3646956308100005e+02
7.1572933822013338e-02 1.1723199746169999e-04 7.6545399999999994e-05 9.3656960282640000e+02
7.2872355791586060e-02 1.2007500056640000e-04 7.7932800000000000e-05 9.3660639068670002e+02
7.6294350046888545e-02 1.2043499631464001e-04 8.1586400000000002e-05 9.3661091798129996e+02
7.8557740452832786e-02 1.2521799885310001e-04 8.4002899999999995e-05 9.3666865324139997e+02
8.1070439170188191e-02 1.3058099681828001e-04 8.6685400000000002e-05 9.3673145543940007e+02
8.3663493660002267e-02 1.3617299667415003e-04 8.9453500000000007e-05 9.3679492723830003e+02
8.6339540033127660e-02 1.4200499619000000e-04 9.2310000000000002e-05 9.3685905859080003e+02
8.9101308842231525e-02 1.4808700429182000e-04 9.5257800000000001e-05 9.3692387963880003e+02
9.1951438062670962e-02 1.5442999846642999e-04 9.8299699999999997e-05 9.3698938014720000e+02
9.3544637803481184e-02 1.5800363917307320e-04 1.0000000000000000e-04 9.3702641442654260e+02
9.5904438141667089e-02 1.5978050086458745e-04 1.0251802651580070e-04 9.3704709217871721e+02
9.8323767895614908e-02 1.6161737768717808e-04 1.0509951677987682e-04 9.3706791706352419e+02
1.0080412878192482e-01 1.6351629670686562e-04 1.0774606990127915e-04 9.3708889030608634e+02
1.0334706040019517e-01 1.6547935345568210e-04 1.1045932526811615e-04 9.3711001314191014e+02
1.0595414118867648e-01 1.6750871424417321e-04 1.1324096356164746e-04 9.3713128681697322e+02
1.0862698940403329e-01 1.6960661855200756e-04 1.1609270779589306e-04 9.3715271258781092e+02
1.1136726412582192e-01 1.7177538149933065e-04 1.1901632438339945e-04 9.3717429172160564e+02
1.1417666628630761e-01 1.7401739640159129e-04 1.2201362422782049e-04 9.3719602549627371e+02
1.1705693972626036e-01 1.7633513741065979e-04 1.2508646384398666e-04 9.3721791520055694e+02
1.2000987227738472e-01 1.7873116224515184e-04 1.2823674650615447e-04 9.3723996213411147e+02
1.2303729687205538e-01 1.8120811501297205e-04 1.3146642342514321e-04 9.3726216760760053e+02
1.2614109268104773e-01 1.8376872912919127e-04 1.3477749495508656e-04 9.3728453294278552e+02
1.2932318627996908e-01 1.8641583033247798e-04 1.3817201183054248e-04 9.3730705947261799e+02
1.3258555284511486e-01 1.8915233980341229e-04 1.4165207643472439e-04 9.3732974854133568e+02
1.3593021737949207e-01 1.9198127738812389e-04 1.4521984409963666e-04 9.3735260150455406e+02
1.3935925596977106e-01 1.9490576493081145e-04 1.4887752443891537e-04 9.3737561972936430e+02
1.4287479707494555e-01 1.9792902971882078e-04 1.5262738271419705e-04 9.3739880459442668e+02
1.4647902284750128e-01 2.0105440804408375e-04 1.5647174123585740e-04 9.3742215749006971e+02
1.5017417048791268e-01 2.0428534888484784e-04 1.6041298079898412e-04 9.3744567981838691e+02
1.5396253363330906e-01 2.0762541771175984e-04 1.6445354215546923e-04 9.3746937299333558e+02
1.5784646378117179e-01 2.1107830042250346e-04 1.6859592752312851e-04 9.3749323844083631e+02
1.6182837174894626e-01 2.1464780740933237e-04 1.7284270213277871e-04 9.3751727759887297e+02
1.6591072917047472e-01 2.1833787776398864e-04 1.7719649581422544e-04 9.3754149191759450e+02
1.7009607003017907e-01 2.2215258362464596e-04 1.8166000462214137e-04 9.3756588285941689e+02
1.7438699223594520e-01 2.2609613466967438e-04 1.8623599250283454e-04 9.3759045189912592e+02
1.7878615923168603e-01 2.3017288276318664e-04 1.9092729300293650e-04 9.3761520052398123e+02
1.8329630165058358e-01 2.3438732675749174e-04 1.9573681102106171e-04 9.3764013023382074e+02
1.8792021901003669e-01 2.3874411745775610e-04 2.0066752460351912e-04 9.3766524254116746e+02
1.9266078144936605e-01 2.4324806275435025e-04 2.0572248678518183e-04 9.3769053897133460e+02
1.9752093151135552e-01 2.4790413292854558e-04 2.1090482747664960e-04 9.3771602106253408e+02
2.0250368596873547e-01 2.5271746613741574e-04 2.1621775539886720e-04 9.3774169036598539e+02
2.0761213769674169e-01 2.5769337408399569e-04 2.2166456006639083e-04 9.3776754844602362e+02
2.1284945759291252e-01 2.6283734787895549e-04 2.2724861382052397e-04 9.3779359688021225e+02
2.1821889654531548e-01 2.6815506410025728e-04 2.3297337391357673e-04 9.3781983725945088e+02
2.2372378745042543e-01 2.7365239105748315e-04 2.3884238464553058e-04 9.3784627118809215e+02
2.2936754728190659e-01 2.7933539526774634e-04 2.4485927955442772e-04 9.3787290028405096e+02
2.3515367921158273e-01 2.8521034815033185e-04 2.5102778366183141e-04 9.3789972617892079e+02
2.4108577478391169e-01 2.9128373294745488e-04 2.5735171577474249e-04 9.3792675051808931e+02
2.4716751614531457e-01 2.9756225187877491e-04 2.6383499084538931e-04 9.3795397496085366e+02
2.5340267832974256e-01 3.0405283353755882e-04 2.7048162239034400e-04 9.3798140118053834e+02
2.5979513160190099e-01 3.1076264053665704e-04 2.7729572497045584e-04 9.3800903086461324e+02
2.6634884385958418e-01 3.1769907741272939e-04 2.8428151673312818e-04 9.3803686571481376e+02
2.7306788309661334e-01 3.2486979879744332e-04 2.9144332201850491e-04 9.3806490744725988e+02
2.7995641992790476e-01 3.3228271786466169e-04 2.9878557403117072e-04 9.3809315779257940e+02
2.8701873017823742e-01 3.3994601506294236e-04 3.0631281757901067e-04 9.3812161849602899e+02
2.9425919753632562e-01 3.4786814714298571e-04 3.1402971188091523e-04 9.3815029131761912e+02
3.0168231627584452e-01 3.5605785648999287e-04 3.2194103344505918e-04 9.3817917803223690e+02
3.0929269404509757e-01 3.6452418077123226e-04 3.3005167901952544e-04 9.3820828042977428e+02
3.1709505472705729e-01 3.7327646290946192e-04 3.3836666861709181e-04 9.3823760031525330e+02
3.2509424137155501e-01 3.8232436139321328e-04 3.4689114861604102e-04 9.3826713950895396e+02
3.3329521920143906e-01 3.9167786093531446e-04 3.5563039493890255e-04 9.3829689984654408e+02
3.4170307869456784e-01 4.0134728349141419e-04 3.6458981631108304e-04 9.3832688317920997e+02
3.5032303874355097e-01 4.1134329965066756e-04 3.7377495760139098e-04 9.3835709137378649e+02
3.5916044989519874e-01 4.2167694041115114e-04 3.8319150324650942e-04 9.3838752631289049e+02
3.6822079767169252e-01 4.3235960935300534e-04 3.9284528076152596e-04 9.3841818989505418e+02
3.7750970597553557e-01 4.4340309522273463e-04 4.0274226433867837e-04 9.3844908403486033e+02
3.8703294058039894e-01 4.5481958494255346e-04 4.1288857853653002e-04 9.3848021066307786e+02
3.9679641271002986e-01 4.6662167705913669e-04 4.2329050206184565e-04 9.3851157172679984e+02
4.0680618270744207e-01 4.7882239564661232e-04 4.3395447164649222e-04 9.3854316918958034e+02
4.1706846379666773e-01 4.9143520467914042e-04 4.4488708602174950e-04 9.3857500503157632e+02
4.2758962593940492e-01 5.0447402288894072e-04 4.5609510999247748e-04 9.3860708124968619e+02
4.3837619978895415e-01 5.1795323912616140e-04 4.6758547861364060e-04 9.3863939985769423e+02
4.4943488074389948e-01 5.3188772823754371e-04 4.7936530147176361e-04 9.3867196288641208e+02
4.6077253310404920e-01 5.4629286748140158e-04 4.9144186707394673e-04 9.3870477238382398e+02
4.7239619433121621e-01 5.6118455349703222e-04 5.0382264734714032e-04 9.3873783041523234e+02
4.8431307941748297e-01 5.7657921984728569e-04 5.1651530225044521e-04 9.3877113906340674e+02
4.9653058536366235e-01 5.9249385515364845e-04 5.2952768450327515e-04 9.3880470042872946e+02
5.0905629577073397e-01 6.0894602184385774e-04 5.4286784443228543e-04 9.3883851662934660e+02
5.2189798554710642e-01 6.2595387553273350e-04 5.5654403494004745e-04 9.3887258980132094e+02
5.3506362573462729e-01 6.4353618505761506e-04 5.7056471659852636e-04 9.3890692209877977e+02
5.4856138845633573e-01 6.6171235319051336e-04 5.8493856287048494e-04 9.3894151569407359e+02
5.6239965198902964e-01 6.8050243804983505e-04 5.9967446546202940e-04 9.3897637277792842e+02
5.7658700596379664e-01 6.9992717523530807e-04 6.1478153980958300e-04 9.3901149555960262e+02
5.9113225669773362e-01 7.2000800071053196e-04 6.3026913070465547e-04 9.3904688626704524e+02
6.0604443266017005e-01 7.4076707445841115e-04 6.4614681805987115e-04 9.3908254714705481e+02
6.2133279007678222e-01 7.6222730493556918e-04 6.6242442281979079e-04 9.3911848046543957e+02
6.3700681867508002e-01 7.8441237435273377e-04 6.7911201302016052e-04 9.3915468850718003e+02
6.5307624757483285e-01 8.0734676480899090e-04 6.9621990999931005e-04 9.3919117357659286e+02
6.6955105132708925e-01 8.3105578530874645e-04 7.1375869476551529e-04 9.3922793799749445e+02
6.8644145610554019e-01 8.5556559969121127e-04 7.3173921452423217e-04 9.3926498411336820e+02
7.0375794605406816e-01 8.8090325550322897e-04 7.5017258936921208e-04 9.3930231428753211e+02
7.2151126979442259e-01 9.0709671384731094e-04 7.6907021914160792e-04 9.3933993090330807e+02
7.3971244709806105e-01 9.3417488023781554e-04 7.8844379046127955e-04 9.3937783636419169e+02
7.5837277572629758e-01 9.6216763649932416e-04 8.0830528393461513e-04 9.3941603309402660e+02
7.7750383844300297e-01 9.9110587374241169e-04 8.2866698154329427e-04 9.3945452353717599e+02
7.9711751020421162e-01 1.0210215264532065e-03 8.4954147421852642e-04 9.3949331015869950e+02
8.1722596552909599e-01 1.0519476077343549e-03 8.7094166960541243e-04 9.3953239544452856e+02
8.3784168605688558e-01 1.0839182457362830e-03 8.9288080002219452e-04 9.3957178190164746e+02
8.5897746829441857e-01 1.1169687213189541e-03 9.1537243061927973e-04 9.3961147205826944e+02
8.8064643155913913e-01 1.1511355069856923e-03 9.3843046774303926e-04 9.3965146846402081e+02
9.0286202612246658e-01 1.1864563071320266e-03 9.6206916750951501e-04 9.3969177369012539e+02
9.2563804155859353e-01 1.2229700996539790e-03 9.8630314459329871e-04 9.3973239032958566e+02
9.4898861530389489e-01 1.2607171789617096e-03 1.0111473812369639e-03 9.3977332099737123e+02
9.7292824143226020e-01 1.2997392004459873e-03 1.0366172364865832e-03 9.3981456833060815e+02
9.9747177965179690e-01 1.3400792264465582e-03 1.0627284556589960e-03 9.3985613498876535e+02
1.0226344645284877e+00 1.3817817737731329e-03 1.0894971800466202e-03 9.3989802365384969e+02
1.0484319149425303e+00 1.4248928628314446e-03 1.1169399568657769e-03 9.3994023703059588e+02
1.0748801437832238e+00 1.4694600684085801e-03 1.1450737494546040e-03 9.3998277784666300e+02
1.1019955678884263e+00 1.5155325721736344e-03 1.1739159477268304e-03 9.4002564885283118e+02
1.1297950182347474e+00 1.5631612169516222e-03 1.2034843788878047e-03 9.4006885282319911e+02
1.1582957503848041e+00 1.6123985628305408e-03 1.2337973184193523e-03 9.4011239255538430e+02
1.1875154551980245e+00 1.6632989451634986e-03 1.2648735013401887e-03 9.4015627087072437e+02
1.2174722698116460e+00 1.7159185345299237e-03 1.2967321337487895e-03 9.4020049061448196e+02
1.2481847888987267e+00 1.7703153987220098e-03 1.3293929046557917e-03 9.4024505465604921e+02
1.2796720762101550e+00 1.8265495668248180e-03 1.3628759981131700e-03 9.4028996588915436e+02
1.3119536764078243e+00 1.8846830954607377e-03 1.3972021056476202e-03 9.4033522723207238e+02
1.3450496271963170e+00 1.9447801372714177e-03 1.4323924390057655e-03 9.4038084162783457e+02
1.3789804717606280e+00 2.0069070117127380e-03 1.4684687432189880e-03 9.4042681204444170e+02
1.4137672715176459e+00 2.0711322782409414e-03 1.5054533099958867e-03 9.4047314147507859e+02
1.4494316191893124e+00 2.1375268119707014e-03 1.5433689914505625e-03 9.4051983293833075e+02
1.4859956522055691e+00 2.2061638818886039e-03 1.5822392141751323e-03 9.4056688947840348e+02
1.5234820664454138e+00 2.2771192317083671e-03 1.6220879936650889e-03 9.4061431416534140e+02
1.5619141303245927e+00 2.3504711634570090e-03 1.6629399491063306e-03 9.4066211009525068e+02
1.6013156992386810e+00 2.4263006238842313e-03 1.7048203185329174e-03 9.4071028039052521e+02
1.6417112303705059e+00 2.5046912937903474e-03 1.7477549743648245e-03 9.4075882820007030e+02
1.6831257978711105e+00 2.5857296803713436e-03 1.7917704393351948e-03 9.4080775669953323e+02
1.7255851084236800e+00 2.6695052126829849e-03 1.8368939028168437e-03 9.4085706909153316e+02
1.7691155172000899e+00 2.7561103403293042e-03 1.8831532375579957e-03 9.4090676860589292e+02
1.8137440442199819e+00 2.8456406354843830e-03 1.9305770168374938e-03 9.4095685849987387e+02
1.8594983911225220e+00 2.9381948983600208e-03 1.9791945320499641e-03 9.4100734205841343e+02
1.9064069583612500e+00 3.0338752662356621e-03 2.0290358107317012e-03 9.4105822259436229e+02
1.9544988628326936e+00 3.1327873261709129e-03 2.0801316350382796e-03 9.4110950344872720e+02
2.0038039559496919e+00 3.2350402315250255e-03 2.1325135606852052e-03 9.4116118799091157e+02
2.0543528421706436e+00 3.3407468224119362e-03 2.1862139363631621e-03 9.4121327961896338e+02
2.1061768979961824e+00 3.4500237502237793e-03 2.2412659236397399e-03 9.4126578175982070e+02
2.1593082914450727e+00 3.5629916063603033e-03 2.2977035173597938e-03 9.4131869786956167e+02
2.2137800020214118e+00 3.6797750553062324e-03 2.3555615665569007e-03 9.4137203143365741e+02
2.2696258411855341e+00 3.8005029722034431e-03 2.4148757958886899e-03 9.4142578596722490e+02
2.3268804733413253e+00 3.9253085850697684e-03 2.4756828276091439e-03 9.4147996501528348e+02
2.3855794373529715e+00 4.0543296218213684e-03 2.5380202040912827e-03 9.4153457215301466e+02
2.4457591686044977e+00 4.1877084622609162e-03 2.6019264109139878e-03 9.4158961098602208e+02
2.5074570216157936e+00 4.3255922951993282e-03 2.6674409005270705e-03 9.4164508515059492e+02
2.5707112932291620e+00 4.4681332808844234e-03 2.7346041165090171e-03 9.4170099831397476e+02
2.6355612463807758e+00 4.6154887189157516e-03 2.8034575184322347e-03 9.4175735417462158e+02
2.7020471344718144e+00 4.7678212218309132e-03 2.8740436073509588e-03 9.4181415646248661e+02
2.7702102263543886e+00 4.9252988945549039e-03 2.9464059519273902e-03 9.4187140893928404e+02
2.8400928319477772e+00 5.0880955199105269e-03 3.0205892152119942e-03 9.4192911539876638e+02
2.9117383285008707e+00 5.2563907503946012e-03 3.0966391820943049e-03 9.4198727966700221e+02
2.9851911875171195e+00 5.4303703064315671e-03 3.1746027874409695e-03 9.4204590560265819e+02
3.0604970023587081e+00 5.6102261813233013e-03 3.2545281449382147e-03 9.4210499709727958e+02
3.1377025165470824e+00 5.7961568531213091e-03 3.3364645766563008e-03 9.4216455807557793e+02
3.2168556527773986e+00 5.9883675036550617e-03 3.4204626433540059e-03 9.4222459249571773e+02
3.2980055426649062e+00 6.1870702449582562e-03 3.5065741755416122e-03 9.4228510434960685e+02
3.3812025572417261e+00 6.3924843533428007e-03 3.5948523053213142e-03 9.4234609766319170e+02
3.4664983382229559e+00 6.6048365113788839e-03 3.6853514990244879e-03 9.4240757649675061e+02
3.5539458300614988e+00 6.8243610580481047e-03 3.7781275906656549e-03 9.4246954494519537e+02
3.6435993128115420e+00 7.0513002473458148e-03 3.8732378162335997e-03 9.4253200713836895e+02
3.7355144358210466e+00 7.2859045156179357e-03 3.9707408488404445e-03 9.4259496724135386e+02
3.8297482522741877e+00 7.5284327579273535e-03 4.0706968347501661e-03 9.4265842945477493e+02
3.9263592546051744e+00 7.7791526137548231e-03 4.1731674303084419e-03 9.4272239801511012e+02
4.0254074108054407e+00 8.0383407623496987e-03 4.2782158397963298e-03 9.4278687719500567e+02
4.1269542016467344e+00 8.3062832280563943e-03 4.3859068542308555e-03 9.4285187130358702e+02
4.2310626588432116e+00 8.5832756959535288e-03 4.4963068911360654e-03 9.4291738468678011e+02
4.3377974041762286e+00 8.8696238381540705e-03 4.6094840353088067e-03 9.4298342172763012e+02
4.4472246896061156e+00 9.1656436511265739e-03 4.7255080806040076e-03 9.4304998684662769e+02
4.5594124383958237e+00 9.4716618044097447e-03 4.8444505727648990e-03 9.4311708450203264e+02
4.6744302872719778e+00 9.7880160011051508e-03 4.9663848533241959e-03 9.4318471919020772e+02
4.7923496296495083e+00 1.0115055350545930e-02 5.0913861046030066e-03 9.4325289544594841e+02
4.9132436599466791e+00 1.0453140753552694e-02 5.2195313958347585e-03 9.4332161784281902e+02
5.0371874190180339e+00 1.0802645300701829e-02 5.3508997304422233e-03 9.4339089099349394e+02
5.1642578407334527e+00 1.1163954684045648e-02 5.4855720944963961e-03 9.4346071955009620e+02
5.2945337997322319e+00 1.1537467622738799e-02 5.6236315063866215e-03 9.4353110820454617e+02
5.4280961603818314e+00 1.1923596303040560e-02 5.7651630677322272e-03 9.4360206168890670e+02
5.5650278269716820e+00 1.2322766833178648e-02 5.9102540155665248e-03 9.4367358477573760e+02
5.7054137951731958e+00 1.2735419713576446e-02 6.0589937758249446e-03 9.4374568227844634e+02
5.8493412047979421e+00 1.3162010322962594e-02 6.2114740181697147e-03 9.4381835905165087e+02
5.9968993938867143e+00 1.3603009420899382e-02 6.3677887121844565e-03 9.4389161999153760e+02
6.1481799541630835e+00 1.4058903667284491e-02 6.5280341849727665e-03 9.4396547003622584e+02
6.3032767878858369e+00 1.4530196159399371e-02 6.6923091801957364e-03 9.4403991416613746e+02
6.4622861661356152e+00 1.5017406987096957e-02 6.8607149185842872e-03 9.4411495740436737e+02
6.6253067885719057e+00 1.5521073806741318e-02 7.0333551599630105e-03 9.4419060481705753e+02
6.7924398446974958e+00 1.6041752434532663e-02 7.2103362668231273e-03 9.4426686151377578e+02
6.9637890766684167e+00 1.6580017459872445e-02 7.3917672694831620e-03 9.4434373264789781e+02
7.1394608436883518e+00 1.7136462879445421e-02 7.5777599328768373e-03 9.4442122341699087e+02
7.3195641880274929e+00 1.7711702752718415e-02 7.7684288250086516e-03 9.4449933906320371e+02
7.5042109027068262e+00 1.8306371879579196e-02 7.9638913871187059e-03 9.4457808487365787e+02
7.6935156008898238e+00 1.8921126500863111e-02 8.1642680055992092e-03 9.4465746618084461e+02
7.8875957870246891e+00 1.9556645022540821e-02 8.3696820857063654e-03 9.4473748836302423e+02
8.0865719297812308e+00 2.0213628764365991e-02 8.5802601271122055e-03 9.4481815684462686e+02
8.2905675368276892e+00 2.0892802733809307e-02 8.7961318013421060e-03 9.4489947709666467e+02
8.4997092314939220e+00 2.1594916426132833e-02 9.0174300311450569e-03 9.4498145463713661e+02
8.7141268313685210e+00 2.2320744651487565e-02 9.2442910718445060e-03 9.4506409503144653e+02
8.9339534288786648e+00 2.3071088389947009e-02 9.4768545947192077e-03 9.4514740389282110e+02
9.1593254739027188e+00 2.3846775675420290e-02 9.7152637724644691e-03 9.4523138688273048e+02
9.3903828584668378e+00 2.4648662509420202e-02 9.9596653667854747e-03 9.4531604971131685e+02
9.6272690035781974e+00 2.5477633805694663e-02 1.0210209818175766e-02 9.4540139813782253e+02
9.8701309482486899e+00 2.6334604366763922e-02 1.0467051337935114e-02 9.4548743797102429e+02
1.0119119440764393e+01 2.7220519893441240e-02 1.0730348002482440e-02 9.4557417506967192e+02
1.0374389032257437e+01 2.8136358028451016e-02 1.1000261850020789e-02 9.4566161534293190e+02
1.0636098172638350e+01 2.9083129435296083e-02 1.1276958979612875e-02 9.4574976475083088e+02
1.0904409308948468e+01 3.0061878913564790e-02 1.1560609652726954e-02 9.4583862930470752e+02
1.1179488986193380e+01 3.1073686551908480e-02 1.1851388397314417e-02 9.4592821506766734e+02
1.1461507950720097e+01 3.2119668919962013e-02 1.2149474114482008e-02 9.4601852815504276e+02
1.1750641256202018e+01 3.3200980300522306e-02 1.2455050187823063e-02 9.4610957473485382e+02
1.2047068372297545e+01 3.4318813963344970e-02 1.2768304595473767e-02 9.4620136102827769e+02
1.2350973296049769e+01 3.5474403481964546e-02 1.3089430024962068e-02 9.4629389331011987e+02
1.2662544666096364e+01 3.6669024094991544e-02 1.3418623990918616e-02 9.4638717790928945e+02
1.2981975879760608e+01 3.7903994113388538e-02 1.3756088955720613e-02 9.4648122120928440e+02
1.3309465213096185e+01 3.9180676375278327e-02 1.4102032453141594e-02 9.4657602964866987e+02
1.3645215943960300e+01 4.0500479749889552e-02 1.4456667215081374e-02 9.4667160972157410e+02
1.3989436478191486e+01 4.1864860692299437e-02 1.4820211301452856e-02 9.4676796797818054e+02
1.4342340478970435e+01 4.3275324850689412e-02 1.5192888233303876e-02 9.4686511102522604e+02
1.4704146999444150e+01 4.4733428727887284e-02 1.5574927129254261e-02 9.4696304552650747e+02
1.5075080618695729e+01 4.6240781399029506e-02 1.5966562845330410e-02 9.4706177820338769e+02
1.5455371581144181e+01 4.7799046287239001e-02 1.6368036118281529e-02 9.4716131583531035e+02
1.5845255939460820e+01 4.9409942999278228e-02 1.6779593712463882e-02 9.4726166526031795e+02
1.6244975701090922e+01 5.1075249223203056e-02 1.7201488570381448e-02 9.4736283337557427e+02
1.6654778978471608e+01 5.2796802690111631e-02 1.7633979966973603e-02 9.4746482713789328e+02
1.7074920143039204e+01 5.4576503202153140e-02 1.8077333667742671e-02 9.4756765356427309e+02
1.7505659983121639e+01 5.6416314729034418e-02 1.8531822090816486e-02 9.4767131973243079e+02
1.7947265865813939e+01 5.8318267575337979e-02 1.8997724473043352e-02 9.4777583278134898e+02
1.8400011902937230e+01 6.0284460621043139e-02 1.9475327040219325e-02 9.4788119991182339e+02
1.8864179121184343e+01 6.2317063637722936e-02 1.9964923181550184e-02 9.4798742838701537e+02
1.9340055636557558e+01 6.4418319682972625e-02 2.0466813628452783e-02 9.4809452553301219e+02
1.9827936833206802e+01 6.6590547575712131e-02 2.0981306637803364e-02 9.4820249873939065e+02
2.0328125546779312e+01 6.8836144455094228e-02 2.1508718179742765e-02 9.4831135545978611e+02
2.0840932252394563e+01 7.1157588425842189e-02 2.2049372130151363e-02 9.4842110321246810e+02
2.1366675257361116e+01 7.3557441292936010e-02 2.2603600467909227e-02 9.4853174958092052e+02
2.1905680898755051e+01 7.6038351388665257e-02 2.3171743477059852e-02 9.4864330221442913e+02
2.2458283745982609e+01 7.8603056495168216e-02 2.3754149953998938e-02 9.4875576882866994e+02
2.3024826808452751e+01 8.1254386865682482e-02 2.4351177419812117e-02 9.4886915720630941e+02
2.3605661748488579e+01 8.3995268347840976e-02 2.4963192337889305e-02 9.4898347519760512e+02
2.4201149099609758e+01 8.6828725612460217e-02 2.5590570336945818e-02 9.4909873072101823e+02
2.4811658490321445e+01 8.9757885491384096e-02 2.6233696439584231e-02 9.4921493176382444e+02
2.5437568873548503e+01 9.2785980428065420e-02 2.6892965296533424e-02 9.4933208638273516e+02
2.6079268761857790e+01 9.5916352044695716e-02 2.7568781426705685e-02 9.4945020270452608e+02
2.6737156468614000e+01 9.9152454829816480e-02 2.8261559463215014e-02 9.4956928892666770e+02
2.7411640355219166e+01 1.0249785995048374e-01 2.8971724405504308e-02 9.4968935331796354e+02
2.8103139084589081e+01 1.0595625919319168e-01 2.9699711877731943e-02 9.4981040421919738e+02
2.8812081881024071e+01 1.0953146903790467e-01 3.0445968393572602e-02 9.4993245004378207e+02
2.9538908796635369e+01 1.1322743486969343e-01 3.1210951627590522e-02 9.5005549927841787e+02
3.0284070984492470e+01 1.1704823533262305e-01 3.1995130693347348e-02 9.5017956048375527e+02
3.1048030978661064e+01 1.2099808683069764e-01 3.2798986428410913e-02 9.5030464229506617e+02
3.1831262981305301e+01 1.2508134818082836e-01 3.3623011686435084e-02 9.5043075342291968e+02
3.2634253157032646e+01 1.2930252542295978e-01 3.4467711636485251e-02 9.5055790265386406e+02
3.3457499934664021e+01 1.3366627679266285e-01 3.5333604069787847e-02 9.5068609885112051e+02
3.4301514316616505e+01 1.3817741786168131e-01 3.6221219714087483e-02 9.5081535095527431e+02
3.5166820196090740e+01 1.4284092685210525e-01 3.7131102555798677e-02 9.5094566798498192e+02
3.6053954682259743e+01 1.4766195013003547e-01 3.8063810170144742e-02 9.5107705903767953e+02
3.6963468433661205e+01 1.5264580788480142e-01 3.9019914059480389e-02 9.5120953329030135e+02
3.7895926000000003e+01 1.5779799999999999e-01 4.0000000000000001e-02 9.5134493599999996e+02
4.3072812999999996e+01 1.8212200000000001e-01 4.5440000000000001e-02 9.5191501500000004e+02
4.8252491999999997e+01 2.0437400000000000e-01 5.0880000000000002e-02 9.5237730899999997e+02
5.3434443999999999e+01 2.2476499999999999e-01 5.6320000000000002e-02 9.5275765200000001e+02
5.8618296000000001e+01 2.4394099999999999e-01 6.1760000000000002e-02 9.5308205799999996e+02
6.3803812000000001e+01 2.6292500000000002e-01 6.7199999999999996e-02 9.5337583900000004e+02
6.8990889999999993e+01 2.8306300000000001e-01 7.2639999999999996e-02 9.5366303100000005e+02
7.4179558000000000e+01 3.0597400000000002e-01 7.8079999999999997e-02 9.5396606599999996e+02
7.9369956999999999e+01 3.3349899999999999e-01 8.3519999999999997e-02 9.5430559700000003e+02
8.4562337999999997e+01 3.6765599999999998e-01 8.8959999999999997e-02 9.5470043599999997e+02
8.9757048999999995e+01 4.1060099999999999e-01 9.4399999999999998e-02 9.5516754200000003e+02
9.4954524000000006e+01 4.6459000000000000e-01 9.9839999999999998e-02 9.5572205299999996e+02
1.0015525900000000e+02 5.3068800000000005e-01 1.0528000000000000e-01 9.5636523000000000e+02
1.0535972800000000e+02 6.1060899999999996e-01 1.1072000000000000e-01 9.5710377700000004e+02
1.1056852200000000e+02 7.0798200000000000e-01 1.1616000000000000e-01 9.5796063000000004e+02
1.1578231900000000e+02 8.2549099999999997e-01 1.2160000000000000e-01 9.5894754300000000e+02
1.2100185000000000e+02 9.6557899999999997e-01 1.2703999999999999e-01 9.6007280900000001e+02
1.2622788500000000e+02 1.1305449999999999e+00 1.3247999999999999e-01 9.6134253999999999e+02
1.3146122299999999e+02 1.3225620000000000e+00 1.3791999999999999e-01 9.6276119000000006e+02
1.3670268300000001e+02 1.5436870000000000e+00 1.4335999999999999e-01 9.6433187199999998e+02
1.4195309800000001e+02 1.7958670000000001e+00 1.4879999999999999e-01 9.6605659300000002e+02
1.4721330900000001e+02 2.0809419999999998e+00 1.5423999999999999e-01 9.6793643799999995e+02
1.5248416200000000e+02 2.4006490000000000e+00 1.5967999999999999e-01 9.6997172200000000e+02
1.5776650200000000e+02 2.7566280000000001e+00 1.6511999999999999e-01 9.7216213600000003e+02
1.6306116900000001e+02 3.1504300000000001e+00 1.7055999999999999e-01 9.7450686399999995e+02
1.6836900199999999e+02 3.5835219999999999e+00 1.7599999999999999e-01 9.7700468699999999e+02
1.7369082900000001e+02 4.0572970000000002e+00 1.8143999999999999e-01 9.7965407800000003e+02
1.7902746900000000e+02 4.5730810000000002e+00 1.8687999999999999e-01 9.8245327999999995e+02
1.8437973400000001e+02 5.1321370000000002e+00 1.9231999999999999e-01 9.8540036699999996e+02
1.8974842100000001e+02 5.7356769999999999e+00 1.9775999999999999e-01 9.8849329999999998e+02
1.9513431900000000e+02 6.3848649999999996e+00 2.0319999999999999e-01 9.9172996999999998e+02
2.0053820500000000e+02 7.0808210000000003e+00 2.0863999999999999e-01 9.9510823100000005e+02
2.0596084200000001e+02 7.8246310000000001e+00 2.1407999999999999e-01 9.9862592199999995e+02
2.1140298300000001e+02 8.6173430000000000e+00 2.1951999999999999e-01 1.0022808870000000e+03
2.1686537100000001e+02 9.4599750000000000e+00 2.2495999999999999e-01 1.0060709850000000e+03
2.2234873300000001e+02 1.0353514000000001e+01 2.3039999999999999e-01 1.0099940980000000e+03
2.2785379000000000e+02 1.1298920000000001e+01 2.3583999999999999e-01 1.0140481330000000e+03
2.3338124600000000e+02 1.2297122999999999e+01 2.4127999999999999e-01 1.0182310220000001e+03
2.3893179900000001e+02 1.3349027000000000e+01 2.4671999999999999e-01 1.0225407190000000e+03
2.4450613200000001e+02 1.4455503999999999e+01 2.5216000000000000e-01 1.0269751970000000e+03
2.5010491900000000e+02 1.5617399000000001e+01 2.5760000000000000e-01 1.0315324439999999e+03
2.5572882300000001e+02 1.6835525000000001e+01 2.6304000000000000e-01 1.0362104549999999e+03
2.6137849599999998e+02 1.8110665000000001e+01 2.6848000000000000e-01 1.0410072259999999e+03
2.6705457799999999e+02 1.9443565000000000e+01 2.7392000000000000e-01 1.0459207520000000e+03
2.7275770000000000e+02 2.0834938999999999e+01 2.7936000000000000e-01 1.0509490169999999e+03
2.7848847999999998e+02 2.2285461000000002e+01 2.8480000000000000e-01 1.0560899930000000e+03
2.8424752599999999e+02 2.3795770000000001e+01 2.9024000000000000e-01 1.0613416319999999e+03
2.9003543600000000e+02 2.5366463000000000e+01 2.9568000000000000e-01 1.0667018660000001e+03
2.9585279400000002e+02 2.6998096000000000e+01 3.0112000000000000e-01 1.0721686010000001e+03
3.0170017400000000e+02 2.8691184000000000e+01 3.0656000000000000e-01 1.0777397149999999e+03
3.0757813800000002e+02 3.0446196000000000e+01 3.1200000000000000e-01 1.0834130590000000e+03
3.1348723799999999e+02 3.2263559999999998e+01 3.1744000000000000e-01 1.0891864539999999e+03
3.1942801100000003e+02 3.4143655000000003e+01 3.2288000000000000e-01 1.0950576900000001e+03
3.2540098399999999e+02 3.6086818000000001e+01 3.2832000000000000e-01 1.1010245299999999e+03
3.3140667200000001e+02 3.8093339000000000e+01 3.3376000000000000e-01 1.1070847090000000e+03
3.3744557500000002e+02 4.0163462000000003e+01 3.3920000000000000e-01 1.1132359369999999e+03
3.4351818400000002e+02 4.2297387000000001e+01 3.4464000000000000e-01 1.1194758990000000e+03
3.4962497500000001e+02 4.4495266999999998e+01 3.5008000000000000e-01 1.1258022610000000e+03
3.5576641100000001e+02 4.6757213999999998e+01 3.5552000000000000e-01 1.1322126710000000e+03
3.6194266599999997e+02 4.8978149999999999e+01 3.6096000000000000e-01 1.1384127089999999e+03
3.6815001100000001e+02 5.0919437000000002e+01 3.6640000000000000e-01 1.1437502520000000e+03
3.7438558499999999e+02 5.2792969999999997e+01 3.7184000000000000e-01 1.1488253250000000e+03
3.8064836300000002e+02 5.4642539999999997e+01 3.7728000000000000e-01 1.1537626330000001e+03
3.8693774400000001e+02 5.6485393999999999e+01 3.8272000000000000e-01 1.1586115460000001e+03
3.9325332700000001e+02 5.8330829000000001e+01 3.8816000000000001e-01 1.1633986960000000e+03
3.9959482400000002e+02 6.0184632000000001e+01 3.9360000000000001e-01 1.1681406159999999e+03
4.0596201900000000e+02 6.2050730999999999e+01 3.9904000000000001e-01 1.1728484650000000e+03
4.1235475200000002e+02 6.3931956000000000e+01 4.0448000000000001e-01 1.1775302059999999e+03
4.1877289700000000e+02 6.5830427999999998e+01 4.0992000000000001e-01 1.1821917539999999e+03
4.2521632299999999e+02 6.7717945000000000e+01 4.1536000000000001e-01 1.1867656880000000e+03
4.3168318599999998e+02 6.9420252000000005e+01 4.2080000000000001e-01 1.1908369170000001e+03
4.3817190299999999e+02 7.1107173000000003e+01 4.2624000000000001e-01 1.1948194020000001e+03
4.4468219199999999e+02 7.2802813000000000e+01 4.3168000000000001e-01 1.1987716829999999e+03
4.5121394299999997e+02 7.4514281999999994e+01 4.3712000000000001e-01 1.2027109000000000e+03
4.5776710700000001e+02 7.6245053999999996e+01 4.4256000000000001e-01 1.2066452760000000e+03
4.6434167300000001e+02 7.7997190000000003e+01 4.4800000000000001e-01 1.2105795639999999e+03
4.7093764900000002e+02 7.9772062000000005e+01 4.5344000000000001e-01 1.2145168080000001e+03
4.7755505599999998e+02 8.1570650999999998e+01 4.5888000000000001e-01 1.2184590900000001e+03
4.8419392800000003e+02 8.3393694999999994e+01 4.6432000000000001e-01 1.2224078910000001e+03
4.9085430200000002e+02 8.5241774000000007e+01 4.6976000000000001e-01 1.2263642990000001e+03
4.9753622200000001e+02 8.7115353999999996e+01 4.7520000000000001e-01 1.2303291280000001e+03
5.0423973500000000e+02 8.9014820000000000e+01 4.8064000000000001e-01 1.2343029919999999e+03
5.1096489200000002e+02 9.0940494999999999e+01 4.8608000000000001e-01 1.2382863560000001e+03
5.1771174599999995e+02 9.2892657000000000e+01 4.9152000000000001e-01 1.2422795750000000e+03
5.2448035200000004e+02 9.4871540999999993e+01 4.9696000000000001e-01 1.2462829110000000e+03
5.3127076399999999e+02 9.6877354999999994e+01 5.0239999999999996e-01 1.2502965569999999e+03
5.3808303899999999e+02 9.8910278000000005e+01 5.0783999999999996e-01 1.2543206490000000e+03
5.4491723500000001e+02 1.0097047000000001e+02 5.1327999999999996e-01 1.2583552749999999e+03
5.5177340900000002e+02 1.0305807000000000e+02 5.1871999999999996e-01 1.2624004829999999e+03
5.5865161799999998e+02 1.0517320200000000e+02 5.2415999999999996e-01 1.2664562900000001e+03
5.6555192099999999e+02 1.0731597499999999e+02 5.2959999999999996e-01 1.2705226840000000e+03
5.7247437400000001e+02 1.0948648400000000e+02 5.3503999999999996e-01 1.2745996279999999e+03
5.7941903500000001e+02 1.1168481500000000e+02 5.4047999999999996e-01 1.2786870690000001e+03
5.8638596099999995e+02 1.1391104300000001e+02 5.4591999999999996e-01 1.2827849309999999e+03
5.9337520900000004e+02 1.1616523100000001e+02 5.5135999999999996e-01 1.2868931279999999e+03
6.0038683400000002e+02 1.1844743600000000e+02 5.5679999999999996e-01 1.2910115559999999e+03
6.0742089099999998e+02 1.2075770700000000e+02 5.6223999999999996e-01 1.2951401040000001e+03
6.1447743600000001e+02 1.2309608299999999e+02 5.6767999999999996e-01 1.2992786490000001e+03
6.2155652299999997e+02 1.2546259999999999e+02 5.7311999999999996e-01 1.3034270590000001e+03
6.2865820499999995e+02 1.2785728300000000e+02 5.7855999999999996e-01 1.3075851950000001e+03
6.3578253400000006e+02 1.3028015400000001e+02 5.8399999999999996e-01 1.3117529119999999e+03
6.4292956200000003e+02 1.3273123000000001e+02 5.8943999999999996e-01 1.3159300590000000e+03
6.5009933999999998e+02 1.3521052000000000e+02 5.9487999999999996e-01 1.3201164790000000e+03
6.5729191800000001e+02 1.3771802800000000e+02 6.0031999999999996e-01 1.3243120130000000e+03
6.6450734599999998e+02 1.4025375700000001e+02 6.0575999999999997e-01 1.3285164970000001e+03
6.7174567000000002e+02 1.4281770000000000e+02 6.1119999999999997e-01 1.3327297630000000e+03
6.7900693999999999e+02 1.4540985100000000e+02 6.1663999999999997e-01 1.3369516430000001e+03
6.8629120100000000e+02 1.4803019499999999e+02 6.2207999999999997e-01 1.3411819640000001e+03
6.9359849799999995e+02 1.5067871800000000e+02 6.2751999999999997e-01 1.3454205540000000e+03
7.0092887599999995e+02 1.5335539800000001e+02 6.3295999999999997e-01 1.3496672380000000e+03
7.0828237999999999e+02 1.5606021300000000e+02 6.3839999999999997e-01 1.3539218400000000e+03
7.1565904999999998e+02 1.5879313500000001e+02 6.4383999999999997e-01 1.3581841830000001e+03
7.2305893000000003e+02 1.6155413400000000e+02 6.4927999999999997e-01 1.3624540919999999e+03
7.3048205900000005e+02 1.6434317700000000e+02 6.5471999999999997e-01 1.3667313890000000e+03
7.3792847700000004e+02 1.6716022799999999e+02 6.6015999999999997e-01 1.3710158960000001e+03
7.4539822400000003e+02 1.7000524799999999e+02 6.6559999999999997e-01 1.3753074380000000e+03
7.5289133600000002e+02 1.7287819600000000e+02 6.7103999999999997e-01 1.3796058379999999e+03
7.6040785100000005e+02 1.7577902900000001e+02 6.7647999999999997e-01 1.3839109209999999e+03
7.6794780500000002e+02 1.7870769999999999e+02 6.8191999999999997e-01 1.3882225100000001e+03
7.7551123199999995e+02 1.8166416000000001e+02 6.8735999999999997e-01 1.3925404329999999e+03
7.8309816699999999e+02 1.8464836000000000e+02 6.9279999999999997e-01 1.3968645160000001e+03
7.9070864200000005e+02 1.8766024600000000e+02 6.9823999999999997e-01 1.4011945870000000e+03
7.9834268999999995e+02 1.9069976500000001e+02 7.0367999999999997e-01 1.4055304759999999e+03
8.0600034200000005e+02 1.9376686000000001e+02 7.0911999999999997e-01 1.4098720140000000e+03
8.1368162800000005e+02 1.9686147299999999e+02 7.1455999999999997e-01 1.4142190320000000e+03
8.2138657699999999e+02 1.9998354399999999e+02 7.1999999999999997e-01 1.4185713639999999e+03
8.2911521800000003e+02 2.0313301200000001e+02 7.2543999999999997e-01 1.4229288460000000e+03
8.3686757899999998e+02 2.0630981399999999e+02 7.3087999999999997e-01 1.4272913140000001e+03
8.4464368600000000e+02 2.0951388700000001e+02 7.3631999999999997e-01 1.4316586080000000e+03
8.5244356500000004e+02 2.1274516399999999e+02 7.4175999999999997e-01 1.4360305670000000e+03
8.6026724100000001e+02 2.1600358000000000e+02 7.4719999999999998e-01 1.4404070330000000e+03
8.6811473799999999e+02 2.1928906599999999e+02 7.5263999999999998e-01 1.4447878519999999e+03
8.7598608000000002e+02 2.2260155300000000e+02 7.5807999999999998e-01 1.4491728680000001e+03
8.8388128800000004e+02 2.2594097099999999e+02 7.6351999999999998e-01 1.4535619300000001e+03
8.9180038400000001e+02 2.2930725000000001e+02 7.6895999999999998e-01 1.4579548870000001e+03
8.9974338899999998e+02 2.3270031599999999e+02 7.7439999999999998e-01 1.4623515910000001e+03
9.0771032400000001e+02 2.3612009699999999e+02 7.7983999999999998e-01 1.4667518970000001e+03
9.1570120699999995e+02 2.3956652000000000e+02 7.8527999999999998e-01 1.4711556590000000e+03
9.2371605599999998e+02 2.4303951000000001e+02 7.9071999999999998e-01 1.4755627350000000e+03
9.3175489000000005e+02 2.4653899200000001e+02 7.9615999999999998e-01 1.4799729850000001e+03
9.3981772500000000e+02 2.5006488899999999e+02 8.0159999999999998e-01 1.4843862720000000e+03
9.4790457700000002e+02 2.5361712600000001e+02 8.0703999999999998e-01 1.4888024570000000e+03
9.5601546199999996e+02 2.5719562500000001e+02 8.1247999999999998e-01 1.4932214090000000e+03
9.6415039500000000e+02 2.6080030900000003e+02 8.1791999999999998e-01 1.4976429929999999e+03
9.7230938900000001e+02 2.6443109900000002e+02 8.2335999999999998e-01 1.5020670809999999e+03
9.8049245699999994e+02 2.6808791600000001e+02 8.2879999999999998e-01 1.5064935439999999e+03
9.8869961300000000e+02 2.7177068300000002e+02 8.3423999999999998e-01 1.5109222560000001e+03
9.9693086800000003e+02 2.7547931799999998e+02 8.3967999999999998e-01 1.5153530920000001e+03
1.0051862330000000e+03 2.7921374400000002e+02 8.4511999999999998e-01 1.5197859300000000e+03
1.0134657200000000e+03 2.8297387800000001e+02 8.5055999999999998e-01 1.5242206510000001e+03
1.0217693370000000e+03 2.8675964199999999e+02 8.5599999999999998e-01 1.5286571369999999e+03
1.0300970940000000e+03 2.9057095299999997e+02 8.6143999999999998e-01 1.5330952689999999e+03
1.0384489990000000e+03 2.9440773300000001e+02 8.6687999999999998e-01 1.5375349360000000e+03
1.0468250619999999e+03 2.9826989800000001e+02 8.7231999999999998e-01 1.5419760229999999e+03
1.0552252880000001e+03 3.0215736900000002e+02 8.7775999999999998e-01 1.5464184210000001e+03
1.0636496860000000e+03 3.0607006400000000e+02 8.8319999999999999e-01 1.5508620209999999e+03
1.0720982610000001e+03 3.1000790100000000e+02 8.8863999999999999e-01 1.5553067160000001e+03
1.0805710190000000e+03 3.1397079800000000e+02 8.9407999999999999e-01 1.5597524010000000e+03
1.0890679650000000e+03 3.1795867500000003e+02 8.9951999999999999e-01 1.5641989730000000e+03
1.0975891030000000e+03 3.2197144900000001e+02 9.0495999999999999e-01 1.5686463309999999e+03
1.1061344380000000e+03 3.2600903899999997e+02 9.1039999999999999e-01 1.5730943760000000e+03
1.1147039729999999e+03 3.3007136200000002e+02 9.1583999999999999e-01 1.5775430100000001e+03
1.1232977100000001e+03 3.3415833800000001e+02 9.2127999999999999e-01 1.5819921360000001e+03
1.1319156539999999e+03 3.3826988499999999e+02 9.2671999999999999e-01 1.5864416620000000e+03
1.1405578040000000e+03 3.4240592099999998e+02 9.3215999999999999e-01 1.5908914940000000e+03
1.1492241630000001e+03 3.4656636500000002e+02 9.3759999999999999e-01 1.5953415419999999e+03
1.1579147320000000e+03 3.5075113599999997e+02 9.4303999999999999e-01 1.5997917160000000e+03
1.1666295110000001e+03 3.5496015100000000e+02 9.4847999999999999e-01 1.6042419310000000e+03
1.1753684989999999e+03 3.5919333100000000e+02 9.5391999999999999e-01 1.6086920990000001e+03
1.1841316979999999e+03 3.6345059500000002e+02 9.5935999999999999e-01 1.6131421370000000e+03
1.1929191049999999e+03 3.6773186199999998e+02 9.6479999999999999e-01 1.6175919630000001e+03
1.2017307189999999e+03 3.7203705200000002e+02 9.7023999999999999e-01 1.6220414969999999e+03
1.2105665380000000e+03 3.7636608400000000e+02 9.7567999999999999e-01 1.6264906579999999e+03
1.2194265610000000e+03 3.8071887900000002e+02 9.8111999999999999e-01 1.6309393700000001e+03
1.2283107840000000e+03 3.8509535799999998e+02 9.8655999999999999e-01 1.6353875570000000e+03
1.2372192050000001e+03 3.8949544100000003e+02 9.9199999999999999e-01 1.6398351450000000e+03
1.2461518189999999e+03 3.9391905000000003e+02 9.9743999999999999e-01 1.6442820620000000e+03
1.2551086240000000e+03 3.9836610700000000e+02 1.0028800000000000e+00 1.6487282350000000e+03
1.2640896150000001e+03 4.0283653299999997e+02 1.0083200000000001e+00 1.6531735970000000e+03
1.2730947860000001e+03 4.0733025199999997e+02 1.0137600000000000e+00 1.6576180800000000e+03
1.2821241350000000e+03 4.1184718800000002e+02 1.0192000000000001e+00 1.6620616170000001e+03
1.2911776540000001e+03 4.1638726300000002e+02 1.0246400000000000e+00 1.6665041450000001e+03
1.3002553379999999e+03 4.2095040399999999e+02 1.0300800000000001e+00 1.6709456009999999e+03
1.3093571820000000e+03 4.2553653700000001e+02 1.0355200000000000e+00 1.6753859250000000e+03
1.3184831790000001e+03 4.3014558699999998e+02 1.0409600000000001e+00 1.6798250579999999e+03
1.3276333219999999e+03 4.3477748400000002e+02 1.0464000000000000e+00 1.6842629440000001e+03
1.3368076040000001e+03 4.3943215800000002e+02 1.0518400000000001e+00 1.6886995290000000e+03
1.3460060189999999e+03 4.4410953999999998e+02 1.0572800000000000e+00 1.6931347619999999e+03
1.3552285580000000e+03 4.4880956500000002e+02 1.0627200000000001e+00 1.6975685950000000e+03
1.3644752140000001e+03 4.5353217000000001e+02 1.0681600000000000e+00 1.7020009840000000e+03
1.3737459799999999e+03 4.5827729900000003e+02 1.0736000000000001e+00 1.7064318900000001e+03
1.3830408460000001e+03 4.6304489999999998e+02 1.0790400000000000e+00 1.7108612810000000e+03
1.3923598039999999e+03 4.6783493399999998e+02 1.0844800000000001e+00 1.7152891360000001e+03
1.4017028470000000e+03 4.7264738399999999e+02 1.0899200000000000e+00 1.7197154530000000e+03
1.4110699649999999e+03 4.7748227700000001e+02 1.0953599999999999e+00 1.7241402740000001e+03
1.4204611520000001e+03 4.8233987800000000e+02 1.1008000000000000e+00 1.7285638540000000e+03
1.4298764000000001e+03 4.8722011199999997e+02 1.1062399999999999e+00 1.7329861380000000e+03
1.4393157010000000e+03 4.9212198000000001e+02 1.1116800000000000e+00 1.7374062380000000e+03
1.4487790419999999e+03 4.9704540600000001e+02 1.1171199999999999e+00 1.7418241060000000e+03
1.4582664100000000e+03 5.0199031300000001e+02 1.1225600000000000e+00 1.7462396970000000e+03
1.4677777940000001e+03 5.0695662700000003e+02 1.1279999999999999e+00 1.7506529650000000e+03
1.4773131800000001e+03 5.1194427200000001e+02 1.1334400000000000e+00 1.7550638660000000e+03
1.4868725560000000e+03 5.1695317399999999e+02 1.1388799999999999e+00 1.7594723570000001e+03
1.4964559079999999e+03 5.2198325799999998e+02 1.1443200000000000e+00 1.7638783960000001e+03
1.5060632230000001e+03 5.2703444999999999e+02 1.1497599999999999e+00 1.7682819430000000e+03
1.5156944870000000e+03 5.3210667699999999e+02 1.1552000000000000e+00 1.7726829550000000e+03
1.5253496860000000e+03 5.3719986600000004e+02 1.1606399999999999e+00 1.7770813949999999e+03
1.5350288069999999e+03 5.4231394399999999e+02 1.1660800000000000e+00 1.7814772240000000e+03
1.5447318339999999e+03 5.4744883800000002e+02 1.1715199999999999e+00 1.7858704040000000e+03
1.5544587529999999e+03 5.5260447799999997e+02 1.1769600000000000e+00 1.7902608980000000e+03
1.5642095500000000e+03 5.5778079000000002e+02 1.1823999999999999e+00 1.7946486720000000e+03
1.5739842100000001e+03 5.6297770500000001e+02 1.1878400000000000e+00 1.7990336880000000e+03
1.5837827170000000e+03 5.6819515000000001e+02 1.1932799999999999e+00 1.8034159139999999e+03
1.5936050570000000e+03 5.7343305699999996e+02 1.1987200000000000e+00 1.8077953160000000e+03
1.6034512130000001e+03 5.7869135500000004e+02 1.2041599999999999e+00 1.8121718610000000e+03
1.6133211710000000e+03 5.8396997399999998e+02 1.2096000000000000e+00 1.8165455179999999e+03
1.6232149139999999e+03 5.8926884600000005e+02 1.2150399999999999e+00 1.8209162540000000e+03
1.6331324259999999e+03 5.9458790099999999e+02 1.2204800000000000e+00 1.8252840409999999e+03
1.6430736919999999e+03 5.9992707099999996e+02 1.2259199999999999e+00 1.8296488469999999e+03
1.6530386950000000e+03 6.0528628900000001e+02 1.2313600000000000e+00 1.8340106450000001e+03
1.6630274179999999e+03 6.1066548499999999e+02 1.2367999999999999e+00 1.8383694060000000e+03
1.6730398459999999e+03 6.1606459400000006e+02 1.2422400000000000e+00 1.8427251020000001e+03
1.6830759599999999e+03 6.2148354900000004e+02 1.2476799999999999e+00 1.8470777060000000e+03
1.6931357450000000e+03 6.2692228200000000e+02 1.2531200000000000e+00 1.8514271920000001e+03
1.7032191829999999e+03 6.3238072799999998e+02 1.2585599999999999e+00 1.8557735350000000e+03
1.7133262569999999e+03 6.3785882100000003e+02 1.2640000000000000e+00 1.8601167089999999e+03
1.7234569500000000e+03 6.4335649599999999e+02 1.2694399999999999e+00 1.8644566910000001e+03
1.7336112450000001e+03 6.4887368700000002e+02 1.2748800000000000e+00 1.8687934560000001e+03
1.7437891230000000e+03 6.5441033100000004e+02 1.2803199999999999e+00 1.8731269800000000e+03
1.7539905670000001e+03 6.5996636300000000e+02 1.2857600000000000e+00 1.8774572430000001e+03
1.7642155590000000e+03 6.6554171899999994e+02 1.2911999999999999e+00 1.8817842209999999e+03
1.7744640820000000e+03 6.7113633500000003e+02 1.2966400000000000e+00 1.8861078930000001e+03
1.7847361169999999e+03 6.7675014899999996e+02 1.3020799999999999e+00 1.8904282380000000e+03
1.7950316470000000e+03 6.8238309800000002e+02 1.3075200000000000e+00 1.8947452370000001e+03
1.8053506520000001e+03 6.8803511900000001e+02 1.3129599999999999e+00 1.8990588680000001e+03
1.8156931139999999e+03 6.9370614999999998e+02 1.3184000000000000e+00 1.9033691130000000e+03
1.8260590159999999e+03 6.9939612999999997e+02 1.3238399999999999e+00 1.9076759529999999e+03
1.8364483379999999e+03 7.0510499700000003e+02 1.3292800000000000e+00 1.9119793689999999e+03
1.8468610619999999e+03 7.1083269099999995e+02 1.3347199999999999e+00 1.9162793449999999e+03
1.8572971689999999e+03 7.1657915100000002e+02 1.3401600000000000e+00 1.9205758619999999e+03
1.8677566400000001e+03 7.2234431600000005e+02 1.3455999999999999e+00 1.9248689030000000e+03
1.8782394560000000e+03 7.2812812599999995e+02 1.3510400000000000e+00 1.9291584530000000e+03
1.8887455980000000e+03 7.3393052299999999e+02 1.3564799999999999e+00 1.9334444950000000e+03
1.8992750480000000e+03 7.3975144699999998e+02 1.3619200000000000e+00 1.9377270140000001e+03
1.9098277849999999e+03 7.4559083799999996e+02 1.3673599999999999e+00 1.9420059950000000e+03
1.9204037900000001e+03 7.5144863899999996e+02 1.3728000000000000e+00 1.9462814229999999e+03
1.9310030449999999e+03 7.5732479200000000e+02 1.3782399999999999e+00 1.9505532840000001e+03
1.9416255300000000e+03 7.6321923700000002e+02 1.3836800000000000e+00 1.9548215640000001e+03
1.9522711629999999e+03 7.6908891600000004e+02 1.3891199999999999e+00 1.9590552490000000e+03
1.9629397320000000e+03 7.7493930100000000e+02 1.3945600000000000e+00 1.9632585150000000e+03
1.9736311209999999e+03 7.8078970600000002e+02 1.3999999999999999e+00 1.9674454290000001e+03
