# epsilon[MeV/fm^3] P[MeV/fm^3] nB[fm^-3] muB[MeV]
4.3514892049562272e-07 9.0000000794219998e-12 4.6796200000000002e-10 9.2990010724260003e+02
5.4394952759824855e-07 1.2854500250148002e-11 5.8496400000000005e-10 9.2990743275720001e+02
6.8239664606092796e-07 1.8414700022552000e-11 7.3384599999999997e-10 9.2991587774760001e+02
8.5763463874259032e-07 2.6380199998860002e-11 9.2229000000000003e-10 9.2992551188760001e+02
1.0799253715994732e-06 3.7791099667920001e-11 1.1613300000000000e-09 9.2993648532329996e+02
1.3625442882637764e-06 5.4137899979800000e-11 1.4652400000000000e-09 9.2994894782519998e+02
1.7226605254650248e-06 7.7555599791040007e-11 1.8524800000000000e-09 9.2996308925910000e+02
2.1826057027272589e-06 1.1110299984364001e-10 2.3470600000000000e-09 9.2997909967860005e+02
2.7713348204539073e-06 1.5916099965360000e-10 2.9801100000000000e-09 9.2999716876169998e+02
3.5266032513682487e-06 2.2800800111288001e-10 3.7922200000000000e-09 9.3001754656409992e+02
4.4975537964996660e-06 3.2663399940042002e-10 4.8362200000000001e-09 9.3004045271789994e+02
4.5807460305493105e-06 3.3555999792714001e-10 4.9256699999999996e-09 9.3004228160820003e+02
4.7281205653478515e-06 3.3656599963290001e-10 5.0841300000000003e-09 9.3004248152130003e+02
6.5759177435918250e-06 5.4515600232911993e-10 7.0708799999999999e-09 9.3007696075620004e+02
9.1998724984833464e-06 8.8567000200420000e-10 9.8920399999999997e-09 9.3011730648750006e+02
1.2918168885426129e-05 1.4388700552640002e-09 1.3889600000000001e-08 9.3016406831190000e+02
1.8201380444258739e-05 2.3376200076990001e-09 1.9569300000000001e-08 9.3021808578930006e+02
2.5725895950178280e-05 3.7977398937599994e-09 2.7657999999999999e-08 9.3028025838780002e+02
3.6463989818522291e-05 6.1698799253159997e-09 3.9200400000000002e-08 9.3035162548649998e+02
5.1813630126296458e-05 1.0023700173792000e-08 5.5698400000000002e-08 9.3043332628019994e+02
7.3785560512054020e-05 1.6284700005120000e-08 7.9311899999999997e-08 9.3052664006250006e+02
1.0527189036420272e-04 2.6456400399219999e-08 1.1314700000000000e-07 9.3063298613190000e+02
1.5043483705694415e-04 4.2981499428689995e-08 1.6167299999999999e-07 9.3075400323120004e+02
1.5143539825673478e-04 4.3369399516159995e-08 1.6274800000000000e-07 9.3075639185940008e+02
1.5666718390755263e-04 4.3499599327679997e-08 1.6836899999999999e-07 9.3075719132400002e+02
1.8247319946392853e-04 5.3487099479700000e-08 1.9609400000000001e-07 9.3081203831400001e+02
2.1304949570856091e-04 6.5965099669560007e-08 2.2894200000000001e-07 9.3087079295249998e+02
2.4880173202308656e-04 8.1354199584480006e-08 2.6734800000000002e-07 9.3093285559410003e+02
2.9061049213158235e-04 1.0033299847065000e-07 3.1225699999999999e-07 9.3099838615049998e+02
3.3950651358852186e-04 1.2374000051775000e-07 3.6477499999999998e-07 9.3106758453479995e+02
3.9669496520679297e-04 1.5260700009555001e-07 4.2619500000000001e-07 9.3114063056550003e+02
4.6358813252914599e-04 1.8820900209407997e-07 4.9803199999999997e-07 9.3121772415570001e+02
5.4183717856390442e-04 2.3211699768180001e-07 5.8205699999999998e-07 9.3129908512530005e+02
6.3337419989345891e-04 2.8626699988691999e-07 6.8034199999999997e-07 9.3138494352930002e+02
7.4046361643000222e-04 3.5305100162730003e-07 7.9531500000000002e-07 9.3147551899979999e+02
7.4543957324912111e-04 3.5623800038969997e-07 8.0065699999999999e-07 9.3147951660449996e+02
7.7046470619140960e-04 3.5730600246279002e-07 8.2752300000000002e-07 9.3148080575760002e+02
7.7218701201869997e-04 3.5837800248323999e-07 8.2937200000000002e-07 9.3148210505190002e+02
7.7564281539113634e-04 3.6053199741144001e-07 8.3308200000000005e-07 9.3148469349929996e+02
7.7911352986319152e-04 3.6269800105895999e-07 8.3680799999999998e-07 9.3148728185280004e+02
7.8260009510663572e-04 3.6487800290032998e-07 8.4055099999999997e-07 9.3148988034750005e+02
7.8610250285012515e-04 3.6706999922346001e-07 8.4431100000000000e-07 9.3149248879559991e+02
7.8962075319254110e-04 3.6927600351839998e-07 8.4808799999999996e-07 9.3149508719639994e+02
7.9315485471188711e-04 3.7149499796798001e-07 8.5188199999999998e-07 9.3149769564450003e+02
7.9670479058673201e-04 3.7372699824480005e-07 8.5569300000000004e-07 9.3150031404599997e+02
8.0027057791247260e-04 3.7597299948234002e-07 8.5952100000000004e-07 9.3150293244750003e+02
8.0385221698387247e-04 3.7823200230633998e-07 8.6336599999999998e-07 9.3150555094289996e+02
8.0745063029167934e-04 3.8050499711466001e-07 8.6722899999999999e-07 9.3150817929779998e+02
8.1106395596088781e-04 3.8279099715107999e-07 8.7110800000000002e-07 9.3151080774659999e+02
8.1469498722525535e-04 3.8509200436278001e-07 8.7500600000000005e-07 9.3151343619540000e+02
8.1834093096975699e-04 3.8740599815679997e-07 8.7891999999999998e-07 9.3151607459759998e+02
8.3652972322216491e-04 3.8856800310954005e-07 8.9844600000000005e-07 9.3151737379799999e+02
8.9649746606902973e-04 4.2637900225708002e-07 9.6282100000000007e-07 9.3155798930399999e+02
9.6293679962426715e-04 4.6927300060880000e-07 1.0341400000000000e-06 9.3160093353000002e+02
1.0343084479593990e-03 5.1648199988999994e-07 1.1107499999999999e-06 9.3164493704189999e+02
1.1110033276598183e-03 5.6844100521450010e-07 1.1930700000000001e-06 9.3169002988770001e+02
1.1934040547386528e-03 6.2562700512179996e-07 1.2815100000000000e-06 9.3173623206809998e+02
1.2819398888523502e-03 6.8856500094819997e-07 1.3765300000000001e-06 9.3178357353719991e+02
1.3770588621277026e-03 7.5783499966439992e-07 1.4786100000000000e-06 9.3183208434300002e+02
1.4792742600387720e-03 8.3407400117300003e-07 1.5882999999999999e-06 9.3188178448619999e+02
1.5890902438860661e-03 9.1798299673799988e-07 1.7061399999999999e-06 9.3193271378040004e+02
1.7070948934908867e-03 1.0103300084124001e-06 1.8327600000000000e-06 9.3198488236679998e+02
1.7418302566492478e-03 1.0379399925766002e-06 1.8700300000000001e-06 9.3199978345169995e+02
1.8026805910135908e-03 1.0410599913928000e-06 1.9353200000000000e-06 9.3200143242960007e+02
2.0389359400714486e-03 1.2275099896319999e-06 2.1888000000000001e-06 9.3209187794249999e+02
2.3114099463439177e-03 1.4516999917321999e-06 2.4811100000000001e-06 9.3218792017709995e+02
2.6204004641994278e-03 1.7168400063888003e-06 2.8125600000000001e-06 9.3228811983419996e+02
2.9707928967162671e-03 2.0304000155634000e-06 3.1883800000000001e-06 9.3239264696670000e+02
3.3681648965264784e-03 2.4012300084080001e-06 3.6145400000000001e-06 9.3250170129989999e+02
3.8188055776886142e-03 2.8397900147328003e-06 4.0977700000000004e-06 9.3261546284010001e+02
4.3298558716110781e-03 3.3584500068246004e-06 4.6457100000000001e-06 9.3273413140649996e+02
4.9094492242661523e-03 3.9718300068571995e-06 5.2670599999999997e-06 9.3285792691289998e+02
5.5667590537662745e-03 4.6972400276543001e-06 5.9716300000000001e-06 9.3298704917850000e+02
6.3122329168583428e-03 5.5551399798486997e-06 6.7705900000000002e-06 9.3312173811779996e+02
6.3691536418958340e-03 5.6221100036384002e-06 6.8315900000000001e-06 9.3313158221820004e+02
6.6107787783348925e-03 5.6389700285964000e-06 7.0905299999999997e-06 9.3313397075249998e+02
7.1832281514335565e-03 6.2999099885847007e-06 7.7039700000000007e-06 9.3322329697740008e+02
7.8228640480689938e-03 7.0594400109160007e-06 8.3893400000000006e-06 9.3331767013950002e+02
8.5195476220300548e-03 7.9105299722335996e-06 9.1357600000000004e-06 9.3341477175390003e+02
9.2783521214718639e-03 8.8642300383220009e-06 9.9486500000000000e-06 9.3351470163630006e+02
1.0104791977484120e-02 9.9329099737559988e-06 1.0833900000000000e-05 9.3361751969490001e+02
1.1005037422914624e-02 1.1130399980334000e-05 1.1798100000000000e-05 9.3372332602710003e+02
1.1985504705131824e-02 1.2472300012974001e-05 1.2848100000000000e-05 9.3383220044789994e+02
1.3053499763127112e-02 1.3976000053347000e-05 1.3991700000000000e-05 9.3394422305399996e+02
1.4216706487829026e-02 1.5661000693130000e-05 1.5237100000000000e-05 9.3405949366109996e+02
1.5483652631007537e-02 1.7549100191680000e-05 1.6593399999999999e-05 9.3417811227269999e+02
1.5623499832828706e-02 1.7760599953030001e-05 1.6743099999999999e-05 9.3419079468840005e+02
1.6269961736847121e-02 1.7813900213129999e-05 1.7435099999999998e-05 9.3419395273319992e+02
1.7094324515795702e-02 1.9027400207749999e-05 1.8317499999999999e-05 9.3426180186839997e+02
1.8000874089488257e-02 2.0384500450440000e-05 1.9287799999999999e-05 9.3433394852489994e+02
1.8955614232225096e-02 2.1838399047120000e-05 2.0309599999999999e-05 9.3440734433310001e+02
1.9960983560824267e-02 2.3396100553499999e-05 2.1385500000000000e-05 9.3448202938830002e+02
2.1019794814794490e-02 2.5064799654149998e-05 2.2518500000000001e-05 9.3455801364390004e+02
2.2134768910989058e-02 2.6852600343399999e-05 2.3711500000000002e-05 9.3463531710059999e+02
2.3309000859656603e-02 2.8767899159999994e-05 2.4967799999999998e-05 9.3471396971249999e+02
2.4545494036103295e-02 3.0819700065419999e-05 2.6290599999999999e-05 9.3479400162150000e+02
2.5847718880420045e-02 3.3017999946119998e-05 2.7683600000000000e-05 9.3487541254589996e+02
2.7219055484112444e-02 3.5372998881120002e-05 2.9150400000000001e-05 9.3495825272219997e+02
2.7775365070038964e-02 3.6339601209739997e-05 2.9745400000000002e-05 9.3499105302509997e+02
2.8289610775747390e-02 3.6448598719180002e-05 3.0295400000000001e-05 9.3499466085090000e+02
2.8802930737171755e-02 3.7332599735440002e-05 3.0844399999999999e-05 9.3502356336480000e+02
2.9391538203060320e-02 3.8352800962709990e-05 3.1473899999999997e-05 9.3505628375879996e+02
2.9992229144074897e-02 3.9400800335690003e-05 3.2116300000000003e-05 9.3508923392610006e+02
3.0605097595990186e-02 4.0477499896860003e-05 3.2771700000000003e-05 9.3512239395989991e+02
3.1230612131930052e-02 4.1583600119840003e-05 3.3440600000000000e-05 9.3515578386089999e+02
3.1868867160453597e-02 4.2719998743180005e-05 3.4123099999999999e-05 9.3518940362910007e+02
3.2520144922003676e-02 4.3887298648500002e-05 3.4819500000000001e-05 9.3522325326449993e+02
3.3184820445813230e-02 4.5086601561120004e-05 3.5530200000000001e-05 9.3525732271979996e+02
3.3862987887692660e-02 4.6318701748649993e-05 3.6255299999999998e-05 9.3529163208960006e+02
3.4555116462740516e-02 4.7584401826990007e-05 3.6995300000000001e-05 9.3532617123270006e+02
3.4710848908415574e-02 4.7870299693839997e-05 3.7161800000000001e-05 9.3533387666670001e+02
3.5705765632703390e-02 4.8013899962450004e-05 3.8225500000000002e-05 9.3533768431169995e+02
3.6190650245182691e-02 4.8884701265269996e-05 3.8743900000000000e-05 9.3536029073669999e+02
3.6764595537185744e-02 4.9920498059249994e-05 3.9357499999999997e-05 9.3538680481020003e+02
3.7347724170046170e-02 5.0978398185919999e-05 3.9980900000000002e-05 9.3541345870079999e+02
3.7940129948432849e-02 5.2058599241440000e-05 4.0614200000000002e-05 9.3544024264290010e+02
3.8541907483377907e-02 5.3161699756499999e-05 4.1257500000000003e-05 9.3546717635549999e+02
3.9153244015328124e-02 5.4288198430999997e-05 4.1910999999999999e-05 9.3549425007299999e+02
3.9774234210732992e-02 5.5438601263319996e-05 4.2574799999999998e-05 9.3552146370150001e+02
4.0405159191034282e-02 5.6613297948239995e-05 4.3249199999999999e-05 9.3554882728830000e+02
4.1046019389420471e-02 5.7812899551080002e-05 4.3934199999999997e-05 9.3557633069220003e+02
4.1697190276124625e-02 5.9037997871239995e-05 4.4630199999999998e-05 9.3560397410099995e+02
4.2358578444415006e-02 6.0288999023690009e-05 4.5337100000000003e-05 9.3563177732760005e+02
4.2549448380963861e-02 6.0651299975859995e-05 4.5541099999999997e-05 9.3563974248900001e+02
4.3740238175900857e-02 6.0833198906699995e-05 4.6813800000000002e-05 9.3564365013750000e+02
4.5854886274473032e-02 6.4782902450840000e-05 4.9073799999999998e-05 9.3572599057799994e+02
4.8180087401599556e-02 6.9195997901699998e-05 5.1558599999999998e-05 9.3581365787159996e+02
5.0623240020302433e-02 7.3909702371599995e-05 5.4169200000000003e-05 9.3590278418340006e+02
5.3190452397117956e-02 7.8944498346630003e-05 5.6912100000000000e-05 9.3599338970190001e+02
5.5887837732656438e-02 8.4322299027779992e-05 5.9793799999999997e-05 9.3608550419339997e+02
5.8722166587791814e-02 9.0066499795649990e-05 6.2821499999999995e-05 9.3617915789369999e+02
6.1700398546921942e-02 9.6201898222459989e-05 6.6002599999999997e-05 9.3627437052180005e+02
6.4829683480590566e-02 1.0275499726340999e-04 6.9344700000000000e-05 9.3637116226620003e+02
6.8117831355171340e-02 1.0975499711746999e-04 7.2856100000000002e-05 9.3646956308100005e+02
7.1572933822013338e-02 1.1723199746169999e-04 7.6545399999999994e-05 9.3656960282640000e+02
7.2872355791586060e-02 1.2007500056640000e-04 7.7932800000000000e-05 9.3660639068670002e+02
7.6294350046888545e-02 1.2043499631464001e-04 8.1586400000000002e-05 9.3661091798129996e+02
7.8557740452832786e-02 1.2521799885310001e-04 8.4002899999999995e-05 9.3666865324139997e+02
8.1070439170188191e-02 1.3058099681828001e-04 8.6685400000000002e-05 9.3673145543940007e+02
8.3663493660002267e-02 1.3617299667415003e-04 8.9453500000000007e-05 9.3679492723830003e+02
8.6339540033127660e-02 1.4200499619000000e-04 9.2310000000000002e-05 9.3685905859080003e+02
8.9101308842231525e-02 1.4808700429182000e-04 9.5257800000000001e-05 9.3692387963880003e+02
9.1951438062670962e-02 1.5442999846642999e-04 9.8299699999999997e-05 9.3698938014720000e+02
9.3544637803481184e-02 1.5800363917307320e-04 1.0000000000000000e-04 9.3702641442654260e+02
9.5903849496861912e-02 1.5959294813167429e-04 1.0251757135891651e-04 9.3704368111368080e+02
9.8322560910855936e-02 1.6123592401018523e-04 1.0509858857019581e-04 9.3706107926547804e+02
1.0080227263854830e-01 1.6293437900394861e-04 1.0774465017403409e-04 9.3707860997709497e+02
1.0334452311823707e-01 1.6469018650153302e-04 1.1045739497386480e-04 9.3709627435292850e+02
1.0595088958789617e-01 1.6650528315107250e-04 1.1323850305006620e-04 9.3711407350668958e+02
1.0862298906370972e-01 1.6838167099638129e-04 1.1608969679917688e-04 9.3713200856148217e+02
1.1136247934328544e-01 1.7032141968519960e-04 1.1901274199926064e-04 9.3715008064988149e+02
1.1417106003416891e-01 1.7232666875200591e-04 1.2200944890207781e-04 9.3716829091401348e+02
1.1705047360829743e-01 1.7439962997791466e-04 1.2508167335273742e-04 9.3718664050563621e+02
1.2000250648304728e-01 1.7654258983026109e-04 1.2823131793752093e-04 9.3720513058622112e+02
1.2302899012954509e-01 1.7875791198456505e-04 1.3146033316058594e-04 9.3722376232703357e+02
1.2613180220893122e-01 1.8104803993165478e-04 1.3477071865027594e-04 9.3724253690921648e+02
1.2931286773727962e-01 1.8341549967282691e-04 1.3816452439578014e-04 9.3726145552387220e+02
1.3257416027989749e-01 1.8586290250601514e-04 1.4164385201490671e-04 9.3728051937214855e+02
1.3591770317574503e-01 1.8839294790604048e-04 1.4521085605375151e-04 9.3729972966532057e+02
1.3934557079273560e-01 1.9100842650212048e-04 1.4886774531906380e-04 9.3731908762487899e+02
1.4285988981469450e-01 1.9371222315592128e-04 1.5261678424413155e-04 9.3733859448261273e+02
1.4646284056077521e-01 1.9650732014354758e-04 1.5646029428902783e-04 9.3735825148069921e+02
1.5015665833815159e-01 1.9939680044498060e-04 1.6040065537608345e-04 9.3737805987178911e+02
1.5394363482882495e-01 2.0238385114459140e-04 1.6444030736146963e-04 9.3739802091909644e+02
1.5782611951140688e-01 2.0547176694648160e-04 1.6858175154379980e-04 9.3741813589648609e+02
1.6180652111875968e-01 2.0866395380852770e-04 1.7282755221068017e-04 9.3743840608856465e+02
1.6588730913239849e-01 2.1196393269913805e-04 1.7718033822416280e-04 9.3745883279077077e+02
1.7007101531458271e-01 2.1537534348086573e-04 1.8164280464607946e-04 9.3747941730946525e+02
1.7436023527904723e-01 2.1890194892516175e-04 1.8621771440425802e-04 9.3750016096202546e+02
1.7875763010134704e-01 2.2254763886269533e-04 1.9090790000064915e-04 9.3752106507693577e+02
1.8326592796981581e-01 2.2631643447382059e-04 1.9571626526241611e-04 9.3754213099388278e+02
1.8788792587816158e-01 2.3021249272392143e-04 2.0064578713706823e-04 9.3756336006384902e+02
1.9262649136074991e-01 2.3424011094852628e-04 2.0569951753274357e-04 9.3758475364920855e+02
1.9748456427165140e-01 2.3840373159325081e-04 2.1088058520477650e-04 9.3760631312382270e+02
2.0246515860855657e-01 2.4270794711379621e-04 2.1619219768971194e-04 9.3762803987313703e+02
2.0757136438269141e-01 2.4715750504140862e-04 2.2163764328796034e-04 9.3764993529428034e+02
2.1280634953589067e-01 2.5175731321938502e-04 2.2722029309631318e-04 9.3767200079616077e+02
2.1817336190602199e-01 2.5651244521640408e-04 2.3294360309157402e-04 9.3769423779956719e+02
2.2367573124197671e-01 2.6142814592264980e-04 2.3881111626658733e-04 9.3771664773726854e+02
2.2931687126948036e-01 2.6650983733490357e-04 2.4482646481998363e-04 9.3773923205411506e+02
2.3510028180900247e-01 2.7176312453698311e-04 2.5099337240098795e-04 9.3776199220714159e+02
2.4102955094708078e-01 2.7719380188212582e-04 2.5731565641067808e-04 9.3778492966566796e+02
2.4710835726240649e-01 2.8280785938413551e-04 2.6379723036110733e-04 9.3780804591140429e+02
2.5334047210805144e-01 2.8861148932434187e-04 2.7044210629374732e-04 9.3783134243855636e+02
2.5972976195125469e-01 2.9461109308166072e-04 2.7725439725874223e-04 9.3785482075392906e+02
2.6628019077221671e-01 3.0081328819328633e-04 2.8423831985649733e-04 9.3787848237703520e+02
2.7299582252339427e-01 3.0722491565380813e-04 2.9139819684317403e-04 9.3790232884020054e+02
2.7988082365081651e-01 3.1385304746079680e-04 2.9873845980169005e-04 9.3792636168867386e+02
2.8693946567899115e-01 3.2070499441518832e-04 3.0626365187987525e-04 9.3795058248073587e+02
2.9417612786100122e-01 3.2778831418506563e-04 3.1397843059746672e-04 9.3797499278780856e+02
3.0159529989543826e-01 3.3511081964173405e-04 3.2188757072367289e-04 9.3799959419456650e+02
3.0920158471185660e-01 3.4268058747728486e-04 3.2999596722707851e-04 9.3802438829905066e+02
3.1699970132647787e-01 3.5050596711315224e-04 3.3830863829970910e-04 9.3804937671277878e+02
3.2499448776991613e-01 3.5859558990948884e-04 3.4683072845711376e-04 9.3807456106086079e+02
3.3319090408874147e-01 3.6695837868551916e-04 3.5556751171637841e-04 9.3809994298211461e+02
3.4159403542274286e-01 3.7560355756137117e-04 3.6452439485402455e-04 9.3812552412918080e+02
3.5020909515980075e-01 3.8454066213224058e-04 3.7370692074580047e-04 9.3815130616863951e+02
3.5904142817032558e-01 3.9377954998611223e-04 3.8312077179041985e-04 9.3817729078112995e+02
3.6809651412326955e-01 4.0333041157663641e-04 3.9277177341935675e-04 9.3820347966146801e+02
3.7737997088576902e-01 4.1320378146315656e-04 4.0266589769485684e-04 9.3822987451876691e+02
3.8689755800852593e-01 4.2341054993028191e-04 4.1280926699837982e-04 9.3825647707655833e+02
3.9665518029909169e-01 4.3396197499982541e-04 4.2320815781174333e-04 9.3828328907291439e+02
4.0665889148526957e-01 4.4486969484835320e-04 4.3386900459329512e-04 9.3831031226057121e+02
4.1691489797090897e-01 4.5614574064404385e-04 4.4479840375150032e-04 9.3833754840705228e+02
4.2742956268642068e-01 4.6780254981701398e-04 4.5600311771838595e-04 9.3836499929479521e+02
4.3820940903640432e-01 4.7985297977775178e-04 4.6749007912535393e-04 9.3839266672127792e+02
4.4926112494683412e-01 4.9231032209878496e-04 4.7926639508392814e-04 9.3842055249914404e+02
4.6059156701431619e-01 5.0518831717522809e-04 4.9133935157406980e-04 9.3844865845633512e+02
4.7220776475999043e-01 5.1850116938037961e-04 5.0371641794276327e-04 9.3847698643621777e+02
4.8411692499071690e-01 5.3226356273308446e-04 5.1640525151563758e-04 9.3850553829771422e+02
4.9632643627025175e-01 5.4649067709414394e-04 5.2941370232445929e-04 9.3853431591543836e+02
5.0884387350318705e-01 5.6119820490963728e-04 5.4274981795340968e-04 9.3856332117982333e+02
5.2167700263449879e-01 5.7640236851962199e-04 5.5642184850712066e-04 9.3859255599725975e+02
5.3483378546761695e-01 5.9211993805130504e-04 5.7043825170352742e-04 9.3862202229023023e+02
5.4832238460401028e-01 6.0836824991642195e-04 5.8480769809467258e-04 9.3865172199744552e+02
5.6215116850734614e-01 6.2516522593322396e-04 5.9953907641866703e-04 9.3868165707398248e+02
5.7632871669537067e-01 6.4252939309416700e-04 6.1464149908610022e-04 9.3871182949142451e+02
5.9086382506272817e-01 6.6047990400110450e-04 6.3012430780427591e-04 9.3874224123799991e+02
6.0576551133802381e-01 6.7903655799052504e-04 6.4599707934272677e-04 9.3877289431872452e+02
6.2104302067851336e-01 6.9821982297213600e-04 6.6226963144355375e-04 9.3880379075554436e+02
6.3670583140589310e-01 7.1805085800487984e-04 6.7895202888022463e-04 9.3883493258747933e+02
6.5276366088674631e-01 7.3855153663528509e-04 6.9605458966855291e-04 9.3886632187076896e+02
6.6922647156129556e-01 7.5974447102389396e-04 7.1358789143367634e-04 9.3889796067901830e+02
6.8610447712420297e-01 7.8165303688637990e-04 7.3156277793694864e-04 9.3892985110334598e+02
7.0340814886124858e-01 8.0430139927685983e-04 7.4999036576675051e-04 9.3896199525253348e+02
7.2114822214582297e-01 8.2771453924184650e-04 7.6888205119733741e-04 9.3899439525317518e+02
7.3933570309926155e-01 8.5191828137423458e-04 7.8824951721993353e-04 9.3902705324983060e+02
7.5798187541915374e-01 8.7693932229771616e-04 8.0810474075039269e-04 9.3905997140517661e+02
7.7709830737986363e-01 9.0280526011304266e-04 8.2846000001785534e-04 9.3909315190016275e+02
7.9669685900960430e-01 9.2954462483861035e-04 8.4932788213893718e-04 9.3912659693416651e+02
8.1678968944852015e-01 9.5718690987894970e-04 8.7072129088210581e-04 9.3916030872514943e+02
8.3738926449233975e-01 9.8576260455582191e-04 8.9265345462700724e-04 9.3919428950981683e+02
8.5850836432628308e-01 1.0153032277378125e-03 9.1513793452363676e-04 9.3922854154377808e+02
8.8016009145401719e-01 1.0458413626055056e-03 9.3818863285636156e-04 9.3926306710170616e+02
9.0235787882658280e-01 1.0774106925905943e-03 9.6181980161792811e-04 9.3929786847750165e+02
9.2511549817633298e-01 1.1100460385285603e-03 9.8604605129872284e-04 9.3933294798445615e+02
9.4844706856105587e-01 1.1437833970659062e-03 1.0108823598966774e-03 9.3936830795541800e+02
9.7236706512358029e-01 1.1786599803643002e-03 1.0363440821533525e-03 9.3940395074295850e+02
9.9689032807230349e-01 1.2147142571454362e-03 1.0624469590218659e-03 9.3943987871954300e+02
1.0220320718882034e+00 1.2519859951218612e-03 1.0892071273724785e-03 9.3947609427769623e+02
1.0478078947640608e+00 1.2905163048605979e-03 1.1166411299417924e-03 9.3951259983017837e+02
1.0742337882817323e+00 1.3303476851279198e-03 1.1447659255316640e-03 9.3954939781015548e+02
1.1013261473334943e+00 1.3715240697653110e-03 1.1735988994640988e-03 9.3958649067137435e+02
1.1291017802935950e+00 1.4140908761483004e-03 1.2031578742985258e-03 9.3962388088833757e+02
1.1575779194463462e+00 1.4580950552816386e-03 1.2334611208180445e-03 9.3966157095648293e+02
1.1867722316772020e+00 1.5035851435860473e-03 1.2645273692913667e-03 9.3969956339236103e+02
1.2167028294334759e+00 1.5506113164336873e-03 1.2963758210173724e-03 9.3973786073381575e+02
1.2473882819614885e+00 1.5992254434913802e-03 1.3290261601593537e-03 9.3977646554016894e+02
1.2788476268271121e+00 1.6494811459326223e-03 1.3624985658762039e-03 9.3981538039240047e+02
1.3111003817268743e+00 1.7014338555815167e-03 1.3968137247579943e-03 9.3985460789333661e+02
1.3441665565969296e+00 1.7551408760538285e-03 1.4319928435735534e-03 9.3989415066783545e+02
1.3780666660274326e+00 1.8106614459626365e-03 1.4680576623378769e-03 9.3993401136297678e+02
1.4128217419899911e+00 1.8680568042582595e-03 1.5050304677073625e-03 9.3997419264825203e+02
1.4484533468861220e+00 1.9273902577745660e-03 1.5429341067110976e-03 9.4001469721575677e+02
1.4849835869247767e+00 1.9887272510561303e-03 1.5817920008265960e-03 9.4005552778038248e+02
1.5224351258372606e+00 2.0521354385432894e-03 1.6216281604086215e-03 9.4009668708001482e+02
1.5608311989380446e+00 2.1176847591947035e-03 1.6624671994799416e-03 9.4013817787572941e+02
1.6001956275401825e+00 2.1854475136297178e-03 1.7043343508930560e-03 9.4018000295199056e+02
1.6405528337343041e+00 2.2554984438756471e-03 1.7472554818722108e-03 9.4022216511685258e+02
1.6819278555403185e+00 2.3279148158078982e-03 1.7912571099451952e-03 9.4026466720216263e+02
1.7243463624412647e+00 2.4027765043739139e-03 1.8363664192747036e-03 9.4030751206376351e+02
1.7678346713089106e+00 2.4801660816948803e-03 1.8826112773992344e-03 9.4035070258170197e+02
1.8124197627310148e+00 2.5601689081424378e-03 1.9300202523938115e-03 9.4039424166043375e+02
1.8581292977503507e+00 2.6428732264907949e-03 1.9786226304609970e-03 9.4043813222903566e+02
1.9049916350259000e+00 2.7283702592481285e-03 2.0284484339629953e-03 9.4048237724141745e+02
1.9530358484268557e+00 2.8167543092746314e-03 2.0795284399058832e-03 9.4052697967653171e+02
2.0022917450703379e+00 2.9081228637981432e-03 2.1318941988872431e-03 9.4057194253859495e+02
2.0527898838140408e+00 3.0025767019421657e-03 2.1855780545188639e-03 9.4061726885729911e+02
2.1045615942152480e+00 3.1002200058847808e-03 2.2406131633363117e-03 9.4066296168803547e+02
2.1576389959680164e+00 3.2011604757711675e-03 2.2970335152076335e-03 9.4070902411211227e+02
2.2120550188305521e+00 3.3055094485063808e-03 2.3548739542536097e-03 9.4075545923698030e+02
2.2678434230551749e+00 3.4133820205594985e-03 2.4141702002924100e-03 9.4080227019645679e+02
2.3250388203335128e+00 3.5248971749145164e-03 2.4749588708217192e-03 9.4084946015095318e+02
2.3836766952699500e+00 3.6401779123080738e-03 2.5372775035518171e-03 9.4089703228770350e+02
2.4437934273966380e+00 3.7593513868987493e-03 2.6011645795033732e-03 9.4094498982099594e+02
2.5054263137437207e+00 3.8825490465175323e-03 2.6666595466840674e-03 9.4099333599240617e+02
2.5686135919787962e+00 4.0099067776542367e-03 2.7338028443585427e-03 9.4104207407103229e+02
2.6333944641299460e+00 4.1415650553396971e-03 2.8026359279264834e-03 9.4109120735373358e+02
2.6998091209070787e+00 4.2776690980891414e-03 2.8732012944240768e-03 9.4114073916536802e+02
2.7678987666366464e+00 4.4183690280775742e-03 2.9455425086643834e-03 9.4119067285903600e+02
2.8377056448252351e+00 4.5638200367239109e-03 3.0197042300326503e-03 9.4124101181632193e+02
2.9092730643678548e+00 4.7141825558664249e-03 3.0957322399528739e-03 9.4129175944754206e+02
2.9826454264172235e+00 4.8696224347183886e-03 3.1736734700424534e-03 9.4134291919199188e+02
3.0578682519306937e+00 5.0303111227990522e-03 3.2535760309720919e-03 9.4139449451819667e+02
3.1349882099119077e+00 5.1964258590417025e-03 3.3354892420485692e-03 9.4144648892416490e+02
3.2140531463647339e+00 5.3681498672874780e-03 3.4194636615385026e-03 9.4149890593764133e+02
3.2951121139773960e+00 5.5456725583804449e-03 3.5055511177515190e-03 9.4155174911636641e+02
3.3782154025552757e+00 5.7291897390869800e-03 3.5938047409019209e-03 9.4160502204833460e+02
3.4634145702212016e+00 5.9189038280697600e-03 3.6842789957681980e-03 9.4165872835205596e+02
3.5507624754026459e+00 6.1150240791547081e-03 3.7770297151703985e-03 9.4171287167682078e+02
3.6403133096256166e+00 6.3177668121370406e-03 3.8721141342857143e-03 9.4176745570296691e+02
3.7321226311356348e+00 6.5273556513810848e-03 3.9695909258232924e-03 9.4182248414214632e+02
3.8262473993666402e+00 6.7440217724770019e-03 4.0695202360796698e-03 9.4187796073760035e+02
3.9227460102791860e+00 6.9680041572264479e-03 4.1719637218968590e-03 9.4193388926442935e+02
4.0216783325899019e+00 7.1995498572385002e-03 4.2769845885456265e-03 9.4199027352987173e+02
4.1231057449146382e+00 7.4389142664264976e-03 4.3846476285570356e-03 9.4204711737358139e+02
4.2270911738483941e+00 7.6863614027064559e-03 4.4950192615259730e-03 9.4210442466791005e+02
4.3336991330056023e+00 7.9421641992076675e-03 4.6081675749108826e-03 9.4216219931819069e+02
4.4429957630450438e+00 8.2066048053168056e-03 4.7241623658546283e-03 9.4222044526302216e+02
4.5550488727041722e+00 8.4799748978874601e-03 4.8430751840519001e-03 9.4227916647456186e+02
4.6699279808683407e+00 8.7625760029584488e-03 4.9649793756893611e-03 9.4233836695881291e+02
4.7877043597010394e+00 9.0547198283357864e-03 5.0899501284852686e-03 9.4239805075592255e+02
4.9084510788618454e+00 9.3567286074050064e-03 5.2180645178559991e-03 9.4245822194047571e+02
5.0322430508396039e+00 9.6689354545532458e-03 5.3494015542376360e-03 9.4251888462179579e+02
5.1591570774288709e+00 9.9916847325929349e-03 5.4840422315913743e-03 9.4258004294424734e+02
5.2892718973785522e+00 1.0325332432592569e-02 5.6220695771223754e-03 9.4264170108754035e+02
5.4226682352421944e+00 1.0670246566533250e-02 5.7635687022422081e-03 9.4270386326703965e+02
5.5594288514603427e+00 1.1026807573224398e-02 5.9086268548060707e-03 9.4276653373407134e+02
5.6996385937059353e+00 1.1395408737926065e-02 6.0573334726563861e-03 9.4282971677624050e+02
5.8433844495246676e+00 1.1776456626140913e-02 6.2097802385055233e-03 9.4289341671774537e+02
5.9907556003029612e+00 1.2170371532054245e-02 6.3660611361909657e-03 9.4295763791969694e+02
6.1418434765969723e+00 1.2577587942116631e-02 6.5262725083371099e-03 9.4302238478044058e+02
6.2967418148570671e+00 1.2998555014280655e-02 6.6905131154588694e-03 9.4308766173588072e+02
6.4555467155828357e+00 1.3433737073420157e-02 6.8588841965429043e-03 9.4315347325980918e+02
6.6183567029448449e+00 1.3883614123478631e-02 7.0314895311434211e-03 9.4321982386423701e+02
6.7852727859100055e+00 1.4348682376911450e-02 7.2084355030302295e-03 9.4328671809972377e+02
6.9563985209085875e+00 1.4829454802006150e-02 7.3898311654277361e-03 9.4335416055572193e+02
7.1318400760816534e+00 1.5326461688684182e-02 7.5757883078845763e-03 9.4342215586090947e+02
7.3117062971488593e+00 1.5840251233408442e-02 7.7664215248144540e-03 9.4349070868353726e+02
7.4961087749374586e+00 1.6371390143841650e-02 7.9618482857499000e-03 9.4355982373177380e+02
7.6851619146143522e+00 1.6920464263922411e-02 8.1621890073514964e-03 9.4362950575405512e+02
7.8789830066642441e+00 1.7488079220048625e-02 8.3675671272164815e-03 9.4369975953943720e+02
8.0776922996578193e+00 1.8074861089080740e-02 8.5781091795313590e-03 9.4377058991795093e+02
8.2814130748552071e+00 1.8681457088901919e-02 8.7939448726145966e-03 9.4384200176096215e+02
8.4902717226908919e+00 1.9308536292296497e-02 9.0152071683963584e-03 9.4391399998153213e+02
8.7043978211876532e+00 1.9956790364934498e-02 9.2420323638835768e-03 9.4398658953478753e+02
8.9239242163480537e+00 2.0626934328275785e-02 9.4745601746597866e-03 9.4405977541828327e+02
9.1489871045734628e+00 2.1319707348235732e-02 9.7129338204703201e-03 9.4413356267238032e+02
9.3797261171616952e+00 2.2035873550482074e-02 9.9573001129448641e-03 9.4420795638061907e+02
9.6162844069356588e+00 2.2776222863262172e-02 1.0207809545510482e-02 9.4428296167009660e+02
9.8588087370568243e+00 2.3541571888690500e-02 1.0464616385549632e-02 9.4435858371185441e+02
1.0107449572078615e+01 2.4332764803457370e-02 1.0727878768859181e-02 9.4443482772125890e+02
1.0362361171296078e+01 2.5150674289952026e-02 1.0997758796467350e-02 9.4451169895839678e+02
1.0623701684449962e+01 2.5996202498827701e-02 1.1274422633867638e-02 9.4458920272846478e+02
1.0891633249844393e+01 2.6870282044069830e-02 1.1558040612729551e-02 9.4466734438216736e+02
1.1166322094939165e+01 2.7773877031665437e-02 1.1848787335147923e-02 9.4474612931611705e+02
1.1447938639478885e+01 2.8707984123007679e-02 1.2146841780493734e-02 9.4482556297324220e+02
1.1736657601223140e+01 2.9673633634209225e-02 1.2452387414931461e-02 9.4490565084318905e+02
1.2032658104343168e+01 3.0671890672536468e-02 1.2765612303668893e-02 9.4498639846273966e+02
1.2336123790552294e+01 3.1703856311218234e-02 1.3086709226007598e-02 9.4506781141622434e+02
1.2647242933039156e+01 3.2770668803924992e-02 1.3415875793263607e-02 9.4514989533594087e+02
1.2966208553274228e+01 3.3873504840257508e-02 1.3753314569629442e-02 9.4523265590258006e+02
1.3293218540762354e+01 3.5013580843630626e-02 1.4099233196050940e-02 9.4531609884565171e+02
1.3628475775815366e+01 3.6192154312982915e-02 1.4453844517193471e-02 9.4540022994391825e+02
1.3972188255421150e+01 3.7410525209792891e-02 1.4817366711574610e-02 9.4548505502582475e+02
1.4324569222286998e+01 3.8670037391930555e-02 1.5190023424941454e-02 9.4557057996994422e+02
1.4685837297137605e+01 3.9972080095927121e-02 1.5572043906973742e-02 9.4565681070541837e+02
1.5056216614349568e+01 4.1318089469296888e-02 1.5963663151394962e-02 9.4574375321240643e+02
1.5435936961006608e+01 4.2709550154601691e-02 1.6365122039576272e-02 9.4583141352253449e+02
1.5825233919461869e+01 4.4147996927005551e-02 1.6776667487719894e-02 9.4591979771935462e+02
1.6224349013495516e+01 4.5635016387124722e-02 1.7198552597710755e-02 9.4600891193880386e+02
1.6633529858158575e+01 4.7172248711041573e-02 1.7631036811727684e-02 9.4609876236966784e+02
1.7053030313395819e+01 4.8761389459411712e-02 1.8074386070707174e-02 9.4618935525405152e+02
1.7483110641543096e+01 5.0404191447660306e-02 1.8528872976755605e-02 9.4628069688785058e+02
1.7924037668796625e+01 5.2102466679329586e-02 1.8994776959607489e-02 9.4637279362123218e+02
1.8376084950754755e+01 5.3858088344711307e-02 1.9472384447230696e-02 9.4646565185911368e+02
1.8839532942134596e+01 5.5672992886967435e-02 1.9961989040680951e-02 9.4655927806165175e+02
1.9314669170768958e+01 5.7549182138018649e-02 2.0463891693311351e-02 9.4665367874473316e+02
1.9801788415991609e+01 5.9488725526556582e-02 2.0978400894444877e-02 9.4674886048047028e+02
2.0301192891521257e+01 6.1493762360614462e-02 2.1505832857620241e-02 9.4684482989770322e+02
2.0813192432958061e+01 6.3566504187214823e-02 2.2046511713524973e-02 9.4694159368250155e+02
2.1338104690008763e+01 6.5709237231696346e-02 2.2600769707731411e-02 9.4703915857867935e+02
2.1876255323559853e+01 6.7924324919410917e-02 2.3168947403355102e-02 9.4713753138830646e+02
2.2427978207720766e+01 7.0214210482571093e-02 2.3751393888757074e-02 9.4723671897223051e+02
2.2993615636962847e+01 7.2581419655125073e-02 2.4348466990415537e-02 9.4733672825059944e+02
2.3573518538482293e+01 7.5028563458630418e-02 2.4960533491094599e-02 9.4743756620339207e+02
2.4168046689918917e+01 7.7558341082199417e-02 2.5587969353441365e-02 9.4753923987095470e+02
2.4777568942565942e+01 8.0173542859693539e-02 2.6231159949146123e-02 9.4764175635453762e+02
2.5402463450208938e+01 8.2877053347449131e-02 2.6890500293802723e-02 9.4774512281684201e+02
2.6043117903736352e+01 8.5671854505930997e-02 2.7566395287611008e-02 9.4784934648256979e+02
2.6699929771666834e+01 8.8561028988821858e-02 2.8259259962065443e-02 9.4795443463897800e+02
2.7373306546742832e+01 9.1547763543176577e-02 2.8969519732778396e-02 9.4806039463643947e+02
2.8063665998743055e+01 9.4635352524389732e-02 2.9697610658589342e-02 9.4816723388901016e+02
2.8771436433671198e+01 9.7827201529856050e-02 3.0443979707116372e-02 9.4827495987499879e+02
2.9497056959481295e+01 1.0112683115532947e-01 3.1209085026908619e-02 9.4838358013754430e+02
3.0240977758504716e+01 1.0453788087812513e-01 3.1993396226363303e-02 9.4849310228519698e+02
3.1003660366747983e+01 1.0806411307144771e-01 3.2797394659574576e-02 9.4860353399250732e+02
3.1785577960234182e+01 1.1170941715427207e-01 3.3621573719285272e-02 9.4871488300062026e+02
3.2587215648566307e+01 1.1547781388135639e-01 3.4466439137117846e-02 9.4882715711787125e+02
3.3409070775894115e+01 1.1937345977811692e-01 3.5332509291263664e-02 9.4894036422039505e+02
3.4251653229471593e+01 1.2340065172525845e-01 3.6220315521815684e-02 9.4905451225273214e+02
3.5115485755995991e+01 1.2756383169821420e-01 3.7130402453932586e-02 9.4916960922844805e+02
3.6001104285925308e+01 1.3186759166662648e-01 3.8063328329028645e-02 9.4928566323075484e+02
3.6909058265974956e+01 1.3631667865926922e-01 3.9019665344187056e-02 9.4940268241313993e+02
3.7839911000000001e+01 1.4091600000000001e-01 4.0000000000000001e-02 9.4952251200000001e+02
4.3007441999999998e+01 1.7460300000000001e-01 4.5440000000000001e-02 9.5031088799999998e+02
4.8179169000000002e+01 2.1107799999999999e-01 5.0880000000000002e-02 9.5106797700000004e+02
5.3354936000000002e+01 2.5031999999999999e-01 5.6320000000000002e-02 9.5179967799999997e+02
5.8534627000000000e+01 2.9249599999999998e-01 6.1760000000000002e-02 9.5251348800000005e+02
6.3718164999999999e+01 3.3797600000000000e-01 6.7199999999999996e-02 9.5321817099999998e+02
6.8905528000000004e+01 3.8733800000000002e-01 7.2639999999999996e-02 9.5392338800000005e+02
7.4096744999999999e+01 4.4135600000000003e-01 7.8079999999999997e-02 9.5463933699999995e+02
7.9291901999999993e+01 5.0099099999999996e-01 8.3519999999999997e-02 9.5537645199999997e+02
8.4491145000000003e+01 5.6737300000000002e-01 8.8959999999999997e-02 9.5614516700000001e+02
8.9694671000000000e+01 6.4178400000000002e-01 9.4399999999999998e-02 9.5695572700000002e+02
9.4902735000000007e+01 7.2564399999999996e-01 9.9839999999999998e-02 9.5781805099999997e+02
1.0011564600000000e+02 8.2048900000000002e-01 1.0528000000000000e-01 9.5874163299999998e+02
1.0533375599999999e+02 9.2722499999999997e-01 1.1072000000000000e-01 9.5972880999999995e+02
1.1055734600000000e+02 1.0446180000000000e+00 1.1616000000000000e-01 9.6076244699999995e+02
1.1578674599999999e+02 1.1764829999999999e+00 1.2160000000000000e-01 9.6187039400000003e+02
1.2102240000000000e+02 1.3253750000000000e+00 1.2703999999999999e-01 9.6306670899999995e+02
1.2626481800000001e+02 1.4935039999999999e+00 1.3247999999999999e-01 9.6436103300000002e+02
1.3151455200000001e+02 1.6829700000000001e+00 1.3791999999999999e-01 9.6576101600000004e+02
1.3677219700000001e+02 1.8958150000000000e+00 1.4335999999999999e-01 9.6727301100000000e+02
1.4203837700000000e+02 2.1340450000000000e+00 1.4879999999999999e-01 9.6890239599999995e+02
1.4731374199999999e+02 2.3996279999999999e+00 1.5423999999999999e-01 9.7065374899999995e+02
1.5259896800000001e+02 2.6945039999999998e+00 1.5967999999999999e-01 9.7253096800000003e+02
1.5789474799999999e+02 3.0205790000000001e+00 1.6511999999999999e-01 9.7453735700000004e+02
1.6320179300000001e+02 3.3797229999999998e+00 1.7055999999999999e-01 9.7667569600000002e+02
1.6852082799999999e+02 3.7737720000000001e+00 1.7599999999999999e-01 9.7894829200000004e+02
1.7385258700000000e+02 4.2045250000000003e+00 1.8143999999999999e-01 9.8135703400000000e+02
1.7919781699999999e+02 4.6737390000000003e+00 1.8687999999999999e-01 9.8390342999999996e+02
1.8455726899999999e+02 5.1831339999999999e+00 1.9231999999999999e-01 9.8658864800000003e+02
1.8993170100000000e+02 5.7343869999999999e+00 1.9775999999999999e-01 9.8941354500000000e+02
1.9532187500000001e+02 6.3291329999999997e+00 2.0319999999999999e-01 9.9237870099999998e+02
2.0072855600000000e+02 6.9689649999999999e+00 2.0863999999999999e-01 9.9548444199999994e+02
2.0615250800000001e+02 7.6554339999999996e+00 2.1407999999999999e-01 9.9873086400000000e+02
2.1159449599999999e+02 8.3900439999999996e+00 2.1951999999999999e-01 1.0021178530000000e+03
2.1705528600000000e+02 9.1742559999999997e+00 2.2495999999999999e-01 1.0056451010000000e+03
2.2253563900000000e+02 1.0009485000000000e+01 2.3039999999999999e-01 1.0093121230000000e+03
2.2803631400000000e+02 1.0897099000000001e+01 2.3583999999999999e-01 1.0131182650000000e+03
2.3355806600000000e+02 1.1838419000000000e+01 2.4127999999999999e-01 1.0170627200000000e+03
2.3910164399999999e+02 1.2834716000000000e+01 2.4671999999999999e-01 1.0211445300000000e+03
2.4466779500000001e+02 1.3887211000000001e+01 2.5216000000000000e-01 1.0253625979999999e+03
2.5025725600000001e+02 1.4997070000000001e+01 2.5760000000000000e-01 1.0297156930000001e+03
2.5587075700000000e+02 1.6165409000000000e+01 2.6304000000000000e-01 1.0342024500000000e+03
2.6150902400000001e+02 1.7393286000000000e+01 2.6848000000000000e-01 1.0388213830000000e+03
2.6717277000000001e+02 1.8681699999999999e+01 2.7392000000000000e-01 1.0435708790000001e+03
2.7286270100000002e+02 2.0031594999999999e+01 2.7936000000000000e-01 1.0484492100000000e+03
2.7857951400000002e+02 2.1443850000000001e+01 2.8480000000000000e-01 1.0534545280000000e+03
2.8432389499999999e+02 2.2919284999999999e+01 2.9024000000000000e-01 1.0585848779999999e+03
2.9009651900000000e+02 2.4458653999999999e+01 2.9568000000000000e-01 1.0638381939999999e+03
2.9589804800000002e+02 2.6062646999999998e+01 3.0112000000000000e-01 1.0692123070000000e+03
3.0172913499999999e+02 2.7731888999999999e+01 3.0656000000000000e-01 1.0747049489999999e+03
3.0759041800000000e+02 2.9466939000000000e+01 3.1200000000000000e-01 1.0803137569999999e+03
3.1348252300000001e+02 3.1268290000000000e+01 3.1744000000000000e-01 1.0860362829999999e+03
3.1940606100000002e+02 3.3136367000000000e+01 3.2288000000000000e-01 1.0918699939999999e+03
3.2536163099999999e+02 3.5071531000000000e+01 3.2832000000000000e-01 1.0978122810000000e+03
3.3134981599999998e+02 3.7074077000000003e+01 3.3376000000000000e-01 1.1038604700000001e+03
3.3737118600000002e+02 3.9144236999999997e+01 3.3920000000000000e-01 1.1100118230000000e+03
3.4342629499999998e+02 4.1282176999999997e+01 3.4464000000000000e-01 1.1162635499999999e+03
3.4951567999999997e+02 4.3488005999999999e+01 3.5008000000000000e-01 1.1226128160000001e+03
3.5563986499999999e+02 4.5761771000000003e+01 3.5552000000000000e-01 1.1290567470000001e+03
3.6179769599999997e+02 4.7808875000000000e+01 3.6096000000000000e-01 1.1347717210000001e+03
3.6798475500000001e+02 4.9692694000000003e+01 3.6640000000000000e-01 1.1399511110000001e+03
3.7419943999999998e+02 5.1537188000000000e+01 3.7184000000000000e-01 1.1449474960000000e+03
3.8044099699999998e+02 5.3369098000000001e+01 3.7728000000000000e-01 1.1498376590000000e+03
3.8670895400000001e+02 5.5201023999999997e+01 3.8272000000000000e-01 1.1546578300000001e+03
3.9300299300000000e+02 5.7040270999999997e+01 3.8816000000000001e-01 1.1594289480000000e+03
3.9932288599999998e+02 5.8891573999999999e+01 3.9360000000000001e-01 1.1641644940000001e+03
4.0566846600000002e+02 6.0758223999999998e+01 3.9904000000000001e-01 1.1688737580000000e+03
4.1203960799999999e+02 6.2642629999999997e+01 4.0448000000000001e-01 1.1735634450000000e+03
4.1843622199999999e+02 6.4546619000000007e+01 4.0992000000000001e-01 1.1782385670000001e+03
4.2485776199999998e+02 6.6345005000000000e+01 4.1536000000000001e-01 1.1825969990000001e+03
4.3130183499999998e+02 6.8033631999999997e+01 4.2080000000000001e-01 1.1866354500000000e+03
4.3776772199999999e+02 6.9723485999999994e+01 4.2624000000000001e-01 1.1906248760000001e+03
4.4425525399999998e+02 7.1427138999999997e+01 4.3168000000000001e-01 1.1945958619999999e+03
4.5076436899999999e+02 7.3149613000000002e+01 4.3712000000000001e-01 1.1985604400000000e+03
4.5729504900000001e+02 7.4893618000000004e+01 4.4256000000000001e-01 1.2025249309999999e+03
4.6384730600000000e+02 7.6660848999999999e+01 4.4800000000000001e-01 1.2064931469999999e+03
4.7042116600000003e+02 7.8452465000000004e+01 4.5344000000000001e-01 1.2104675720000000e+03
4.7701666899999998e+02 8.0269312999999997e+01 4.5888000000000001e-01 1.2144499109999999e+03
4.8363386100000002e+02 8.2112033999999994e+01 4.6432000000000001e-01 1.2184413709999999e+03
4.9027279399999998e+02 8.3981133999999997e+01 4.6976000000000001e-01 1.2224428210000001e+03
4.9693352499999997e+02 8.5877020999999999e+01 4.7520000000000001e-01 1.2264548940000000e+03
5.0361611199999999e+02 8.7800028999999995e+01 4.8064000000000001e-01 1.2304780490000001e+03
5.1032061599999997e+02 8.9750438000000003e+01 4.8608000000000001e-01 1.2345126150000001e+03
5.1704710100000000e+02 9.1728482999999997e+01 4.9152000000000001e-01 1.2385588190000001e+03
5.2379562999999996e+02 9.3734363999999999e+01 4.9696000000000001e-01 1.2426168110000001e+03
5.3056626800000004e+02 9.5768253000000001e+01 5.0239999999999996e-01 1.2466866769999999e+03
5.3735907899999995e+02 9.7830297000000002e+01 5.0783999999999996e-01 1.2507684520000000e+03
5.4417412899999999e+02 9.9920623000000006e+01 5.1327999999999996e-01 1.2548621310000001e+03
5.5101148100000000e+02 1.0203933800000000e+02 5.1871999999999996e-01 1.2589676730000001e+03
5.5787120000000004e+02 1.0418653600000000e+02 5.2415999999999996e-01 1.2630850089999999e+03
5.6475335099999995e+02 1.0636229700000000e+02 5.2959999999999996e-01 1.2672140460000001e+03
5.7165799600000003e+02 1.0856668700000000e+02 5.3503999999999996e-01 1.2713546710000001e+03
5.7858519799999999e+02 1.1079976300000000e+02 5.4047999999999996e-01 1.2755067550000001e+03
5.8553502000000003e+02 1.1306157000000000e+02 5.4591999999999996e-01 1.2796701510000000e+03
5.9250752199999999e+02 1.1535214700000000e+02 5.5135999999999996e-01 1.2838447050000000e+03
5.9950276399999996e+02 1.1767152100000000e+02 5.5679999999999996e-01 1.2880302489999999e+03
6.0652080699999999e+02 1.2001971300000000e+02 5.6223999999999996e-01 1.2922266059999999e+03
6.1356170699999996e+02 1.2239673900000000e+02 5.6767999999999996e-01 1.2964335940000001e+03
6.2062552400000004e+02 1.2480260500000000e+02 5.7311999999999996e-01 1.3006510229999999e+03
6.2771231200000000e+02 1.2723731200000000e+02 5.7855999999999996e-01 1.3048786980000000e+03
6.3482212700000002e+02 1.2970085700000001e+02 5.8399999999999996e-01 1.3091164200000001e+03
6.4195502399999998e+02 1.3219322900000000e+02 5.8943999999999996e-01 1.3133639860000001e+03
6.4911105499999996e+02 1.3471441500000000e+02 5.9487999999999996e-01 1.3176211910000000e+03
6.5629027099999996e+02 1.3726439400000001e+02 6.0031999999999996e-01 1.3218878270000000e+03
6.6349272499999995e+02 1.3984314400000000e+02 6.0575999999999997e-01 1.3261636830000000e+03
6.7071846500000004e+02 1.4245063500000001e+02 6.1119999999999997e-01 1.3304485500000001e+03
6.7796753999999999e+02 1.4508683700000000e+02 6.1663999999999997e-01 1.3347422170000000e+03
6.8523999800000001e+02 1.4775171300000000e+02 6.2207999999999997e-01 1.3390444700000000e+03
6.9253588300000001e+02 1.5044522499999999e+02 6.2751999999999997e-01 1.3433550990000001e+03
6.9985524199999998e+02 1.5316733099999999e+02 6.3295999999999997e-01 1.3476738909999999e+03
7.0719811800000002e+02 1.5591798499999999e+02 6.3839999999999997e-01 1.3520006350000001e+03
7.1456455400000004e+02 1.5869713800000000e+02 6.4383999999999997e-01 1.3563351220000000e+03
7.2195459100000005e+02 1.6150474100000000e+02 6.4927999999999997e-01 1.3606771420000000e+03
7.2936827000000005e+02 1.6434073900000001e+02 6.5471999999999997e-01 1.3650264870000001e+03
7.3680563099999995e+02 1.6720507599999999e+02 6.6015999999999997e-01 1.3693829510000000e+03
7.4426670999999999e+02 1.7009769299999999e+02 6.6559999999999997e-01 1.3737463279999999e+03
7.5175154599999996e+02 1.7301853100000000e+02 6.7103999999999997e-01 1.3781164150000000e+03
7.5926017400000001e+02 1.7596752499999999e+02 6.7647999999999997e-01 1.3824930110000000e+03
7.6679262900000003e+02 1.7894461300000000e+02 6.8191999999999997e-01 1.3868759170000001e+03
7.7434894499999996e+02 1.8194972600000000e+02 6.8735999999999997e-01 1.3912649340000000e+03
7.8192915500000004e+02 1.8498279800000000e+02 6.9279999999999997e-01 1.3956598680000000e+03
7.8953328999999997e+02 1.8804375700000000e+02 6.9823999999999997e-01 1.4000605250000001e+03
7.9716138100000001e+02 1.9113253399999999e+02 7.0367999999999997e-01 1.4044667159999999e+03
8.0481345699999997e+02 1.9424905400000000e+02 7.0911999999999997e-01 1.4088782510000001e+03
8.1248954700000002e+02 1.9739324400000001e+02 7.1455999999999997e-01 1.4132949450000001e+03
8.2018967999999995e+02 2.0056502699999999e+02 7.1999999999999997e-01 1.4177166139999999e+03
8.2791387999999995e+02 2.0376432900000000e+02 7.2543999999999997e-01 1.4221430780000001e+03
8.3566217400000005e+02 2.0699107000000001e+02 7.3087999999999997e-01 1.4265741570000000e+03
8.4343458599999997e+02 2.1024517200000000e+02 7.3631999999999997e-01 1.4310096759999999e+03
8.5123114099999998e+02 2.1352655500000000e+02 7.4175999999999997e-01 1.4354494620000000e+03
8.5905186000000003e+02 2.1683513900000000e+02 7.4719999999999998e-01 1.4398933440000001e+03
8.6689676599999996e+02 2.2017084199999999e+02 7.5263999999999998e-01 1.4443411540000000e+03
8.7476587900000004e+02 2.2353358100000000e+02 7.5807999999999998e-01 1.4487927250000000e+03
8.8265922000000000e+02 2.2692327399999999e+02 7.6351999999999998e-01 1.4532478960000001e+03
8.9057680800000003e+02 2.3033983699999999e+02 7.6895999999999998e-01 1.4577065060000000e+03
8.9851865999999995e+02 2.3378318600000000e+02 7.7439999999999998e-01 1.4621683969999999e+03
9.0648479499999996e+02 2.3725323499999999e+02 7.7983999999999998e-01 1.4666334139999999e+03
9.1447522900000001e+02 2.4074989900000000e+02 7.8527999999999998e-01 1.4711014040000000e+03
9.2248997799999995e+02 2.4427309299999999e+02 7.9071999999999998e-01 1.4755722180000000e+03
9.3052905599999997e+02 2.4782273000000001e+02 7.9615999999999998e-01 1.4800457070000000e+03
9.3859247800000003e+02 2.5139872299999999e+02 8.0159999999999998e-01 1.4845217270000001e+03
9.4668025799999998e+02 2.5500098600000001e+02 8.0703999999999998e-01 1.4890001350000000e+03
9.5479240700000003e+02 2.5862943000000001e+02 8.1247999999999998e-01 1.4934807920000001e+03
9.6292893800000002e+02 2.6228396900000001e+02 8.1791999999999998e-01 1.4979635590000000e+03
9.7108986100000004e+02 2.6596451400000001e+02 8.2335999999999998e-01 1.5024483020000000e+03
9.7927518799999996e+02 2.6967097799999999e+02 8.2879999999999998e-01 1.5069348880000000e+03
9.8748492699999997e+02 2.7340327100000002e+02 8.3423999999999998e-01 1.5114231870000001e+03
9.9571908900000005e+02 2.7716130700000002e+02 8.3967999999999998e-01 1.5159130700000001e+03
1.0039776800000000e+03 2.8094499500000001e+02 8.4511999999999998e-01 1.5204044130000000e+03
1.0122607090000000e+03 2.8475424900000002e+02 8.5055999999999998e-01 1.5248970919999999e+03
1.0205681820000000e+03 2.8858897800000000e+02 8.5599999999999998e-01 1.5293909870000000e+03
1.0289001060000001e+03 2.9244909400000000e+02 8.6143999999999998e-01 1.5338859769999999e+03
1.0372564870000001e+03 2.9633450900000003e+02 8.6687999999999998e-01 1.5383819480000000e+03
1.0456373289999999e+03 3.0024513300000001e+02 8.7231999999999998e-01 1.5428787840000000e+03
1.0540426370000000e+03 3.0418087900000000e+02 8.7775999999999998e-01 1.5473763739999999e+03
1.0624724150000000e+03 3.0814165700000001e+02 8.8319999999999999e-01 1.5518746070000000e+03
1.0709266650000000e+03 3.1212738000000002e+02 8.8863999999999999e-01 1.5563733769999999e+03
1.0794053910000000e+03 3.1613795800000003e+02 8.9407999999999999e-01 1.5608725760000000e+03
1.0879085950000001e+03 3.2017330299999998e+02 8.9951999999999999e-01 1.5653721020000000e+03
1.0964362770000000e+03 3.2423332799999997e+02 9.0495999999999999e-01 1.5698718520000000e+03
1.1049884400000001e+03 3.2831794300000001e+02 9.1039999999999999e-01 1.5743717280000001e+03
1.1135650830000000e+03 3.3242706199999998e+02 9.1583999999999999e-01 1.5788716310000000e+03
1.1221662060000001e+03 3.3656059699999997e+02 9.2127999999999999e-01 1.5833714649999999e+03
1.1307918090000001e+03 3.4071845900000000e+02 9.2671999999999999e-01 1.5878711380000000e+03
1.1394418900000001e+03 3.4490056299999998e+02 9.3215999999999999e-01 1.5923705560000001e+03
1.1481164480000000e+03 3.4910682100000002e+02 9.3759999999999999e-01 1.5968696299999999e+03
1.1568154810000001e+03 3.5333714600000002e+02 9.4303999999999999e-01 1.6013682719999999e+03
1.1655389860000000e+03 3.5759145300000000e+02 9.4847999999999999e-01 1.6058663939999999e+03
1.1742869599999999e+03 3.6186965400000003e+02 9.5391999999999999e-01 1.6103639140000000e+03
1.1830593990000000e+03 3.6617166400000002e+02 9.5935999999999999e-01 1.6148607469999999e+03
1.1918562999999999e+03 3.7049739799999998e+02 9.6479999999999999e-01 1.6193568130000001e+03
1.2006776589999999e+03 3.7484677099999999e+02 9.7023999999999999e-01 1.6238520320000000e+03
1.2095234690000000e+03 3.7921969700000000e+02 9.7567999999999999e-01 1.6283463270000000e+03
1.2183937269999999e+03 3.8361609199999998e+02 9.8111999999999999e-01 1.6328396210000001e+03
1.2272884260000001e+03 3.8803587399999998e+02 9.8655999999999999e-01 1.6373318409999999e+03
1.2362075609999999e+03 3.9247895699999998e+02 9.9199999999999999e-01 1.6418229140000001e+03
1.2451511250000001e+03 3.9694525900000002e+02 9.9743999999999999e-01 1.6463127689999999e+03
1.2541191100000001e+03 4.0143469800000003e+02 1.0028800000000000e+00 1.6508013370000001e+03
1.2631115110000001e+03 4.0594719099999998e+02 1.0083200000000001e+00 1.6552885500000000e+03
1.2721283189999999e+03 4.1048265800000001e+02 1.0137600000000000e+00 1.6597743430000000e+03
1.2811695270000000e+03 4.1504101700000001e+02 1.0192000000000001e+00 1.6642586500000000e+03
1.2902351249999999e+03 4.1962218799999999e+02 1.0246400000000000e+00 1.6687414100000001e+03
1.2993251069999999e+03 4.2422609299999999e+02 1.0300800000000001e+00 1.6732225619999999e+03
1.3084394620000000e+03 4.2885265199999998e+02 1.0355200000000000e+00 1.6777020470000000e+03
1.3175781820000000e+03 4.3350178799999998e+02 1.0409600000000001e+00 1.6821798070000000e+03
1.3267412560000000e+03 4.3817342500000001e+02 1.0464000000000000e+00 1.6866557869999999e+03
1.3359286760000000e+03 4.4286748799999998e+02 1.0518400000000001e+00 1.6911299340000000e+03
1.3451404310000000e+03 4.4758390200000002e+02 1.0572800000000000e+00 1.6956021960000000e+03
1.3543765100000001e+03 4.5232259499999998e+02 1.0627200000000001e+00 1.7000725259999999e+03
1.3636369030000001e+03 4.5708349800000002e+02 1.0681600000000000e+00 1.7045408780000000e+03
1.3729215999999999e+03 4.6186654399999998e+02 1.0736000000000001e+00 1.7090072080000000e+03
1.3822305879999999e+03 4.6667166900000001e+02 1.0790400000000000e+00 1.7134714779999999e+03
1.3915638570000001e+03 4.7149881399999998e+02 1.0844800000000001e+00 1.7179336550000000e+03
1.4009213950000001e+03 4.7634792900000002e+02 1.0899200000000000e+00 1.7223937129999999e+03
1.4103031910000000e+03 4.8121897400000000e+02 1.0953599999999999e+00 1.7268516360000001e+03
1.4197092319999999e+03 4.8611193200000002e+02 1.1008000000000000e+00 1.7313074320000001e+03
1.4291395090000001e+03 4.9102683700000000e+02 1.1062399999999999e+00 1.7357611500000000e+03
1.4385940089999999e+03 4.9596398599999998e+02 1.1116800000000000e+00 1.7402130790000001e+03
1.4480727230000000e+03 5.0092323800000003e+02 1.1171199999999999e+00 1.7446631110000001e+03
1.4575756389999999e+03 5.0590358800000001e+02 1.1225600000000000e+00 1.7491103660000001e+03
1.4671027409999999e+03 5.1090495700000002e+02 1.1279999999999999e+00 1.7535548020000001e+03
1.4766540130000001e+03 5.1592727000000002e+02 1.1334400000000000e+00 1.7579963780000000e+03
1.4862294410000000e+03 5.2097045100000003e+02 1.1388799999999999e+00 1.7624350549999999e+03
1.4958290079999999e+03 5.2603442399999994e+02 1.1443200000000000e+00 1.7668707950000000e+03
1.5054526969999999e+03 5.3111911399999997e+02 1.1497599999999999e+00 1.7713035590000000e+03
1.5151004940000000e+03 5.3622444700000005e+02 1.1552000000000000e+00 1.7757333120000001e+03
1.5247723800000001e+03 5.4135034700000006e+02 1.1606399999999999e+00 1.7801600160000000e+03
1.5344683399999999e+03 5.4649674200000004e+02 1.1660800000000000e+00 1.7845836380000001e+03
1.5441883570000000e+03 5.5166355799999997e+02 1.1715199999999999e+00 1.7890041440000000e+03
1.5539324130000000e+03 5.5685072200000002e+02 1.1769600000000000e+00 1.7934214990000000e+03
1.5637004919999999e+03 5.6205816300000004e+02 1.1823999999999999e+00 1.7978356730000000e+03
1.5734925760000001e+03 5.6728580699999998e+02 1.1878400000000000e+00 1.8022466330000000e+03
1.5833086470000001e+03 5.7253358300000002e+02 1.1932799999999999e+00 1.8066543480000000e+03
1.5931486870000001e+03 5.7780142100000000e+02 1.1987200000000000e+00 1.8110587889999999e+03
1.6030126800000000e+03 5.8308924900000000e+02 1.2041599999999999e+00 1.8154599270000001e+03
1.6129006059999999e+03 5.8839699800000005e+02 1.2096000000000000e+00 1.8198577319999999e+03
1.6228124479999999e+03 5.9372459700000002e+02 1.2150399999999999e+00 1.8242521780000000e+03
1.6327481869999999e+03 5.9907197699999995e+02 1.2204800000000000e+00 1.8286432380000001e+03
1.6427078039999999e+03 6.0443907000000002e+02 1.2259199999999999e+00 1.8330308840000000e+03
1.6526912820000000e+03 6.0982580599999994e+02 1.2313600000000000e+00 1.8374150920000000e+03
1.6626986010000001e+03 6.1523211700000002e+02 1.2367999999999999e+00 1.8417958369999999e+03
1.6727297420000000e+03 6.2065793699999995e+02 1.2422400000000000e+00 1.8461730950000001e+03
1.6827846860000000e+03 6.2610319600000003e+02 1.2476799999999999e+00 1.8505468410000001e+03
1.6928634150000000e+03 6.3156782999999996e+02 1.2531200000000000e+00 1.8549170529999999e+03
1.7029659079999999e+03 6.3705177100000003e+02 1.2585599999999999e+00 1.8592837090000000e+03
1.7130921470000001e+03 6.4255495299999995e+02 1.2640000000000000e+00 1.8636467869999999e+03
1.7232421119999999e+03 6.4807731000000001e+02 1.2694399999999999e+00 1.8680062660000001e+03
1.7334157829999999e+03 6.5361877800000002e+02 1.2748800000000000e+00 1.8723621250000001e+03
1.7436131399999999e+03 6.5917929100000003e+02 1.2803199999999999e+00 1.8767143440000000e+03
1.7538341640000001e+03 6.6475878499999999e+02 1.2857600000000000e+00 1.8810629039999999e+03
1.7640788350000000e+03 6.7035719500000005e+02 1.2911999999999999e+00 1.8854077870000001e+03
1.7743471320000001e+03 6.7597445900000002e+02 1.2966400000000000e+00 1.8897489740000001e+03
1.7846390360000000e+03 6.8161051299999997e+02 1.3020799999999999e+00 1.8940864460000000e+03
1.7949545260000000e+03 6.8726529400000004e+02 1.3075200000000000e+00 1.8984201880000001e+03
1.8052935820000000e+03 6.9293873900000006e+02 1.3129599999999999e+00 1.9027501820000000e+03
1.8156561830000001e+03 6.9863078599999994e+02 1.3184000000000000e+00 1.9070764110000000e+03
1.8260423100000000e+03 7.0434137499999997e+02 1.3238399999999999e+00 1.9113988609999999e+03
1.8364519399999999e+03 7.1007044199999996e+02 1.3292800000000000e+00 1.9157175159999999e+03
1.8468850540000001e+03 7.1581792800000005e+02 1.3347199999999999e+00 1.9200323610000000e+03
1.8573416310000000e+03 7.2158377099999996e+02 1.3401600000000000e+00 1.9243433809999999e+03
1.8678216500000001e+03 7.2736791100000005e+02 1.3455999999999999e+00 1.9286505629999999e+03
1.8783250900000000e+03 7.3317028900000003e+02 1.3510400000000000e+00 1.9329538940000000e+03
1.8888519300000000e+03 7.3899084400000004e+02 1.3564799999999999e+00 1.9372533599999999e+03
1.8994021490000000e+03 7.4482951800000001e+02 1.3619200000000000e+00 1.9415489490000000e+03
1.9099757259999999e+03 7.5068625199999997e+02 1.3673599999999999e+00 1.9458406480000001e+03
1.9205726390000000e+03 7.5656098799999995e+02 1.3728000000000000e+00 1.9501284459999999e+03
1.9311928330000001e+03 7.6242311900000004e+02 1.3782399999999999e+00 1.9543901430000001e+03
1.9418361000000000e+03 7.6826020200000005e+02 1.3836800000000000e+00 1.9586169010000001e+03
1.9525023120000001e+03 7.7409627999999998e+02 1.3891199999999999e+00 1.9628263480000001e+03
1.9631913880000000e+03 7.7993728199999998e+02 1.3945600000000000e+00 1.9670228800000000e+03
1.9739032629999999e+03 7.8578617899999995e+02 1.3999999999999999e+00 1.9712087230000000e+03
