# epsilon[MeV/fm^3] P[MeV/fm^3] nB[fm^-3] muB[MeV]
4.3514892049562272e-07 9.0000000794219998e-12 4.6796200000000002e-10 9.2990010724260003e+02
5.4394952759824855e-07 1.2854500250148002e-11 5.8496400000000005e-10 9.2990743275720001e+02
6.8239664606092796e-07 1.8414700022552000e-11 7.3384599999999997e-10 9.2991587774760001e+02
8.5763463874259032e-07 2.6380199998860002e-11 9.2229000000000003e-10 9.2992551188760001e+02
1.0799253715994732e-06 3.7791099667920001e-11 1.1613300000000000e-09 9.2993648532329996e+02
1.3625442882637764e-06 5.4137899979800000e-11 1.4652400000000000e-09 9.2994894782519998e+02
1.7226605254650248e-06 7.7555599791040007e-11 1.8524800000000000e-09 9.2996308925910000e+02
2.1826057027272589e-06 1.1110299984364001e-10 2.3470600000000000e-09 9.2997909967860005e+02
2.7713348204539073e-06 1.5916099965360000e-10 2.9801100000000000e-09 9.2999716876169998e+02
3.5266032513682487e-06 2.2800800111288001e-10 3.7922200000000000e-09 9.3001754656409992e+02
4.4975537964996660e-06 3.2663399940042002e-10 4.8362200000000001e-09 9.3004045271789994e+02
4.5807460305493105e-06 3.3555999792714001e-10 4.9256699999999996e-09 9.3004228160820003e+02
4.7281205653478515e-06 3.3656599963290001e-10 5.0841300000000003e-09 9.3004248152130003e+02
6.5759177435918250e-06 5.4515600232911993e-10 7.0708799999999999e-09 9.3007696075620004e+02
9.1998724984833464e-06 8.8567000200420000e-10 9.8920399999999997e-09 9.3011730648750006e+02
1.2918168885426129e-05 1.4388700552640002e-09 1.3889600000000001e-08 9.3016406831190000e+02
1.8201380444258739e-05 2.3376200076990001e-09 1.9569300000000001e-08 9.3021808578930006e+02
2.5725895950178280e-05 3.7977398937599994e-09 2.7657999999999999e-08 9.3028025838780002e+02
3.6463989818522291e-05 6.1698799253159997e-09 3.9200400000000002e-08 9.3035162548649998e+02
5.1813630126296458e-05 1.0023700173792000e-08 5.5698400000000002e-08 9.3043332628019994e+02
7.3785560512054020e-05 1.6284700005120000e-08 7.9311899999999997e-08 9.3052664006250006e+02
1.0527189036420272e-04 2.6456400399219999e-08 1.1314700000000000e-07 9.3063298613190000e+02
1.5043483705694415e-04 4.2981499428689995e-08 1.6167299999999999e-07 9.3075400323120004e+02
1.5143539825673478e-04 4.3369399516159995e-08 1.6274800000000000e-07 9.3075639185940008e+02
1.5666718390755263e-04 4.3499599327679997e-08 1.6836899999999999e-07 9.3075719132400002e+02
1.8247319946392853e-04 5.3487099479700000e-08 1.9609400000000001e-07 9.3081203831400001e+02
2.1304949570856091e-04 6.5965099669560007e-08 2.2894200000000001e-07 9.3087079295249998e+02
2.4880173202308656e-04 8.1354199584480006e-08 2.6734800000000002e-07 9.3093285559410003e+02
2.9061049213158235e-04 1.0033299847065000e-07 3.1225699999999999e-07 9.3099838615049998e+02
3.3950651358852186e-04 1.2374000051775000e-07 3.6477499999999998e-07 9.3106758453479995e+02
3.9669496520679297e-04 1.5260700009555001e-07 4.2619500000000001e-07 9.3114063056550003e+02
4.6358813252914599e-04 1.8820900209407997e-07 4.9803199999999997e-07 9.3121772415570001e+02
5.4183717856390442e-04 2.3211699768180001e-07 5.8205699999999998e-07 9.3129908512530005e+02
6.3337419989345891e-04 2.8626699988691999e-07 6.8034199999999997e-07 9.3138494352930002e+02
7.4046361643000222e-04 3.5305100162730003e-07 7.9531500000000002e-07 9.3147551899979999e+02
7.4543957324912111e-04 3.5623800038969997e-07 8.0065699999999999e-07 9.3147951660449996e+02
7.7046470619140960e-04 3.5730600246279002e-07 8.2752300000000002e-07 9.3148080575760002e+02
7.7218701201869997e-04 3.5837800248323999e-07 8.2937200000000002e-07 9.3148210505190002e+02
7.7564281539113634e-04 3.6053199741144001e-07 8.3308200000000005e-07 9.3148469349929996e+02
7.7911352986319152e-04 3.6269800105895999e-07 8.3680799999999998e-07 9.3148728185280004e+02
7.8260009510663572e-04 3.6487800290032998e-07 8.4055099999999997e-07 9.3148988034750005e+02
7.8610250285012515e-04 3.6706999922346001e-07 8.4431100000000000e-07 9.3149248879559991e+02
7.8962075319254110e-04 3.6927600351839998e-07 8.4808799999999996e-07 9.3149508719639994e+02
7.9315485471188711e-04 3.7149499796798001e-07 8.5188199999999998e-07 9.3149769564450003e+02
7.9670479058673201e-04 3.7372699824480005e-07 8.5569300000000004e-07 9.3150031404599997e+02
8.0027057791247260e-04 3.7597299948234002e-07 8.5952100000000004e-07 9.3150293244750003e+02
8.0385221698387247e-04 3.7823200230633998e-07 8.6336599999999998e-07 9.3150555094289996e+02
8.0745063029167934e-04 3.8050499711466001e-07 8.6722899999999999e-07 9.3150817929779998e+02
8.1106395596088781e-04 3.8279099715107999e-07 8.7110800000000002e-07 9.3151080774659999e+02
8.1469498722525535e-04 3.8509200436278001e-07 8.7500600000000005e-07 9.3151343619540000e+02
8.1834093096975699e-04 3.8740599815679997e-07 8.7891999999999998e-07 9.3151607459759998e+02
8.3652972322216491e-04 3.8856800310954005e-07 8.9844600000000005e-07 9.3151737379799999e+02
8.9649746606902973e-04 4.2637900225708002e-07 9.6282100000000007e-07 9.3155798930399999e+02
9.6293679962426715e-04 4.6927300060880000e-07 1.0341400000000000e-06 9.3160093353000002e+02
1.0343084479593990e-03 5.1648199988999994e-07 1.1107499999999999e-06 9.3164493704189999e+02
1.1110033276598183e-03 5.6844100521450010e-07 1.1930700000000001e-06 9.3169002988770001e+02
1.1934040547386528e-03 6.2562700512179996e-07 1.2815100000000000e-06 9.3173623206809998e+02
1.2819398888523502e-03 6.8856500094819997e-07 1.3765300000000001e-06 9.3178357353719991e+02
1.3770588621277026e-03 7.5783499966439992e-07 1.4786100000000000e-06 9.3183208434300002e+02
1.4792742600387720e-03 8.3407400117300003e-07 1.5882999999999999e-06 9.3188178448619999e+02
1.5890902438860661e-03 9.1798299673799988e-07 1.7061399999999999e-06 9.3193271378040004e+02
1.7070948934908867e-03 1.0103300084124001e-06 1.8327600000000000e-06 9.3198488236679998e+02
1.7418302566492478e-03 1.0379399925766002e-06 1.8700300000000001e-06 9.3199978345169995e+02
1.8026805910135908e-03 1.0410599913928000e-06 1.9353200000000000e-06 9.3200143242960007e+02
2.0389359400714486e-03 1.2275099896319999e-06 2.1888000000000001e-06 9.3209187794249999e+02
2.3114099463439177e-03 1.4516999917321999e-06 2.4811100000000001e-06 9.3218792017709995e+02
2.6204004641994278e-03 1.7168400063888003e-06 2.8125600000000001e-06 9.3228811983419996e+02
2.9707928967162671e-03 2.0304000155634000e-06 3.1883800000000001e-06 9.3239264696670000e+02
3.3681648965264784e-03 2.4012300084080001e-06 3.6145400000000001e-06 9.3250170129989999e+02
3.8188055776886142e-03 2.8397900147328003e-06 4.0977700000000004e-06 9.3261546284010001e+02
4.3298558716110781e-03 3.3584500068246004e-06 4.6457100000000001e-06 9.3273413140649996e+02
4.9094492242661523e-03 3.9718300068571995e-06 5.2670599999999997e-06 9.3285792691289998e+02
5.5667590537662745e-03 4.6972400276543001e-06 5.9716300000000001e-06 9.3298704917850000e+02
6.3122329168583428e-03 5.5551399798486997e-06 6.7705900000000002e-06 9.3312173811779996e+02
6.3691536418958340e-03 5.6221100036384002e-06 6.8315900000000001e-06 9.3313158221820004e+02
6.6107787783348925e-03 5.6389700285964000e-06 7.0905299999999997e-06 9.3313397075249998e+02
7.1832281514335565e-03 6.2999099885847007e-06 7.7039700000000007e-06 9.3322329697740008e+02
7.8228640480689938e-03 7.0594400109160007e-06 8.3893400000000006e-06 9.3331767013950002e+02
8.5195476220300548e-03 7.9105299722335996e-06 9.1357600000000004e-06 9.3341477175390003e+02
9.2783521214718639e-03 8.8642300383220009e-06 9.9486500000000000e-06 9.3351470163630006e+02
1.0104791977484120e-02 9.9329099737559988e-06 1.0833900000000000e-05 9.3361751969490001e+02
1.1005037422914624e-02 1.1130399980334000e-05 1.1798100000000000e-05 9.3372332602710003e+02
1.1985504705131824e-02 1.2472300012974001e-05 1.2848100000000000e-05 9.3383220044789994e+02
1.3053499763127112e-02 1.3976000053347000e-05 1.3991700000000000e-05 9.3394422305399996e+02
1.4216706487829026e-02 1.5661000693130000e-05 1.5237100000000000e-05 9.3405949366109996e+02
1.5483652631007537e-02 1.7549100191680000e-05 1.6593399999999999e-05 9.3417811227269999e+02
1.5623499832828706e-02 1.7760599953030001e-05 1.6743099999999999e-05 9.3419079468840005e+02
1.6269961736847121e-02 1.7813900213129999e-05 1.7435099999999998e-05 9.3419395273319992e+02
1.7094324515795702e-02 1.9027400207749999e-05 1.8317499999999999e-05 9.3426180186839997e+02
1.8000874089488257e-02 2.0384500450440000e-05 1.9287799999999999e-05 9.3433394852489994e+02
1.8955614232225096e-02 2.1838399047120000e-05 2.0309599999999999e-05 9.3440734433310001e+02
1.9960983560824267e-02 2.3396100553499999e-05 2.1385500000000000e-05 9.3448202938830002e+02
2.1019794814794490e-02 2.5064799654149998e-05 2.2518500000000001e-05 9.3455801364390004e+02
2.2134768910989058e-02 2.6852600343399999e-05 2.3711500000000002e-05 9.3463531710059999e+02
2.3309000859656603e-02 2.8767899159999994e-05 2.4967799999999998e-05 9.3471396971249999e+02
2.4545494036103295e-02 3.0819700065419999e-05 2.6290599999999999e-05 9.3479400162150000e+02
2.5847718880420045e-02 3.3017999946119998e-05 2.7683600000000000e-05 9.3487541254589996e+02
2.7219055484112444e-02 3.5372998881120002e-05 2.9150400000000001e-05 9.3495825272219997e+02
2.7775365070038964e-02 3.6339601209739997e-05 2.9745400000000002e-05 9.3499105302509997e+02
2.8289610775747390e-02 3.6448598719180002e-05 3.0295400000000001e-05 9.3499466085090000e+02
2.8802930737171755e-02 3.7332599735440002e-05 3.0844399999999999e-05 9.3502356336480000e+02
2.9391538203060320e-02 3.8352800962709990e-05 3.1473899999999997e-05 9.3505628375879996e+02
2.9992229144074897e-02 3.9400800335690003e-05 3.2116300000000003e-05 9.3508923392610006e+02
3.0605097595990186e-02 4.0477499896860003e-05 3.2771700000000003e-05 9.3512239395989991e+02
3.1230612131930052e-02 4.1583600119840003e-05 3.3440600000000000e-05 9.3515578386089999e+02
3.1868867160453597e-02 4.2719998743180005e-05 3.4123099999999999e-05 9.3518940362910007e+02
3.2520144922003676e-02 4.3887298648500002e-05 3.4819500000000001e-05 9.3522325326449993e+02
3.3184820445813230e-02 4.5086601561120004e-05 3.5530200000000001e-05 9.3525732271979996e+02
3.3862987887692660e-02 4.6318701748649993e-05 3.6255299999999998e-05 9.3529163208960006e+02
3.4555116462740516e-02 4.7584401826990007e-05 3.6995300000000001e-05 9.3532617123270006e+02
3.4710848908415574e-02 4.7870299693839997e-05 3.7161800000000001e-05 9.3533387666670001e+02
3.5705765632703390e-02 4.8013899962450004e-05 3.8225500000000002e-05 9.3533768431169995e+02
3.6190650245182691e-02 4.8884701265269996e-05 3.8743900000000000e-05 9.3536029073669999e+02
3.6764595537185744e-02 4.9920498059249994e-05 3.9357499999999997e-05 9.3538680481020003e+02
3.7347724170046170e-02 5.0978398185919999e-05 3.9980900000000002e-05 9.3541345870079999e+02
3.7940129948432849e-02 5.2058599241440000e-05 4.0614200000000002e-05 9.3544024264290010e+02
3.8541907483377907e-02 5.3161699756499999e-05 4.1257500000000003e-05 9.3546717635549999e+02
3.9153244015328124e-02 5.4288198430999997e-05 4.1910999999999999e-05 9.3549425007299999e+02
3.9774234210732992e-02 5.5438601263319996e-05 4.2574799999999998e-05 9.3552146370150001e+02
4.0405159191034282e-02 5.6613297948239995e-05 4.3249199999999999e-05 9.3554882728830000e+02
4.1046019389420471e-02 5.7812899551080002e-05 4.3934199999999997e-05 9.3557633069220003e+02
4.1697190276124625e-02 5.9037997871239995e-05 4.4630199999999998e-05 9.3560397410099995e+02
4.2358578444415006e-02 6.0288999023690009e-05 4.5337100000000003e-05 9.3563177732760005e+02
4.2549448380963861e-02 6.0651299975859995e-05 4.5541099999999997e-05 9.3563974248900001e+02
4.3740238175900857e-02 6.0833198906699995e-05 4.6813800000000002e-05 9.3564365013750000e+02
4.5854886274473032e-02 6.4782902450840000e-05 4.9073799999999998e-05 9.3572599057799994e+02
4.8180087401599556e-02 6.9195997901699998e-05 5.1558599999999998e-05 9.3581365787159996e+02
5.0623240020302433e-02 7.3909702371599995e-05 5.4169200000000003e-05 9.3590278418340006e+02
5.3190452397117956e-02 7.8944498346630003e-05 5.6912100000000000e-05 9.3599338970190001e+02
5.5887837732656438e-02 8.4322299027779992e-05 5.9793799999999997e-05 9.3608550419339997e+02
5.8722166587791814e-02 9.0066499795649990e-05 6.2821499999999995e-05 9.3617915789369999e+02
6.1700398546921942e-02 9.6201898222459989e-05 6.6002599999999997e-05 9.3627437052180005e+02
6.4829683480590566e-02 1.0275499726340999e-04 6.9344700000000000e-05 9.3637116226620003e+02
6.8117831355171340e-02 1.0975499711746999e-04 7.2856100000000002e-05 9.3646956308100005e+02
7.1572933822013338e-02 1.1723199746169999e-04 7.6545399999999994e-05 9.3656960282640000e+02
7.2872355791586060e-02 1.2007500056640000e-04 7.7932800000000000e-05 9.3660639068670002e+02
7.6294350046888545e-02 1.2043499631464001e-04 8.1586400000000002e-05 9.3661091798129996e+02
7.8557740452832786e-02 1.2521799885310001e-04 8.4002899999999995e-05 9.3666865324139997e+02
8.1070439170188191e-02 1.3058099681828001e-04 8.6685400000000002e-05 9.3673145543940007e+02
8.3663493660002267e-02 1.3617299667415003e-04 8.9453500000000007e-05 9.3679492723830003e+02
8.6339540033127660e-02 1.4200499619000000e-04 9.2310000000000002e-05 9.3685905859080003e+02
8.9101308842231525e-02 1.4808700429182000e-04 9.5257800000000001e-05 9.3692387963880003e+02
9.1951438062670962e-02 1.5442999846642999e-04 9.8299699999999997e-05 9.3698938014720000e+02
9.3544637803481184e-02 1.5800363917307320e-04 1.0000000000000000e-04 9.3702641442654260e+02
9.5904716068497750e-02 1.5996088912767319e-04 1.0251846414764263e-04 9.3704756266419736e+02
9.8324337772323744e-02 1.6198425481029417e-04 1.0510040923830483e-04 9.3706887290824898e+02
1.0080500516221845e-01 1.6407596960430225e-04 1.0774743492761303e-04 9.3709034650946330e+02
1.0334825838628919e-01 1.6623834233655331e-04 1.1046118116545103e-04 9.3711198483003363e+02
1.0595567644970831e-01 1.6847375982586755e-04 1.1324332921042456e-04 9.3713378924367555e+02
1.0862887819505491e-01 1.7078468951759086e-04 1.1609560266984837e-04 9.3715576113572536e+02
1.1136952330739014e-01 1.7317368220715187e-04 1.1901976856589806e-04 9.3717790190323785e+02
1.1417931334468980e-01 1.7564337485562008e-04 1.2201763842858424e-04 9.3720021295508252e+02
1.1705999279427433e-01 1.7819649350037347e-04 1.2509106941622255e-04 9.3722269571204538e+02
1.2001335015589190e-01 1.8083585626408840e-04 1.2824196546409134e-04 9.3724535160692938e+02
1.2304121905212703e-01 1.8356437646537254e-04 1.3147227846198548e-04 9.3726818208465295e+02
1.2614547936682419e-01 1.8638506583447509e-04 1.3478400946139151e-04 9.3729118860235474e+02
1.2932805841223319e-01 1.8930103783762296e-04 1.3817920991302990e-04 9.3731437262949419e+02
1.3259093212560114e-01 1.9231551111365325e-04 1.4165998293552654e-04 9.3733773564795774e+02
1.3593612629595336e-01 1.9543181302673435e-04 1.4522848461599605e-04 9.3736127915216161e+02
1.3936571782182577e-01 1.9865338333909806e-04 1.4888692534333932e-04 9.3738500464915739e+02
1.4288183600072882e-01 2.0198377800783606e-04 1.5263757117507610e-04 9.3740891365873972e+02
1.4648666385114389e-01 2.0542667310995176e-04 1.5648274523855671e-04 9.3743300771355291e+02
1.5018243946787307e-01 2.0898586890000028e-04 1.6042482916741555e-04 9.3745728835919874e+02
1.5397145741158361e-01 2.1266529400479499e-04 1.6446626457415273e-04 9.3748175715434684e+02
1.5785607013340952e-01 2.1646900975981075e-04 1.6860955455975054e-04 9.3750641567084392e+02
1.6183868943549551e-01 2.2040121469207077e-04 1.7285726526125635e-04 9.3753126549382569e+02
1.6592178796838933e-01 2.2446624915446482e-04 1.7721202743828490e-04 9.3755630822182854e+02
1.7010790076621243e-01 2.2866860011661410e-04 1.8167653809941819e-04 9.3758154546690218e+02
1.7439962682056240e-01 2.3301290611757154e-04 1.8625356216950479e-04 9.3760697885472439e+02
1.7879963069412369e-01 2.3750396238582334e-04 1.9094593419888642e-04 9.3763261002471575e+02
1.8331064417498924e-01 2.4214672613224425e-04 1.9575656011560475e-04 9.3765844063015675e+02
1.8793546797271926e-01 2.4694632202184794e-04 2.0068841902166822e-04 9.3768447233830250e+02
1.9267697345719101e-01 2.5190804783037292e-04 2.0574456503448513e-04 9.3771070683050266e+02
1.9753810444131850e-01 2.5703738029194718e-04 2.1092812917459776e-04 9.3773714580232047e+02
2.0252187900874941e-01 2.6233998114428669e-04 2.1624232130088052e-04 9.3776379096365145e+02
2.0763139138767353e-01 2.6782170337810002e-04 2.2169043209439360e-04 9.3779064403884695e+02
2.1286981387190659e-01 2.7348859769759715e-04 2.2727583509211491e-04 9.3781770676683334e+02
2.1824039879044169e-01 2.7934691919923374e-04 2.3300198877180167e-04 9.3784498090123850e+02
2.2374648052669166e-01 2.8540313427606330e-04 2.3887243868926742e-04 9.3787246821051315e+02
2.2939147758867551e-01 2.9166392775531696e-04 2.4489081966938824e-04 9.3790017047805895e+02
2.3517889473143466e-01 2.9813621027709034e-04 2.5106085805218974e-04 9.3792808950235292e+02
2.4111232513299660e-01 3.0482712592228229e-04 2.5738637399539614e-04 9.3795622709707663e+02
2.4719545262523659e-01 3.1174406009820379e-04 2.6387128383485991e-04 9.3798458509124339e+02
2.5343205398102309e-01 3.1889464769056287e-04 2.7051960250432463e-04 9.3801316532932992e+02
2.5982600125906641e-01 3.2628678149082264e-04 2.7733544601601159e-04 9.3804196967140547e+02
2.6638126420792635e-01 3.3392862090823373e-04 2.8432303400355541e-04 9.3807099999326601e+02
2.7310191273067219e-01 3.4182860097616046e-04 2.9148669232885688e-04 9.3810025818656459e+02
2.7999211941172386e-01 3.4999544166263775e-04 2.9883085575445274e-04 9.3812974615894984e+02
2.8705616210744467e-01 3.5843815749543931e-04 3.0636007068305304e-04 9.3815946583419770e+02
2.9429842660209254e-01 3.6716606751227880e-04 3.1407899796592656e-04 9.3818941915235030e+02
3.0172340933077990e-01 3.7618880554712852e-04 3.2199241578186543e-04 9.3821960806985328e+02
3.0933572017113214e-01 3.8551633086400901e-04 3.3010522258850012e-04 9.3825003455969534e+02
3.1714008530537785e-01 3.9515893914998646e-04 3.3842244014777885e-04 9.3828070061154870e+02
3.2514135015464812e-01 4.0512727387951333e-04 3.4694921662747511e-04 9.3831160823191044e+02
3.3334448238730685e-01 4.1543233806265510e-04 3.5569082978062993e-04 9.3834275944424508e+02
3.4175457500317885e-01 4.2608550639017077e-04 3.6465269020488357e-04 9.3837415628912970e+02
3.5037684949559184e-01 4.3709853778885373e-04 3.7384034468370439e-04 9.3840580082439817e+02
3.5921665909319500e-01 4.4848358840099048e-04 3.8325947961156628e-04 9.3843769512528911e+02
3.6827949208356614e-01 4.6025322500226393e-04 3.9291592450518348e-04 9.3846984128459235e+02
3.7757097522067240e-01 4.7242043887291341e-04 4.0281565560296119e-04 9.3850224141279932e+02
3.8709687721829872e-01 4.8499866013746031e-04 4.1296479955487493e-04 9.3853489763825291e+02
3.9686311233161370e-01 4.9800177258882807e-04 4.2336963720504745e-04 9.3856781210729957e+02
4.0687574402909626e-01 5.1144412901322101e-04 4.3403660746934826e-04 9.3860098698444290e+02
4.1714098875710326e-01 5.2534056703267451e-04 4.4497231131040104e-04 9.3863442445249780e+02
4.2766521979941441e-01 5.3970642548276646e-04 4.5618351581243989e-04 9.3866812671274579e+02
4.3845497123415206e-01 5.5455756134356561e-04 4.6767715835852063e-04 9.3870209598509302e+02
4.4951694199053110e-01 5.6991036724250612e-04 4.7946035091265318e-04 9.3873633450822979e+02
4.6085800000795901e-01 5.8578178954850715e-04 4.9154038440948856e-04 9.3877084453978773e+02
4.7248518650006710e-01 6.0218934707731127e-04 5.0392473325425484e-04 9.3880562835650403e+02
4.8440572032632134e-01 6.1915115042868629e-04 5.1662105993570905e-04 9.3884068825438328e+02
4.9662700247392610e-01 6.3668592197683657e-04 5.2963721975493887e-04 9.3887602654886109e+02
5.0915662065280387e-01 6.5481301653608930e-04 5.4298126567291791e-04 9.3891164557497132e+02
5.2200235400650385e-01 6.7355244272466444e-04 5.5666145327979376e-04 9.3894754768751147e+02
5.3517217794196381e-01 6.9292488505011168e-04 5.7068624588895920e-04 9.3898373526121293e+02
5.4867426908112471e-01 7.1295172674079197e-04 5.8506431975903766e-04 9.3902021069091006e+02
5.6251701033747092e-01 7.3365507334860339e-04 5.9980456944698599e-04 9.3905697639171228e+02
5.7670899612064908e-01 7.5505777714900569e-04 6.1491611329560572e-04 9.3909403479917682e+02
5.9125903767239696e-01 7.7718346236527484e-04 6.3040829905882843e-04 9.3913138836948383e+02
6.0617616853709411e-01 8.0005655124483184e-04 6.4629070966823140e-04 9.3916903957961233e+02
6.2146965017033173e-01 8.2370229101642618e-04 6.6257316914432221e-04 9.3920699092751784e+02
6.3714897768898349e-01 8.4814678175793175e-04 6.7926574865621978e-04 9.3924524493231195e+02
6.5322388576634771e-01 8.7341700520551292e-04 6.9637877273345317e-04 9.3928380413444381e+02
6.6970435467601985e-01 8.9954085453596336e-04 7.1392282563368964e-04 9.3932267109588031e+02
6.8660061648824944e-01 9.2654716515508839e-04 7.3190875787029633e-04 9.3936184840029364e+02
7.0392316142262701e-01 9.5446574652611701e-04 7.5034769290374724e-04 9.3940133865324367e+02
7.2168274436104596e-01 9.8332741507327348e-04 7.6925103400097368e-04 9.3944114448236735e+02
7.3989039152498226e-01 1.0131640281968305e-03 7.8863047126687038e-04 9.3948126853756753e+02
7.5855740732123900e-01 1.0440085194371861e-03 8.0849798885226996e-04 9.3952171349120295e+02
7.7769538136040439e-01 1.0758949348267802e-03 8.2886587234280577e-04 9.3956248203828045e+02
7.9731619565238243e-01 1.1088584704699786e-03 8.4974671633319379e-04 9.3960357689665057e+02
8.1743203198346115e-01 1.1429355113923953e-03 8.7115343219157989e-04 9.3964500080720165e+02
8.3805537947950215e-01 1.1781636717025498e-03 8.9309925601871302e-04 9.3968675653405796e+02
8.5919904235994327e-01 1.2145818361101745e-03 9.1559775680682140e-04 9.3972884686477994e+02
8.8087614788743163e-01 1.2522302028470122e-03 9.3866284480319836e-04 9.3977127461056284e+02
9.0310015451802084e-01 1.2911503280374692e-03 9.6230878008361786e-04 9.3981404260644183e+02
9.2588486025699313e-01 1.3313851715681102e-03 9.8655018134083893e-04 9.3985715371149604e+02
9.4924441122549430e-01 1.3729791445066170e-03 1.0114020348935848e-03 9.3990061080905446e+02
9.7319331044330015e-01 1.4159781581225570e-03 1.0368797039215141e-03 9.3994441680690386e+02
9.9774642683316617e-01 1.4604296745640679e-03 1.0629989379318434e-03 9.3998857463750039e+02
1.0229190044523533e+00 1.5063827592463968e-03 1.0897758824634236e-03 9.4003308725817999e+02
1.0487266719570592e+00 1.5538881350101201e-03 1.1172270890342094e-03 9.4007795765137394e+02
1.0751854523056306e+00 1.6029982381088209e-03 1.1453695253382194e-03 9.4012318882482180e+02
1.1023117727065856e+00 1.6537672760880311e-03 1.1742205856982277e-03 9.4016878381179288e+02
1.1301224748176142e+00 1.7062512876193077e-03 1.2037981017805901e-03 9.4021474567130190e+02
1.1586348252018979e+00 1.7605082043555124e-03 1.2341203535787650e-03 9.4026107748833397e+02
1.1878665260482342e+00 1.8165979148755463e-03 1.2652060806722532e-03 9.4030778237406582e+02
1.2178357261616246e+00 1.8745823307891381e-03 1.2970744937678465e-03 9.4035486346609196e+02
1.2485610322311482e+00 1.9345254550746430e-03 1.3297452865302537e-03 9.4040232392865278e+02
1.2800615203821186e+00 1.9964934527252889e-03 1.3632386477093381e-03 9.4045016695286415e+02
1.3123567480196929e+00 2.0605547237818427e-03 1.3975752735713965e-03 9.4049839575694693e+02
1.3454667659712920e+00 2.1267799788323178e-03 1.4327763806420732e-03 9.4054701358646366e+02
1.3794121309353624e+00 2.1952423170620516e-03 1.4688637187687157e-03 9.4059602371455242e+02
1.4142139182442184e+00 2.2660173069403112e-03 1.5058595845101588e-03 9.4064542944216510e+02
1.4498937349488790e+00 2.3391830696324802e-03 1.5437868348621246e-03 9.4069523409830742e+02
1.4864737332340310e+00 2.4148203652299065e-03 1.5826689013266331e-03 9.4074544104028132e+02
1.5239766241714430e+00 2.4930126818925847e-03 1.6225298043340292e-03 9.4079605365392854e+02
1.5624256918203687e+00 2.5738463280030707e-03 1.6633941680264388e-03 9.4084707535387793e+02
1.6018448076836993e+00 2.6574105274333459e-03 1.7052872354116969e-03 9.4089850958379316e+02
1.6422584455288309e+00 2.7437975180297893e-03 1.7482348838970025e-03 9.4095035981662534e+02
1.6836916965824604e+00 2.8331026534249635e-03 1.7922636412118066e-03 9.4100262955486403e+02
1.7261702851087311e+00 2.9254245082885894e-03 1.8374007017296480e-03 9.4105532233079327e+02
1.7697205843804114e+00 3.0208649871338975e-03 1.8836739431989187e-03 9.4110844170675091e+02
1.8143696330530137e+00 3.1195294367994393e-03 1.9311119438927826e-03 9.4116199127538619e+02
1.8601451519520256e+00 3.2215267627305304e-03 1.9797440001887113e-03 9.4121597465992465e+02
1.9070755612836710e+00 3.3269695491886654e-03 2.0296001445883915e-03 9.4127039551442999e+02
1.9551899982798913e+00 3.4359741835216025e-03 2.0807111641889860e-03 9.4132525752407389e+02
2.0045183352884974e+00 3.5486609846312718e-03 2.1331086196170481e-03 9.4138056440540390e+02
2.0550911983197282e+00 3.6651543357813276e-03 2.1868248644366373e-03 9.4143631990661481e+02
2.1069399860607256e+00 3.7855828218909182e-03 2.2418930650434771e-03 9.4149252780782524e+02
2.1600968893697376e+00 3.9100793714662392e-03 2.2983472210573175e-03 9.4154919192135264e+02
2.2145949112621444e+00 4.0387814033265050e-03 2.3562221862249225e-03 9.4160631609199288e+02
2.2704678874007249e+00 4.1718309782863283e-03 2.4155536898464538e-03 9.4166390419730226e+02
2.3277505071028783e+00 4.3093749559619020e-03 2.4763783587383134e-03 9.4172196014788233e+02
2.3864783348778480e+00 4.4515651568740938e-03 2.5387337397458436e-03 9.4178048788766705e+02
2.4466878325073154e+00 4.5985585300273527e-03 2.6026583228196251e-03 9.4183949139420974e+02
2.5084163816830767e+00 4.7505173261494348e-03 2.6681915646694161e-03 9.4189897467897993e+02
2.5717023072158538e+00 4.9076092767831331e-03 2.7353739130101975e-03 9.4195894178765286e+02
2.6365849008296500e+00 5.0700077794277165e-03 2.8042468314150568e-03 9.4201939680041176e+02
2.7031044455564275e+00 5.2378920889344441e-03 2.8748528247901067e-03 9.4208034383224413e+02
2.7713022407462438e+00 5.4114475153673779e-03 2.9472354654869210e-03 9.4214178703324694e+02
2.8412206277083820e+00 5.5908656285479320e-03 3.0214394200684266e-03 9.4220373058893165e+02
2.9129030159993943e+00 5.7763444695089197e-03 3.0975104767445505e-03 9.4226617872053271e+02
2.9863939103743737e+00 5.9680887690914883e-03 3.1754955734943310e-03 9.4232913568531774e+02
3.0617389384181943e+00 6.1663101739262427e-03 3.2554428268916180e-03 9.4239260577690345e+02
3.1389848788738717e+00 6.3712274800480076e-03 3.3374015616519336e-03 9.4245659332557022e+02
3.2181796906856306e+00 6.5830668744020432e-03 3.4214223409184540e-03 9.4252110269858417e+02
3.2993725427747131e+00 6.8020621845083515e-03 3.5075569973055769e-03 9.4258613830051718e+02
3.3826138445664147e+00 7.0284551365595947e-03 3.5958586647189439e-03 9.4265170457357567e+02
3.4679552772872988e+00 7.2624956222375591e-03 3.6863818109713121e-03 9.4271780599792589e+02
3.5554498260520235e+00 7.5044419745426390e-03 3.7791822712140858e-03 9.4278444709202790e+02
3.6451518127596998e+00 7.7545612529408281e-03 3.8743172822048736e-03 9.4285163241296846e+02
3.7371169298202065e+00 8.0131295381429390e-03 3.9718455174318958e-03 9.4291936655680013e+02
3.8314022747314018e+00 8.2804322368414552e-03 4.0718271231166203e-03 9.4298765415888010e+02
3.9280663855286972e+00 8.5567643967413391e-03 4.1743237551164899e-03 9.4305649989421636e+02
4.0271692771290040e+00 8.8424310322325825e-03 4.2793986167502119e-03 9.4312590847781223e+02
4.1287724785916211e+00 9.1377474610639386e-03 4.3871164975685722e-03 9.4319588466501796e+02
4.2329390713191835e+00 9.4430396523894327e-03 4.4975438130943355e-03 9.4326643325188411e+02
4.3397337282224138e+00 9.7586445865719077e-03 4.6107486455554056e-03 9.4333755907551779e+02
4.4492227538729665e+00 1.0084910627140651e-02 4.7268007856359640e-03 9.4340926701444073e+02
4.5614741256693074e+00 1.0422197905313740e-02 4.8457717752709416e-03 9.4348156198895538e+02
4.6765575360411944e+00 1.0770878717509523e-02 4.9677349515098446e-03 9.4355444896150971e+02
4.7945444357189375e+00 1.1131337936285986e-02 5.0927654914765287e-03 9.4362793293706704e+02
4.9155080780943345e+00 1.1503973435161621e-02 5.2209404584522383e-03 9.4370201896348033e+02
5.0395235647007937e+00 1.1889196527786708e-02 5.3523388491098804e-03 9.4377671213186636e+02
5.1666678918409055e+00 1.2287432421949778e-02 5.4870416419281658e-03 9.4385201757698928e+02
5.2970199983903932e+00 1.2699120688920327e-02 5.6251318468150445e-03 9.4392794047764096e+02
5.4306608148081343e+00 1.3124715748645936e-02 5.7666945559704712e-03 9.4400448605703048e+02
5.5676733133826790e+00 1.3564687371339292e-02 5.9118169960194157e-03 9.4408165958317295e+02
5.7081425597464523e+00 1.4019521196008741e-02 6.0605885814466586e-03 9.4415946636928527e+02
5.8521557656896395e+00 1.4489719266504813e-02 6.2131009693658229e-03 9.4423791177418423e+02
5.9998023433065280e+00 1.4975800585674296e-02 6.3694481156558163e-03 9.4431700120268636e+02
6.1511739605079381e+00 1.5478301688233628e-02 6.5297263324986948e-03 9.4439674010601482e+02
6.3063645979341949e+00 1.5997777232993868e-02 6.6940343473538139e-03 9.4447713398220776e+02
6.4654706073039847e+00 1.6534800615090991e-02 6.8624733634039849e-03 9.4455818837653214e+02
6.6285907712353227e+00 1.7089964598897278e-02 7.0351471215102778e-03 9.4463990888189858e+02
6.7958263645757633e+00 1.7663881972312362e-02 7.2121619637129028e-03 9.4472230113928470e+02
6.9672812172799432e+00 1.8257186223156203e-02 7.3936268983167252e-03 9.4480537083815614e+02
7.1430617788734860e+00 1.8870532238410526e-02 7.5796536666006891e-03 9.4488912371689776e+02
7.3232771845432953e+00 1.9504597027080597e-02 7.7703568111915991e-03 9.4497356556324553e+02
7.5080393228952707e+00 2.0160080467475194e-02 7.9658537461435933e-03 9.4505870221472196e+02
7.6974629054215082e+00 2.0837706079729644e-02 8.1662648287656927e-03 9.4514453955907732e+02
7.8916655377201224e+00 2.1538221824424567e-02 8.3717134332408627e-03 9.4523108353473378e+02
8.0907677925119010e+00 2.2262400928181960e-02 8.5823260260811142e-03 9.4531834013123341e+02
8.2948932844991354e+00 2.3011042737149802e-02 8.7982322434641963e-03 9.4540631538969376e+02
8.5041687471130878e+00 2.3784973599317302e-02 9.0195649704987117e-03 9.4549501540326241e+02
8.7187241111977603e+00 2.4585047776634662e-02 9.2464604224654426e-03 9.4558444631757914e+02
8.9386925856788046e+00 2.5412148387944193e-02 9.4790582280840311e-03 9.4567461433124174e+02
9.1642107402676718e+00 2.6267188383763528e-02 9.7175015148552521e-03 9.4576552569627609e+02
9.3954185902523353e+00 2.7151111553996972e-02 9.9619369965304547e-03 9.4585718671860957e+02
9.6324596834272285e+00 2.8064893569687156e-02 1.0212515062760885e-02 9.4594960375855317e+02
9.8754811892164067e+00 2.9009543059957160e-02 1.0469389870981118e-02 9.4604278323128142e+02
1.0124633990045163e+01 2.9986102725331285e-02 1.0732719440581873e-02 9.4613673160732162e+02
1.0380072775017023e+01 3.0995650488664258e-02 1.1002665749429220e-02 9.4623145541304643e+02
1.0641956135953993e+01 3.2039300684948015e-02 1.1279394832788095e-02 9.4632696123117205e+02
1.0910446665860031e+01 3.3118205291310841e-02 1.1563076884710153e-02 9.4642325570125797e+02
1.1185711059868511e+01 3.4233555198564941e-02 1.1853886361946613e-02 9.4652034552021530e+02
1.1467920218736717e+01 3.5386581525707617e-02 1.2152002090449171e-02 9.4661823744281730e+02
1.1757249354951265e+01 3.6578556978825352e-02 1.2457607374522716e-02 9.4671693828221521e+02
1.2053878101510676e+01 3.7810797255902306e-02 1.2770890108695955e-02 9.4681645491046118e+02
1.2357990623452315e+01 3.9084662499082455e-02 1.3092042892377018e-02 9.4691679425903249e+02
1.2669775732193239e+01 4.0401558795989667e-02 1.3421263147363319e-02 9.4701796331936259e+02
1.2989427002755644e+01 4.1762939731761456e-02 1.3758753238276101e-02 9.4711996914337749e+02
1.3317142893950024e+01 4.3170307993511271e-02 1.4104720595992463e-02 9.4722281884403765e+02
1.3653126871590278e+01 4.4625217028988265e-02 1.4459377844148760e-02 9.4732651959588293e+02
1.3997587534817681e+01 4.6129272761267576e-02 1.4822942928791832e-02 9.4743107863558407e+02
1.4350738745611718e+01 4.7684135361361617e-02 1.5195639251255557e-02 9.4753650326249976e+02
1.4712799761568631e+01 4.9291521080711026e-02 1.5577695804343072e-02 9.4764280083923973e+02
1.5083995372029650e+01 5.0953204145576025e-02 1.5969347311896046e-02 9.4774997879222963e+02
1.5464556037643915e+01 5.2671018715421125e-02 1.6370834371835251e-02 9.4785804461228429e+02
1.5854718033452240e+01 5.4446860907452856e-02 1.6782403602757848e-02 9.4796700585518886e+02
1.6254723595581048e+01 5.6282690889547293e-02 1.7204307794180022e-02 9.4807687014227793e+02
1.6664821071637064e+01 5.8180535043875402e-02 1.7636806060514435e-02 9.4818764516102851e+02
1.7085265074896625e+01 6.0142488203616500e-02 1.8080163998875583e-02 9.4829933866565182e+02
1.7516316642384854e+01 6.2170715965226650e-02 1.8534653850807031e-02 9.4841195847769677e+02
1.7958243396943335e+01 6.4267457078816356e-02 1.9000554668028212e-02 9.4852551248665429e+02
1.8411319713386401e+01 6.6435025919273888e-02 1.9478152482299432e-02 9.4864000865057096e+02
1.8875826888849726e+01 6.8675815040864105e-02 1.9967740479507629e-02 9.4875545499666532e+02
1.9352053317436425e+01 7.0992297818120109e-02 2.0469619178076416e-02 9.4887185962195213e+02
1.9840294669269685e+01 7.3387031175945430e-02 2.0984096611807994e-02 9.4898923069387558e+02
2.0340854074062459e+01 7.5862658411937206e-02 2.1511488517265840e-02 9.4910757645093952e+02
2.0854042309318874e+01 7.8421912114048850e-02 2.2052118525810731e-02 9.4922690520335641e+02
2.1380177993283503e+01 8.1067617176809548e-02 2.2606318360404800e-02 9.4934722533368847e+02
2.1919587782758970e+01 8.3802693919432847e-02 2.3174428037301475e-02 9.4946854529750760e+02
2.2472606575914053e+01 8.6630161309253106e-02 2.3756796072741691e-02 9.4959087362405512e+02
2.3039577720208872e+01 8.9553140294051134e-02 2.4353779694780496e-02 9.4971421891690841e+02
2.3620853225565522e+01 9.2574857246943448e-02 2.4965745060369797e-02 9.4983858985465497e+02
2.4216793982917302e+01 9.5698647527641831e-02 2.5593067477827958e-02 9.4996399519157228e+02
2.4827769988271385e+01 9.8927959164009566e-02 2.6236131634828068e-02 9.5009044375831604e+02
2.5454160572424890e+01 1.0226635665798262e-01 2.6895331832042031e-02 9.5021794446261333e+02
2.6096354636476143e+01 1.0571752492005233e-01 2.7571072222579023e-02 9.5034650628996212e+02
2.6754750893278160e+01 1.0928527333665666e-01 2.8263767057361989e-02 9.5047613830433909e+02
2.7429758114983464e+01 1.1297353997496543e-01 2.8973840936587787e-02 9.5060684964891311e+02
2.8121795386834719e+01 1.1678639592970494e-01 2.9701729067421599e-02 9.5073864954676890e+02
2.8831292367357960e+01 1.2072804981681597e-01 3.0447877528078735e-02 9.5087154730163059e+02
2.9558689555120743e+01 1.2480285241890898e-01 3.1212743538451482e-02 9.5100555229860140e+02
3.0304438562220056e+01 1.2901530148764059e-01 3.1996795737441880e-02 9.5114067400490364e+02
3.1069002394670587e+01 1.3337004670831559e-01 3.2800514467166191e-02 9.5127692197062788e+02
3.1852855739866595e+01 1.3787189483219114e-01 3.3624392064199177e-02 9.5141430582949340e+02
3.2656485261296744e+01 1.4252581498215156e-01 3.4468933158032920e-02 9.5155283529960798e+02
3.3480389900693943e+01 1.4733694413760615e-01 3.5334654976926151e-02 9.5169252018424288e+02
3.4325081187808728e+01 1.5231059280466874e-01 3.6222087661327312e-02 9.5183337037261242e+02
3.5191083557997601e+01 1.5745225087787315e-01 3.7131774585056683e-02 9.5197539584065953e+02
3.6078934677824400e+01 1.6276759369989902e-01 3.8064272684439064e-02 9.5211860665185270e+02
3.6989185778875907e+01 1.6826248832599225e-01 3.9020152795581922e-02 9.5226301295798805e+02
3.7922401999999998e+01 1.7394299999999999e-01 4.0000000000000001e-02 9.5241044199999999e+02
4.3105271999999999e+01 2.0102600000000001e-01 4.5440000000000001e-02 9.5304532500000005e+02
4.8291255999999997e+01 2.2584799999999999e-01 5.0880000000000002e-02 9.5356123700000001e+02
5.3479776999999999e+01 2.4850300000000000e-01 5.6320000000000002e-02 9.5398403699999994e+02
5.8670397999999999e+01 2.6951599999999998e-01 6.1760000000000002e-02 9.5433978900000000e+02
6.3862825999999998e+01 2.8980099999999998e-01 6.7199999999999996e-02 9.5465395799999999e+02
6.9056899000000001e+01 3.1060300000000002e-01 7.2639999999999996e-02 9.5495086500000002e+02
7.4252585999999994e+01 3.3345700000000000e-01 7.8079999999999997e-02 9.5525335399999994e+02
7.9449977000000004e+01 3.6013499999999998e-01 8.3519999999999997e-02 9.5558260299999995e+02
8.4649270000000001e+01 3.9260099999999998e-01 8.8959999999999997e-02 9.5595804099999998e+02
8.9850764999999996e+01 4.3297799999999997e-01 9.4399999999999998e-02 9.5639733500000000e+02
9.5054852999999994e+01 4.8319699999999999e-01 9.9839999999999998e-02 9.5691330300000004e+02
1.0026191500000000e+02 5.4300899999999996e-01 1.0528000000000000e-01 9.5749531600000000e+02
1.0547238900000001e+02 6.1645700000000003e-01 1.1072000000000000e-01 9.5817411500000003e+02
1.1068685499999999e+02 7.0663299999999996e-01 1.1616000000000000e-01 9.5896770600000002e+02
1.1590597200000001e+02 8.1622099999999997e-01 1.2160000000000000e-01 9.5988817800000004e+02
1.2113045600000000e+02 9.4774099999999994e-01 1.2703999999999999e-01 9.6094470999999999e+02
1.2636106800000000e+02 1.1036010000000001e+00 1.3247999999999999e-01 9.6214444500000002e+02
1.3159860200000000e+02 1.2861050000000001e+00 1.3791999999999999e-01 9.6349291900000003e+02
1.3684387899999999e+02 1.4974630000000000e+00 1.4335999999999999e-01 9.6499433499999998e+02
1.4209774100000001e+02 1.7397879999999999e+00 1.4879999999999999e-01 9.6665176699999995e+02
1.4736104300000000e+02 2.0150950000000001e+00 1.5423999999999999e-01 9.6846732499999996e+02
1.5263464700000000e+02 2.3253059999999999e+00 1.5967999999999999e-01 9.7044228899999996e+02
1.5791942499999999e+02 2.6722489999999999e+00 1.6511999999999999e-01 9.7257723999999996e+02
1.6321624499999999e+02 3.0576610000000000e+00 1.7055999999999999e-01 9.7487216300000000e+02
1.6852597800000001e+02 3.4831949999999998e+00 1.7599999999999999e-01 9.7732654600000001e+02
1.7384948900000001e+02 3.9504199999999998e+00 1.8143999999999999e-01 9.7993946200000005e+02
1.7918763700000000e+02 4.4608260000000000e+00 1.8687999999999999e-01 9.8270964600000002e+02
1.8454127299999999e+02 5.0158329999999998e+00 1.9231999999999999e-01 9.8563555899999994e+02
1.8991124099999999e+02 5.6167910000000001e+00 1.9775999999999999e-01 9.8871543999999994e+02
1.9529837200000000e+02 6.2649869999999996e+00 2.0319999999999999e-01 9.9194735100000003e+02
2.0070348899999999e+02 6.9616470000000001e+00 2.0863999999999999e-01 9.9532921799999997e+02
2.0612740099999999e+02 7.7079409999999999e+00 2.1407999999999999e-01 9.9885885499999995e+02
2.1157090700000001e+02 8.5049840000000003e+00 2.1951999999999999e-01 1.0025339900000000e+03
2.1703479100000001e+02 9.3538390000000007e+00 2.2495999999999999e-01 1.0063522850000001e+03
2.2251982799999999e+02 1.0255516999999999e+01 2.3039999999999999e-01 1.0103113450000000e+03
2.2802677399999999e+02 1.1210982000000000e+01 2.3583999999999999e-01 1.0144087290000000e+03
2.3355637800000000e+02 1.2221145999999999e+01 2.4127999999999999e-01 1.0186419580000000e+03
2.3910937100000001e+02 1.3286873000000000e+01 2.4671999999999999e-01 1.0230085170000000e+03
2.4468647100000001e+02 1.4408979000000000e+01 2.5216000000000000e-01 1.0275058590000001e+03
2.5028838500000001e+02 1.5588229000000000e+01 2.5760000000000000e-01 1.0321314040000000e+03
2.5591580099999999e+02 1.6825337000000001e+01 2.6304000000000000e-01 1.0368825440000001e+03
2.6156939699999998e+02 1.8120968999999999e+01 2.6848000000000000e-01 1.0417566360000001e+03
2.6724983400000002e+02 1.9475736999999999e+01 2.7392000000000000e-01 1.0467510090000001e+03
2.7295776000000001e+02 2.0890201000000001e+01 2.7936000000000000e-01 1.0518629590000000e+03
2.7869380699999999e+02 2.2364868999999999e+01 2.8480000000000000e-01 1.0570897530000000e+03
2.8445859200000001e+02 2.3900196000000001e+01 2.9024000000000000e-01 1.0624286250000000e+03
2.9025271900000001e+02 2.5496583000000001e+01 2.9568000000000000e-01 1.0678767820000000e+03
2.9607677300000000e+02 2.7154375999999999e+01 3.0112000000000000e-01 1.0734314039999999e+03
3.0193132700000001e+02 2.8873868999999999e+01 3.0656000000000000e-01 1.0790896439999999e+03
3.0781693600000000e+02 3.0655301000000001e+01 3.1200000000000000e-01 1.0848486310000001e+03
3.1373414200000002e+02 3.2498857999999998e+01 3.1744000000000000e-01 1.0907054770000000e+03
3.1968346900000000e+02 3.4404676000000002e+01 3.2288000000000000e-01 1.0966572759999999e+03
3.2566542500000003e+02 3.6372836000000000e+01 3.2832000000000000e-01 1.1027011090000001e+03
3.3168050399999998e+02 3.8403371000000000e+01 3.3376000000000000e-01 1.1088340499999999e+03
3.3772918199999998e+02 4.0496263999999996e+01 3.3920000000000000e-01 1.1150531670000000e+03
3.4381192099999998e+02 4.2651449999999997e+01 3.4464000000000000e-01 1.1213555309999999e+03
3.4992916500000001e+02 4.4868819999999999e+01 3.5008000000000000e-01 1.1277382170000001e+03
3.5608134500000000e+02 4.7148218000000000e+01 3.5552000000000000e-01 1.1341983090000001e+03
3.6226887199999999e+02 4.9489446999999998e+01 3.6096000000000000e-01 1.1407329070000001e+03
3.6849038800000000e+02 5.1587020000000003e+01 3.6640000000000000e-01 1.1465012280000001e+03
3.7474153300000000e+02 5.3528602999999997e+01 3.7184000000000000e-01 1.1517609390000000e+03
3.8102073600000000e+02 5.5429167000000000e+01 3.7728000000000000e-01 1.1568346170000000e+03
3.8732721500000002e+02 5.7314737000000001e+01 3.8272000000000000e-01 1.1617961510000000e+03
3.9366046599999999e+02 5.9197713000000000e+01 3.8816000000000001e-01 1.1666809000000001e+03
4.0002012900000000e+02 6.1085318000000001e+01 3.9360000000000001e-01 1.1715094930000000e+03
4.0640592900000001e+02 6.2965440999999998e+01 3.9904000000000001e-01 1.1762531790000000e+03
4.1281583899999998e+02 6.4621378000000007e+01 4.0448000000000001e-01 1.1803746130000000e+03
4.1924777200000000e+02 6.6251767000000001e+01 4.0992000000000001e-01 1.1843780620000000e+03
4.2570136400000001e+02 6.7887730000000005e+01 4.1536000000000001e-01 1.1883422069999999e+03
4.3217646500000001e+02 6.9537432999999993e+01 4.2080000000000001e-01 1.1922876229999999e+03
4.3867300200000000e+02 7.1204728000000003e+01 4.2624000000000001e-01 1.1962238940000000e+03
4.4519094100000001e+02 7.2891852000000000e+01 4.3168000000000001e-01 1.2001564699999999e+03
4.5173027200000001e+02 7.4600262999999998e+01 4.3712000000000001e-01 1.2040887970000001e+03
4.5829100000000000e+02 7.6330980999999994e+01 4.4256000000000001e-01 1.2080232060000001e+03
4.6487314099999998e+02 7.8084761000000000e+01 4.4800000000000001e-01 1.2119613390000000e+03
4.7147671900000000e+02 7.9862179999999995e+01 4.5344000000000001e-01 1.2159043890000000e+03
4.7810176300000001e+02 8.1663694000000007e+01 4.5888000000000001e-01 1.2198532379999999e+03
4.8474830700000001e+02 8.3489670000000004e+01 4.6432000000000001e-01 1.2238085440000000e+03
4.9141638699999999e+02 8.5340407999999996e+01 4.6976000000000001e-01 1.2277707969999999e+03
4.9810604300000000e+02 8.7216155000000001e+01 4.7520000000000001e-01 1.2317403650000001e+03
5.0481731300000001e+02 8.9117120000000000e+01 4.8064000000000001e-01 1.2357175150000000e+03
5.1155024200000003e+02 9.1043476999999996e+01 4.8608000000000001e-01 1.2397024369999999e+03
5.1830487000000005e+02 9.2995372000000003e+01 4.9152000000000001e-01 1.2436952580000000e+03
5.2508124199999997e+02 9.4972930000000005e+01 4.9696000000000001e-01 1.2476960560000000e+03
5.3187940000000003e+02 9.6976253999999997e+01 5.0239999999999996e-01 1.2517048649999999e+03
5.3869938900000000e+02 9.9005432999999996e+01 5.0783999999999996e-01 1.2557216860000001e+03
5.4554125199999999e+02 1.0106053799999999e+02 5.1327999999999996e-01 1.2597464910000001e+03
5.5240503200000001e+02 1.0314163000000001e+02 5.1871999999999996e-01 1.2637792250000000e+03
5.5929077299999994e+02 1.0524875500000000e+02 5.2415999999999996e-01 1.2678198170000001e+03
5.6619851600000004e+02 1.0738195200000000e+02 5.2959999999999996e-01 1.2718681740000000e+03
5.7312830399999996e+02 1.0954124899999999e+02 5.3503999999999996e-01 1.2759241910000001e+03
5.8008017800000005e+02 1.1172666500000000e+02 5.4047999999999996e-01 1.2799877489999999e+03
5.8705417899999998e+02 1.1393821100000000e+02 5.4591999999999996e-01 1.2840587180000000e+03
5.9405034699999999e+02 1.1617589300000000e+02 5.5135999999999996e-01 1.2881369600000000e+03
6.0106872099999998e+02 1.1843970800000000e+02 5.5679999999999996e-01 1.2922223280000001e+03
6.0810933899999998e+02 1.2072964700000000e+02 5.6223999999999996e-01 1.2963146680000000e+03
6.1517223899999999e+02 1.2304569700000000e+02 5.6767999999999996e-01 1.3004138210000001e+03
6.2225745700000004e+02 1.2538783800000000e+02 5.7311999999999996e-01 1.3045196240000000e+03
6.2936502900000005e+02 1.2775604500000000e+02 5.7855999999999996e-01 1.3086319070000000e+03
6.3649499100000003e+02 1.3015029100000001e+02 5.8399999999999996e-01 1.3127505010000000e+03
6.4364737500000001e+02 1.3257054099999999e+02 5.8943999999999996e-01 1.3168752310000000e+03
6.5082221500000003e+02 1.3501675700000001e+02 5.9487999999999996e-01 1.3210059220000001e+03
6.5801954200000000e+02 1.3748890000000000e+02 6.0031999999999996e-01 1.3251423950000001e+03
6.6523938799999996e+02 1.3998692299999999e+02 6.0575999999999997e-01 1.3292844720000001e+03
6.7248178299999995e+02 1.4251077799999999e+02 6.1119999999999997e-01 1.3334319730000000e+03
6.7974675600000000e+02 1.4506041500000001e+02 6.1663999999999997e-01 1.3375847180000001e+03
6.8703433399999994e+02 1.4763577699999999e+02 6.2207999999999997e-01 1.3417425270000001e+03
6.9434454500000004e+02 1.5023680899999999e+02 6.2751999999999997e-01 1.3459052200000001e+03
7.0167741500000000e+02 1.5286344900000000e+02 6.3295999999999997e-01 1.3500726179999999e+03
7.0903296899999998e+02 1.5551563600000000e+02 6.3839999999999997e-01 1.3542445399999999e+03
7.1641123100000004e+02 1.5819330400000001e+02 6.4383999999999997e-01 1.3584208100000001e+03
7.2381222400000001e+02 1.6089638600000001e+02 6.4927999999999997e-01 1.3626012510000000e+03
7.3123596999999995e+02 1.6362481299999999e+02 6.5471999999999997e-01 1.3667856850000001e+03
7.3868249200000002e+02 1.6637851300000000e+02 6.6015999999999997e-01 1.3709739380000001e+03
7.4615180799999996e+02 1.6915741399999999e+02 6.6559999999999997e-01 1.3751658390000000e+03
7.5364393900000005e+02 1.7196143900000001e+02 6.7103999999999997e-01 1.3793612140000000e+03
7.6115890300000001e+02 1.7479051400000000e+02 6.7647999999999997e-01 1.3835598930000001e+03
7.6869671700000004e+02 1.7764455799999999e+02 6.8191999999999997e-01 1.3877617100000000e+03
7.7625739799999997e+02 1.8052349300000000e+02 6.8735999999999997e-01 1.3919664980000000e+03
7.8384096199999999e+02 1.8342723799999999e+02 6.9279999999999997e-01 1.3961740920000000e+03
7.9144742299999996e+02 1.8635570999999999e+02 6.9823999999999997e-01 1.4003843300000001e+03
7.9907679599999994e+02 1.8930882700000001e+02 7.0367999999999997e-01 1.4045970520000001e+03
8.0672909300000003e+02 1.9228650200000001e+02 7.0911999999999997e-01 1.4088121010000000e+03
8.1440432699999997e+02 1.9528865099999999e+02 7.1455999999999997e-01 1.4130293190000000e+03
8.2210250900000005e+02 1.9831518700000001e+02 7.1999999999999997e-01 1.4172485540000000e+03
8.2982365000000004e+02 2.0136602300000001e+02 7.2543999999999997e-01 1.4214696540000000e+03
8.3756775900000002e+02 2.0444107000000000e+02 7.3087999999999997e-01 1.4256924690000001e+03
8.4533484499999997e+02 2.0754023799999999e+02 7.3631999999999997e-01 1.4299168540000001e+03
8.5312491799999998e+02 2.1066343900000001e+02 7.4175999999999997e-01 1.4341426620000000e+03
8.6093798200000003e+02 2.1381058200000001e+02 7.4719999999999998e-01 1.4383697529999999e+03
8.6877404700000000e+02 2.1698157499999999e+02 7.5263999999999998e-01 1.4425979850000001e+03
8.7663311599999997e+02 2.2017632800000001e+02 7.5807999999999998e-01 1.4468272219999999e+03
8.8451519599999995e+02 2.2339474700000000e+02 7.6351999999999998e-01 1.4510573270000000e+03
8.9242029100000002e+02 2.2663674100000000e+02 7.6895999999999998e-01 1.4552881689999999e+03
9.0034840399999996e+02 2.2990221700000001e+02 7.7439999999999998e-01 1.4595196149999999e+03
9.0829953899999998e+02 2.3319108100000000e+02 7.7983999999999998e-01 1.4637515370000001e+03
9.1627369699999997e+02 2.3650324000000001e+02 7.8527999999999998e-01 1.4679838099999999e+03
9.2427088000000003e+02 2.3983860000000001e+02 7.9071999999999998e-01 1.4722163089999999e+03
9.3229108900000006e+02 2.4319706700000000e+02 7.9615999999999998e-01 1.4764489129999999e+03
9.4033432400000004e+02 2.4657854599999999e+02 8.0159999999999998e-01 1.4806815030000000e+03
9.4840058499999998e+02 2.4998294500000000e+02 8.0703999999999998e-01 1.4849139600000001e+03
9.5648987099999999e+02 2.5341016700000000e+02 8.1247999999999998e-01 1.4891461720000000e+03
9.6460217999999998e+02 2.5686011900000000e+02 8.1791999999999998e-01 1.4933780240000001e+03
9.7273751000000004e+02 2.6033270499999998e+02 8.2335999999999998e-01 1.4976094060000000e+03
9.8089585799999998e+02 2.6382783200000000e+02 8.2879999999999998e-01 1.5018402110000000e+03
9.8907722000000001e+02 2.6734540399999997e+02 8.3423999999999998e-01 1.5060703309999999e+03
9.9728159300000004e+02 2.7088532800000002e+02 8.3967999999999998e-01 1.5102996619999999e+03
1.0055089720000000e+03 2.7444750800000003e+02 8.4511999999999998e-01 1.5145281030000001e+03
1.0137593520000000e+03 2.7803185100000002e+02 8.5055999999999998e-01 1.5187555540000001e+03
1.0220327270000000e+03 2.8163826100000000e+02 8.5599999999999998e-01 1.5229819170000001e+03
1.0303290919999999e+03 2.8526664499999998e+02 8.6143999999999998e-01 1.5272070950000000e+03
1.0386484379999999e+03 2.8891690899999998e+02 8.6687999999999998e-01 1.5314309960000001e+03
1.0469907599999999e+03 2.9258895899999999e+02 8.7231999999999998e-01 1.5356535269999999e+03
1.0553560490000000e+03 2.9628270099999997e+02 8.7775999999999998e-01 1.5398745980000001e+03
1.0637442970000000e+03 2.9999804200000000e+02 8.8319999999999999e-01 1.5440941210000001e+03
1.0721554960000001e+03 3.0373488900000001e+02 8.8863999999999999e-01 1.5483120100000001e+03
1.0805896359999999e+03 3.0749314900000002e+02 8.9407999999999999e-01 1.5525281809999999e+03
1.0890467080000001e+03 3.1127272900000003e+02 8.9951999999999999e-01 1.5567425510000000e+03
1.0975267019999999e+03 3.1507353699999999e+02 9.0495999999999999e-01 1.5609550400000001e+03
1.1060296080000001e+03 3.1889548000000002e+02 9.1039999999999999e-01 1.5651655679999999e+03
1.1145554139999999e+03 3.2273846800000001e+02 9.1583999999999999e-01 1.5693740590000000e+03
1.1231041090000001e+03 3.2660240800000003e+02 9.2127999999999999e-01 1.5735804370000001e+03
1.1316756809999999e+03 3.3048720900000001e+02 9.2671999999999999e-01 1.5777846280000001e+03
1.1402701199999999e+03 3.3439278200000001e+02 9.3215999999999999e-01 1.5819865609999999e+03
1.1488874100000000e+03 3.3831903499999999e+02 9.3759999999999999e-01 1.5861861640000000e+03
1.1575275420000000e+03 3.4226587799999999e+02 9.4303999999999999e-01 1.5903833709999999e+03
1.1661904990000000e+03 3.4623322200000001e+02 9.4847999999999999e-01 1.5945781119999999e+03
1.1748762700000000e+03 3.5022097800000000e+02 9.5391999999999999e-01 1.5987703220000001e+03
1.1835848410000001e+03 3.5422905700000001e+02 9.5935999999999999e-01 1.6029599390000001e+03
1.1923161960000000e+03 3.5825736999999998e+02 9.6479999999999999e-01 1.6071468980000000e+03
1.2010703220000000e+03 3.6230583000000001e+02 9.7023999999999999e-01 1.6113311389999999e+03
1.2098472030000000e+03 3.6637434900000000e+02 9.7567999999999999e-01 1.6155126020000000e+03
1.2186468239999999e+03 3.7046283899999997e+02 9.8111999999999999e-01 1.6196912299999999e+03
1.2274691700000001e+03 3.7457121500000000e+02 9.8655999999999999e-01 1.6238669649999999e+03
1.2363142250000001e+03 3.7869938999999999e+02 9.9199999999999999e-01 1.6280397519999999e+03
1.2451819720000001e+03 3.8284727900000001e+02 9.9743999999999999e-01 1.6322095380000001e+03
1.2540723949999999e+03 3.8701479599999999e+02 1.0028800000000000e+00 1.6363762700000000e+03
1.2629854769999999e+03 3.9120185600000002e+02 1.0083200000000001e+00 1.6405398960000000e+03
1.2719212020000000e+03 3.9540837599999998e+02 1.0137600000000000e+00 1.6447003669999999e+03
1.2808795510000000e+03 3.9963427100000001e+02 1.0192000000000001e+00 1.6488576340000000e+03
1.2898605080000000e+03 4.0387945800000000e+02 1.0246400000000000e+00 1.6530116490000000e+03
1.2988640539999999e+03 4.0814385499999997e+02 1.0300800000000001e+00 1.6571623669999999e+03
1.3078901719999999e+03 4.1242737899999997e+02 1.0355200000000000e+00 1.6613097430000000e+03
1.3169388429999999e+03 4.1672994899999998e+02 1.0409600000000001e+00 1.6654537330000001e+03
1.3260100480000001e+03 4.2105148400000002e+02 1.0464000000000000e+00 1.6695942950000001e+03
1.3351037690000001e+03 4.2539190200000002e+02 1.0518400000000001e+00 1.6737313870000000e+03
1.3442199869999999e+03 4.2975112500000000e+02 1.0572800000000000e+00 1.6778649690000000e+03
1.3533586829999999e+03 4.3412907200000001e+02 1.0627200000000001e+00 1.6819950030000000e+03
1.3625198370000001e+03 4.3852566500000000e+02 1.0681600000000000e+00 1.6861214510000000e+03
1.3717034300000000e+03 4.4294082500000002e+02 1.0736000000000001e+00 1.6902442750000000e+03
1.3809094410000000e+03 4.4737447500000002e+02 1.0790400000000000e+00 1.6943634410000000e+03
1.3901378520000001e+03 4.5182653900000003e+02 1.0844800000000001e+00 1.6984789149999999e+03
1.3993886399999999e+03 4.5629693800000001e+02 1.0899200000000000e+00 1.7025906620000001e+03
1.4086617879999999e+03 4.6078559999999999e+02 1.0953599999999999e+00 1.7066986509999999e+03
1.4179572730000000e+03 4.6529244699999998e+02 1.1008000000000000e+00 1.7108028520000000e+03
1.4272750739999999e+03 4.6981740700000000e+02 1.1062399999999999e+00 1.7149032340000001e+03
1.4366151720000000e+03 4.7436040600000001e+02 1.1116800000000000e+00 1.7189997679999999e+03
1.4459775460000001e+03 4.7892137200000002e+02 1.1171199999999999e+00 1.7230924290000000e+03
1.4553621730000000e+03 4.8350023299999998e+02 1.1225600000000000e+00 1.7271811889999999e+03
1.4647690330000000e+03 4.8809692100000001e+02 1.1279999999999999e+00 1.7312660249999999e+03
1.4741981040000001e+03 4.9271136600000000e+02 1.1334400000000000e+00 1.7353469130000001e+03
1.4836493650000000e+03 4.9734350200000000e+02 1.1388799999999999e+00 1.7394238319999999e+03
1.4931227950000000e+03 5.0199326500000001e+02 1.1443200000000000e+00 1.7434967650000001e+03
1.5026183699999999e+03 5.0666059100000001e+02 1.1497599999999999e+00 1.7475656939999999e+03
1.5121360700000000e+03 5.1134542499999998e+02 1.1552000000000000e+00 1.7516306079999999e+03
1.5216758729999999e+03 5.1604771400000004e+02 1.1606399999999999e+00 1.7556915010000000e+03
1.5312377570000001e+03 5.2076742100000001e+02 1.1660800000000000e+00 1.7597483760000000e+03
1.5408217000000000e+03 5.2550453300000004e+02 1.1715199999999999e+00 1.7638012620000000e+03
1.5504276800000000e+03 5.3025917900000002e+02 1.1769600000000000e+00 1.7678503029999999e+03
1.5600556770000001e+03 5.3503124100000002e+02 1.1823999999999999e+00 1.7718954369999999e+03
1.5697056689999999e+03 5.3982016899999996e+02 1.1878400000000000e+00 1.7759362349999999e+03
1.5793776310000001e+03 5.4462589500000001e+02 1.1932799999999999e+00 1.7799726780000001e+03
1.5890715399999999e+03 5.4944835100000000e+02 1.1987200000000000e+00 1.7840047509999999e+03
1.5987873720000000e+03 5.5428747099999998e+02 1.2041599999999999e+00 1.7880324370000001e+03
1.6085251029999999e+03 5.5914318700000001e+02 1.2096000000000000e+00 1.7920557209999999e+03
1.6182847090000000e+03 5.6401543400000003e+02 1.2150399999999999e+00 1.7960745860000000e+03
1.6280661660000001e+03 5.6890414599999997e+02 1.2204800000000000e+00 1.8000890199999999e+03
1.6378694510000000e+03 5.7380925900000000e+02 1.2259199999999999e+00 1.8040990090000000e+03
1.6476945380000000e+03 5.7873070700000005e+02 1.2313600000000000e+00 1.8081045389999999e+03
1.6575414029999999e+03 5.8366842599999995e+02 1.2367999999999999e+00 1.8121055970000000e+03
1.6674100220000000e+03 5.8862235399999997e+02 1.2422400000000000e+00 1.8161021720000001e+03
1.6773003710000000e+03 5.9359242600000005e+02 1.2476799999999999e+00 1.8200942520000001e+03
1.6872124249999999e+03 5.9857858099999999e+02 1.2531200000000000e+00 1.8240818260000001e+03
1.6971461600000000e+03 6.0358075599999995e+02 1.2585599999999999e+00 1.8280648839999999e+03
1.7071015500000001e+03 6.0859888799999999e+02 1.2640000000000000e+00 1.8320434150000001e+03
1.7170785719999999e+03 6.1363291800000002e+02 1.2694399999999999e+00 1.8360174099999999e+03
1.7270772010000001e+03 6.1868278399999997e+02 1.2748800000000000e+00 1.8399868600000000e+03
1.7370974110000000e+03 6.2374842599999999e+02 1.2803199999999999e+00 1.8439517570000000e+03
1.7471391779999999e+03 6.2882978400000002e+02 1.2857600000000000e+00 1.8479120920000000e+03
1.7572024779999999e+03 6.3392679799999996e+02 1.2911999999999999e+00 1.8518678580000001e+03
1.7672872850000001e+03 6.3903940899999998e+02 1.2966400000000000e+00 1.8558190470000000e+03
1.7773935739999999e+03 6.4416755899999998e+02 1.3020799999999999e+00 1.8597656529999999e+03
1.7875213209999999e+03 6.4931119000000001e+02 1.3075200000000000e+00 1.8637076700000000e+03
1.7976704999999999e+03 6.5447024299999998e+02 1.3129599999999999e+00 1.8676450910000001e+03
1.8078410870000000e+03 6.5964466200000004e+02 1.3184000000000000e+00 1.8715779100000000e+03
1.8180330560000000e+03 6.6483438999999998e+02 1.3238399999999999e+00 1.8755061240000000e+03
1.8282463829999999e+03 6.7003936999999996e+02 1.3292800000000000e+00 1.8794297260000001e+03
1.8384810419999999e+03 6.7525954600000000e+02 1.3347199999999999e+00 1.8833487130000001e+03
1.8487370080000001e+03 6.8049486200000001e+02 1.3401600000000000e+00 1.8872630799999999e+03
1.8590142559999999e+03 6.8574526400000002e+02 1.3455999999999999e+00 1.8911728240000000e+03
1.8693127600000000e+03 6.9101069600000005e+02 1.3510400000000000e+00 1.8950779419999999e+03
1.8796324970000001e+03 6.9629110400000002e+02 1.3564799999999999e+00 1.8989784299999999e+03
1.8899734390000001e+03 7.0158643400000005e+02 1.3619200000000000e+00 1.9028742850000001e+03
1.9003355630000001e+03 7.0689663299999995e+02 1.3673599999999999e+00 1.9067655060000000e+03
1.9107188430000001e+03 7.1222164699999996e+02 1.3728000000000000e+00 1.9106520900000000e+03
1.9211232540000001e+03 7.1756142299999999e+02 1.3782399999999999e+00 1.9145340360000000e+03
1.9315487700000001e+03 7.2291590900000006e+02 1.3836800000000000e+00 1.9184113420000001e+03
1.9419953670000000e+03 7.2828505199999995e+02 1.3891199999999999e+00 1.9222840060000001e+03
1.9524630190000000e+03 7.3366880200000003e+02 1.3945600000000000e+00 1.9261520290000001e+03
1.9629517000000001e+03 7.3906710699999996e+02 1.3999999999999999e+00 1.9300154090000001e+03
