# epsilon[MeV/fm^3] P[MeV/fm^3] nB[fm^-3] muB[MeV]
4.3514892049562272e-07 9.0000000794219998e-12 4.6796200000000002e-10 9.2990010724260003e+02
5.4394952759824855e-07 1.2854500250148002e-11 5.8496400000000005e-10 9.2990743275720001e+02
6.8239664606092796e-07 1.8414700022552000e-11 7.3384599999999997e-10 9.2991587774760001e+02
8.5763463874259032e-07 2.6380199998860002e-11 9.2229000000000003e-10 9.2992551188760001e+02
1.0799253715994732e-06 3.7791099667920001e-11 1.1613300000000000e-09 9.2993648532329996e+02
1.3625442882637764e-06 5.4137899979800000e-11 1.4652400000000000e-09 9.2994894782519998e+02
1.7226605254650248e-06 7.7555599791040007e-11 1.8524800000000000e-09 9.2996308925910000e+02
2.1826057027272589e-06 1.1110299984364001e-10 2.3470600000000000e-09 9.2997909967860005e+02
2.7713348204539073e-06 1.5916099965360000e-10 2.9801100000000000e-09 9.2999716876169998e+02
3.5266032513682487e-06 2.2800800111288001e-10 3.7922200000000000e-09 9.3001754656409992e+02
4.4975537964996660e-06 3.2663399940042002e-10 4.8362200000000001e-09 9.3004045271789994e+02
4.5807460305493105e-06 3.3555999792714001e-10 4.9256699999999996e-09 9.3004228160820003e+02
4.7281205653478515e-06 3.3656599963290001e-10 5.0841300000000003e-09 9.3004248152130003e+02
6.5759177435918250e-06 5.4515600232911993e-10 7.0708799999999999e-09 9.3007696075620004e+02
9.1998724984833464e-06 8.8567000200420000e-10 9.8920399999999997e-09 9.3011730648750006e+02
1.2918168885426129e-05 1.4388700552640002e-09 1.3889600000000001e-08 9.3016406831190000e+02
1.8201380444258739e-05 2.3376200076990001e-09 1.9569300000000001e-08 9.3021808578930006e+02
2.5725895950178280e-05 3.7977398937599994e-09 2.7657999999999999e-08 9.3028025838780002e+02
3.6463989818522291e-05 6.1698799253159997e-09 3.9200400000000002e-08 9.3035162548649998e+02
5.1813630126296458e-05 1.0023700173792000e-08 5.5698400000000002e-08 9.3043332628019994e+02
7.3785560512054020e-05 1.6284700005120000e-08 7.9311899999999997e-08 9.3052664006250006e+02
1.0527189036420272e-04 2.6456400399219999e-08 1.1314700000000000e-07 9.3063298613190000e+02
1.5043483705694415e-04 4.2981499428689995e-08 1.6167299999999999e-07 9.3075400323120004e+02
1.5143539825673478e-04 4.3369399516159995e-08 1.6274800000000000e-07 9.3075639185940008e+02
1.5666718390755263e-04 4.3499599327679997e-08 1.6836899999999999e-07 9.3075719132400002e+02
1.8247319946392853e-04 5.3487099479700000e-08 1.9609400000000001e-07 9.3081203831400001e+02
2.1304949570856091e-04 6.5965099669560007e-08 2.2894200000000001e-07 9.3087079295249998e+02
2.4880173202308656e-04 8.1354199584480006e-08 2.6734800000000002e-07 9.3093285559410003e+02
2.9061049213158235e-04 1.0033299847065000e-07 3.1225699999999999e-07 9.3099838615049998e+02
3.3950651358852186e-04 1.2374000051775000e-07 3.6477499999999998e-07 9.3106758453479995e+02
3.9669496520679297e-04 1.5260700009555001e-07 4.2619500000000001e-07 9.3114063056550003e+02
4.6358813252914599e-04 1.8820900209407997e-07 4.9803199999999997e-07 9.3121772415570001e+02
5.4183717856390442e-04 2.3211699768180001e-07 5.8205699999999998e-07 9.3129908512530005e+02
6.3337419989345891e-04 2.8626699988691999e-07 6.8034199999999997e-07 9.3138494352930002e+02
7.4046361643000222e-04 3.5305100162730003e-07 7.9531500000000002e-07 9.3147551899979999e+02
7.4543957324912111e-04 3.5623800038969997e-07 8.0065699999999999e-07 9.3147951660449996e+02
7.7046470619140960e-04 3.5730600246279002e-07 8.2752300000000002e-07 9.3148080575760002e+02
7.7218701201869997e-04 3.5837800248323999e-07 8.2937200000000002e-07 9.3148210505190002e+02
7.7564281539113634e-04 3.6053199741144001e-07 8.3308200000000005e-07 9.3148469349929996e+02
7.7911352986319152e-04 3.6269800105895999e-07 8.3680799999999998e-07 9.3148728185280004e+02
7.8260009510663572e-04 3.6487800290032998e-07 8.4055099999999997e-07 9.3148988034750005e+02
7.8610250285012515e-04 3.6706999922346001e-07 8.4431100000000000e-07 9.3149248879559991e+02
7.8962075319254110e-04 3.6927600351839998e-07 8.4808799999999996e-07 9.3149508719639994e+02
7.9315485471188711e-04 3.7149499796798001e-07 8.5188199999999998e-07 9.3149769564450003e+02
7.9670479058673201e-04 3.7372699824480005e-07 8.5569300000000004e-07 9.3150031404599997e+02
8.0027057791247260e-04 3.7597299948234002e-07 8.5952100000000004e-07 9.3150293244750003e+02
8.0385221698387247e-04 3.7823200230633998e-07 8.6336599999999998e-07 9.3150555094289996e+02
8.0745063029167934e-04 3.8050499711466001e-07 8.6722899999999999e-07 9.3150817929779998e+02
8.1106395596088781e-04 3.8279099715107999e-07 8.7110800000000002e-07 9.3151080774659999e+02
8.1469498722525535e-04 3.8509200436278001e-07 8.7500600000000005e-07 9.3151343619540000e+02
8.1834093096975699e-04 3.8740599815679997e-07 8.7891999999999998e-07 9.3151607459759998e+02
8.3652972322216491e-04 3.8856800310954005e-07 8.9844600000000005e-07 9.3151737379799999e+02
8.9649746606902973e-04 4.2637900225708002e-07 9.6282100000000007e-07 9.3155798930399999e+02
9.6293679962426715e-04 4.6927300060880000e-07 1.0341400000000000e-06 9.3160093353000002e+02
1.0343084479593990e-03 5.1648199988999994e-07 1.1107499999999999e-06 9.3164493704189999e+02
1.1110033276598183e-03 5.6844100521450010e-07 1.1930700000000001e-06 9.3169002988770001e+02
1.1934040547386528e-03 6.2562700512179996e-07 1.2815100000000000e-06 9.3173623206809998e+02
1.2819398888523502e-03 6.8856500094819997e-07 1.3765300000000001e-06 9.3178357353719991e+02
1.3770588621277026e-03 7.5783499966439992e-07 1.4786100000000000e-06 9.3183208434300002e+02
1.4792742600387720e-03 8.3407400117300003e-07 1.5882999999999999e-06 9.3188178448619999e+02
1.5890902438860661e-03 9.1798299673799988e-07 1.7061399999999999e-06 9.3193271378040004e+02
1.7070948934908867e-03 1.0103300084124001e-06 1.8327600000000000e-06 9.3198488236679998e+02
1.7418302566492478e-03 1.0379399925766002e-06 1.8700300000000001e-06 9.3199978345169995e+02
1.8026805910135908e-03 1.0410599913928000e-06 1.9353200000000000e-06 9.3200143242960007e+02
2.0389359400714486e-03 1.2275099896319999e-06 2.1888000000000001e-06 9.3209187794249999e+02
2.3114099463439177e-03 1.4516999917321999e-06 2.4811100000000001e-06 9.3218792017709995e+02
2.6204004641994278e-03 1.7168400063888003e-06 2.8125600000000001e-06 9.3228811983419996e+02
2.9707928967162671e-03 2.0304000155634000e-06 3.1883800000000001e-06 9.3239264696670000e+02
3.3681648965264784e-03 2.4012300084080001e-06 3.6145400000000001e-06 9.3250170129989999e+02
3.8188055776886142e-03 2.8397900147328003e-06 4.0977700000000004e-06 9.3261546284010001e+02
4.3298558716110781e-03 3.3584500068246004e-06 4.6457100000000001e-06 9.3273413140649996e+02
4.9094492242661523e-03 3.9718300068571995e-06 5.2670599999999997e-06 9.3285792691289998e+02
5.5667590537662745e-03 4.6972400276543001e-06 5.9716300000000001e-06 9.3298704917850000e+02
6.3122329168583428e-03 5.5551399798486997e-06 6.7705900000000002e-06 9.3312173811779996e+02
6.3691536418958340e-03 5.6221100036384002e-06 6.8315900000000001e-06 9.3313158221820004e+02
6.6107787783348925e-03 5.6389700285964000e-06 7.0905299999999997e-06 9.3313397075249998e+02
7.1832281514335565e-03 6.2999099885847007e-06 7.7039700000000007e-06 9.3322329697740008e+02
7.8228640480689938e-03 7.0594400109160007e-06 8.3893400000000006e-06 9.3331767013950002e+02
8.5195476220300548e-03 7.9105299722335996e-06 9.1357600000000004e-06 9.3341477175390003e+02
9.2783521214718639e-03 8.8642300383220009e-06 9.9486500000000000e-06 9.3351470163630006e+02
1.0104791977484120e-02 9.9329099737559988e-06 1.0833900000000000e-05 9.3361751969490001e+02
1.1005037422914624e-02 1.1130399980334000e-05 1.1798100000000000e-05 9.3372332602710003e+02
1.1985504705131824e-02 1.2472300012974001e-05 1.2848100000000000e-05 9.3383220044789994e+02
1.3053499763127112e-02 1.3976000053347000e-05 1.3991700000000000e-05 9.3394422305399996e+02
1.4216706487829026e-02 1.5661000693130000e-05 1.5237100000000000e-05 9.3405949366109996e+02
1.5483652631007537e-02 1.7549100191680000e-05 1.6593399999999999e-05 9.3417811227269999e+02
1.5623499832828706e-02 1.7760599953030001e-05 1.6743099999999999e-05 9.3419079468840005e+02
1.6269961736847121e-02 1.7813900213129999e-05 1.7435099999999998e-05 9.3419395273319992e+02
1.7094324515795702e-02 1.9027400207749999e-05 1.8317499999999999e-05 9.3426180186839997e+02
1.8000874089488257e-02 2.0384500450440000e-05 1.9287799999999999e-05 9.3433394852489994e+02
1.8955614232225096e-02 2.1838399047120000e-05 2.0309599999999999e-05 9.3440734433310001e+02
1.9960983560824267e-02 2.3396100553499999e-05 2.1385500000000000e-05 9.3448202938830002e+02
2.1019794814794490e-02 2.5064799654149998e-05 2.2518500000000001e-05 9.3455801364390004e+02
2.2134768910989058e-02 2.6852600343399999e-05 2.3711500000000002e-05 9.3463531710059999e+02
2.3309000859656603e-02 2.8767899159999994e-05 2.4967799999999998e-05 9.3471396971249999e+02
2.4545494036103295e-02 3.0819700065419999e-05 2.6290599999999999e-05 9.3479400162150000e+02
2.5847718880420045e-02 3.3017999946119998e-05 2.7683600000000000e-05 9.3487541254589996e+02
2.7219055484112444e-02 3.5372998881120002e-05 2.9150400000000001e-05 9.3495825272219997e+02
2.7775365070038964e-02 3.6339601209739997e-05 2.9745400000000002e-05 9.3499105302509997e+02
2.8289610775747390e-02 3.6448598719180002e-05 3.0295400000000001e-05 9.3499466085090000e+02
2.8802930737171755e-02 3.7332599735440002e-05 3.0844399999999999e-05 9.3502356336480000e+02
2.9391538203060320e-02 3.8352800962709990e-05 3.1473899999999997e-05 9.3505628375879996e+02
2.9992229144074897e-02 3.9400800335690003e-05 3.2116300000000003e-05 9.3508923392610006e+02
3.0605097595990186e-02 4.0477499896860003e-05 3.2771700000000003e-05 9.3512239395989991e+02
3.1230612131930052e-02 4.1583600119840003e-05 3.3440600000000000e-05 9.3515578386089999e+02
3.1868867160453597e-02 4.2719998743180005e-05 3.4123099999999999e-05 9.3518940362910007e+02
3.2520144922003676e-02 4.3887298648500002e-05 3.4819500000000001e-05 9.3522325326449993e+02
3.3184820445813230e-02 4.5086601561120004e-05 3.5530200000000001e-05 9.3525732271979996e+02
3.3862987887692660e-02 4.6318701748649993e-05 3.6255299999999998e-05 9.3529163208960006e+02
3.4555116462740516e-02 4.7584401826990007e-05 3.6995300000000001e-05 9.3532617123270006e+02
3.4710848908415574e-02 4.7870299693839997e-05 3.7161800000000001e-05 9.3533387666670001e+02
3.5705765632703390e-02 4.8013899962450004e-05 3.8225500000000002e-05 9.3533768431169995e+02
3.6190650245182691e-02 4.8884701265269996e-05 3.8743900000000000e-05 9.3536029073669999e+02
3.6764595537185744e-02 4.9920498059249994e-05 3.9357499999999997e-05 9.3538680481020003e+02
3.7347724170046170e-02 5.0978398185919999e-05 3.9980900000000002e-05 9.3541345870079999e+02
3.7940129948432849e-02 5.2058599241440000e-05 4.0614200000000002e-05 9.3544024264290010e+02
3.8541907483377907e-02 5.3161699756499999e-05 4.1257500000000003e-05 9.3546717635549999e+02
3.9153244015328124e-02 5.4288198430999997e-05 4.1910999999999999e-05 9.3549425007299999e+02
3.9774234210732992e-02 5.5438601263319996e-05 4.2574799999999998e-05 9.3552146370150001e+02
4.0405159191034282e-02 5.6613297948239995e-05 4.3249199999999999e-05 9.3554882728830000e+02
4.1046019389420471e-02 5.7812899551080002e-05 4.3934199999999997e-05 9.3557633069220003e+02
4.1697190276124625e-02 5.9037997871239995e-05 4.4630199999999998e-05 9.3560397410099995e+02
4.2358578444415006e-02 6.0288999023690009e-05 4.5337100000000003e-05 9.3563177732760005e+02
4.2549448380963861e-02 6.0651299975859995e-05 4.5541099999999997e-05 9.3563974248900001e+02
4.3740238175900857e-02 6.0833198906699995e-05 4.6813800000000002e-05 9.3564365013750000e+02
4.5854886274473032e-02 6.4782902450840000e-05 4.9073799999999998e-05 9.3572599057799994e+02
4.8180087401599556e-02 6.9195997901699998e-05 5.1558599999999998e-05 9.3581365787159996e+02
5.0623240020302433e-02 7.3909702371599995e-05 5.4169200000000003e-05 9.3590278418340006e+02
5.3190452397117956e-02 7.8944498346630003e-05 5.6912100000000000e-05 9.3599338970190001e+02
5.5887837732656438e-02 8.4322299027779992e-05 5.9793799999999997e-05 9.3608550419339997e+02
5.8722166587791814e-02 9.0066499795649990e-05 6.2821499999999995e-05 9.3617915789369999e+02
6.1700398546921942e-02 9.6201898222459989e-05 6.6002599999999997e-05 9.3627437052180005e+02
6.4829683480590566e-02 1.0275499726340999e-04 6.9344700000000000e-05 9.3637116226620003e+02
6.8117831355171340e-02 1.0975499711746999e-04 7.2856100000000002e-05 9.3646956308100005e+02
7.1572933822013338e-02 1.1723199746169999e-04 7.6545399999999994e-05 9.3656960282640000e+02
7.2872355791586060e-02 1.2007500056640000e-04 7.7932800000000000e-05 9.3660639068670002e+02
7.6294350046888545e-02 1.2043499631464001e-04 8.1586400000000002e-05 9.3661091798129996e+02
7.8557740452832786e-02 1.2521799885310001e-04 8.4002899999999995e-05 9.3666865324139997e+02
8.1070439170188191e-02 1.3058099681828001e-04 8.6685400000000002e-05 9.3673145543940007e+02
8.3663493660002267e-02 1.3617299667415003e-04 8.9453500000000007e-05 9.3679492723830003e+02
8.6339540033127660e-02 1.4200499619000000e-04 9.2310000000000002e-05 9.3685905859080003e+02
8.9101308842231525e-02 1.4808700429182000e-04 9.5257800000000001e-05 9.3692387963880003e+02
9.1951438062670962e-02 1.5442999846642999e-04 9.8299699999999997e-05 9.3698938014720000e+02
9.3544637803481184e-02 1.5800363917307320e-04 1.0000000000000000e-04 9.3702641442654260e+02
9.5904805684817823e-02 1.5991932370127156e-04 1.0251836339436286e-04 9.3704895228361954e+02
9.8324521526987813e-02 1.6189972234850424e-04 1.0510020378070926e-04 9.3707164883169457e+02
1.0080528774838583e-01 1.6394702123526282e-04 1.0774712068910450e-04 9.3709450539248803e+02
1.0334864467401159e-01 1.6606348033180876e-04 1.1046075394038068e-04 9.3711752329894205e+02
1.0595617149186834e-01 1.6825143595290720e-04 1.1324278466051619e-04 9.3714070389531082e+02
1.0862948723349171e-01 1.7051330333683581e-04 1.1609493632053591e-04 9.3716404853725760e+02
1.1137025177921762e-01 1.7285157931151563e-04 1.1901897580257465e-04 9.3718755859194857e+02
1.1418016688881355e-01 1.7526884505070684e-04 1.2201671449276087e-04 9.3721123543814849e+02
1.1706097725811304e-01 1.7776776892331259e-04 1.2509000940159502e-04 9.3723508046631775e+02
1.2001447160230937e-01 1.8035110943893505e-04 1.2824076431251319e-04 9.3725909507871052e+02
1.2304248376658135e-01 1.8302171829293653e-04 1.3147093095934538e-04 9.3728328068947178e+02
1.2614689386474051e-01 1.8578254351436601e-04 1.3478251023339344e-04 9.3730763872473824e+02
1.2932962944660686e-01 1.8863663272022647e-04 1.3817755342087403e-04 9.3733217062273729e+02
1.3259266669483799e-01 1.9158713647967550e-04 1.4165816347148905e-04 9.3735687783388926e+02
1.3593803165195459e-01 1.9463731179187221e-04 1.4522649629890647e-04 9.3738176182090751e+02
1.3936780147832431e-01 1.9779052568131043e-04 1.4888476211395249e-04 9.3740682405890391e+02
1.4288410574188520e-01 2.0105025891460632e-04 1.5263522679133826e-04 9.3743206603549015e+02
1.4648912774040909e-01 2.0442010984284334e-04 1.5648021327076267e-04 9.3745748925088333e+02
1.5018510585712661e-01 2.0790379837371691e-04 1.6042210299325584e-04 9.3748309521801275e+02
1.5397433495055454e-01 2.1150517007786202e-04 1.6446333737364809e-04 9.3750888546262445e+02
1.5785916777938980e-01 2.1522820043389811e-04 1.6860641931007290e-04 9.3753486152338928e+02
1.6184201646335339e-01 2.1907699921687641e-04 1.7285391473143325e-04 9.3756102495201219e+02
1.6592535398089248e-01 2.2305581503497435e-04 1.7720845418378619e-04 9.3758737731334111e+02
1.7011171570466985e-01 2.2716904001944492e-04 1.8167273445662293e-04 9.3761392018547633e+02
1.7440370097579447e-01 2.3142121467299828e-04 1.8624952025004632e-04 9.3764065515988386e+02
1.7880397471777040e-01 2.3581703288196715e-04 1.9094164588387405e-04 9.3766758384150467e+02
1.8331526909116636e-01 2.4036134709778955e-04 1.9575201704971965e-04 9.3769470784887130e+02
1.8794038519003323e-01 2.4505917369352815e-04 2.0068361260713202e-04 9.3772202881421970e+02
1.9268219478112283e-01 2.4991569850133882e-04 2.0573948642489928e-04 9.3774954838360520e+02
1.9754364208698785e-01 2.5493628253700241e-04 2.1092276926865165e-04 9.3777726821701947e+02
2.0252774561407016e-01 2.6012646791783714e-04 2.1623667073592684e-04 9.3780518998850653e+02
2.0763760002691234e-01 2.6549198398052550e-04 2.2168448123988866e-04 9.3783331538628215e+02
2.1287637806965659e-01 2.7103875360560926e-04 2.2726957404292270e-04 9.3786164611285199e+02
2.1824733253602344e-01 2.7677289975563241e-04 2.3299540734135918e-04 9.3789018388513409e+02
2.2375379828899411e-01 2.8270075223415093e-04 2.3886552640260984e-04 9.3791893043457799e+02
2.2939919433145012e-01 2.8882885467307069e-04 2.4488356575603294e-04 9.3794788750728821e+02
2.3518702592905599e-01 2.9516397175602475e-04 2.5105325143887606e-04 9.3797705686414849e+02
2.4112088678670299e-01 3.0171309668576584e-04 2.5737840329868037e-04 9.3800644028094564e+02
2.4720446127986548e-01 3.0848345890381590e-04 2.6386293735356344e-04 9.3803603954849495e+02
2.5344152674225534e-01 3.1548253207089501e-04 2.7051086821183382e-04 9.3806585647276916e+02
2.5983595581119473e-01 3.2271804231693852e-04 2.7732631155242789e-04 9.3809589287502297e+02
2.6639171883216350e-01 3.3019797676980952e-04 2.8431348666769471e-04 9.3812615059192603e+02
2.7311288632401448e-01 3.3793059237212212e-04 2.9147671907009517e-04 9.3815663147569035e+02
2.8000363150638652e-01 3.4592442499590604e-04 2.9882044316441965e-04 9.3818733739420236e+02
2.8706823289088618e-01 3.5418829886517780e-04 3.0634920498716860e-04 9.3821827023115668e+02
2.9431107693764474e-01 3.6273133629681519e-04 3.1406766501478273e-04 9.3824943188618829e+02
3.0173666077890232e-01 3.7156296777049252e-04 3.2198060104245032e-04 9.3828082427500794e+02
3.0934959501130821e-01 3.8069294233878824e-04 3.3009291113526347e-04 9.3831244932953916e+02
3.1715460655867250e-01 3.9013133838895948e-04 3.3840961665353907e-04 9.3834430899805398e+02
3.2515654160694607e-01 3.9988857476826298e-04 3.4693586535416651e-04 9.3837640524531196e+02
3.3336036861325097e-01 4.0997542228510091e-04 3.5567693456988874e-04 9.3840874005270041e+02
3.4177118139083013e-01 4.2040301559869060e-04 3.6463823446847412e-04 9.3844131541837532e+02
3.5039420227183127e-01 4.3118286551038104e-04 3.7382531139378326e-04 9.3847413335740191e+02
3.5923478534988956e-01 4.4232687167018497e-04 3.8324385129078511e-04 9.3850719590190067e+02
3.6829841980452116e-01 4.5384733571255244e-04 3.9289968321663035e-04 9.3854050510118986e+02
3.7759073330939330e-01 4.6575697483588661e-04 4.0279878293994037e-04 9.3857406302193215e+02
3.8711749552658598e-01 4.7806893584079332e-04 4.1294727663052566e-04 9.3860787174828204e+02
3.9688462168901484e-01 4.9079680964255617e-04 4.2335144464180106e-04 9.3864193338203415e+02
4.0689817627324126e-01 5.0395464627386530e-04 4.3401772538822700e-04 9.3867625004277329e+02
4.1716437676494716e-01 5.1755697039435077e-04 4.4495271932015561e-04 9.3871082386802539e+02
4.2768959751941565e-01 5.3161879732405138e-04 4.5616319299852974e-04 9.3874565701340987e+02
4.3848037371941234e-01 5.4615564961851023e-04 4.6765608327193752e-04 9.3878075165279347e+02
4.4954340543292576e-01 5.6118357420379815e-04 4.7943850155858893e-04 9.3881610997844598e+02
4.6088556177328621e-01 5.7671916009037884e-04 4.9151773823584964e-04 9.3885173420119531e+02
4.7251388516424619e-01 5.9277955668536901e-04 5.0390126714002490e-04 9.3888762655058758e+02
4.8443559571266992e-01 6.0938249272340852e-04 5.1659675017916317e-04 9.3892378927504433e+02
4.9665809569154812e-01 6.2654629583703896e-04 5.2961204206171029e-04 9.3896022464202508e+02
5.0918897413612085e-01 6.4428991278819229e-04 5.4295519514392296e-04 9.3899693493818734e+02
5.2203601155596202e-01 6.6263293038312300e-04 5.5663446439901476e-04 9.3903392246955229e+02
5.3520718476595230e-01 6.8159559709387349e-04 5.7065831251109310e-04 9.3907118956166789e+02
5.4871067183913846e-01 7.0119884541013620e-04 5.8503541509701039e-04 9.3910873855977638e+02
5.6255485718455633e-01 7.2146431494619012e-04 5.9977466605934035e-04 9.3914657182898304e+02
5.7674833675316806e-01 7.4241437632841640e-04 6.1488518307376569e-04 9.3918469175442272e+02
5.9129992337514858e-01 7.6407215588976363e-04 6.3037631321424673e-04 9.3922310074143434e+02
6.0621865223183247e-01 7.8646156119842054e-04 6.4625763871942405e-04 9.3926180121573032e+02
6.2151378646572120e-01 8.0960730744887935e-04 6.6253898290379867e-04 9.3930079562357162e+02
6.3719482293203278e-01 8.3353494474451930e-04 6.7923041621731415e-04 9.3934008643194409e+02
6.5327149809536533e-01 8.5827088630183114e-04 6.9634226245706462e-04 9.3937967612873388e+02
6.6975379407513513e-01 8.8384243760740986e-04 7.1388510513493823e-04 9.3941956722290615e+02
6.8665194484354464e-01 9.1027782655990984e-04 7.3186979400510538e-04 9.3945976224468734e+02
7.0397644257992631e-01 9.3760623463022888e-04 7.5030745175535879e-04 9.3950026374574384e+02
7.2173804418541065e-01 9.6585782907432176e-04 7.6920948086640949e-04 9.3954107429936732e+02
7.3994777796195998e-01 9.9506379623420034e-04 7.8858757064334648e-04 9.3958219650065905e+02
7.5861695045991806e-01 1.0252563759638818e-03 8.0845370442357730e-04 9.3962363296671674e+02
7.7775715349832675e-01 1.0564688972182872e-03 8.2882016696566912e-04 9.3966538633682239e+02
7.9738027136236578e-01 1.0887358148443751e-03 8.4969955202362038e-04 9.3970745927263226e+02
8.1749848818238857e-01 1.1220927476151223e-03 8.7110477011121312e-04 9.3974985445836921e+02
8.3812429549913381e-01 1.1565765175483419e-03 8.9304905646120434e-04 9.3979257460101462e+02
8.5927050001980954e-01 1.1922251905537341e-03 9.1554597918423644e-04 9.3983562243050528e+02
8.8095023156986685e-01 1.2290781184530451e-03 9.3860944763247305e-04 9.3987900069992770e+02
9.0317695124539998e-01 1.2671759824197176e-03 9.6225372097308325e-04 9.3992271218571818e+02
9.2596445977123454e-01 1.3065608378859835e-03 9.8649341697683171e-04 9.3996675968786303e+02
9.4932690606989278e-01 1.3472761609669723e-03 1.0113435210271622e-03 9.4001114603010046e+02
9.7327879604675949e-01 1.3893668964530840e-03 1.0368193953552974e-03 9.4005587406012330e+02
9.9783500159689797e-01 1.4328795074235970e-03 1.0629367885070080e-03 9.4010094664978601e+02
1.0230107698391140e+00 1.4778620265362870e-03 1.0897118450468603e-03 9.4014636669531183e+02
1.0488217325829976e+00 1.5243641090496697e-03 1.1171611155058828e-03 9.4019213711750092e+02
1.0752839160348222e+00 1.5724370876363980e-03 1.1453015665787451e-03 9.4023826086194344e+02
1.1024137507483285e+00 1.6221340290483225e-03 1.1741505915767016e-03 9.4028474089923031e+02
1.1302280818265682e+00 1.6735097926957637e-03 1.2037260211426920e-03 9.4033158022517011e+02
1.1587441793811466e+00 1.7266210912056641e-03 1.2340461342351717e-03 9.4037878186100443e+02
1.1879797492553545e+00 1.7815265530254653e-03 1.2651296693873900e-03 9.4042634885362747e+02
1.2179529440178500e+00 1.8382867871418230e-03 1.2969958362490121e-03 9.4047428427580735e+02
1.2486823742337136e+00 1.8969644499855904e-03 1.3296643274171552e-03 9.4052259122640612e+02
1.2801871200198787e+00 1.9576243145969425e-03 1.3631553305640707e-03 9.4057127283060754e+02
1.3124867428921083e+00 2.0203333421269713e-03 1.3974895408689074e-03 9.4062033224014203e+02
1.3456012979108760e+00 2.0851607557546966e-03 1.4326881737611538e-03 9.4066977263351521e+02
1.3795513461336928e+00 2.1521781171010778e-03 1.4687729779835628e-03 9.4071959721623955e+02
1.4143579673816109e+00 2.2214594052243890e-03 1.5057662489825507e-03 9.4076980922106657e+02
1.4500427733278307e+00 2.2930810982841449e-03 1.5436908426342613e-03 9.4082041190822122e+02
1.4866279209165389e+00 2.3671222579637356e-03 1.5825701893146882e-03 9.4087140856564031e+02
1.5241361261203106e+00 2.4436646167449619e-03 1.6224283083224715e-03 9.4092280250920942e+02
1.5625906780446126e+00 2.5227926681308031e-03 1.6632898226631725e-03 9.4097459708300607e+02
1.6020154533881723e+00 2.6045937599160239e-03 1.7051799742040820e-03 9.4102679565954224e+02
1.6424349312681858e+00 2.6891581906085681e-03 1.7481246392088206e-03 9.4107940164000945e+02
1.6838742084195713e+00 2.7765793091081878e-03 1.7921503442612243e-03 9.4113241845452717e+02
1.7263590147777088e+00 2.8669536177523369e-03 1.8372842825882581e-03 9.4118584956239283e+02
1.7699157294543320e+00 2.9603808788430694e-03 1.8835543307919231e-03 9.4123969845233262e+02
1.8145713971165049e+00 3.0569642247725540e-03 1.9309890660003854e-03 9.4129396864275918e+02
1.8603537447788434e+00 3.1568102718687575e-03 1.9796177834488157e-03 9.4134866368202347e+02
1.9072911990194106e+00 3.2600292380869670e-03 2.0294705145006589e-03 9.4140378714867859e+02
1.9554129036299779e+00 3.3667350646770832e-03 2.0805780451203623e-03 9.4145934265173833e+02
2.0047487377116076e+00 3.4770455419609685e-03 2.1329719348088345e-03 9.4151533383094136e+02
2.0553293342267933e+00 3.5910824393587107e-03 2.1866845360131960e-03 9.4157176435701786e+02
2.1071860990196818e+00 3.7089716398073362e-03 2.2417490140226848e-03 9.4162863793195731e+02
2.1603512303161780e+00 3.8308432787203311e-03 2.2981993673628436e-03 9.4168595828928085e+02
2.2148577387160486e+00 3.9568318876414023e-03 2.3560704487004640e-03 9.4174372919431164e+02
2.2707394676894324e+00 4.0870765427510180e-03 2.4153979862720164e-03 9.4180195444445394e+02
2.3280311145904862e+00 4.2217210183896833e-03 2.4762186058486704e-03 9.4186063786946897e+02
2.3867682522012141e+00 4.3609139457674211e-03 2.5385698532512852e-03 9.4191978333175723e+02
2.4469873508188540e+00 4.5048089770346415e-03 2.6024902174291210e-03 9.4197939472664132e+02
2.5087258009005406e+00 4.6535649548955262e-03 2.6680191541163423e-03 9.4203947598265154e+02
2.5720219362792980e+00 4.8073460879511512e-03 2.7351971100807414e-03 9.4210003106181352e+02
2.6369150579657847e+00 4.9663221319659195e-03 2.8040655479794657e-03 9.4216106395994188e+02
2.7034454585505645e+00 5.1306685772573831e-03 2.8746669718369144e-03 9.4222257870693090e+02
2.7716544472220557e+00 5.3005668424163203e-03 2.9470449531603230e-03 9.4228457936705320e+02
2.8415843754156938e+00 5.4762044745709122e-03 3.0212441577089637e-03 9.4234707003925689e+02
2.9132786631102316e+00 5.6577753564160749e-03 3.0973103729332657e-03 9.4241005485746939e+02
2.9867818257875069e+00 5.8454799202364996e-03 3.1752905361005909e-03 9.4247353799089933e+02
3.0621395020724140e+00 6.0395253691596451e-03 3.2552327631247806e-03 9.4253752364434627e+02
3.1393984820702427e+00 6.2401259058829156e-03 3.3371863781170509e-03 9.4260201605850898e+02
3.2186067364189852e+00 6.4475029691275342e-03 3.4212019436762318e-03 9.4266701951029825e+02
3.2998134460746305e+00 6.6618854780800775e-03 3.5073312919367741e-03 9.4273253831315446e+02
3.3830690328479673e+00 6.8835100850915786e-03 3.5956275563934674e-03 9.4279857681736451e+02
3.4684251907118355e+00 7.1126214369130782e-03 3.6861452045222113e-03 9.4286513941038277e+02
3.5559349178982749e+00 7.3494724447560411e-03 3.7789400712167041e-03 9.4293223051715700e+02
3.6456525498054946e+00 7.5943245634757387e-03 3.8740693930613976e-03 9.4299985460045480e+02
3.7376337927350995e+00 7.8474480801857625e-03 3.9715918434615758e-03 9.4306801616119344e+02
3.8319357584805211e+00 8.1091224126223025e-03 4.0715675686519145e-03 9.4313671973877433e+02
3.9286169997881277e+00 8.3796364175875247e-03 4.1740582246054501e-03 9.4320596991141804e+02
4.0277375467130305e+00 8.6592887098125206e-03 4.2791270148653726e-03 9.4327577129650444e+02
4.1293589438921634e+00 8.9483879915918437e-03 4.3868387293226653e-03 9.4334612855091586e+02
4.2335442887577743e+00 9.2472533935534940e-03 4.4972597839631695e-03 9.4341704637138082e+02
4.3403582707150639e+00 9.5562148269405234e-03 4.6104582616082156e-03 9.4348852949482534e+02
4.4498672113082813e+00 9.8756133477931121e-03 4.7265039536735949e-03 9.4356058269872278e+02
4.5621391054002371e+00 1.0205801533433199e-02 4.8454684029722419e-03 9.4363321080144999e+02
4.6772436633907830e+00 1.0547143871667159e-02 4.9674249475866209e-03 9.4370641866264566e+02
4.7952523545004881e+00 1.0900017163136261e-02 5.0924487658374918e-03 9.4378021118357117e+02
4.9162384511463681e+00 1.1264810937258968e-02 5.2206169223763055e-03 9.4385459330747847e+02
5.0402770744372480e+00 1.1641927882224307e-02 5.3520084154293100e-03 9.4392957001997422e+02
5.1674452408169724e+00 1.2031784289510883e-02 5.4867042252219368e-03 9.4400514634939589e+02
5.2978219098844548e+00 1.2434810513422311e-02 5.6247873636129479e-03 9.4408132736718437e+02
5.4314880334202442e+00 1.2851451446146318e-02 5.7663429249684289e-03 9.4415811818826205e+02
5.5685266056500424e+00 1.3282167008861846e-02 5.9114581383064579e-03 9.4423552397141850e+02
5.7090227147764017e+00 1.3727432659436432e-02 6.0602224207441735e-03 9.4431354991969170e+02
5.8530635958105801e+00 1.4187739917274138e-02 6.2127274322795580e-03 9.4439220128075976e+02
6.0007386847373594e+00 1.4663596905893497e-02 6.3690671319411914e-03 9.4447148334733481e+02
6.1521396740464898e+00 1.5155528913834449e-02 6.5293378353400771e-03 9.4455140145755740e+02
6.3073605696651684e+00 1.5664078974513260e-02 6.6936382736583052e-03 9.4463196099539596e+02
6.4664977493269928e+00 1.6189808465665756e-02 6.8620696541103953e-03 9.4471316739105293e+02
6.6296500224135553e+00 1.6733297729040406e-02 7.0347357219139144e-03 9.4479502612137060e+02
6.7969186913058817e+00 1.7295146711025399e-02 7.2117428238069039e-03 9.4487754271024448e+02
6.9684076142837812e+00 1.7875975624916881e-02 7.3931999731506196e-03 9.4496072272903587e+02
7.1442232700121755e+00 1.8476425635559360e-02 7.5792189166569600e-03 9.4504457179699159e+02
7.3244748236544401e+00 1.9097159567114139e-02 7.7699142027809909e-03 9.4512909558166803e+02
7.5092741946538180e+00 1.9738862634736992e-02 7.9654032518199965e-03 9.4521429979935647e+02
7.6987361262249756e+00 2.0402243200972791e-02 8.1658064277614229e-03 9.4530019021551504e+02
7.8929782565988660e+00 2.1088033557702033e-02 8.3712471119232190e-03 9.4538677264520300e+02
8.0921211920651235e+00 2.1796990734502496e-02 8.5818517784311110e-03 9.4547405295351882e+02
8.2962885818573451e+00 2.2529897334318275e-02 8.7977500715784376e-03 9.4556203705604378e+02
8.5056071949277641e+00 2.3287562397358755e-02 9.0190748851153371e-03 9.4565073091928923e+02
8.7202069986589752e+00 2.4070822294181136e-02 9.2459624435152037e-03 9.4574014056114720e+02
8.9402212395615770e+00 2.4880541648942271e-02 9.4785523852675222e-03 9.4583027205134647e+02
9.1657865260078673e+00 2.5717614293839182e-02 9.7169878482474391e-03 9.4592113151191097e+02
9.3970429130529229e+00 2.6582964255791621e-02 9.9614155572135682e-03 9.4601272511762511e+02
9.6341339893957727e+00 2.7477546776456040e-02 1.0211985913486973e-02 9.4610505909650101e+02
9.8772069665345992e+00 2.8402349366696729e-02 1.0468853086865343e-02 9.4619813973025225e+02
1.0126412770171394e+01 2.9358392896678364e-02 1.0732175109827987e-02 9.4629197335477011e+02
1.0381906133922769e+01 3.0346732722783161e-02 1.1002113974088392e-02 9.4638656636060580e+02
1.0643845695395147e+01 3.1368459852596620e-02 1.1278835729552678e-02 9.4648192519345491e+02
1.0912394094683940e+01 3.2424702149247885e-02 1.1562510585743535e-02 9.4657805635465058e+02
1.1187718075357923e+01 3.3516625576434193e-02 1.1853313015750946e-02 9.4667496640165746e+02
1.1469988587991478e+01 3.4645435485503709e-02 1.2151421862772281e-02 9.4677266194857145e+02
1.1759380896308992e+01 3.5812377946017583e-02 1.2457020449305986e-02 9.4687114966662443e+02
1.2056074686007317e+01 3.7018741121259982e-02 1.2770296689064696e-02 9.4697043628469385e+02
1.2360254176323876e+01 3.8265856690214456e-02 1.3091443201675193e-02 9.4707052858981694e+02
1.2672108234419666e+01 3.9555101317576481e-02 1.3420657430234271e-02 9.4717143342771010e+02
1.2991830492648193e+01 4.0887898173424676e-02 1.3758141761791338e-02 9.4727315770329233e+02
1.3319619468783145e+01 4.2265718504228368e-02 1.4104103650830232e-02 9.4737570838121519e+02
1.3655678689279460e+01 4.3690083256925701e-02 1.4458755745824664e-02 9.4747909248639394e+02
1.4000216815644315e+01 4.5162564757865016e-02 1.4822316018943260e-02 9.4758331710455116e+02
1.4353447773996511e+01 4.6684788448462931e-02 1.5195007898982487e-02 9.4768838938275633e+02
1.4715590887894681e+01 4.8258434679494942e-02 1.5577060407607129e-02 9.4779431652997778e+02
1.5086871014516824e+01 4.9885240565999425e-02 1.5968708298980453e-02 9.4790110581763531e+02
1.5467518684275678e+01 5.1567001904842424e-02 1.6370192202867805e-02 9.4800876458016273e+02
1.5857770243956665e+01 5.3305575157060130e-02 1.6781758771299792e-02 9.4811730021557025e+02
1.6257868003467252e+01 5.5102879497167211e-02 1.7203660828883059e-02 9.4822672018601588e+02
1.6668060386288854e+01 5.6960898931693330e-02 1.7636157526848911e-02 9.4833703201838205e+02
1.7088602083724712e+01 5.8881684489286261e-02 1.8079514500932387e-02 9.4844824330485631e+02
1.7519754213039473e+01 6.0867356484799323e-02 1.8534004033176395e-02 9.4856036170351854e+02
1.7961784479588744e+01 6.2920106859862518e-02 1.8999905217758201e-02 9.4867339493893235e+02
1.8414967343039187e+01 6.5042201602520860e-02 1.9477504130937493e-02 9.4878735080274498e+02
1.8879584187782442e+01 6.7235983248610881e-02 1.9967094005228173e-02 9.4890223715429136e+02
1.9355923497648650e+01 6.9503873467636937e-02 2.0468975407898188e-02 9.4901806192120205e+02
1.9844281035028086e+01 7.1848375736001294e-02 2.0983456423904426e-02 9.4913483310002073e+02
2.0344960024512055e+01 7.4272078100539068e-02 2.1510852843372209e-02 9.4925255875682490e+02
2.0858271341167171e+01 7.6777656035408884e-02 2.2051488353731833e-02 9.4937124702785354e+02
2.1384533703559843e+01 7.9367875395492643e-02 2.2605694736627067e-02 9.4949090612014106e+02
2.1924073871650851e+01 8.2045595469564650e-02 2.3173812069713615e-02 9.4961154431215562e+02
2.2477226849682864e+01 8.4813772136600366e-02 2.3756188933468179e-02 9.4973316995444600e+02
2.3044336094186932e+01 8.7675461128709359e-02 2.4353182623131967e-02 9.4985579147029455e+02
2.3625753727237004e+01 9.0633821404293602e-02 2.4965159365915375e-02 9.4997941735637346e+02
2.4221840755084994e+01 9.3692118635155489e-02 2.5592494543593657e-02 9.5010405618341099e+02
2.4832967292312063e+01 9.6853728811404333e-02 2.6235572920626723e-02 9.5022971659686311e+02
2.5459512791635348e+01 1.0012214196814104e-01 2.6894788877939342e-02 9.5035640731758906e+02
2.6101866279512773e+01 1.0350096603803438e-01 2.7570546652501318e-02 9.5048413714253809e+02
2.6760426597692305e+01 1.0699393083404243e-01 2.8263260582850874e-02 9.5061291494543730e+02
2.7435602650855550e+01 1.1060489216667453e-01 2.8973355360707533e-02 9.5074274967749341e+02
2.8127813660509528e+01 1.1433783610033968e-01 2.9701266288825069e-02 9.5087365036809274e+02
2.8837489425284208e+01 1.1819688335347930e-01 3.0447439545237799e-02 9.5100562612551664e+02
2.9565070587797457e+01 1.2218629384734180e-01 3.1212332454058390e-02 9.5113868613765544e+02
3.0311008908253200e+01 1.2631047140842064e-01 3.1996413762988146e-02 9.5127283967273831e+02
3.1075767544942320e+01 1.3057396862974516e-01 3.2800163927705357e-02 9.5140809608006145e+02
3.1859821341820950e+01 1.3498149189639294e-01 3.3624075403301167e-02 9.5154446479072965e+02
3.2663657123344400e+01 1.3953790658076951e-01 3.4468652942936447e-02 9.5168195531840263e+02
3.3487773996739790e+01 1.4424824241339057e-01 3.5334413903897417e-02 9.5182057726005007e+02
3.4332683661905271e+01 1.4911769903509631e-01 3.6221888561232450e-02 9.5196034029671046e+02
3.5198910729127974e+01 1.5415165173682516e-01 3.7131620429156097e-02 9.5210125419426197e+02
3.6086993044818243e+01 1.5935565739328525e-01 3.8064166590412021e-02 9.5224332880419922e+02
3.6997482025462183e+01 1.6473546059707128e-01 3.9020098033790328e-02 9.5238657406441678e+02
3.7930942999999999e+01 1.7029700000000000e-01 4.0000000000000001e-02 9.5253280199999995e+02
4.3114127000000003e+01 1.9176499999999999e-01 4.5440000000000001e-02 9.5303641200000004e+02
4.8299661000000000e+01 2.0946999999999999e-01 5.0880000000000002e-02 9.5340452900000003e+02
5.3486902000000001e+01 2.2379399999999999e-01 5.6320000000000002e-02 9.5367182300000002e+02
5.8675393000000000e+01 2.3562000000000000e-01 6.1760000000000002e-02 9.5387182900000005e+02
6.3864856000000003e+01 2.4625300000000000e-01 6.7199999999999996e-02 9.5403613199999995e+02
6.9055175000000006e+01 2.5734400000000002e-01 7.2639999999999996e-02 9.5419394000000000e+02
7.4246388999999994e+01 2.7083099999999999e-01 7.8079999999999997e-02 9.5437189400000000e+02
7.9438674000000006e+01 2.8887299999999999e-01 8.3519999999999997e-02 9.5459403999999995e+02
8.4632329999999996e+01 3.1380500000000000e-01 8.8959999999999997e-02 9.5488187100000005e+02
8.9827766999999994e+01 3.4808499999999998e-01 9.4399999999999998e-02 9.5525441899999998e+02
9.5025475999999998e+01 3.9318700000000001e-01 9.9839999999999998e-02 9.5571752200000003e+02
1.0022594599999999e+02 4.5081900000000003e-01 1.0528000000000000e-01 9.5627799600000003e+02
1.0542978599999999e+02 5.2492000000000005e-01 1.1072000000000000e-01 9.5696258899999998e+02
1.1063771300000001e+02 6.1841100000000004e-01 1.1616000000000000e-01 9.5778516600000000e+02
1.1585050500000000e+02 7.3394300000000001e-01 1.2160000000000000e-01 9.5875541099999998e+02
1.2106898600000000e+02 8.7399600000000000e-01 1.2703999999999999e-01 9.5988036199999999e+02
1.2629401100000000e+02 1.0409060000000001e+00 1.3247999999999999e-01 9.6116504299999997e+02
1.3152645999999999e+02 1.2368690000000000e+00 1.3791999999999999e-01 9.6261285599999997e+02
1.3676722599999999e+02 1.4639489999999999e+00 1.4335999999999999e-01 9.6422586799999999e+02
1.4201721100000000e+02 1.7240850000000001e+00 1.4879999999999999e-01 9.6600504000000001e+02
1.4727731900000001e+02 2.0190929999999998e+00 1.5423999999999999e-01 9.6795043299999998e+02
1.5254845299999999e+02 2.3506760000000000e+00 1.5967999999999999e-01 9.7006137999999999e+02
1.5783151200000000e+02 2.7204340000000000e+00 1.6511999999999999e-01 9.7233663799999999e+02
1.6312738300000001e+02 3.1298699999999999e+00 1.7055999999999999e-01 9.7477452500000004e+02
1.6843694800000000e+02 3.5804070000000001e+00 1.7599999999999999e-01 9.7737302899999997e+02
1.7376107300000001e+02 4.0733889999999997e+00 1.8143999999999999e-01 9.8012990100000002e+02
1.7910061400000001e+02 4.6100969999999997e+00 1.8687999999999999e-01 9.8304273799999999e+02
1.8445641200000000e+02 5.1917520000000001e+00 1.9231999999999999e-01 9.8610903699999994e+02
1.8982929700000000e+02 5.8195280000000000e+00 1.9775999999999999e-01 9.8932624799999996e+02
1.9522008199999999e+02 6.4945500000000003e+00 2.0319999999999999e-01 9.9269180600000004e+02
2.0062956700000001e+02 7.2179080000000004e+00 2.0863999999999999e-01 9.9620315700000003e+02
2.0605853800000000e+02 7.9906519999999999e+00 2.1407999999999999e-01 9.9985777099999996e+02
2.1150776999999999e+02 8.8138000000000005e+00 2.1951999999999999e-01 1.0036531560000000e+03
2.1697801999999999e+02 9.6883389999999991e+00 2.2495999999999999e-01 1.0075868560000000e+03
2.2247003500000000e+02 1.0615223000000000e+01 2.3039999999999999e-01 1.0116564560000000e+03
2.2798454799999999e+02 1.1595374000000000e+01 2.3583999999999999e-01 1.0158595720000000e+03
2.3352227999999999e+02 1.2629683999999999e+01 2.4127999999999999e-01 1.0201938500000000e+03
2.3908393699999999e+02 1.3719010000000001e+01 2.4671999999999999e-01 1.0246569560000000e+03
2.4467021500000001e+02 1.4864174000000000e+01 2.5216000000000000e-01 1.0292465720000000e+03
2.5028179600000001e+02 1.6065963000000000e+01 2.5760000000000000e-01 1.0339603830000001e+03
2.5591934900000001e+02 1.7325123999999999e+01 2.6304000000000000e-01 1.0387960710000000e+03
2.6158353099999999e+02 1.8642365000000002e+01 2.6848000000000000e-01 1.0437513080000001e+03
2.6727498700000001e+02 2.0018350000000002e+01 2.7392000000000000e-01 1.0488237509999999e+03
2.7299434800000000e+02 2.1453699000000000e+01 2.7936000000000000e-01 1.0540110340000001e+03
2.7874223200000000e+02 2.2948988000000000e+01 2.8480000000000000e-01 1.0593107630000000e+03
2.8451924600000001e+02 2.4504740999999999e+01 2.9024000000000000e-01 1.0647205130000000e+03
2.9032598100000001e+02 2.6121435000000002e+01 2.9568000000000000e-01 1.0702378260000000e+03
2.9616301499999997e+02 2.7799496000000001e+01 3.0112000000000000e-01 1.0758602100000001e+03
3.0203091499999999e+02 2.9539299000000000e+01 3.0656000000000000e-01 1.0815851350000000e+03
3.0793022999999999e+02 3.1341165000000000e+01 3.1200000000000000e-01 1.0874100360000000e+03
3.1386149899999998e+02 3.3205365000000000e+01 3.1744000000000000e-01 1.0933323150000001e+03
3.1982524300000000e+02 3.5132114999999999e+01 3.2288000000000000e-01 1.0993493410000001e+03
3.2582197200000002e+02 3.7121580000000002e+01 3.2832000000000000e-01 1.1054584530000000e+03
3.3185217899999998e+02 3.9173870999999998e+01 3.3376000000000000e-01 1.1116569640000000e+03
3.3791634399999998e+02 4.1289051000000001e+01 3.3920000000000000e-01 1.1179421660000000e+03
3.4401493099999999e+02 4.3467128000000002e+01 3.4464000000000000e-01 1.1243113330000001e+03
3.5014838800000001e+02 4.5708066000000002e+01 3.5008000000000000e-01 1.1307617240000000e+03
3.5631715200000002e+02 4.8011778000000000e+01 3.5552000000000000e-01 1.1372905920000001e+03
3.6252035000000001e+02 5.0122824000000001e+01 3.6096000000000000e-01 1.1431843010000000e+03
3.6875343400000003e+02 5.2038392000000002e+01 3.6640000000000000e-01 1.1484510550000000e+03
3.7501455800000002e+02 5.3907480000000000e+01 3.7184000000000000e-01 1.1535141130000000e+03
3.8130287800000002e+02 5.5759478999999999e+01 3.7728000000000000e-01 1.1584579520000000e+03
3.8761786300000000e+02 5.7607877999999999e+01 3.8272000000000000e-01 1.1633215110000001e+03
3.9395913999999999e+02 5.9460408999999999e+01 3.8816000000000001e-01 1.1681271290000000e+03
4.0032643700000000e+02 6.1322051000000002e+01 3.9360000000000001e-01 1.1728891630000001e+03
4.0671954499999998e+02 6.3196254000000003e+01 3.9904000000000001e-01 1.1776175189999999e+03
4.1313803799999999e+02 6.4993774999999999e+01 4.0448000000000001e-01 1.1820918670000001e+03
4.1957940600000001e+02 6.6641825999999995e+01 4.0992000000000001e-01 1.1861386279999999e+03
4.2604258199999998e+02 6.8284955999999994e+01 4.1536000000000001e-01 1.1901200420000000e+03
4.3252733599999999e+02 6.9938778999999997e+01 4.2080000000000001e-01 1.1940752060000000e+03
4.3903357000000000e+02 7.1608981999999997e+01 4.2624000000000001e-01 1.1980182370000000e+03
4.4556124000000000e+02 7.3298529000000002e+01 4.3168000000000001e-01 1.2019563519999999e+03
4.5211032999999998e+02 7.5009234000000006e+01 4.3712000000000001e-01 1.2058938539999999e+03
4.5868084499999998e+02 7.6742322999999999e+01 4.4256000000000001e-01 1.2098335480000001e+03
4.6527280400000001e+02 7.8498679999999993e+01 4.4800000000000001e-01 1.2137773660000000e+03
4.7188623200000001e+02 8.0278972999999993e+01 4.5344000000000001e-01 1.2177266890000001e+03
4.7852116200000000e+02 8.2083721999999995e+01 4.5888000000000001e-01 1.2216825280000000e+03
4.8517763300000001e+02 8.3913345000000007e+01 4.6432000000000001e-01 1.2256456350000001e+03
4.9185568400000000e+02 8.5768182999999993e+01 4.6976000000000001e-01 1.2296165690000000e+03
4.9855536000000001e+02 8.7648518999999993e+01 4.7520000000000001e-01 1.2335957490000001e+03
5.0527670699999999e+02 8.9554587999999995e+01 4.8064000000000001e-01 1.2375834829999999e+03
5.1201977199999999e+02 9.1486591000000004e+01 4.8608000000000001e-01 1.2415799910000001e+03
5.1878460299999995e+02 9.3444698000000002e+01 4.9152000000000001e-01 1.2455854260000001e+03
5.2557124799999997e+02 9.5429051999999999e+01 4.9696000000000001e-01 1.2495998840000000e+03
5.3237975800000004e+02 9.7439778000000004e+01 5.0239999999999996e-01 1.2536234130000000e+03
5.3921018100000003e+02 9.9476979999999998e+01 5.0783999999999996e-01 1.2576560270000000e+03
5.4606256800000006e+02 1.0154074500000000e+02 5.1327999999999996e-01 1.2616977050000000e+03
5.5293696599999998e+02 1.0363114800000000e+02 5.1871999999999996e-01 1.2657483980000000e+03
5.5983342600000003e+02 1.0574825100000000e+02 5.2415999999999996e-01 1.2698080359999999e+03
5.6675199499999997e+02 1.0789210300000001e+02 5.2959999999999996e-01 1.2738765310000001e+03
5.7369272100000001e+02 1.1006274400000000e+02 5.3503999999999996e-01 1.2779537750000000e+03
5.8065565300000003e+02 1.1226020400000000e+02 5.4047999999999996e-01 1.2820396470000001e+03
5.8764083500000004e+02 1.1448450500000000e+02 5.4591999999999996e-01 1.2861340150000001e+03
5.9464831500000003e+02 1.1673566099999999e+02 5.5135999999999996e-01 1.2902367350000000e+03
6.0167813699999999e+02 1.1901367700000000e+02 5.5679999999999996e-01 1.2943476550000000e+03
6.0873034500000006e+02 1.2131855400000001e+02 5.6223999999999996e-01 1.2984666130000001e+03
6.1580498299999999e+02 1.2365028400000000e+02 5.6767999999999996e-01 1.3025934440000001e+03
6.2290209300000004e+02 1.2600885500000000e+02 5.7311999999999996e-01 1.3067279750000000e+03
6.3002171699999997e+02 1.2839424900000000e+02 5.7855999999999996e-01 1.3108700289999999e+03
6.3716389400000003e+02 1.3080644100000001e+02 5.8399999999999996e-01 1.3150194240000001e+03
6.4432866500000000e+02 1.3324540500000001e+02 5.8943999999999996e-01 1.3191759770000001e+03
6.5151606800000002e+02 1.3571110600000000e+02 5.9487999999999996e-01 1.3233394989999999e+03
6.5872613999999999e+02 1.3820350800000000e+02 6.0031999999999996e-01 1.3275098029999999e+03
6.6595891700000004e+02 1.4072256899999999e+02 6.0575999999999997e-01 1.3316866960000000e+03
6.7321443599999998e+02 1.4326824500000001e+02 6.1119999999999997e-01 1.3358699879999999e+03
6.8049272900000005e+02 1.4584048600000000e+02 6.1663999999999997e-01 1.3400594860000001e+03
6.8779383099999995e+02 1.4843924000000001e+02 6.2207999999999997e-01 1.3442549959999999e+03
6.9511777400000005e+02 1.5106445299999999e+02 6.2751999999999997e-01 1.3484563250000001e+03
7.0246458900000005e+02 1.5371606499999999e+02 6.3295999999999997e-01 1.3526632810000001e+03
7.0983430499999997e+02 1.5639401699999999e+02 6.3839999999999997e-01 1.3568756699999999e+03
7.1722695199999998e+02 1.5909824300000000e+02 6.4383999999999997e-01 1.3610933010000001e+03
7.2464255800000001e+02 1.6182867700000000e+02 6.4927999999999997e-01 1.3653159830000000e+03
7.3208114999999998e+02 1.6458525000000000e+02 6.5471999999999997e-01 1.3695435250000000e+03
7.3954275399999995e+02 1.6736789300000001e+02 6.6015999999999997e-01 1.3737757409999999e+03
7.4702739499999996e+02 1.7017653000000001e+02 6.6559999999999997e-01 1.3780124410000001e+03
7.5453509599999995e+02 1.7301108700000000e+02 6.7103999999999997e-01 1.3822534410000001e+03
7.6206587999999999e+02 1.7587148700000000e+02 6.7647999999999997e-01 1.3864985580000000e+03
7.6961977000000002e+02 1.7875765100000001e+02 6.8191999999999997e-01 1.3907476079999999e+03
7.7719678699999997e+02 1.8166949900000000e+02 6.8735999999999997e-01 1.3950004110000000e+03
7.8479694900000004e+02 1.8460694799999999e+02 6.9279999999999997e-01 1.3992567910000000e+03
7.9242027700000006e+02 1.8756991500000001e+02 6.9823999999999997e-01 1.4035165700000000e+03
8.0006678799999997e+02 1.9055831499999999e+02 7.0367999999999997e-01 1.4077795739999999e+03
8.0773649899999998e+02 1.9357206199999999e+02 7.0911999999999997e-01 1.4120456330000000e+03
8.1542942700000003e+02 1.9661106799999999e+02 7.1455999999999997e-01 1.4163145760000000e+03
8.2314558599999998e+02 1.9967524599999999e+02 7.1999999999999997e-01 1.4205862370000000e+03
8.3088499100000001e+02 2.0276450500000001e+02 7.2543999999999997e-01 1.4248604510000000e+03
8.3864765599999998e+02 2.0587875500000001e+02 7.3087999999999997e-01 1.4291370549999999e+03
8.4643359299999997e+02 2.0901790500000001e+02 7.3631999999999997e-01 1.4334158900000000e+03
8.5424281299999996e+02 2.1218186299999999e+02 7.4175999999999997e-01 1.4376967979999999e+03
8.6207532800000001e+02 2.1537053499999999e+02 7.4719999999999998e-01 1.4419796240000001e+03
8.6993114800000001e+02 2.1858383000000001e+02 7.5263999999999998e-01 1.4462642160000000e+03
8.7781028100000003e+02 2.2182165100000000e+02 7.5807999999999998e-01 1.4505504229999999e+03
8.8571273699999995e+02 2.2508390499999999e+02 7.6351999999999998e-01 1.4548380990000001e+03
8.9363852199999997e+02 2.2837049700000000e+02 7.6895999999999998e-01 1.4591270970000000e+03
9.0158764399999995e+02 2.3168133100000000e+02 7.7439999999999998e-01 1.4634172759999999e+03
9.0956010800000001e+02 2.3501631000000000e+02 7.7983999999999998e-01 1.4677084950000001e+03
9.1755592000000001e+02 2.3837533800000000e+02 7.8527999999999998e-01 1.4720006169999999e+03
9.2557508499999994e+02 2.4175832000000000e+02 7.9071999999999998e-01 1.4762935060000000e+03
9.3361760500000003e+02 2.4516515600000000e+02 7.9615999999999998e-01 1.4805870290000000e+03
9.4168348500000002e+02 2.4859575200000000e+02 8.0159999999999998e-01 1.4848810570000001e+03
9.4977272700000003e+02 2.5205000799999999e+02 8.0703999999999998e-01 1.4891754619999999e+03
9.5788533199999995e+02 2.5552782900000000e+02 8.1247999999999998e-01 1.4934701170000001e+03
9.6602130099999999e+02 2.5902911499999999e+02 8.1791999999999998e-01 1.4977648999999999e+03
9.7418063500000005e+02 2.6255376899999999e+02 8.2335999999999998e-01 1.5020596900000000e+03
9.8236333400000001e+02 2.6610169400000001e+02 8.2879999999999998e-01 1.5063543689999999e+03
9.9056939599999998e+02 2.6967279200000002e+02 8.3423999999999998e-01 1.5106488210000000e+03
9.9879881999999998e+02 2.7326696600000002e+02 8.3967999999999998e-01 1.5149429310000000e+03
1.0070516030000000e+03 2.7688411600000001e+02 8.4511999999999998e-01 1.5192365890000001e+03
1.0153277440000001e+03 2.8052414700000003e+02 8.5055999999999998e-01 1.5235296840000001e+03
1.0236272390000000e+03 2.8418696000000000e+02 8.5599999999999998e-01 1.5278221109999999e+03
1.0319500829999999e+03 2.8787245700000000e+02 8.6143999999999998e-01 1.5321137630000001e+03
1.0402962720000000e+03 2.9158054299999998e+02 8.6687999999999998e-01 1.5364045390000001e+03
1.0486658020000000e+03 2.9531112000000002e+02 8.7231999999999998e-01 1.5406943380000000e+03
1.0570586659999999e+03 2.9906409100000002e+02 8.7775999999999998e-01 1.5449830600000000e+03
1.0654748589999999e+03 3.0283935900000000e+02 8.8319999999999999e-01 1.5492706100000000e+03
1.0739143730000001e+03 3.0663682899999998e+02 8.8863999999999999e-01 1.5535568940000001e+03
1.0823772030000000e+03 3.1045640300000002e+02 8.9407999999999999e-01 1.5578418190000000e+03
1.0908633390000000e+03 3.1429798699999998e+02 8.9951999999999999e-01 1.5621252939999999e+03
1.0993727739999999e+03 3.1816148399999997e+02 9.0495999999999999e-01 1.5664072320000000e+03
1.1079054990000000e+03 3.2204680000000002e+02 9.1039999999999999e-01 1.5706875450000000e+03
1.1164615060000001e+03 3.2595383900000002e+02 9.1583999999999999e-01 1.5749661500000000e+03
1.1250407840000000e+03 3.2988250799999997e+02 9.2127999999999999e-01 1.5792429629999999e+03
1.1336433239999999e+03 3.3383271100000002e+02 9.2671999999999999e-01 1.5835179029999999e+03
1.1422691159999999e+03 3.3780435499999999e+02 9.3215999999999999e-01 1.5877908930000001e+03
1.1509181480000000e+03 3.4179734700000000e+02 9.3759999999999999e-01 1.5920618529999999e+03
1.1595904089999999e+03 3.4581159300000002e+02 9.4303999999999999e-01 1.5963307090000001e+03
1.1682858870000000e+03 3.4984700099999998e+02 9.4847999999999999e-01 1.6005973879999999e+03
1.1770045709999999e+03 3.5390347800000001e+02 9.5391999999999999e-01 1.6048618160000001e+03
1.1857464480000001e+03 3.5798093299999999e+02 9.5935999999999999e-01 1.6091239240000000e+03
1.1945115060000001e+03 3.6207927500000000e+02 9.6479999999999999e-01 1.6133836420000000e+03
1.2032997300000000e+03 3.6619841200000002e+02 9.7023999999999999e-01 1.6176409050000000e+03
1.2121111080000001e+03 3.7033825400000001e+02 9.7567999999999999e-01 1.6218956450000001e+03
1.2209456259999999e+03 3.7449871100000001e+02 9.8111999999999999e-01 1.6261478000000000e+03
1.2298032690000000e+03 3.7867969299999999e+02 9.8655999999999999e-01 1.6303973060000001e+03
1.2386840230000000e+03 3.8288111099999998e+02 9.9199999999999999e-01 1.6346441030000001e+03
1.2475878720000001e+03 3.8710287799999998e+02 9.9743999999999999e-01 1.6388881320000000e+03
1.2565148030000000e+03 3.9134490399999999e+02 1.0028800000000000e+00 1.6431293340000000e+03
1.2654647980000000e+03 3.9560710300000000e+02 1.0083200000000001e+00 1.6473676539999999e+03
1.2744378429999999e+03 3.9988938600000000e+02 1.0137600000000000e+00 1.6516030350000001e+03
1.2834339210000001e+03 4.0419166899999999e+02 1.0192000000000001e+00 1.6558354250000000e+03
1.2924530159999999e+03 4.0851386400000001e+02 1.0246400000000000e+00 1.6600647710000001e+03
1.3014951100000001e+03 4.1285588700000000e+02 1.0300800000000001e+00 1.6642910230000000e+03
1.3105601879999999e+03 4.1721765199999999e+02 1.0355200000000000e+00 1.6685141300000000e+03
1.3196482309999999e+03 4.2159907600000003e+02 1.0409600000000001e+00 1.6727340440000000e+03
1.3287592230000000e+03 4.2600007399999998e+02 1.0464000000000000e+00 1.6769507200000000e+03
1.3378931450000000e+03 4.3042056400000001e+02 1.0518400000000001e+00 1.6811641099999999e+03
1.3470499800000000e+03 4.3486046399999998e+02 1.0572800000000000e+00 1.6853741720000000e+03
1.3562297100000001e+03 4.3931969099999998e+02 1.0627200000000001e+00 1.6895808609999999e+03
1.3654323150000000e+03 4.4379816499999998e+02 1.0681600000000000e+00 1.6937841370000001e+03
1.3746577769999999e+03 4.4829580499999997e+02 1.0736000000000001e+00 1.6979839589999999e+03
1.3839060770000001e+03 4.5281253099999998e+02 1.0790400000000000e+00 1.7021802869999999e+03
1.3931771970000000e+03 4.5734826500000003e+02 1.0844800000000001e+00 1.7063730849999999e+03
1.4024711159999999e+03 4.6190292799999997e+02 1.0899200000000000e+00 1.7105623149999999e+03
1.4117878160000000e+03 4.6647644400000001e+02 1.0953599999999999e+00 1.7147479420000000e+03
1.4211272770000000e+03 4.7106873600000000e+02 1.1008000000000000e+00 1.7189299329999999e+03
1.4304894780000000e+03 4.7567973000000001e+02 1.1062399999999999e+00 1.7231082560000000e+03
1.4398743999999999e+03 4.8030934999999999e+02 1.1116800000000000e+00 1.7272828800000000e+03
1.4492820220000001e+03 4.8495752599999997e+02 1.1171199999999999e+00 1.7314537769999999e+03
1.4587123240000001e+03 4.8962418600000001e+02 1.1225600000000000e+00 1.7356209180000001e+03
1.4681652870000000e+03 4.9430926199999999e+02 1.1279999999999999e+00 1.7397842800000001e+03
1.4776408879999999e+03 4.9901268700000003e+02 1.1334400000000000e+00 1.7439438410000000e+03
1.4871391070000000e+03 5.0373440199999999e+02 1.1388799999999999e+00 1.7480995829999999e+03
1.4966599240000000e+03 5.0847434900000002e+02 1.1443200000000000e+00 1.7522514940000001e+03
1.5062033180000001e+03 5.1323248300000000e+02 1.1497599999999999e+00 1.7563995709999999e+03
1.5157692669999999e+03 5.1800878100000000e+02 1.1552000000000000e+00 1.7605438280000001e+03
1.5253577510000000e+03 5.2280328599999996e+02 1.1606399999999999e+00 1.7646843389999999e+03
1.5349687510000001e+03 5.2761619299999995e+02 1.1660800000000000e+00 1.7688213089999999e+03
1.5446022459999999e+03 5.3244678999999996e+02 1.1715199999999999e+00 1.7729541589999999e+03
1.5542582120000000e+03 5.3729492500000003e+02 1.1769600000000000e+00 1.7770827979999999e+03
1.5639366270000000e+03 5.4216052700000000e+02 1.1823999999999999e+00 1.7812072049999999e+03
1.5736374690000000e+03 5.4704352400000005e+02 1.1878400000000000e+00 1.7853273589999999e+03
1.5833607119999999e+03 5.5194384500000001e+02 1.1932799999999999e+00 1.7894432389999999e+03
1.5931063349999999e+03 5.5686142199999995e+02 1.1987200000000000e+00 1.7935548260000000e+03
1.6028743139999999e+03 5.6179618500000004e+02 1.2041599999999999e+00 1.7976621000000000e+03
1.6126646260000000e+03 5.6674806400000000e+02 1.2096000000000000e+00 1.8017650450000001e+03
1.6224772459999999e+03 5.7171699200000000e+02 1.2150399999999999e+00 1.8058636420000000e+03
1.6323121510000001e+03 5.7670290000000000e+02 1.2204800000000000e+00 1.8099578739999999e+03
1.6421693180000000e+03 5.8170572200000004e+02 1.2259199999999999e+00 1.8140477249999999e+03
1.6520487220000000e+03 5.8672538999999995e+02 1.2313600000000000e+00 1.8181331789999999e+03
1.6619503390000000e+03 5.9176183900000001e+02 1.2367999999999999e+00 1.8222142220000001e+03
1.6718741460000001e+03 5.9681500100000005e+02 1.2422400000000000e+00 1.8262908399999999e+03
1.6818201180000001e+03 6.0188481300000001e+02 1.2476799999999999e+00 1.8303630169999999e+03
1.6917882310000000e+03 6.0697120800000005e+02 1.2531200000000000e+00 1.8344307409999999e+03
1.7017784610000001e+03 6.1207412299999999e+02 1.2585599999999999e+00 1.8384939999999999e+03
1.7117907840000000e+03 6.1719349399999999e+02 1.2640000000000000e+00 1.8425527810000001e+03
1.7218251740000001e+03 6.2232925699999998e+02 1.2694399999999999e+00 1.8466070720000000e+03
1.7318816079999999e+03 6.2748135000000002e+02 1.2748800000000000e+00 1.8506568629999999e+03
1.7419600620000001e+03 6.3264970900000003e+02 1.2803199999999999e+00 1.8547021430000000e+03
1.7520605100000000e+03 6.3783427300000005e+02 1.2857600000000000e+00 1.8587429010000001e+03
1.7621829279999999e+03 6.4303498100000002e+02 1.2911999999999999e+00 1.8627791279999999e+03
1.7723272910000001e+03 6.4825176999999996e+02 1.2966400000000000e+00 1.8668108159999999e+03
1.7824935740000001e+03 6.5348458100000005e+02 1.3020799999999999e+00 1.8708379550000000e+03
1.7926817540000000e+03 6.5873335399999996e+02 1.3075200000000000e+00 1.8748605370000000e+03
1.8028918040000001e+03 6.6399802799999998e+02 1.3129599999999999e+00 1.8788785539999999e+03
1.8131237000000001e+03 6.6927854300000001e+02 1.3184000000000000e+00 1.8828919989999999e+03
1.8233774180000000e+03 6.7457484299999999e+02 1.3238399999999999e+00 1.8869008650000001e+03
1.8336529320000000e+03 6.7988686700000005e+02 1.3292800000000000e+00 1.8909051460000001e+03
1.8439502170000001e+03 6.8521455800000001e+02 1.3347199999999999e+00 1.8949048350000000e+03
1.8542692480000001e+03 6.9055785800000001e+02 1.3401600000000000e+00 1.8988999269999999e+03
1.8646100010000000e+03 6.9591671099999996e+02 1.3455999999999999e+00 1.9028904170000001e+03
1.8749724500000000e+03 7.0129105800000002e+02 1.3510400000000000e+00 1.9068762990000000e+03
1.8853565699999999e+03 7.0668084499999998e+02 1.3564799999999999e+00 1.9108575690000000e+03
1.8957623360000000e+03 7.1208601499999997e+02 1.3619200000000000e+00 1.9148342220000000e+03
1.9061897220000001e+03 7.1750651200000004e+02 1.3673599999999999e+00 1.9188062550000000e+03
1.9166387050000001e+03 7.2294228199999998e+02 1.3728000000000000e+00 1.9227736649999999e+03
1.9271092580000000e+03 7.2839327000000003e+02 1.3782399999999999e+00 1.9267364480000001e+03
1.9376013570000000e+03 7.3385942100000000e+02 1.3836800000000000e+00 1.9306946009999999e+03
1.9481149760000001e+03 7.3934068300000001e+02 1.3891199999999999e+00 1.9346481209999999e+03
1.9586500890000000e+03 7.4483699999999999e+02 1.3945600000000000e+00 1.9385970070000001e+03
1.9692066729999999e+03 7.5034831999999994e+02 1.3999999999999999e+00 1.9425412570000001e+03
