# epsilon[MeV/fm^3] P[MeV/fm^3] nB[fm^-3] muB[MeV]
4.3514892049562272e-07 9.0000000794219998e-12 4.6796200000000002e-10 9.2990010724260003e+02
5.4394952759824855e-07 1.2854500250148002e-11 5.8496400000000005e-10 9.2990743275720001e+02
6.8239664606092796e-07 1.8414700022552000e-11 7.3384599999999997e-10 9.2991587774760001e+02
8.5763463874259032e-07 2.6380199998860002e-11 9.2229000000000003e-10 9.2992551188760001e+02
1.0799253715994732e-06 3.7791099667920001e-11 1.1613300000000000e-09 9.2993648532329996e+02
1.3625442882637764e-06 5.4137899979800000e-11 1.4652400000000000e-09 9.2994894782519998e+02
1.7226605254650248e-06 7.7555599791040007e-11 1.8524800000000000e-09 9.2996308925910000e+02
2.1826057027272589e-06 1.1110299984364001e-10 2.3470600000000000e-09 9.2997909967860005e+02
2.7713348204539073e-06 1.5916099965360000e-10 2.9801100000000000e-09 9.2999716876169998e+02
3.5266032513682487e-06 2.2800800111288001e-10 3.7922200000000000e-09 9.3001754656409992e+02
4.4975537964996660e-06 3.2663399940042002e-10 4.8362200000000001e-09 9.3004045271789994e+02
4.5807460305493105e-06 3.3555999792714001e-10 4.9256699999999996e-09 9.3004228160820003e+02
4.7281205653478515e-06 3.3656599963290001e-10 5.0841300000000003e-09 9.3004248152130003e+02
6.5759177435918250e-06 5.4515600232911993e-10 7.0708799999999999e-09 9.3007696075620004e+02
9.1998724984833464e-06 8.8567000200420000e-10 9.8920399999999997e-09 9.3011730648750006e+02
1.2918168885426129e-05 1.4388700552640002e-09 1.3889600000000001e-08 9.3016406831190000e+02
1.8201380444258739e-05 2.3376200076990001e-09 1.9569300000000001e-08 9.3021808578930006e+02
2.5725895950178280e-05 3.7977398937599994e-09 2.7657999999999999e-08 9.3028025838780002e+02
3.6463989818522291e-05 6.1698799253159997e-09 3.9200400000000002e-08 9.3035162548649998e+02
5.1813630126296458e-05 1.0023700173792000e-08 5.5698400000000002e-08 9.3043332628019994e+02
7.3785560512054020e-05 1.6284700005120000e-08 7.9311899999999997e-08 9.3052664006250006e+02
1.0527189036420272e-04 2.6456400399219999e-08 1.1314700000000000e-07 9.3063298613190000e+02
1.5043483705694415e-04 4.2981499428689995e-08 1.6167299999999999e-07 9.3075400323120004e+02
1.5143539825673478e-04 4.3369399516159995e-08 1.6274800000000000e-07 9.3075639185940008e+02
1.5666718390755263e-04 4.3499599327679997e-08 1.6836899999999999e-07 9.3075719132400002e+02
1.8247319946392853e-04 5.3487099479700000e-08 1.9609400000000001e-07 9.3081203831400001e+02
2.1304949570856091e-04 6.5965099669560007e-08 2.2894200000000001e-07 9.3087079295249998e+02
2.4880173202308656e-04 8.1354199584480006e-08 2.6734800000000002e-07 9.3093285559410003e+02
2.9061049213158235e-04 1.0033299847065000e-07 3.1225699999999999e-07 9.3099838615049998e+02
3.3950651358852186e-04 1.2374000051775000e-07 3.6477499999999998e-07 9.3106758453479995e+02
3.9669496520679297e-04 1.5260700009555001e-07 4.2619500000000001e-07 9.3114063056550003e+02
4.6358813252914599e-04 1.8820900209407997e-07 4.9803199999999997e-07 9.3121772415570001e+02
5.4183717856390442e-04 2.3211699768180001e-07 5.8205699999999998e-07 9.3129908512530005e+02
6.3337419989345891e-04 2.8626699988691999e-07 6.8034199999999997e-07 9.3138494352930002e+02
7.4046361643000222e-04 3.5305100162730003e-07 7.9531500000000002e-07 9.3147551899979999e+02
7.4543957324912111e-04 3.5623800038969997e-07 8.0065699999999999e-07 9.3147951660449996e+02
7.7046470619140960e-04 3.5730600246279002e-07 8.2752300000000002e-07 9.3148080575760002e+02
7.7218701201869997e-04 3.5837800248323999e-07 8.2937200000000002e-07 9.3148210505190002e+02
7.7564281539113634e-04 3.6053199741144001e-07 8.3308200000000005e-07 9.3148469349929996e+02
7.7911352986319152e-04 3.6269800105895999e-07 8.3680799999999998e-07 9.3148728185280004e+02
7.8260009510663572e-04 3.6487800290032998e-07 8.4055099999999997e-07 9.3148988034750005e+02
7.8610250285012515e-04 3.6706999922346001e-07 8.4431100000000000e-07 9.3149248879559991e+02
7.8962075319254110e-04 3.6927600351839998e-07 8.4808799999999996e-07 9.3149508719639994e+02
7.9315485471188711e-04 3.7149499796798001e-07 8.5188199999999998e-07 9.3149769564450003e+02
7.9670479058673201e-04 3.7372699824480005e-07 8.5569300000000004e-07 9.3150031404599997e+02
8.0027057791247260e-04 3.7597299948234002e-07 8.5952100000000004e-07 9.3150293244750003e+02
8.0385221698387247e-04 3.7823200230633998e-07 8.6336599999999998e-07 9.3150555094289996e+02
8.0745063029167934e-04 3.8050499711466001e-07 8.6722899999999999e-07 9.3150817929779998e+02
8.1106395596088781e-04 3.8279099715107999e-07 8.7110800000000002e-07 9.3151080774659999e+02
8.1469498722525535e-04 3.8509200436278001e-07 8.7500600000000005e-07 9.3151343619540000e+02
8.1834093096975699e-04 3.8740599815679997e-07 8.7891999999999998e-07 9.3151607459759998e+02
8.3652972322216491e-04 3.8856800310954005e-07 8.9844600000000005e-07 9.3151737379799999e+02
8.9649746606902973e-04 4.2637900225708002e-07 9.6282100000000007e-07 9.3155798930399999e+02
9.6293679962426715e-04 4.6927300060880000e-07 1.0341400000000000e-06 9.3160093353000002e+02
1.0343084479593990e-03 5.1648199988999994e-07 1.1107499999999999e-06 9.3164493704189999e+02
1.1110033276598183e-03 5.6844100521450010e-07 1.1930700000000001e-06 9.3169002988770001e+02
1.1934040547386528e-03 6.2562700512179996e-07 1.2815100000000000e-06 9.3173623206809998e+02
1.2819398888523502e-03 6.8856500094819997e-07 1.3765300000000001e-06 9.3178357353719991e+02
1.3770588621277026e-03 7.5783499966439992e-07 1.4786100000000000e-06 9.3183208434300002e+02
1.4792742600387720e-03 8.3407400117300003e-07 1.5882999999999999e-06 9.3188178448619999e+02
1.5890902438860661e-03 9.1798299673799988e-07 1.7061399999999999e-06 9.3193271378040004e+02
1.7070948934908867e-03 1.0103300084124001e-06 1.8327600000000000e-06 9.3198488236679998e+02
1.7418302566492478e-03 1.0379399925766002e-06 1.8700300000000001e-06 9.3199978345169995e+02
1.8026805910135908e-03 1.0410599913928000e-06 1.9353200000000000e-06 9.3200143242960007e+02
2.0389359400714486e-03 1.2275099896319999e-06 2.1888000000000001e-06 9.3209187794249999e+02
2.3114099463439177e-03 1.4516999917321999e-06 2.4811100000000001e-06 9.3218792017709995e+02
2.6204004641994278e-03 1.7168400063888003e-06 2.8125600000000001e-06 9.3228811983419996e+02
2.9707928967162671e-03 2.0304000155634000e-06 3.1883800000000001e-06 9.3239264696670000e+02
3.3681648965264784e-03 2.4012300084080001e-06 3.6145400000000001e-06 9.3250170129989999e+02
3.8188055776886142e-03 2.8397900147328003e-06 4.0977700000000004e-06 9.3261546284010001e+02
4.3298558716110781e-03 3.3584500068246004e-06 4.6457100000000001e-06 9.3273413140649996e+02
4.9094492242661523e-03 3.9718300068571995e-06 5.2670599999999997e-06 9.3285792691289998e+02
5.5667590537662745e-03 4.6972400276543001e-06 5.9716300000000001e-06 9.3298704917850000e+02
6.3122329168583428e-03 5.5551399798486997e-06 6.7705900000000002e-06 9.3312173811779996e+02
6.3691536418958340e-03 5.6221100036384002e-06 6.8315900000000001e-06 9.3313158221820004e+02
6.6107787783348925e-03 5.6389700285964000e-06 7.0905299999999997e-06 9.3313397075249998e+02
7.1832281514335565e-03 6.2999099885847007e-06 7.7039700000000007e-06 9.3322329697740008e+02
7.8228640480689938e-03 7.0594400109160007e-06 8.3893400000000006e-06 9.3331767013950002e+02
8.5195476220300548e-03 7.9105299722335996e-06 9.1357600000000004e-06 9.3341477175390003e+02
9.2783521214718639e-03 8.8642300383220009e-06 9.9486500000000000e-06 9.3351470163630006e+02
1.0104791977484120e-02 9.9329099737559988e-06 1.0833900000000000e-05 9.3361751969490001e+02
1.1005037422914624e-02 1.1130399980334000e-05 1.1798100000000000e-05 9.3372332602710003e+02
1.1985504705131824e-02 1.2472300012974001e-05 1.2848100000000000e-05 9.3383220044789994e+02
1.3053499763127112e-02 1.3976000053347000e-05 1.3991700000000000e-05 9.3394422305399996e+02
1.4216706487829026e-02 1.5661000693130000e-05 1.5237100000000000e-05 9.3405949366109996e+02
1.5483652631007537e-02 1.7549100191680000e-05 1.6593399999999999e-05 9.3417811227269999e+02
1.5623499832828706e-02 1.7760599953030001e-05 1.6743099999999999e-05 9.3419079468840005e+02
1.6269961736847121e-02 1.7813900213129999e-05 1.7435099999999998e-05 9.3419395273319992e+02
1.7094324515795702e-02 1.9027400207749999e-05 1.8317499999999999e-05 9.3426180186839997e+02
1.8000874089488257e-02 2.0384500450440000e-05 1.9287799999999999e-05 9.3433394852489994e+02
1.8955614232225096e-02 2.1838399047120000e-05 2.0309599999999999e-05 9.3440734433310001e+02
1.9960983560824267e-02 2.3396100553499999e-05 2.1385500000000000e-05 9.3448202938830002e+02
2.1019794814794490e-02 2.5064799654149998e-05 2.2518500000000001e-05 9.3455801364390004e+02
2.2134768910989058e-02 2.6852600343399999e-05 2.3711500000000002e-05 9.3463531710059999e+02
2.3309000859656603e-02 2.8767899159999994e-05 2.4967799999999998e-05 9.3471396971249999e+02
2.4545494036103295e-02 3.0819700065419999e-05 2.6290599999999999e-05 9.3479400162150000e+02
2.5847718880420045e-02 3.3017999946119998e-05 2.7683600000000000e-05 9.3487541254589996e+02
2.7219055484112444e-02 3.5372998881120002e-05 2.9150400000000001e-05 9.3495825272219997e+02
2.7775365070038964e-02 3.6339601209739997e-05 2.9745400000000002e-05 9.3499105302509997e+02
2.8289610775747390e-02 3.6448598719180002e-05 3.0295400000000001e-05 9.3499466085090000e+02
2.8802930737171755e-02 3.7332599735440002e-05 3.0844399999999999e-05 9.3502356336480000e+02
2.9391538203060320e-02 3.8352800962709990e-05 3.1473899999999997e-05 9.3505628375879996e+02
2.9992229144074897e-02 3.9400800335690003e-05 3.2116300000000003e-05 9.3508923392610006e+02
3.0605097595990186e-02 4.0477499896860003e-05 3.2771700000000003e-05 9.3512239395989991e+02
3.1230612131930052e-02 4.1583600119840003e-05 3.3440600000000000e-05 9.3515578386089999e+02
3.1868867160453597e-02 4.2719998743180005e-05 3.4123099999999999e-05 9.3518940362910007e+02
3.2520144922003676e-02 4.3887298648500002e-05 3.4819500000000001e-05 9.3522325326449993e+02
3.3184820445813230e-02 4.5086601561120004e-05 3.5530200000000001e-05 9.3525732271979996e+02
3.3862987887692660e-02 4.6318701748649993e-05 3.6255299999999998e-05 9.3529163208960006e+02
3.4555116462740516e-02 4.7584401826990007e-05 3.6995300000000001e-05 9.3532617123270006e+02
3.4710848908415574e-02 4.7870299693839997e-05 3.7161800000000001e-05 9.3533387666670001e+02
3.5705765632703390e-02 4.8013899962450004e-05 3.8225500000000002e-05 9.3533768431169995e+02
3.6190650245182691e-02 4.8884701265269996e-05 3.8743900000000000e-05 9.3536029073669999e+02
3.6764595537185744e-02 4.9920498059249994e-05 3.9357499999999997e-05 9.3538680481020003e+02
3.7347724170046170e-02 5.0978398185919999e-05 3.9980900000000002e-05 9.3541345870079999e+02
3.7940129948432849e-02 5.2058599241440000e-05 4.0614200000000002e-05 9.3544024264290010e+02
3.8541907483377907e-02 5.3161699756499999e-05 4.1257500000000003e-05 9.3546717635549999e+02
3.9153244015328124e-02 5.4288198430999997e-05 4.1910999999999999e-05 9.3549425007299999e+02
3.9774234210732992e-02 5.5438601263319996e-05 4.2574799999999998e-05 9.3552146370150001e+02
4.0405159191034282e-02 5.6613297948239995e-05 4.3249199999999999e-05 9.3554882728830000e+02
4.1046019389420471e-02 5.7812899551080002e-05 4.3934199999999997e-05 9.3557633069220003e+02
4.1697190276124625e-02 5.9037997871239995e-05 4.4630199999999998e-05 9.3560397410099995e+02
4.2358578444415006e-02 6.0288999023690009e-05 4.5337100000000003e-05 9.3563177732760005e+02
4.2549448380963861e-02 6.0651299975859995e-05 4.5541099999999997e-05 9.3563974248900001e+02
4.3740238175900857e-02 6.0833198906699995e-05 4.6813800000000002e-05 9.3564365013750000e+02
4.5854886274473032e-02 6.4782902450840000e-05 4.9073799999999998e-05 9.3572599057799994e+02
4.8180087401599556e-02 6.9195997901699998e-05 5.1558599999999998e-05 9.3581365787159996e+02
5.0623240020302433e-02 7.3909702371599995e-05 5.4169200000000003e-05 9.3590278418340006e+02
5.3190452397117956e-02 7.8944498346630003e-05 5.6912100000000000e-05 9.3599338970190001e+02
5.5887837732656438e-02 8.4322299027779992e-05 5.9793799999999997e-05 9.3608550419339997e+02
5.8722166587791814e-02 9.0066499795649990e-05 6.2821499999999995e-05 9.3617915789369999e+02
6.1700398546921942e-02 9.6201898222459989e-05 6.6002599999999997e-05 9.3627437052180005e+02
6.4829683480590566e-02 1.0275499726340999e-04 6.9344700000000000e-05 9.3637116226620003e+02
6.8117831355171340e-02 1.0975499711746999e-04 7.2856100000000002e-05 9.3646956308100005e+02
7.1572933822013338e-02 1.1723199746169999e-04 7.6545399999999994e-05 9.3656960282640000e+02
7.2872355791586060e-02 1.2007500056640000e-04 7.7932800000000000e-05 9.3660639068670002e+02
7.6294350046888545e-02 1.2043499631464001e-04 8.1586400000000002e-05 9.3661091798129996e+02
7.8557740452832786e-02 1.2521799885310001e-04 8.4002899999999995e-05 9.3666865324139997e+02
8.1070439170188191e-02 1.3058099681828001e-04 8.6685400000000002e-05 9.3673145543940007e+02
8.3663493660002267e-02 1.3617299667415003e-04 8.9453500000000007e-05 9.3679492723830003e+02
8.6339540033127660e-02 1.4200499619000000e-04 9.2310000000000002e-05 9.3685905859080003e+02
8.9101308842231525e-02 1.4808700429182000e-04 9.5257800000000001e-05 9.3692387963880003e+02
9.1951438062670962e-02 1.5442999846642999e-04 9.8299699999999997e-05 9.3698938014720000e+02
9.3544637803481184e-02 1.5800363917307320e-04 1.0000000000000000e-04 9.3702641442654260e+02
9.5903324960620415e-02 1.5904538181646285e-04 1.0251624288425158e-04 9.3704536607821649e+02
9.8321485383527529e-02 1.6012229360498994e-04 1.0509587945802891e-04 9.3706440428487144e+02
1.0080061866460532e-01 1.6123556184607406e-04 1.0774050660386312e-04 9.3708352975974719e+02
1.0334226220782340e-01 1.6238641393053458e-04 1.1045176142143204e-04 9.3710274322225439e+02
1.0594799218212057e-01 1.6357611868580301e-04 1.1323132224014401e-04 9.3712204539802281e+02
1.0861942449884661e-01 1.6480598777481964e-04 1.1608090965720678e-04 9.3714143701894795e+02
1.1135821581384968e-01 1.6607737714215666e-04 1.1900228760182274e-04 9.3716091882324145e+02
1.1416606455483103e-01 1.6739168850896243e-04 1.2199726442616802e-04 9.3718049155547976e+02
1.1704471197460417e-01 1.6875037091837491e-04 1.2506769402382924e-04 9.3720015596665417e+02
1.1999594323091124e-01 1.7015492233310811e-04 1.2821547697638820e-04 9.3721991281422129e+02
1.2302158849346653e-01 1.7160689128697270e-04 1.3144256172886303e-04 9.3723976286215316e+02
1.2612352407891389e-01 1.7310787859215246e-04 1.3475094579473129e-04 9.3725970688099017e+02
1.2930367361440123e-01 1.7465953910411738e-04 1.3814267699127964e-04 9.3727974564789099e+02
1.3256400923049419e-01 1.7626358354612081e-04 1.4161985470604194e-04 9.3729987994668647e+02
1.3590655278416874e-01 1.7792178039529100e-04 1.4518463119510898e-04 9.3732011056793249e+02
1.3933337711264088e-01 1.7963595783239728e-04 1.4883921291411061e-04 9.3734043830896155e+02
1.4284660731881085e-01 1.8140800575743986e-04 1.5258586188269196e-04 9.3736086397393922e+02
1.4644842208911985e-01 1.8323987787328611e-04 1.5642689708332723e-04 9.3738138837391705e+02
1.5014105504463546e-01 1.8513359383964990e-04 1.6036469589533346e-04 9.3740201232688855e+02
1.5392679612620427e-01 1.8709124149978939e-04 1.6440169556497034e-04 9.3742273665784296e+02
1.5780799301453036e-01 1.8911497918237772e-04 1.6854039471253304e-04 9.3744356219882343e+02
1.6178705258606071e-01 1.9120703808108485e-04 1.7278335487736938e-04 9.3746448978898263e+02
1.6586644240558010e-01 1.9336972471449378e-04 1.7713320210177414e-04 9.3748552027463938e+02
1.7004869225644059e-01 1.9560542346906326e-04 1.8159262855473848e-04 9.3750665450933741e+02
1.7433639570937604e-01 1.9791659922794100e-04 1.8616439419655729e-04 9.3752789335390332e+02
1.7873221173087270e-01 2.0030580008852502e-04 1.9085132848532143e-04 9.3754923767650439e+02
1.8323886633209457e-01 2.0277566017176993e-04 1.9565633212634796e-04 9.3757068835270911e+02
1.8785915425938582e-01 2.0532890252633514e-04 2.0058237886562909e-04 9.3759224626554692e+02
1.9259594072739819e-01 2.0796834213077651e-04 2.0563251732840581e-04 9.3761391230556740e+02
1.9745216319591843e-01 2.1069688899709229e-04 2.1080987290400082e-04 9.3763568737090304e+02
2.0243083319149816e-01 2.1351755137904418e-04 2.1611764967807533e-04 9.3765757236733009e+02
2.0753503817501470e-01 2.1643343908879108e-04 2.2155913241350063e-04 9.3767956820833001e+02
2.1276794345632186e-01 2.1944776692549205e-04 2.2713768858106733e-04 9.3770167581515364e+02
2.1813279415717804e-01 2.2256385821965886e-04 2.3285677044128632e-04 9.3772389611688322e+02
2.2363291722366851e-01 2.2578514849716549e-04 2.3871991717856446e-04 9.3774623005049693e+02
2.2927172348936997e-01 2.2911518926695400e-04 2.4473075708907310e-04 9.3776867856093372e+02
2.3505270979053688e-01 2.3255765193661352e-04 2.5089300982365900e-04 9.3779124260115714e+02
2.4097946113462165e-01 2.3611633186014849e-04 2.5721048868718150e-04 9.3781392313222250e+02
2.4705565292347273e-01 2.3979515252239945e-04 2.6368710299569446e-04 9.3783672112334227e+02
2.5328505323258960e-01 2.4359816986472920e-04 2.7032686049292733e-04 9.3785963755195360e+02
2.5967152514784880e-01 2.4752957675674438e-04 2.7713386982755709e-04 9.3788267340378400e+02
2.6621902916114876e-01 2.5159370761898125e-04 2.8411234309279673e-04 9.3790582967292312e+02
2.7293162562645995e-01 2.5579504320165337e-04 2.9126659842987026e-04 9.3792910736188776e+02
2.7981347727780381e-01 2.6013821552472961e-04 2.9860106269697799e-04 9.3795250748169235e+02
2.8686885181072080e-01 2.6462801298478842e-04 3.0612027420539884e-04 9.3797603105192036e+02
2.9410212452882878e-01 2.6926938563427884e-04 3.1382888552441713e-04 9.3799967910079386e+02
3.0151778105711446e-01 2.7406745063900979e-04 3.2173166635680606e-04 9.3802345266524378e+02
3.0912042012363783e-01 2.7902749791988284e-04 3.2983350648663711e-04 9.3804735279098372e+02
3.1691475641137701e-01 2.8415499598508998e-04 3.3813941880123826e-04 9.3807138053258086e+02
3.2490562348198104e-01 2.8945559795920590e-04 3.4665454238916093e-04 9.3809553695353031e+02
3.3309797677324293e-01 2.9493514781582102e-04 3.5538414571606756e-04 9.3811982312632870e+02
3.4149689667215422e-01 3.0059968682058947e-04 3.6433362988050002e-04 9.3814424013254836e+02
3.5010759166544353e-01 3.0645546019179165e-04 3.7350853195153245e-04 9.3816878906291242e+02
3.5893540156955628e-01 3.1250892398575902e-04 3.8291452839037132e-04 9.3819347101737083e+02
3.6798580084207572e-01 3.1876675221474850e-04 3.9255743855800819e-04 9.3821828710517764e+02
3.7726440197663996e-01 3.2523584420511640e-04 4.0244322831109073e-04 9.3824323844496723e+02
3.8677695898346165e-01 3.3192333220390439e-04 4.1257801368822854e-04 9.3826832616483250e+02
3.9652937095760582e-01 3.3883658924222155e-04 4.2296806468900515e-04 9.3829355140240318e+02
4.0652768573724124e-01 3.4598323726409521e-04 4.3361980914802636e-04 9.3831891530492646e+02
4.1677810365413293e-01 3.5337115552975011e-04 4.4453983670639566e-04 9.3834441902934486e+02
4.2728698137870152e-01 3.6100848930258202e-04 4.5573490288306037e-04 9.3837006374237865e+02
4.3806083586203365e-01 3.6890365882940234e-04 4.6721193324854109e-04 9.3839585062060723e+02
4.4910634837728969e-01 3.7706536862385588e-04 4.7897802770361845e-04 9.3842178085054968e+02
4.6043036866301229e-01 3.8550261706324514e-04 4.9104046486560954e-04 9.3844785562874949e+02
4.7203991917090782e-01 3.9422470630934319e-04 5.0340670656494205e-04 9.3847407616185728e+02
4.8394219942073330e-01 4.0324125256413230e-04 5.1608440245479593e-04 9.3850044366671489e+02
4.9614459046498938e-01 4.1256219667177478e-04 5.2908139473665085e-04 9.3852695937044143e+02
5.0865465946618993e-01 4.2219781507850688e-04 5.4240572300465607e-04 9.3855362451051872e+02
5.2148016438954392e-01 4.3215873116253604e-04 5.5606562921180506e-04 9.3858044033487704e+02
5.3462905881396250e-01 4.4245592694643602e-04 5.7006956276097419e-04 9.3860740810198342e+02
5.4810949686437305e-01 4.5310075520495094e-04 5.8442618572396505e-04 9.3863452908092995e+02
5.6192983826839860e-01 4.6410495198155718e-04 5.9914437819176330e-04 9.3866180455152210e+02
5.7609865354054079e-01 4.7548064952758463e-04 6.1423324375931357e-04 9.3868923580436842e+02
5.9062472929707865e-01 4.8724038967816067e-04 6.2970211514818536e-04 9.3871682414097143e+02
6.0551707370497998e-01 4.9939713767972499e-04 6.4556055997059658e-04 9.3874457087381859e+02
6.2078492206820590e-01 5.1196429648436045e-04 6.6181838663834514e-04 9.3877247732647515e+02
6.3643774255487051e-01 5.2495572152669973e-04 6.7848565042028821e-04 9.3880054483367542e+02
6.5248524206880809e-01 5.3838573599969755e-04 6.9557265965209693e-04 9.3882877474141844e+02
6.6893737226919137e-01 5.5226914664611385e-04 7.1308998210211966e-04 9.3885716840706039e+02
6.8580433574192889e-01 5.6662126008311445e-04 7.3104845149726317e-04 9.3888572719941203e+02
7.0309659232667421e-01 5.8145789967798984e-04 7.4945917421292030e-04 9.3891445249883384e+02
7.2082486560336601e-01 5.9679542299359621e-04 7.6833353613105996e-04 9.3894334569733235e+02
7.3900014954232385e-01 6.1265073982275315e-04 7.8768320967069927e-04 9.3897240819866010e+02
7.5763371532202450e-01 6.2904133083148276e-04 8.0752016099509632e-04 9.3900164141841231e+02
7.7673711831878300e-01 6.4598526683163899e-04 8.2785665740008898e-04 9.3903104678412785e+02
7.9632220527267827e-01 6.6350122870418465e-04 8.4870527488814073e-04 9.3906062573538861e+02
8.1640112163416256e-01 6.8160852799507214e-04 8.7007890593274661e-04 9.3909037972392196e+02
8.3698631909591237e-01 7.0032712820644171e-04 8.9199076743798496e-04 9.3912031021370228e+02
8.5809056331459344e-01 7.1967766680660814e-04 9.1445440889811403e-04 9.3915041868105448e+02
8.7972694182732492e-01 7.3968147798310303e-04 9.3748372076223497e-04 9.3918070661475770e+02
9.0190887216775351e-01 7.6036061616385677e-04 9.6109294300916834e-04 9.3921117551615021e+02
9.2465011018677346e-01 7.8173788033245669e-04 9.8529667393782729e-04 9.3924182689923612e+02
9.4796475858304674e-01 8.0383683916428173e-04 1.0101098791784910e-03 9.3927266229079157e+02
9.7186727564861819e-01 8.2668185701123488e-04 1.0355479009305287e-03 9.3930368323047185e+02
9.9637248423504687e-01 8.5029812076371607e-04 1.0616264674322559e-03 9.3933489127092162e+02
1.0214955809456168e+00 8.7471166761945432e-04 1.0883617026687545e-03 9.3936628797788296e+02
1.0472521455593207e+00 8.9994941378981137e-04 1.1157701363236235e-03 9.3939787493030667e+02
1.0736581506924689e+00 9.2603918417520940e-04 1.1438687139807883e-03 9.3942965372046376e+02
1.1007299717039125e+00 9.5300974304239855e-04 1.1726748075826460e-03 9.3946162595405815e+02
1.1284843968500176e+00 9.8089082573738634e-04 1.2022062261509742e-03 9.3949379325034010e+02
1.1569386376956967e+00 1.0097131714689909e-03 1.2324812267772059e-03 9.3952615724222039e+02
1.1861103397879509e+00 1.0395085571991700e-03 1.2635185258888279e-03 9.3955871957638624e+02
1.2160175935985351e+00 1.0703098326774766e-03 1.2953373107988293e-03 9.3959148191341706e+02
1.2466789457425427e+00 1.1021509566582809e-03 1.3279572515453074e-03 9.3962444592790337e+02
1.2781134104798610e+00 1.1350670343406809e-03 1.3613985130285142e-03 9.3965761330856401e+02
1.3103404815066308e+00 1.1690943560723824e-03 1.3956817674528033e-03 9.3969098575836608e+02
1.3433801440440198e+00 1.2042704373602150e-03 1.4308282070811260e-03 9.3972456499464579e+02
1.3772528872318124e+00 1.2406340602314028e-03 1.4668595573099289e-03 9.3975835274923008e+02
1.4119797168344996e+00 1.2782253159911918e-03 1.5037980900724850e-03 9.3979235076855946e+02
1.4475821682677410e+00 1.3170856494239605e-03 1.5416666375788937e-03 9.3982656081381185e+02
1.4840823199532900e+00 1.3572579044865685e-03 1.5804886064012119e-03 9.3986098466102646e+02
1.5215028070106562e+00 1.3987863715443016e-03 1.6202879919123615e-03 9.3989562410123176e+02
1.5598668352939937e+00 1.4417168362014989e-03 1.6610893930876919e-03 9.3993048094057087e+02
1.5991981957829253e+00 1.4860966297806995e-03 1.7029180276782996e-03 9.3996555700042973e+02
1.6395212793362299e+00 1.5319746815059636e-03 1.7457997477654265e-03 9.4000085411756811e+02
1.6808610918175275e+00 1.5794015724478903e-03 1.7897610557054959e-03 9.4003637414424782e+02
1.7232432696023601e+00 1.6284295912898227e-03 1.8348291204755842e-03 9.4007211894836644e+02
1.7666940954762769e+00 1.6791127919767133e-03 1.8810317944293834e-03 9.4010809041358857e+02
1.8112405149337747e+00 1.7315070533102054e-03 1.9283976304739275e-03 9.4014429043947985e+02
1.8569101528882170e+00 1.7856701405556460e-03 1.9769558996776543e-03 9.4018072094164359e+02
1.9037313308030870e+00 1.8416617691289462e-03 2.0267366093206255e-03 9.4021738385185415e+02
1.9517330842551879e+00 1.8995436704334959e-03 2.0777705213979617e-03 9.4025428111819667e+02
2.0009451809407031e+00 1.9593796599197398e-03 2.1300891715878966e-03 9.4029141470520563e+02
2.0513981391352636e+00 2.0212357074424294e-03 2.1837248886960761e-03 9.4032878659400330e+02
2.1031232466194849e+00 2.0851800099931368e-03 2.2387108145880564e-03 9.4036639878244216e+02
2.1561525800816934e+00 2.1512830668882045e-03 2.2950809246222318e-03 9.4040425328524589e+02
2.2105190250098912e+00 2.2196177574950399e-03 2.3528700485957463e-03 9.4044235213415459e+02
2.2662562960852912e+00 2.2902594215824463e-03 2.4121138922162588e-03 9.4048069737806827e+02
2.3233989580900536e+00 2.3632859423835619e-03 2.4728490591127200e-03 9.4051929108319337e+02
2.3819824473422146e+00 2.4387778324630083e-03 2.5351130733987045e-03 9.4055813533318985e+02
2.4420430936710846e+00 2.5168183224829085e-03 2.5989444028021286e-03 9.4059723222932098e+02
2.5036181429467379e+00 2.5974934529656214e-03 2.6643824823755569e-03 9.4063658389060117e+02
2.5667457801775844e+00 2.6808921691543973e-03 2.7314677388016553e-03 9.4067619245394894e+02
2.6314651531903350e+00 2.7671064190765175e-03 2.8002416153087100e-03 9.4071606007433866e+02
2.6978163969070370e+00 2.8562312549170236e-03 2.8707465972114764e-03 9.4075618892495584e+02
2.7658406582342581e+00 2.9483649378148347e-03 2.9430262380930852e-03 9.4079658119735006e+02
2.8355801215798278e+00 3.0436090461967557e-03 3.0171251866440043e-03 9.4083723910159335e+02
2.9070780350129874e+00 3.1420685877688549e-03 3.0930892141745841e-03 9.4087816486643817e+02
2.9803787370841377e+00 3.2438521152886295e-03 3.1709652428180187e-03 9.4091936073947556e+02
3.0555276843208485e+00 3.3490718462456581e-03 3.2508013744410470e-03 9.4096082898729765e+02
3.1325714794171686e+00 3.4578437865826514e-03 3.3326469202801367e-03 9.4100257189565764e+02
3.2115579001337062e+00 3.5702878585933120e-03 3.4165524313212892e-03 9.4104459176963587e+02
3.2925359289264189e+00 3.6865280331380163e-03 3.5025697294421409e-03 9.4108689093380337e+02
3.3755557833224898e+00 3.8066924663231008e-03 3.5907519393354411e-03 9.4112947173238842e+02
3.4606689470620950e+00 3.9309136407944039e-03 3.6811535212334591e-03 9.4117233652944526e+02
3.5479282020254179e+00 4.0593285118008839e-03 3.7738303044534270e-03 9.4121548770902177e+02
3.6373876609646878e+00 4.1920786581893426e-03 3.8688395217845502e-03 9.4125892767533389e+02
3.7291028010615239e+00 4.3293104384966837e-03 3.9662398447376738e-03 9.4130265885293397e+02
3.8231304983304333e+00 4.4711751523118645e-03 4.0660914196792228e-03 9.4134668368688767e+02
3.9195290628897759e+00 4.6178292070854074e-03 4.1684559048715585e-03 9.4139100464294700e+02
4.0183582751220559e+00 4.7694342905703728e-03 4.2733965084424189e-03 9.4143562420773083e+02
4.1196794227459934e+00 4.9261575490849360e-03 4.3809780273067721e-03 9.4148054488890011e+02
4.2235553388233562e+00 5.0881717717931032e-03 4.4912668870648841e-03 9.4152576921533966e+02
4.3300504407240945e+00 5.2556555812067014e-03 4.6043311829010482e-03 9.4157129973733947e+02
4.4392307700739915e+00 5.4287936301187258e-03 4.7202407215080587e-03 9.4161713902677764e+02
4.5511640337095569e+00 5.6077768051851296e-03 4.8390670640630776e-03 9.4166328967730624e+02
4.6659196456655980e+00 5.7928024373795290e-03 4.9608835702812520e-03 9.4170975430453802e+02
4.7835687702214624e+00 5.9840745195528120e-03 5.0857654435740151e-03 9.4175653554623295e+02
4.9041843660327009e+00 6.1818039313375752e-03 5.2137897773397697e-03 9.4180363606249057e+02
5.0278412313754810e+00 6.3862086716453097e-03 5.3450356024152918e-03 9.4185105853593961e+02
5.1546160505318070e+00 6.5975140990126510e-03 5.4795839357168656e-03 9.4189880567193188e+02
5.2845874413443372e+00 6.8159531800617125e-03 5.6175178301009817e-03 9.4194688019873706e+02
5.4178360039702769e+00 7.0417667463484376e-03 5.7589224254750836e-03 9.4199528486774136e+02
5.5544443708645641e+00 7.2752037598820913e-03 5.9038850011896805e-03 9.4204402245364099e+02
5.6944972580233681e+00 7.5165215876086952e-03 6.0524950297438105e-03 9.4209309575464965e+02
5.8380815175196874e+00 7.7659862851610128e-03 6.2048442318368693e-03 9.4214250759269362e+02
5.9852861913635689e+00 8.0238728901878623e-03 6.3610266328003031e-03 9.4219226081361853e+02
6.1362025667204314e+00 8.2904657255862511e-03 6.5211386204438414e-03 9.4224235828739552e+02
6.2909242325216672e+00 8.5660587129705798e-03 6.6852790043515744e-03 9.4229280290832742e+02
6.4495471375026794e+00 8.8509556967245589e-03 6.8535490766641893e-03 9.4234359759525989e+02
6.6121696497042866e+00 9.1454707789930395e-03 7.0260526743845114e-03 9.4239474529178824e+02
6.7788926174744653e+00 9.4499286659832094e-03 7.2028962432444501e-03 9.4244624896647531e+02
6.9498194320082201e+00 9.7646650259568639e-03 7.3841889031724568e-03 9.4249811161306320e+02
7.1250560914643355e+00 1.0090026859308420e-02 7.5700425154014307e-03 9.4255033625069086e+02
7.3047112666988454e+00 1.0426372881136806e-02 7.7605717512581876e-03 9.4260292592411258e+02
7.4888963686559293e+00 1.0774073916732914e-02 7.9558941626764919e-03 9.4265588370391936e+02
7.6777256174580222e+00 1.1133513310418647e-02 8.1561302544767393e-03 9.4270921268676125e+02
7.8713161132380236e+00 1.1505087348188385e-02 8.3614035584565257e-03 9.4276291599557032e+02
8.0697879087575171e+00 1.1889205694618795e-02 8.5718407093372997e-03 9.4281699677978975e+02
8.2732640838559810e+00 1.2286291844528603e-02 8.7875715226135367e-03 9.4287145821560046e+02
8.4818708217772620e+00 1.2696783589886467e-02 9.0087290743520176e-03 9.4292630350615218e+02
8.6957374874205531e+00 1.3121133502481558e-02 9.2354497829899122e-03 9.4298153588179684e+02
8.9149967075644305e+00 1.3559809432889055e-02 9.4678734931816465e-03 9.4303715860032150e+02
9.1397844531137284e+00 1.4013295026280712e-02 9.7061435617457545e-03 9.4309317494718778e+02
9.3702401234202348e+00 1.4482090255649147e-02 9.9504069457642553e-03 9.4314958823576808e+02
9.6065066327294293e+00 1.4966711973033625e-02 1.0200814292888154e-02 9.4320640180758915e+02
9.8487304988070612e+00 1.5467694479355398e-02 1.0457520033904526e-02 9.4326361903257271e+02
1.0097061933800308e+01 1.5985590113490468e-02 1.0720682477621318e-02 9.4332124330928423e+02
1.0351654937389950e+01 1.6520969861229341e-02 1.0990463908128018e-02 9.4337927806517575e+02
1.0612667392291447e+01 1.7074423984795483e-02 1.1267030684491516e-02 9.4343772675684022e+02
1.0880261162163919e+01 1.7646562673615990e-02 1.1550553342947868e-02 9.4349659287026248e+02
1.1154602191987877e+01 1.8238016717062301e-02 1.1841206701652443e-02 9.4355587992106973e+02
1.1435860610974016e+01 1.8849438199902705e-02 1.2139169968052279e-02 9.4361559145479362e+02
1.1724210838066726e+01 1.9481501221233138e-02 1.2444626848946164e-02 9.4367573104712562e+02
1.2019831690107811e+01 2.0134902637678954e-02 1.2757765663299489e-02 9.4373630230417962e+02
1.2322906492727622e+01 2.0810362831687402e-02 1.3078779457882850e-02 9.4379730886275456e+02
1.2633623194032150e+01 2.1508626505757317e-02 1.3407866125804651e-02 9.4385875439060067e+02
1.2952174481156705e+01 2.2230463503481995e-02 1.3745228528010103e-02 9.4392064258668904e+02
1.3278757899758524e+01 2.2976669658310574e-02 1.4091074617820779e-02 9.4398297718147933e+02
1.3613575976522263e+01 2.3748067670963380e-02 1.4445617568590374e-02 9.4404576193719481e+02
1.3956836344754363e+01 2.4545508016468629e-02 1.4809075904554547e-02 9.4410900064809857e+02
1.4308751873144384e+01 2.5369869881820974e-02 1.5181673634954802e-02 9.4417269714077088e+02
1.4669540797772857e+01 2.6222062135294995e-02 1.5563640391517725e-02 9.4423685527438874e+02
1.5039426857447657e+01 2.7103024328482661e-02 1.5955211569373528e-02 9.4430147894101026e+02
1.5418639432452949e+01 2.8013727732159759e-02 1.6356628471499809e-02 9.4436657206585915e+02
1.5807413686796520e+01 2.8955176407122842e-02 1.6768138456778214e-02 9.4443213860761512e+02
1.6205990714043775e+01 2.9928408311177428e-02 1.7189995091754312e-02 9.4449818255870184e+02
1.6614617686829071e+01 3.0934496443498553e-02 1.7622458306193203e-02 9.4456470794558152e+02
1.7033548010136631e+01 3.1974550027624116e-02 1.8065794552525022e-02 9.4463171882905306e+02
1.7463041478446659e+01 3.3049715734386684e-02 1.8520276969278153e-02 9.4469921930454655e+02
1.7903364436843635e+01 3.4161178946130924e-02 1.8986185548598801e-02 9.4476721350242849e+02
1.8354789946186873e+01 3.5310165063610885e-02 1.9463807307959279e-02 9.4483570558830343e+02
1.8817597952445965e+01 3.6497940857008443e-02 1.9953436466159477e-02 9.4490469976332349e+02
1.9292075460305774e+01 3.7725815862561650e-02 2.0455374623728314e-02 9.4497420026449629e+02
1.9778516711148797e+01 3.8995143826343059e-02 2.0969930947834958e-02 9.4504421136499741e+02
2.0277223365525440e+01 4.0307324196780368e-02 2.1497422361822446e-02 9.4511473737448591e+02
2.0788504690225054e+01 4.1663803667564010e-02 2.2038173739478549e-02 9.4518578263942322e+02
2.1312677750063830e+01 4.3066077772643062e-02 2.2592518104162119e-02 9.4525735154339441e+02
2.1850067604508812e+01 4.4515692535068763e-02 2.3160796832906196e-02 9.4532944850743149e+02
2.2401007509259415e+01 4.6014246171502154e-02 2.3743359865621413e-02 9.4540207799033976e+02
2.2965839122911802e+01 4.7563390854265884e-02 2.4340565919526963e-02 9.4547524448902834e+02
2.3544912718834372e+01 4.9164834532883166e-02 2.4952782708939625e-02 9.4554895253884456e+02
2.4138587402385426e+01 5.0820342817111334e-02 2.5580387170553952e-02 9.4562320671390785e+02
2.4747231333607839e+01 5.2531740923546309e-02 2.6223765694350455e-02 9.4569801162745091e+02
2.5371221955539145e+01 5.4300915687944942e-02 2.6883314360272432e-02 9.4577337193215908e+02
2.6010946228278087e+01 5.6129817645482527e-02 2.7559439180814313e-02 9.4584929232051786e+02
2.6666800868953107e+01 5.8020463181239726e-02 2.8252556349669267e-02 9.4592577752516172e+02
2.7339192597741718e+01 5.9974936753290298e-02 2.8963092496587094e-02 9.4600283231922231e+02
2.8028538390092955e+01 6.1995393190839486e-02 2.9691484948596331e-02 9.4608046151668748e+02
2.8735265735309465e+01 6.4084060069947324e-02 3.0438181997749541e-02 9.4615866997275668e+02
2.9459812901649912e+01 6.6243240169456957e-02 3.1203643175554272e-02 9.4623746258420329e+02
3.0202629208115543e+01 6.8475314009833962e-02 3.1988339534255499e-02 9.4631684428973949e+02
3.0964175303089757e+01 7.0782742477716987e-02 3.2792753935140480e-02 9.4639682007038255e+02
3.1744923450003697e+01 7.3168069539073510e-02 3.3617381344040860e-02 9.4647739494982886e+02
3.2545357820204508e+01 7.5633925043950764e-02 3.4462729134210689e-02 9.4655857399482738e+02
3.3365974793208153e+01 7.8183027625915016e-02 3.5329317396764079e-02 9.4664036231555735e+02
3.4207283264523234e+01 8.0818187699376209e-02 3.6217679258860810e-02 9.4672276506601077e+02
3.5069804961236173e+01 8.3542310558101407e-02 3.7128361209832074e-02 9.4680578744437582e+02
3.5954074765553749e+01 8.6358399578333675e-02 3.8061923435443908e-02 9.4688943469342951e+02
3.6860641046503922e+01 8.9269559530049017e-02 3.9018940160501378e-02 9.4697371210092808e+02
3.7790066000000003e+01 9.2279000000000000e-02 4.0000000000000001e-02 9.4706042100000002e+02
4.2943440000000002e+01 1.1412600000000001e-01 4.5440000000000001e-02 9.4757147399999997e+02
4.8099578000000001e+01 1.3859099999999999e-01 5.0880000000000002e-02 9.4807899499999996e+02
5.3258479999999999e+01 1.6607300000000000e-01 5.6320000000000002e-02 9.4859113600000001e+02
5.8420197999999999e+01 1.9717999999999999e-01 6.1760000000000002e-02 9.4911733100000004e+02
6.3584834000000001e+01 2.3274300000000001e-01 6.7199999999999996e-02 9.4966806699999995e+02
6.8752553000000006e+01 2.7381100000000003e-01 7.2639999999999996e-02 9.5025454200000001e+02
7.3923580999999999e+01 3.2164500000000001e-01 7.8079999999999997e-02 9.5088832300000001e+02
7.9098204999999993e+01 3.7769999999999998e-01 8.3519999999999997e-02 9.5158103900000003e+02
8.4276779000000005e+01 4.4360300000000003e-01 8.8959999999999997e-02 9.5234412699999996e+02
8.9459714000000005e+01 5.2113399999999999e-01 9.4399999999999998e-02 9.5318864299999996e+02
9.4647481999999997e+01 6.1219900000000005e-01 9.9839999999999998e-02 9.5412510799999995e+02
9.9840611999999993e+01 7.1881499999999998e-01 1.0528000000000000e-01 9.5516341299999999e+02
1.0503968100000000e+02 8.4308099999999997e-01 1.1072000000000000e-01 9.5631275000000005e+02
1.1024531800000000e+02 9.8716400000000004e-01 1.1616000000000000e-01 9.5758158000000003e+02
1.1545819299999999e+02 1.1532810000000000e+00 1.2160000000000000e-01 9.5897761000000003e+02
1.2067901700000000e+02 1.3432080000000000e+00 1.2703999999999999e-01 9.6050406499999997e+02
1.2590844100000000e+02 1.5560030000000000e+00 1.3247999999999999e-01 9.6214269200000001e+02
1.3114712499999999e+02 1.7955350000000001e+00 1.3791999999999999e-01 9.6391304600000001e+02
1.3639581600000000e+02 2.0646620000000002e+00 1.4335999999999999e-01 9.6582529199999999e+02
1.4165530400000000e+02 2.3658570000000001e+00 1.4879999999999999e-01 9.6788579000000004e+02
1.4692641000000000e+02 2.7014440000000000e+00 1.5423999999999999e-01 9.7009924200000000e+02
1.5220997499999999e+02 3.0736569999999999e+00 1.5967999999999999e-01 9.7246927500000004e+02
1.5750686099999999e+02 3.4846539999999999e+00 1.6511999999999999e-01 9.7499869300000000e+02
1.6281793900000000e+02 3.9365260000000002e+00 1.7055999999999999e-01 9.7768962699999997e+02
1.6814409400000000e+02 4.4312969999999998e+00 1.7599999999999999e-01 9.8054362000000003e+02
1.7348621499999999e+02 4.9709250000000003e+00 1.8143999999999999e-01 9.8356169599999998e+02
1.7884519700000001e+02 5.5572939999999997e+00 1.8687999999999999e-01 9.8674440600000003e+02
1.8422193799999999e+02 6.1922170000000003e+00 1.9231999999999999e-01 9.9009186000000000e+02
1.8961733100000001e+02 6.8774270000000000e+00 1.9775999999999999e-01 9.9360375499999998e+02
1.9503227200000001e+02 7.6145730000000000e+00 2.0319999999999999e-01 9.9727939900000001e+02
2.0046764700000000e+02 8.4052159999999994e+00 2.0863999999999999e-01 1.0011177200000000e+03
2.0592433900000000e+02 9.2508239999999997e+00 2.1407999999999999e-01 1.0051172900000000e+03
2.1140322000000000e+02 1.0152763999999999e+01 2.1951999999999999e-01 1.0092763270000000e+03
2.1690515300000001e+02 1.1112299999999999e+01 2.2495999999999999e-01 1.0135927160000000e+03
2.2243098699999999e+02 1.2130589000000001e+01 2.3039999999999999e-01 1.0180640160000000e+03
2.2798155800000001e+02 1.3208672999999999e+01 2.3583999999999999e-01 1.0226874749999999e+03
2.3355768599999999e+02 1.4347481000000000e+01 2.4127999999999999e-01 1.0274600410000000e+03
2.3916017400000001e+02 1.5547819000000000e+01 2.4671999999999999e-01 1.0323783820000001e+03
2.4478980500000000e+02 1.6810378000000000e+01 2.5216000000000000e-01 1.0374389020000001e+03
2.5044734299999999e+02 1.8135724000000000e+01 2.5760000000000000e-01 1.0426377570000000e+03
2.5613352900000001e+02 1.9524301999999999e+01 2.6304000000000000e-01 1.0479708790000000e+03
2.6184908300000001e+02 2.0976438000000002e+01 2.6848000000000000e-01 1.0534339980000000e+03
2.6759469999999999e+02 2.2492339999999999e+01 2.7392000000000000e-01 1.0590226620000001e+03
2.7337105000000003e+02 2.4072098000000000e+01 2.7936000000000000e-01 1.0647322670000001e+03
2.7917878000000002e+02 2.5715692000000001e+01 2.8480000000000000e-01 1.0705580769999999e+03
2.8501850899999999e+02 2.7422995000000000e+01 2.9024000000000000e-01 1.0764952510000001e+03
2.9089082800000000e+02 2.9193777000000001e+01 2.9568000000000000e-01 1.0825388690000000e+03
2.9679630500000002e+02 3.1027711000000000e+01 3.0112000000000000e-01 1.0886839580000001e+03
3.0273547700000000e+02 3.2924379999999999e+01 3.0656000000000000e-01 1.0949255120000000e+03
3.0870885500000003e+02 3.4883285000000001e+01 3.1200000000000000e-01 1.1012585210000000e+03
3.1471692500000000e+02 3.6903846999999999e+01 3.1744000000000000e-01 1.1076779879999999e+03
3.2076014199999997e+02 3.8985419000000000e+01 3.2288000000000000e-01 1.1141789520000000e+03
3.2683893699999999e+02 4.1127290000000002e+01 3.2832000000000000e-01 1.1207565090000001e+03
3.3295371399999999e+02 4.3328693000000001e+01 3.3376000000000000e-01 1.1274058230000001e+03
3.3910484900000000e+02 4.5588811999999997e+01 3.3920000000000000e-01 1.1341221499999999e+03
3.4529203600000000e+02 4.7734305999999997e+01 3.4464000000000000e-01 1.1403984530000000e+03
3.5151047599999998e+02 4.9610413000000001e+01 3.5008000000000000e-01 1.1457994750000000e+03
3.5775751700000001e+02 5.1425387000000001e+01 3.5552000000000000e-01 1.1509437020000000e+03
3.6403212700000000e+02 5.3217320000000001e+01 3.6096000000000000e-01 1.1559454149999999e+03
3.7033367399999997e+02 5.5002094000000000e+01 3.6640000000000000e-01 1.1608525870000001e+03
3.7666172399999999e+02 5.6788386000000003e+01 3.7184000000000000e-01 1.1656915289999999e+03
3.8301539700000001e+02 5.8453771000000003e+01 3.7728000000000000e-01 1.1701383730000000e+03
3.8939199900000000e+02 6.0015500000000003e+01 3.8272000000000000e-01 1.1742478719999999e+03
3.9579079100000001e+02 6.1579070999999999e+01 3.8816000000000001e-01 1.1783040930000000e+03
4.0221157899999997e+02 6.3155639999999998e+01 3.9360000000000001e-01 1.1823371030000001e+03
4.0865427399999999e+02 6.4749623000000000e+01 3.9904000000000001e-01 1.1863586860000000e+03
4.1511883000000000e+02 6.6363354999999999e+01 4.0448000000000001e-01 1.1903749680000001e+03
4.2160523100000000e+02 6.7998254000000003e+01 4.0992000000000001e-01 1.1943895780000000e+03
4.2811347200000000e+02 6.9655254999999997e+01 4.1536000000000001e-01 1.1984048210000001e+03
4.3464356299999997e+02 7.1334999999999994e+01 4.2080000000000001e-01 1.2024222250000000e+03
4.4119551799999999e+02 7.3037949999999995e+01 4.2624000000000001e-01 1.2064428170000001e+03
4.4776935700000001e+02 7.4764437000000001e+01 4.3168000000000001e-01 1.2104672909999999e+03
4.5436510099999998e+02 7.6514702000000000e+01 4.3712000000000001e-01 1.2144961069999999e+03
4.6098277500000000e+02 7.8288919000000007e+01 4.4256000000000001e-01 1.2185295540000000e+03
4.6762240600000001e+02 8.0087211999999994e+01 4.4800000000000001e-01 1.2225677920000001e+03
4.7428401800000000e+02 8.1909661000000000e+01 4.5344000000000001e-01 1.2266108899999999e+03
4.8096764000000002e+02 8.3756316999999996e+01 4.5888000000000001e-01 1.2306588409999999e+03
4.8767329599999999e+02 8.5627204000000006e+01 4.6432000000000001e-01 1.2347115810000000e+03
4.9440101299999998e+02 8.7522323000000000e+01 4.6976000000000001e-01 1.2387690020000000e+03
5.0115081600000002e+02 8.9441657000000006e+01 4.7520000000000001e-01 1.2428309609999999e+03
5.0792272900000000e+02 9.1385174000000006e+01 4.8064000000000001e-01 1.2468972859999999e+03
5.1471677499999998e+02 9.3352827000000005e+01 4.8608000000000001e-01 1.2509677850000000e+03
5.2153297699999996e+02 9.5344560999999999e+01 4.9152000000000001e-01 1.2550422480000000e+03
5.2837135499999999e+02 9.7360308000000003e+01 4.9696000000000001e-01 1.2591204530000000e+03
5.3523192900000004e+02 9.9399991999999997e+01 5.0239999999999996e-01 1.2632021649999999e+03
5.4211471800000004e+02 1.0146353000000001e+02 5.0783999999999996e-01 1.2672871450000000e+03
5.4901973799999996e+02 1.0355083200000000e+02 5.1327999999999996e-01 1.2713751470000000e+03
5.5594700599999999e+02 1.0566180100000000e+02 5.1871999999999996e-01 1.2754659210000000e+03
5.6289653499999997e+02 1.0779633800000001e+02 5.2415999999999996e-01 1.2795592150000000e+03
5.6986833999999999e+02 1.0995433500000000e+02 5.2959999999999996e-01 1.2836547760000001e+03
5.7686243100000002e+02 1.1213568400000000e+02 5.3503999999999996e-01 1.2877523530000001e+03
5.8387881800000002e+02 1.1434027100000000e+02 5.4047999999999996e-01 1.2918516930000001e+03
5.9091751199999999e+02 1.1656798000000001e+02 5.4591999999999996e-01 1.2959525480000000e+03
5.9797851800000001e+02 1.1881869100000000e+02 5.5135999999999996e-01 1.3000546680000000e+03
6.0506184399999995e+02 1.2109228200000000e+02 5.5679999999999996e-01 1.3041578110000000e+03
6.1216749400000003e+02 1.2338863100000000e+02 5.6223999999999996e-01 1.3082617339999999e+03
6.1929547200000002e+02 1.2570761100000000e+02 5.6767999999999996e-01 1.3123662010000000e+03
6.2644578000000001e+02 1.2804909400000000e+02 5.7311999999999996e-01 1.3164709780000001e+03
6.3361842000000001e+02 1.3041295299999999e+02 5.7855999999999996e-01 1.3205758350000001e+03
6.4081339100000002e+02 1.3279905700000000e+02 5.8399999999999996e-01 1.3246805469999999e+03
6.4803069100000005e+02 1.3520727600000001e+02 5.8943999999999996e-01 1.3287848950000000e+03
6.5527031799999997e+02 1.3763747799999999e+02 5.9487999999999996e-01 1.3328886640000001e+03
6.6253226900000004e+02 1.4008953099999999e+02 6.0031999999999996e-01 1.3369916410000001e+03
6.6981653900000003e+02 1.4256330199999999e+02 6.0575999999999997e-01 1.3410936230000000e+03
6.7712311999999997e+02 1.4505865900000001e+02 6.1119999999999997e-01 1.3451944070000000e+03
6.8445200799999998e+02 1.4757546800000000e+02 6.1663999999999997e-01 1.3492937990000000e+03
6.9180319299999996e+02 1.5011359600000000e+02 6.2207999999999997e-01 1.3533916070000000e+03
6.9917666499999996e+02 1.5267291000000000e+02 6.2751999999999997e-01 1.3574876460000000e+03
7.0657241699999997e+02 1.5525327600000000e+02 6.3295999999999997e-01 1.3615817350000000e+03
7.1399043500000005e+02 1.5785456199999999e+02 6.3839999999999997e-01 1.3656736980000001e+03
7.2143070799999998e+02 1.6047663399999999e+02 6.4383999999999997e-01 1.3697633639999999e+03
7.2889322300000003e+02 1.6311936100000000e+02 6.4927999999999997e-01 1.3738505680000001e+03
7.3637796600000001e+02 1.6578261100000000e+02 6.5471999999999997e-01 1.3779351480000000e+03
7.4388492299999996e+02 1.6846625200000000e+02 6.6015999999999997e-01 1.3820169480000000e+03
7.5141407700000002e+02 1.7117015300000000e+02 6.6559999999999997e-01 1.3860958149999999e+03
7.5896541300000001e+02 1.7389418499999999e+02 6.7103999999999997e-01 1.3901716030000000e+03
7.6653891399999998e+02 1.7663821700000000e+02 6.7647999999999997e-01 1.3942441699999999e+03
7.7413456099999996e+02 1.7940212099999999e+02 6.8191999999999997e-01 1.3983133760000001e+03
7.8175233600000001e+02 1.8218576899999999e+02 6.8735999999999997e-01 1.4023790890000000e+03
7.8939221899999995e+02 1.8498903200000001e+02 6.9279999999999997e-01 1.4064411780000000e+03
7.9705419099999995e+02 1.8781178600000001e+02 6.9823999999999997e-01 1.4104995180000001e+03
8.0473823100000004e+02 1.9065390300000001e+02 7.0367999999999997e-01 1.4145539890000000e+03
8.1244431599999996e+02 1.9351526000000001e+02 7.0911999999999997e-01 1.4186044740000000e+03
8.2017242599999997e+02 1.9639573200000001e+02 7.1455999999999997e-01 1.4226508580000000e+03
8.2792253800000003e+02 1.9929519700000000e+02 7.1999999999999997e-01 1.4266930330000000e+03
8.3569462799999997e+02 2.0221353099999999e+02 7.2543999999999997e-01 1.4307308940000000e+03
8.4348867299999995e+02 2.0515061600000001e+02 7.3087999999999997e-01 1.4347643380000000e+03
8.5130464900000004e+02 2.0810632899999999e+02 7.3631999999999997e-01 1.4387932679999999e+03
8.5914252999999997e+02 2.1108055200000001e+02 7.4175999999999997e-01 1.4428175879999999e+03
8.6700229100000001e+02 2.1407316800000001e+02 7.4719999999999998e-01 1.4468372079999999e+03
8.7488390700000002e+02 2.1708405800000000e+02 7.5263999999999998e-01 1.4508520390000001e+03
8.8278735099999994e+02 2.2011310800000001e+02 7.5807999999999998e-01 1.4548619970000000e+03
8.9071259599999996e+02 2.2316020100000000e+02 7.6351999999999998e-01 1.4588670000000000e+03
8.9865961500000003e+02 2.2622522400000000e+02 7.6895999999999998e-01 1.4628669709999999e+03
9.0662838099999999e+02 2.2930806500000000e+02 7.7439999999999998e-01 1.4668618329999999e+03
9.1461886600000003e+02 2.3240861100000001e+02 7.7983999999999998e-01 1.4708515140000000e+03
9.2263104099999998e+02 2.3552675099999999e+02 7.8527999999999998e-01 1.4748359459999999e+03
9.3066487800000004e+02 2.3866237599999999e+02 7.9071999999999998e-01 1.4788150599999999e+03
9.3872034699999995e+02 2.4181537700000001e+02 7.9615999999999998e-01 1.4827887929999999e+03
9.4679741899999999e+02 2.4498564700000000e+02 8.0159999999999998e-01 1.4867570830000000e+03
9.5489606400000002e+02 2.4817307800000000e+02 8.0703999999999998e-01 1.4907198719999999e+03
9.6301625200000001e+02 2.5137756600000000e+02 8.1247999999999998e-01 1.4946771030000000e+03
9.7115795300000002e+02 2.5459900500000001e+02 8.1791999999999998e-01 1.4986287219999999e+03
9.7932113600000002e+02 2.5783729399999999e+02 8.2335999999999998e-01 1.5025746779999999e+03
9.8750577099999998e+02 2.6109232800000001e+02 8.2879999999999998e-01 1.5065149200000001e+03
9.9571182399999998e+02 2.6436400700000002e+02 8.3423999999999998e-01 1.5104494030000001e+03
1.0039392670000000e+03 2.6765222999999997e+02 8.3967999999999998e-01 1.5143780810000001e+03
1.0121880660000000e+03 2.7095689900000002e+02 8.4511999999999998e-01 1.5183009110000000e+03
1.0204581899999999e+03 2.7427791400000001e+02 8.5055999999999998e-01 1.5222178530000001e+03
1.0287496060000001e+03 2.7761517900000001e+02 8.5599999999999998e-01 1.5261288660000000e+03
1.0370622830000000e+03 2.8096859799999999e+02 8.6143999999999998e-01 1.5300339160000001e+03
1.0453961870000001e+03 2.8433807500000000e+02 8.6687999999999998e-01 1.5339329660000001e+03
1.0537512870000000e+03 2.8772351600000002e+02 8.7231999999999998e-01 1.5378259830000000e+03
1.0621275479999999e+03 2.9112482799999998e+02 8.7775999999999998e-01 1.5417129359999999e+03
1.0705249389999999e+03 2.9454191900000001e+02 8.8319999999999999e-01 1.5455937939999999e+03
1.0789434249999999e+03 2.9797469699999999e+02 8.8863999999999999e-01 1.5494685300000001e+03
1.0873829740000001e+03 3.0142307199999999e+02 8.9407999999999999e-01 1.5533371170000000e+03
1.0958435509999999e+03 3.0488695500000000e+02 8.9951999999999999e-01 1.5571995300000001e+03
1.1043251240000000e+03 3.0836625700000002e+02 9.0495999999999999e-01 1.5610557460000000e+03
1.1128276579999999e+03 3.1186088999999998e+02 9.1039999999999999e-01 1.5649057410000000e+03
1.1213511200000000e+03 3.1537076900000000e+02 9.1583999999999999e-01 1.5687494970000000e+03
1.1298954750000000e+03 3.1889580799999999e+02 9.2127999999999999e-01 1.5725869929999999e+03
1.1384606900000001e+03 3.2243592200000001e+02 9.2671999999999999e-01 1.5764182109999999e+03
1.1470467289999999e+03 3.2599102699999997e+02 9.3215999999999999e-01 1.5802431349999999e+03
1.1556535600000000e+03 3.2956103999999999e+02 9.3759999999999999e-01 1.5840617500000001e+03
1.1642811469999999e+03 3.3314587899999998e+02 9.4303999999999999e-01 1.5878740399999999e+03
1.1729294570000000e+03 3.3674546400000003e+02 9.4847999999999999e-01 1.5916799940000001e+03
1.1815984530000001e+03 3.4035971400000000e+02 9.5391999999999999e-01 1.5954795979999999e+03
1.1902881030000001e+03 3.4398854799999998e+02 9.5935999999999999e-01 1.5992728440000001e+03
1.1989983720000000e+03 3.4763189000000000e+02 9.6479999999999999e-01 1.6030597190000001e+03
1.2077292239999999e+03 3.5128966100000002e+02 9.7023999999999999e-01 1.6068402169999999e+03
1.2164806240000000e+03 3.5496143300000000e+02 9.7567999999999999e-01 1.6106139680000001e+03
1.2252525270000001e+03 3.5864355999999998e+02 9.8111999999999999e-01 1.6143773209999999e+03
1.2340448779999999e+03 3.6233763599999997e+02 9.8655999999999999e-01 1.6181320109999999e+03
1.2428576330000001e+03 3.6604431799999998e+02 9.9199999999999999e-01 1.6218787960000000e+03
1.2516907510000001e+03 3.6976383700000002e+02 9.9743999999999999e-01 1.6256179959999999e+03
1.2605441900000001e+03 3.7349629499999998e+02 1.0028800000000000e+00 1.6293497950000001e+03
1.2694179099999999e+03 3.7724173700000000e+02 1.0083200000000001e+00 1.6330743179999999e+03
1.2783118730000001e+03 3.8100017500000001e+02 1.0137600000000000e+00 1.6367916550000000e+03
1.2872260389999999e+03 3.8477160099999998e+02 1.0192000000000001e+00 1.6405018760000000e+03
1.2961603689999999e+03 3.8855599400000000e+02 1.0246400000000000e+00 1.6442050360000001e+03
1.3051148260000000e+03 3.9235332499999998e+02 1.0300800000000001e+00 1.6479011800000001e+03
1.3140893719999999e+03 3.9616355600000003e+02 1.0355200000000000e+00 1.6515903470000001e+03
1.3230839679999999e+03 3.9998664700000000e+02 1.0409600000000001e+00 1.6552725700000001e+03
1.3320985760000001e+03 4.0382255199999997e+02 1.0464000000000000e+00 1.6589478790000001e+03
1.3411331600000001e+03 4.0767122499999999e+02 1.0518400000000001e+00 1.6626162999999999e+03
1.3501876820000000e+03 4.1153261400000002e+02 1.0572800000000000e+00 1.6662778570000000e+03
1.3592621050000000e+03 4.1540667000000002e+02 1.0627200000000001e+00 1.6699325719999999e+03
1.3683563910000000e+03 4.1929333900000000e+02 1.0681600000000000e+00 1.6735804650000000e+03
1.3774705030000000e+03 4.2319256899999999e+02 1.0736000000000001e+00 1.6772215570000001e+03
1.3866044050000000e+03 4.2710430400000001e+02 1.0790400000000000e+00 1.6808558650000000e+03
1.3957580590000000e+03 4.3102849099999997e+02 1.0844800000000001e+00 1.6844834069999999e+03
1.4049314290000000e+03 4.3496507500000001e+02 1.0899200000000000e+00 1.6881042020000000e+03
1.4141244790000001e+03 4.3891399999999999e+02 1.0953599999999999e+00 1.6917182640000001e+03
1.4233371700000000e+03 4.4287520999999998e+02 1.1008000000000000e+00 1.6953256110000000e+03
1.4325694679999999e+03 4.4684865200000002e+02 1.1062399999999999e+00 1.6989262580000000e+03
1.4418213360000000e+03 4.5083426900000001e+02 1.1116800000000000e+00 1.7025202220000001e+03
1.4510927369999999e+03 4.5483200599999998e+02 1.1171199999999999e+00 1.7061075169999999e+03
1.4603836349999999e+03 4.5884180800000001e+02 1.1225600000000000e+00 1.7096881610000000e+03
1.4696939940000000e+03 4.6286361900000003e+02 1.1279999999999999e+00 1.7132621670000001e+03
1.4790237770000001e+03 4.6689738699999998e+02 1.1334400000000000e+00 1.7168295519999999e+03
1.4883729499999999e+03 4.7094305400000002e+02 1.1388799999999999e+00 1.7203903310000001e+03
1.4977414759999999e+03 4.7500056899999998e+02 1.1443200000000000e+00 1.7239445189999999e+03
1.5071293189999999e+03 4.7906987500000002e+02 1.1497599999999999e+00 1.7274921320000001e+03
1.5165364430000000e+03 4.8315092099999998e+02 1.1552000000000000e+00 1.7310331859999999e+03
1.5259628130000001e+03 4.8724365200000000e+02 1.1606399999999999e+00 1.7345676950000000e+03
1.5354083940000000e+03 4.9134801499999998e+02 1.1660800000000000e+00 1.7380956759999999e+03
1.5448731490000000e+03 4.9546395799999999e+02 1.1715199999999999e+00 1.7416171440000001e+03
1.5543570440000001e+03 4.9959142900000001e+02 1.1769600000000000e+00 1.7451321140000000e+03
1.5638600429999999e+03 5.0373037499999998e+02 1.1823999999999999e+00 1.7486406039999999e+03
1.5733821100000000e+03 5.0788074499999999e+02 1.1878400000000000e+00 1.7521426289999999e+03
1.5829232119999999e+03 5.1204248700000005e+02 1.1932799999999999e+00 1.7556382040000001e+03
1.5924833120000001e+03 5.1621555100000000e+02 1.1987200000000000e+00 1.7591273460000000e+03
1.6020623760000001e+03 5.2039988700000004e+02 1.2041599999999999e+00 1.7626100719999999e+03
1.6116603680000001e+03 5.2459544300000005e+02 1.2096000000000000e+00 1.7660863970000000e+03
1.6212772550000000e+03 5.2880217100000004e+02 1.2150399999999999e+00 1.7695563380000001e+03
1.6309130009999999e+03 5.3302002100000004e+02 1.2204800000000000e+00 1.7730199120000000e+03
1.6405675730000000e+03 5.3724894500000005e+02 1.2259199999999999e+00 1.7764771340000000e+03
1.6502409339999999e+03 5.4148889299999996e+02 1.2313600000000000e+00 1.7799280229999999e+03
1.6599330510000000e+03 5.4573981700000002e+02 1.2367999999999999e+00 1.7833725939999999e+03
1.6696438900000001e+03 5.5000166999999999e+02 1.2422400000000000e+00 1.7868108649999999e+03
1.6793734159999999e+03 5.5427440400000000e+02 1.2476799999999999e+00 1.7902428520000001e+03
1.6891215960000000e+03 5.5855797199999995e+02 1.2531200000000000e+00 1.7936685720000000e+03
1.6988883949999999e+03 5.6285232800000006e+02 1.2585599999999999e+00 1.7970880440000001e+03
1.7086737780000001e+03 5.6715742499999999e+02 1.2640000000000000e+00 1.8005012830000001e+03
1.7184777140000001e+03 5.7147321699999998e+02 1.2694399999999999e+00 1.8039083069999999e+03
1.7283001660000000e+03 5.7579965900000002e+02 1.2748800000000000e+00 1.8073091340000001e+03
1.7381411029999999e+03 5.8013670600000000e+02 1.2803199999999999e+00 1.8107037809999999e+03
1.7480004899999999e+03 5.8448431300000004e+02 1.2857600000000000e+00 1.8140922660000001e+03
1.7578782940000001e+03 5.8884243500000002e+02 1.2911999999999999e+00 1.8174746050000001e+03
1.7677744820000000e+03 5.9321102900000005e+02 1.2966400000000000e+00 1.8208508170000000e+03
1.7776890189999999e+03 5.9759005000000002e+02 1.3020799999999999e+00 1.8242209200000000e+03
1.7876218739999999e+03 6.0197945600000003e+02 1.3075200000000000e+00 1.8275849310000001e+03
1.7975730129999999e+03 6.0637920299999996e+02 1.3129599999999999e+00 1.8309428670000000e+03
1.8075424020000000e+03 6.1078925000000004e+02 1.3184000000000000e+00 1.8342947480000000e+03
1.8175300099999999e+03 6.1520955200000003e+02 1.3238399999999999e+00 1.8376405900000000e+03
1.8275358030000000e+03 6.1964007000000004e+02 1.3292800000000000e+00 1.8409804110000000e+03
1.8375597479999999e+03 6.2408076000000005e+02 1.3347199999999999e+00 1.8443142300000000e+03
1.8476018130000000e+03 6.2853158299999996e+02 1.3401600000000000e+00 1.8476420650000000e+03
1.8576619659999999e+03 6.3299249599999996e+02 1.3455999999999999e+00 1.8509639330000000e+03
1.8677401729999999e+03 6.3746346000000005e+02 1.3510400000000000e+00 1.8542798530000000e+03
1.8778364039999999e+03 6.4194443500000000e+02 1.3564799999999999e+00 1.8575898430000000e+03
1.8879506240000001e+03 6.4643537900000001e+02 1.3619200000000000e+00 1.8608939200000000e+03
1.8980828030000000e+03 6.5093625499999996e+02 1.3673599999999999e+00 1.8641921040000000e+03
1.9082329090000001e+03 6.5544702099999995e+02 1.3728000000000000e+00 1.8674844120000000e+03
1.9184009090000000e+03 6.5996764099999996e+02 1.3782399999999999e+00 1.8707708620000001e+03
1.9285867710000000e+03 6.6449807499999997e+02 1.3836800000000000e+00 1.8740514720000001e+03
1.9387904650000000e+03 6.6903828399999998e+02 1.3891199999999999e+00 1.8773262620000000e+03
1.9490119569999999e+03 6.7358823099999995e+02 1.3945600000000000e+00 1.8805952480000001e+03
1.9592512180000001e+03 6.7814787799999999e+02 1.3999999999999999e+00 1.8838584499999999e+03
