# epsilon[MeV/fm^3] P[MeV/fm^3] nB[fm^-3] muB[MeV]
4.3514892049562272e-07 9.0000000794219998e-12 4.6796200000000002e-10 9.2990010724260003e+02
5.4394952759824855e-07 1.2854500250148002e-11 5.8496400000000005e-10 9.2990743275720001e+02
6.8239664606092796e-07 1.8414700022552000e-11 7.3384599999999997e-10 9.2991587774760001e+02
8.5763463874259032e-07 2.6380199998860002e-11 9.2229000000000003e-10 9.2992551188760001e+02
1.0799253715994732e-06 3.7791099667920001e-11 1.1613300000000000e-09 9.2993648532329996e+02
1.3625442882637764e-06 5.4137899979800000e-11 1.4652400000000000e-09 9.2994894782519998e+02
1.7226605254650248e-06 7.7555599791040007e-11 1.8524800000000000e-09 9.2996308925910000e+02
2.1826057027272589e-06 1.1110299984364001e-10 2.3470600000000000e-09 9.2997909967860005e+02
2.7713348204539073e-06 1.5916099965360000e-10 2.9801100000000000e-09 9.2999716876169998e+02
3.5266032513682487e-06 2.2800800111288001e-10 3.7922200000000000e-09 9.3001754656409992e+02
4.4975537964996660e-06 3.2663399940042002e-10 4.8362200000000001e-09 9.3004045271789994e+02
4.5807460305493105e-06 3.3555999792714001e-10 4.9256699999999996e-09 9.3004228160820003e+02
4.7281205653478515e-06 3.3656599963290001e-10 5.0841300000000003e-09 9.3004248152130003e+02
6.5759177435918250e-06 5.4515600232911993e-10 7.0708799999999999e-09 9.3007696075620004e+02
9.1998724984833464e-06 8.8567000200420000e-10 9.8920399999999997e-09 9.3011730648750006e+02
1.2918168885426129e-05 1.4388700552640002e-09 1.3889600000000001e-08 9.3016406831190000e+02
1.8201380444258739e-05 2.3376200076990001e-09 1.9569300000000001e-08 9.3021808578930006e+02
2.5725895950178280e-05 3.7977398937599994e-09 2.7657999999999999e-08 9.3028025838780002e+02
3.6463989818522291e-05 6.1698799253159997e-09 3.9200400000000002e-08 9.3035162548649998e+02
5.1813630126296458e-05 1.0023700173792000e-08 5.5698400000000002e-08 9.3043332628019994e+02
7.3785560512054020e-05 1.6284700005120000e-08 7.9311899999999997e-08 9.3052664006250006e+02
1.0527189036420272e-04 2.6456400399219999e-08 1.1314700000000000e-07 9.3063298613190000e+02
1.5043483705694415e-04 4.2981499428689995e-08 1.6167299999999999e-07 9.3075400323120004e+02
1.5143539825673478e-04 4.3369399516159995e-08 1.6274800000000000e-07 9.3075639185940008e+02
1.5666718390755263e-04 4.3499599327679997e-08 1.6836899999999999e-07 9.3075719132400002e+02
1.8247319946392853e-04 5.3487099479700000e-08 1.9609400000000001e-07 9.3081203831400001e+02
2.1304949570856091e-04 6.5965099669560007e-08 2.2894200000000001e-07 9.3087079295249998e+02
2.4880173202308656e-04 8.1354199584480006e-08 2.6734800000000002e-07 9.3093285559410003e+02
2.9061049213158235e-04 1.0033299847065000e-07 3.1225699999999999e-07 9.3099838615049998e+02
3.3950651358852186e-04 1.2374000051775000e-07 3.6477499999999998e-07 9.3106758453479995e+02
3.9669496520679297e-04 1.5260700009555001e-07 4.2619500000000001e-07 9.3114063056550003e+02
4.6358813252914599e-04 1.8820900209407997e-07 4.9803199999999997e-07 9.3121772415570001e+02
5.4183717856390442e-04 2.3211699768180001e-07 5.8205699999999998e-07 9.3129908512530005e+02
6.3337419989345891e-04 2.8626699988691999e-07 6.8034199999999997e-07 9.3138494352930002e+02
7.4046361643000222e-04 3.5305100162730003e-07 7.9531500000000002e-07 9.3147551899979999e+02
7.4543957324912111e-04 3.5623800038969997e-07 8.0065699999999999e-07 9.3147951660449996e+02
7.7046470619140960e-04 3.5730600246279002e-07 8.2752300000000002e-07 9.3148080575760002e+02
7.7218701201869997e-04 3.5837800248323999e-07 8.2937200000000002e-07 9.3148210505190002e+02
7.7564281539113634e-04 3.6053199741144001e-07 8.3308200000000005e-07 9.3148469349929996e+02
7.7911352986319152e-04 3.6269800105895999e-07 8.3680799999999998e-07 9.3148728185280004e+02
7.8260009510663572e-04 3.6487800290032998e-07 8.4055099999999997e-07 9.3148988034750005e+02
7.8610250285012515e-04 3.6706999922346001e-07 8.4431100000000000e-07 9.3149248879559991e+02
7.8962075319254110e-04 3.6927600351839998e-07 8.4808799999999996e-07 9.3149508719639994e+02
7.9315485471188711e-04 3.7149499796798001e-07 8.5188199999999998e-07 9.3149769564450003e+02
7.9670479058673201e-04 3.7372699824480005e-07 8.5569300000000004e-07 9.3150031404599997e+02
8.0027057791247260e-04 3.7597299948234002e-07 8.5952100000000004e-07 9.3150293244750003e+02
8.0385221698387247e-04 3.7823200230633998e-07 8.6336599999999998e-07 9.3150555094289996e+02
8.0745063029167934e-04 3.8050499711466001e-07 8.6722899999999999e-07 9.3150817929779998e+02
8.1106395596088781e-04 3.8279099715107999e-07 8.7110800000000002e-07 9.3151080774659999e+02
8.1469498722525535e-04 3.8509200436278001e-07 8.7500600000000005e-07 9.3151343619540000e+02
8.1834093096975699e-04 3.8740599815679997e-07 8.7891999999999998e-07 9.3151607459759998e+02
8.3652972322216491e-04 3.8856800310954005e-07 8.9844600000000005e-07 9.3151737379799999e+02
8.9649746606902973e-04 4.2637900225708002e-07 9.6282100000000007e-07 9.3155798930399999e+02
9.6293679962426715e-04 4.6927300060880000e-07 1.0341400000000000e-06 9.3160093353000002e+02
1.0343084479593990e-03 5.1648199988999994e-07 1.1107499999999999e-06 9.3164493704189999e+02
1.1110033276598183e-03 5.6844100521450010e-07 1.1930700000000001e-06 9.3169002988770001e+02
1.1934040547386528e-03 6.2562700512179996e-07 1.2815100000000000e-06 9.3173623206809998e+02
1.2819398888523502e-03 6.8856500094819997e-07 1.3765300000000001e-06 9.3178357353719991e+02
1.3770588621277026e-03 7.5783499966439992e-07 1.4786100000000000e-06 9.3183208434300002e+02
1.4792742600387720e-03 8.3407400117300003e-07 1.5882999999999999e-06 9.3188178448619999e+02
1.5890902438860661e-03 9.1798299673799988e-07 1.7061399999999999e-06 9.3193271378040004e+02
1.7070948934908867e-03 1.0103300084124001e-06 1.8327600000000000e-06 9.3198488236679998e+02
1.7418302566492478e-03 1.0379399925766002e-06 1.8700300000000001e-06 9.3199978345169995e+02
1.8026805910135908e-03 1.0410599913928000e-06 1.9353200000000000e-06 9.3200143242960007e+02
2.0389359400714486e-03 1.2275099896319999e-06 2.1888000000000001e-06 9.3209187794249999e+02
2.3114099463439177e-03 1.4516999917321999e-06 2.4811100000000001e-06 9.3218792017709995e+02
2.6204004641994278e-03 1.7168400063888003e-06 2.8125600000000001e-06 9.3228811983419996e+02
2.9707928967162671e-03 2.0304000155634000e-06 3.1883800000000001e-06 9.3239264696670000e+02
3.3681648965264784e-03 2.4012300084080001e-06 3.6145400000000001e-06 9.3250170129989999e+02
3.8188055776886142e-03 2.8397900147328003e-06 4.0977700000000004e-06 9.3261546284010001e+02
4.3298558716110781e-03 3.3584500068246004e-06 4.6457100000000001e-06 9.3273413140649996e+02
4.9094492242661523e-03 3.9718300068571995e-06 5.2670599999999997e-06 9.3285792691289998e+02
5.5667590537662745e-03 4.6972400276543001e-06 5.9716300000000001e-06 9.3298704917850000e+02
6.3122329168583428e-03 5.5551399798486997e-06 6.7705900000000002e-06 9.3312173811779996e+02
6.3691536418958340e-03 5.6221100036384002e-06 6.8315900000000001e-06 9.3313158221820004e+02
6.6107787783348925e-03 5.6389700285964000e-06 7.0905299999999997e-06 9.3313397075249998e+02
7.1832281514335565e-03 6.2999099885847007e-06 7.7039700000000007e-06 9.3322329697740008e+02
7.8228640480689938e-03 7.0594400109160007e-06 8.3893400000000006e-06 9.3331767013950002e+02
8.5195476220300548e-03 7.9105299722335996e-06 9.1357600000000004e-06 9.3341477175390003e+02
9.2783521214718639e-03 8.8642300383220009e-06 9.9486500000000000e-06 9.3351470163630006e+02
1.0104791977484120e-02 9.9329099737559988e-06 1.0833900000000000e-05 9.3361751969490001e+02
1.1005037422914624e-02 1.1130399980334000e-05 1.1798100000000000e-05 9.3372332602710003e+02
1.1985504705131824e-02 1.2472300012974001e-05 1.2848100000000000e-05 9.3383220044789994e+02
1.3053499763127112e-02 1.3976000053347000e-05 1.3991700000000000e-05 9.3394422305399996e+02
1.4216706487829026e-02 1.5661000693130000e-05 1.5237100000000000e-05 9.3405949366109996e+02
1.5483652631007537e-02 1.7549100191680000e-05 1.6593399999999999e-05 9.3417811227269999e+02
1.5623499832828706e-02 1.7760599953030001e-05 1.6743099999999999e-05 9.3419079468840005e+02
1.6269961736847121e-02 1.7813900213129999e-05 1.7435099999999998e-05 9.3419395273319992e+02
1.7094324515795702e-02 1.9027400207749999e-05 1.8317499999999999e-05 9.3426180186839997e+02
1.8000874089488257e-02 2.0384500450440000e-05 1.9287799999999999e-05 9.3433394852489994e+02
1.8955614232225096e-02 2.1838399047120000e-05 2.0309599999999999e-05 9.3440734433310001e+02
1.9960983560824267e-02 2.3396100553499999e-05 2.1385500000000000e-05 9.3448202938830002e+02
2.1019794814794490e-02 2.5064799654149998e-05 2.2518500000000001e-05 9.3455801364390004e+02
2.2134768910989058e-02 2.6852600343399999e-05 2.3711500000000002e-05 9.3463531710059999e+02
2.3309000859656603e-02 2.8767899159999994e-05 2.4967799999999998e-05 9.3471396971249999e+02
2.4545494036103295e-02 3.0819700065419999e-05 2.6290599999999999e-05 9.3479400162150000e+02
2.5847718880420045e-02 3.3017999946119998e-05 2.7683600000000000e-05 9.3487541254589996e+02
2.7219055484112444e-02 3.5372998881120002e-05 2.9150400000000001e-05 9.3495825272219997e+02
2.7775365070038964e-02 3.6339601209739997e-05 2.9745400000000002e-05 9.3499105302509997e+02
2.8289610775747390e-02 3.6448598719180002e-05 3.0295400000000001e-05 9.3499466085090000e+02
2.8802930737171755e-02 3.7332599735440002e-05 3.0844399999999999e-05 9.3502356336480000e+02
2.9391538203060320e-02 3.8352800962709990e-05 3.1473899999999997e-05 9.3505628375879996e+02
2.9992229144074897e-02 3.9400800335690003e-05 3.2116300000000003e-05 9.3508923392610006e+02
3.0605097595990186e-02 4.0477499896860003e-05 3.2771700000000003e-05 9.3512239395989991e+02
3.1230612131930052e-02 4.1583600119840003e-05 3.3440600000000000e-05 9.3515578386089999e+02
3.1868867160453597e-02 4.2719998743180005e-05 3.4123099999999999e-05 9.3518940362910007e+02
3.2520144922003676e-02 4.3887298648500002e-05 3.4819500000000001e-05 9.3522325326449993e+02
3.3184820445813230e-02 4.5086601561120004e-05 3.5530200000000001e-05 9.3525732271979996e+02
3.3862987887692660e-02 4.6318701748649993e-05 3.6255299999999998e-05 9.3529163208960006e+02
3.4555116462740516e-02 4.7584401826990007e-05 3.6995300000000001e-05 9.3532617123270006e+02
3.4710848908415574e-02 4.7870299693839997e-05 3.7161800000000001e-05 9.3533387666670001e+02
3.5705765632703390e-02 4.8013899962450004e-05 3.8225500000000002e-05 9.3533768431169995e+02
3.6190650245182691e-02 4.8884701265269996e-05 3.8743900000000000e-05 9.3536029073669999e+02
3.6764595537185744e-02 4.9920498059249994e-05 3.9357499999999997e-05 9.3538680481020003e+02
3.7347724170046170e-02 5.0978398185919999e-05 3.9980900000000002e-05 9.3541345870079999e+02
3.7940129948432849e-02 5.2058599241440000e-05 4.0614200000000002e-05 9.3544024264290010e+02
3.8541907483377907e-02 5.3161699756499999e-05 4.1257500000000003e-05 9.3546717635549999e+02
3.9153244015328124e-02 5.4288198430999997e-05 4.1910999999999999e-05 9.3549425007299999e+02
3.9774234210732992e-02 5.5438601263319996e-05 4.2574799999999998e-05 9.3552146370150001e+02
4.0405159191034282e-02 5.6613297948239995e-05 4.3249199999999999e-05 9.3554882728830000e+02
4.1046019389420471e-02 5.7812899551080002e-05 4.3934199999999997e-05 9.3557633069220003e+02
4.1697190276124625e-02 5.9037997871239995e-05 4.4630199999999998e-05 9.3560397410099995e+02
4.2358578444415006e-02 6.0288999023690009e-05 4.5337100000000003e-05 9.3563177732760005e+02
4.2549448380963861e-02 6.0651299975859995e-05 4.5541099999999997e-05 9.3563974248900001e+02
4.3740238175900857e-02 6.0833198906699995e-05 4.6813800000000002e-05 9.3564365013750000e+02
4.5854886274473032e-02 6.4782902450840000e-05 4.9073799999999998e-05 9.3572599057799994e+02
4.8180087401599556e-02 6.9195997901699998e-05 5.1558599999999998e-05 9.3581365787159996e+02
5.0623240020302433e-02 7.3909702371599995e-05 5.4169200000000003e-05 9.3590278418340006e+02
5.3190452397117956e-02 7.8944498346630003e-05 5.6912100000000000e-05 9.3599338970190001e+02
5.5887837732656438e-02 8.4322299027779992e-05 5.9793799999999997e-05 9.3608550419339997e+02
5.8722166587791814e-02 9.0066499795649990e-05 6.2821499999999995e-05 9.3617915789369999e+02
6.1700398546921942e-02 9.6201898222459989e-05 6.6002599999999997e-05 9.3627437052180005e+02
6.4829683480590566e-02 1.0275499726340999e-04 6.9344700000000000e-05 9.3637116226620003e+02
6.8117831355171340e-02 1.0975499711746999e-04 7.2856100000000002e-05 9.3646956308100005e+02
7.1572933822013338e-02 1.1723199746169999e-04 7.6545399999999994e-05 9.3656960282640000e+02
7.2872355791586060e-02 1.2007500056640000e-04 7.7932800000000000e-05 9.3660639068670002e+02
7.6294350046888545e-02 1.2043499631464001e-04 8.1586400000000002e-05 9.3661091798129996e+02
7.8557740452832786e-02 1.2521799885310001e-04 8.4002899999999995e-05 9.3666865324139997e+02
8.1070439170188191e-02 1.3058099681828001e-04 8.6685400000000002e-05 9.3673145543940007e+02
8.3663493660002267e-02 1.3617299667415003e-04 8.9453500000000007e-05 9.3679492723830003e+02
8.6339540033127660e-02 1.4200499619000000e-04 9.2310000000000002e-05 9.3685905859080003e+02
8.9101308842231525e-02 1.4808700429182000e-04 9.5257800000000001e-05 9.3692387963880003e+02
9.1951438062670962e-02 1.5442999846642999e-04 9.8299699999999997e-05 9.3698938014720000e+02
9.3544637803481184e-02 1.5800363917307320e-04 1.0000000000000000e-04 9.3702641442654260e+02
9.5903975695286608e-02 1.5961049941767949e-04 1.0251761398141041e-04 9.3704469372573931e+02
9.8322819673367090e-02 1.6127162215892615e-04 1.0509867549438917e-04 9.3706310600254631e+02
1.0080267057162877e-01 1.6298883980168577e-04 1.0774478313251514e-04 9.3708165236411446e+02
1.0334506707728897e-01 1.6476404662980480e-04 1.1045757575408913e-04 9.3710033392695436e+02
1.0595158668559454e-01 1.6659920089571141e-04 1.1323873349587820e-04 9.3711915181701374e+02
1.0862384667861923e-01 1.6849632698058781e-04 1.1608997881236792e-04 9.3713810716975831e+02
1.1136350512874781e-01 1.7045751762748981e-04 1.1901307754116479e-04 9.3715720113024906e+02
1.1417226192746988e-01 1.7248493624987755e-04 1.2200983999520630e-04 9.3717643485322412e+02
1.1705185984012099e-01 1.7458081931810324e-04 1.2508212208245189e-04 9.3719580950318016e+02
1.2000408558722643e-01 1.7674747882648925e-04 1.2823182645374707e-04 9.3721532625445263e+02
1.2303077095311775e-01 1.7898730484371724e-04 1.3146090367956761e-04 9.3723498629130006e+02
1.2613379392251042e-01 1.8130276814934222e-04 1.3477135345637065e-04 9.3725479080798573e+02
1.2931507984574780e-01 1.8369642295933998e-04 1.3816522584329712e-04 9.3727474100886138e+02
1.3257660263343407e-01 1.8617090974369383e-04 1.4164462252998756e-04 9.3729483810845386e+02
1.3592038598119799e-01 1.8872895813912963e-04 1.4521169813629516e-04 9.3731508333154818e+02
1.3934850462534676e-01 1.9137338996021139e-04 1.4886866154469579e-04 9.3733547791327464e+02
1.4286308563018937e-01 1.9410712231211958e-04 1.5261777726621853e-04 9.3735602309919614e+02
1.4646630970782862e-01 1.9693317080854582e-04 1.5646136684073896e-04 9.3737672014539385e+02
1.5016041257123958e-01 1.9985465289825292e-04 1.6040181027249798e-04 9.3739757031855743e+02
1.5394768632147557e-01 2.0287479130397132e-04 1.6444154750173306e-04 9.3741857489607321e+02
1.5783048086986082e-01 2.0599691757742372e-04 1.6858307991332811e-04 9.3743973516611459e+02
1.6181120539605351e-01 2.0922447577440085e-04 1.7282897188341381e-04 9.3746105242773137e+02
1.6589232984288316e-01 2.1256102625394151e-04 1.7718185236487085e-04 9.3748252799094269e+02
1.7007638644889020e-01 2.1601024960580848e-04 1.8164441651271490e-04 9.3750416317682811e+02
1.7436597131951836e-01 2.1957595071059208e-04 1.8621942735036495e-04 9.3752595931762119e+02
1.7876374603793505e-01 2.2326206293692068e-04 1.9090971747782250e-04 9.3754791775680258e+02
1.8327243931647891e-01 2.2707265248040790e-04 1.9571819082281526e-04 9.3757003984919527e+02
1.8789484868975972e-01 2.3101192284912279e-04 2.0064782443598441e-04 9.3759232696105994e+02
1.9263384225046062e-01 2.3508421950053140e-04 2.0570167033122299e-04 9.3761478047019057e+02
1.9749236042891954e-01 2.3929403463502369e-04 2.1088285737229866e-04 9.3763740176601175e+02
2.0247341781759545e-01 2.4364601215131566e-04 2.1619459320692576e-04 9.3766019224967727e+02
2.0758010504154897e-01 2.4814495276919010e-04 2.2164016624947642e-04 9.3768315333416751e+02
2.1281559067610067e-01 2.5279581932523027e-04 2.2722294771355543e-04 9.3770628644439012e+02
2.1818312321285491e-01 2.5760374224738527e-04 2.3294639369568975e-04 9.3772959301728031e+02
2.2368603307530960e-01 2.6257402521440815e-04 2.3881404731141730e-04 9.3775307450190098e+02
2.2932773468530371e-01 2.6771215100640955e-04 2.4482954088509242e-04 9.3777673235954717e+02
2.3511172858158233e-01 2.7302378755297862e-04 2.5099659819475601e-04 9.3780056806384687e+02
2.4104160359179641e-01 2.7851479418554675e-04 2.5731903677345521e-04 9.3782458310086577e+02
2.4712103905928295e-01 2.8419122810088729e-04 2.6380077026842881e-04 9.3784877896921307e+02
2.5335380712600786e-01 2.9005935104288384e-04 2.7044581085961401e-04 9.3787315718014577e+02
2.5974377507308882e-01 2.9612563620993668e-04 2.7725827173896326e-04 9.3789771925767661e+02
2.6629490772034903e-01 3.0239677539562745e-04 2.8424236965209927e-04 9.3792246673867987e+02
2.7301126988639141e-01 3.0887968637051860e-04 2.9140242750387297e-04 9.3794740117300250e+02
2.7989702891072005e-01 3.1558152051323115e-04 2.9874287702943118e-04 9.3797252412357147e+02
2.8695645723947277e-01 3.2250967069921764e-04 3.0626826153243758e-04 9.3799783716650518e+02
2.9419393507637054e-01 3.2967177945593450e-04 3.1398323869213517e-04 9.3802334189122382e+02
3.0161395310052697e-01 3.3707574739340730e-04 3.2189258344097674e-04 9.3804903990056380e+02
3.0922111525280593e-01 3.4472974191949079e-04 3.3000119091459854e-04 9.3807493281088921e+02
3.1702014159245490e-01 3.5264220624943665e-04 3.3831407947595163e-04 9.3810102225220612e+02
3.2501587122578673e-01 3.6082186871970765e-04 3.4683639381545355e-04 9.3812730986827899e+02
3.3321326530872797e-01 3.6927775241631290e-04 3.5557340812906991e-04 9.3815379731674659e+02
3.4161741012509528e-01 3.7801918512828466e-04 3.6453052937628251e-04 9.3818048626923826e+02
3.5023352024251103e-01 3.8705580963727695e-04 3.7371330061994828e-04 9.3820737841149423e+02
3.5906694174791554e-01 3.9639759435463576e-04 3.8312740445010788e-04 9.3823447544348312e+02
3.6812315556468450e-01 4.0605484431767658e-04 3.9277866649384968e-04 9.3826177907952331e+02
3.7740778085340848e-01 4.1603821255729699e-04 4.0267305901338992e-04 9.3828929104840404e+02
3.8692657849844564e-01 4.2635871184946604e-04 4.1281670459458405e-04 9.3831701309350797e+02
3.9668545468241045e-01 4.3702772686355241e-04 4.2321587992813931e-04 9.3834494697293519e+02
4.0669046455081609e-01 4.4805702672089234e-04 4.3387701968585591e-04 9.3837309445962671e+02
4.1694781596914576e-01 4.5945877797745263e-04 4.4480672049428165e-04 9.3840145734149110e+02
4.2746387337468206e-01 4.7124555804490734e-04 4.5601174500822539e-04 9.3843003742153178e+02
4.3824516172548544e-01 4.8343036906493478e-04 4.6749902608663629e-04 9.3845883651797340e+02
4.4929837054897231e-01 4.9602665225203959e-04 4.7927567107341730e-04 9.3848785646439183e+02
4.6063035809260422e-01 5.0904830272072133e-04 4.9134896618580699e-04 9.3851709910984505e+02
4.7224815557926381e-01 5.2250968481334567e-04 5.0372638101303028e-04 9.3854656631900241e+02
4.8415897156995757e-01 5.3642564794562715e-04 5.1641557312798289e-04 9.3857625997227922e+02
4.9637019643655311e-01 5.5081154298720122e-04 5.2942439281478918e-04 9.3860618196596829e+02
5.0888940694732443e-01 5.6568323919535632e-04 5.4276088791513799e-04 9.3863633421237671e+02
5.2172437096815383e-01 5.8105714172060818e-04 5.5643330879638088e-04 9.3866671863996010e+02
5.3488305228230271e-01 5.9695020970342060e-04 5.7045011344444287e-04 9.3869733719346073e+02
5.4837361553174646e-01 6.1337997498204220e-04 5.8481997268468311e-04 9.3872819183404556e+02
5.6220443128313558e-01 6.3036456143209245e-04 5.9955177553391002e-04 9.3875928453944562e+02
5.7638408122152929e-01 6.4792270495923031e-04 6.1465463468684622e-04 9.3879061730409694e+02
5.9092136347512292e-01 6.6607377416696284e-04 6.3013789214041408e-04 9.3882219213928181e+02
6.0582529807427188e-01 6.8483779172238838e-04 6.4601112495929795e-04 9.3885401107327300e+02
6.2110513254820199e-01 7.0423545644344651e-04 6.6228415118632991e-04 9.3888607615147794e+02
6.3677034766287577e-01 7.2428816613203805e-04 6.7896703590132992e-04 9.3891838943658365e+02
6.5283066330357842e-01 7.4501804117820241e-04 6.9607009743212587e-04 9.3895095300870491e+02
6.6929604450586966e-01 7.6644794896139228e-04 7.1360391372156775e-04 9.3898376896553066e+02
6.8617670763864635e-01 7.8860152907575965e-04 7.3157932885444964e-04 9.3901683942247689e+02
7.0348312674315094e-01 8.1150321940728128e-04 7.5000745974835290e-04 9.3905016651283370e+02
7.2122604003185986e-01 8.3517828309149253e-04 7.6889970301251688e-04 9.3908375238791973e+02
7.3941645655128319e-01 8.5965283638155996e-04 7.8826774197895250e-04 9.3911759921723501e+02
7.5806566301281053e-01 8.8495387745744216e-04 8.0812355391011927e-04 9.3915170918861702e+02
7.7718523079584123e-01 9.1110931620791294e-04 8.2847941738759326e-04 9.3918608450839383e+02
7.9678702312754346e-01 9.3814800501829999e-04 8.4934791988625839e-04 9.3922072740154624e+02
8.1688320244369950e-01 9.6609977059790861e-04 8.7074196553868347e-04 9.3925564011186248e+02
8.3748623793520083e-01 9.9499544688222787e-04 8.9267478309444312e-04 9.3929082490210044e+02
8.5860891328487787e-01 1.0248669090462239e-03 9.1515993407927250e-04 9.3932628405415016e+02
8.8026433459946540e-01 1.0557471086662371e-03 9.3821132115907112e-04 9.3936201986919559e+02
9.0246593854162194e-01 1.0876701100692686e-03 9.6184319671388041e-04 9.3939803466788089e+02
9.2522750066705384e-01 1.1206711279097587e-03 9.8607017162711239e-04 9.3943433079047350e+02
9.4856314397191210e-01 1.1547865660153042e-03 1.0109072242954075e-03 9.3947091059703484e+02
9.7248734765576739e-01 1.1900540575441650e-03 1.0363697098646652e-03 9.3950777646758866e+02
9.9701495610560431e-01 1.2265125064988671e-03 1.0624733696979155e-03 9.3954493080228929e+02
1.0221611881063986e+00 1.2642021306416783e-03 1.0892343410808249e-03 9.3958237602159716e+02
1.0479416462840081e+00 1.3031645058593235e-03 1.1166691671708206e-03 9.3962011456644893e+02
1.0743723267862184e+00 1.3434426120258467e-03 1.1447948071959060e-03 9.3965814889843352e+02
1.1014696292079664e+00 1.3850808804142427e-03 1.1736286469094480e-03 9.3969648149997158e+02
1.1292503667668916e+00 1.4281252427091405e-03 1.2031885093073430e-03 9.3973511487448854e+02
1.1577317767355251e+00 1.4726231816746020e-03 1.2334926656141245e-03 9.3977405154659880e+02
1.1869315311366013e+00 1.5186237835329462e-03 1.2645598465447687e-03 9.3981329406228303e+02
1.2168677477081191e+00 1.5661777921123644e-03 1.2964092538490901e-03 9.3985284498907515e+02
1.2475590011449544e+00 1.6153376648230535e-03 1.3290605721458114e-03 9.3989270691624313e+02
1.2790243346240120e+00 1.6661576305236360e-03 1.3625339810535671e-03 9.3993288245497797e+02
1.3112832716200495e+00 1.7186937493416734e-03 1.3968501676262721e-03 9.3997337423857869e+02
1.3443558280195200e+00 1.7730039745142818e-03 1.4320303391004783e-03 9.4001418492264452e+02
1.3782625245399471e+00 1.8291482163170631e-03 1.4680962359625467e-03 9.4005531718526413e+02
1.4130243994625244e+00 1.8871884081518571e-03 1.5050701453436185e-03 9.4009677372720842e+02
1.4486630216858654e+00 1.9471885748662458e-03 1.5429749147506226e-03 9.4013855727212581e+02
1.4852005041089742e+00 2.0092149033801398e-03 1.5818339661417085e-03 9.4018067056673806e+02
1.5226595173517656e+00 2.0733358156973850e-03 1.6216713103547483e-03 9.4022311638103815e+02
1.5610633038216351e+00 2.1396220443829195e-03 1.6625115618977373e-03 9.4026589750849030e+02
1.6004356921348024e+00 2.2081467105887218e-03 1.7043799541101548e-03 9.4030901676622955e+02
1.6408011119013959e+00 2.2789854047146640e-03 1.7473023547045737e-03 9.4035247699526815e+02
1.6821846088834254e+00 2.3522162697931972e-03 1.7913052816980362e-03 9.4039628106069756e+02
1.7246118605350722e+00 2.4279200876898975e-03 1.8364159197429527e-03 9.4044043185189764e+02
1.7681091919349272e+00 2.5061803682149305e-03 1.8826621368675286e-03 9.4048493228274310e+02
1.8127035921200576e+00 2.5870834412437438e-03 1.9300725016359521e-03 9.4052978529181667e+02
1.8584227308320511e+00 2.6707185519486156e-03 1.9786763007388726e-03 9.4057499384261826e+02
1.9052949756854207e+00 2.7571779592461018e-03 2.0285035570249202e-03 9.4062056092378168e+02
1.9533494097690141e+00 2.8465570375689670e-03 2.0795850479843002e-03 9.4066648954928974e+02
2.0026158496913702e+00 2.9389543820749074e-03 2.1319523246957949e-03 9.4071278275869270e+02
2.0531248640811945e+00 3.0344719174080635e-03 2.1856377312487385e-03 9.4075944361732820e+02
2.1049077925544526e+00 3.1332150101333529e-03 2.2406744246518742e-03 9.4080647521654328e+02
2.1579967651598433e+00 3.2352925849676258e-03 2.2970963952412627e-03 9.4085388067391830e+02
2.2124247223147058e+00 3.3408172449358401e-03 2.3549384875997145e-03 9.4090166313349198e+02
2.2682254352437572e+00 3.4499053955848601e-03 2.4142364220005657e-03 9.4094982576599114e+02
2.3254335269333088e+00 3.5626773733918272e-03 2.4750268163888870e-03 9.4099837176905908e+02
2.3840844936139898e+00 3.6792575785088051e-03 2.5373472089135832e-03 9.4104730436748866e+02
2.4442147267853009e+00 3.7997746119901280e-03 2.6012360810241603e-03 9.4109662681345594e+02
2.5058615357956477e+00 3.9243614176537826e-03 2.6667328811462638e-03 9.4114634238675580e+02
2.5690631709918916e+00 4.0531554287333788e-03 2.7338780489504812e-03 9.4119645439504086e+02
2.6338588474527538e+00 4.1862987194824265e-03 2.8027130402292180e-03 9.4124696617406300e+02
2.7002887693208231e+00 4.3239381618981878e-03 2.8732803523968862e-03 9.4129788108791308e+02
2.7683941547482509e+00 4.4662255877379910e-03 2.9456235506289444e-03 9.4134920252926850e+02
2.8382172614716055e+00 4.6133179560066823e-03 3.0197872946557832e-03 9.4140093391963831e+02
2.9098014130317815e+00 4.7653775261000571e-03 3.0958173662278348e-03 9.4145307870961335e+02
2.9831910256551928e+00 4.9225720367951633e-03 3.1737606972686437e-03 9.4150564037911727e+02
3.0584316358129682e+00 5.0850748912850182e-03 3.2536653987331387e-03 9.4155862243765978e+02
3.1355699284752268e+00 5.2530653484618023e-03 3.3355807901887017e-03 9.4161202842459261e+02
3.2146537660779622e+00 5.4267287206595290e-03 3.4195574301370832e-03 9.4166586190936857e+02
3.2957322182205209e+00 5.6062565780743544e-03 3.5056471470957143e-03 9.4172012649180044e+02
3.3788555921121048e+00 5.7918469600880323e-03 3.5939030714573542e-03 9.4177482580232572e+02
3.4640754637861590e+00 5.9837045937275518e-03 3.6843796681475241e-03 9.4182996350226949e+02
3.5514447101020599e+00 6.1820411195020646e-03 3.7771327700996710e-03 9.4188554328411476e+02
3.6410175415539112e+00 6.3870753248661000e-03 3.8722196125684687e-03 9.4194156887176905e+02
3.7328495359068410e+00 6.5990333855667008e-03 3.9696988683021886e-03 9.4199804402084101e+02
3.8269976726816624e+00 6.8181491151406816e-03 4.0696306835956387e-03 9.4205497251891018e+02
3.9235203685092661e+00 7.0446642228371679e-03 4.1720767152455644e-03 9.4211235818580917e+02
4.0224775133767379e+00 7.2788285802500852e-03 4.2771001684311699e-03 9.4217020487390005e+02
4.1239305077876240e+00 7.5209004969545327e-03 4.3847658355427423e-03 9.4222851646835807e+02
4.2279423008594588e+00 7.7711470054512653e-03 4.4951401359821204e-03 9.4228729688745739e+02
4.3345774293821702e+00 8.0298441557335402e-03 4.6082911569592742e-03 9.4234655008285563e+02
4.4439020578615702e+00 8.2972773198012034e-03 4.7242886953097673e-03 9.4240628003988763e+02
4.5559840195728452e+00 8.5737415064580935e-03 4.8432043003587251e-03 9.4246649077785480e+02
4.6708928586494354e+00 8.8595416867398354e-03 4.9651113178572912e-03 9.4252718635032272e+02
4.7886998732334884e+00 9.1549931303311401e-03 5.0900849350184211e-03 9.4258837084541824e+02
4.9094781597146309e+00 9.4604217533436862e-03 5.2182022266794338e-03 9.4265004838612913e+02
5.0333026580844855e+00 9.7761644778381375e-03 5.3495422026193697e-03 9.4271222313060946e+02
5.1602501984351257e+00 1.0102569603487028e-02 5.4841858560600648e-03 9.4277489927248462e+02
5.2903995486302824e+00 1.0439997191788416e-02 5.6222162133804012e-03 9.4283808104115940e+02
5.4238314631788773e+00 1.0788819463254093e-02 5.7637183850739867e-03 9.4290177270213201e+02
5.5606287333412521e+00 1.1149421208010659e-02 5.9087796179813626e-03 9.4296597855730636e+02
5.7008762384991130e+00 1.1522200210266169e-02 6.0574893488284046e-03 9.4303070294531017e+02
5.8446609988211344e+00 1.1907567687110805e-02 6.2099392591035791e-03 9.4309595024181544e+02
5.9920722292568653e+00 1.2305948742135510e-02 6.3662233313074180e-03 9.4316172485986192e+02
6.1432013948924205e+00 1.2717782834368918e-02 6.5264379066083860e-03 9.4322803125018243e+02
6.2981422677023655e+00 1.3143524263050071e-02 6.6906817439402657e-03 9.4329487390153213e+02
6.4569909847329265e+00 1.3583642668771422e-02 6.8590560805769111e-03 9.4336225734102197e+02
6.6198461077526991e+00 1.4038623551545145e-02 7.0316646942212950e-03 9.4343018613445099e+02
6.7868086844078439e+00 1.4508968806364200e-02 7.2086139666464938e-03 9.4349866488664770e+02
6.9579823109196699e+00 1.4995197276848787e-02 7.3900129489273322e-03 9.4356769824180799e+02
7.1334731963635996e+00 1.5497845327589178e-02 7.5759734283023248e-03 9.4363729088384332e+02
7.3133902285692933e+00 1.6017467435816009e-02 7.7666099967065140e-03 9.4370744753672409e+02
7.4978450416829157e+00 1.6554636803050943e-02 7.9620401210168234e-03 9.4377817296483443e+02
7.6869520854334183e+00 1.7109945987412348e-02 8.1623842150526597e-03 9.4384947197332190e+02
7.8808286961457901e+00 1.7684007557273323e-02 8.3677657133753251e-03 9.4392134940845779e+02
8.0795951695454260e+00 1.8277454766993502e-02 8.5783111469312275e-03 9.4399381015799611e+02
8.2833748353986731e+00 1.8890942255469598e-02 8.7941502205846258e-03 9.4406685915153912e+02
8.4922941340359692e+00 1.9525146768275662e-02 9.0154158925871315e-03 9.4414050136090054e+02
8.7064826948049987e+00 2.0180767904189437e-02 9.2422444560320109e-03 9.4421474180048062e+02
8.9260734165025397e+00 2.0858528886928317e-02 9.4747756223428486e-03 9.4428958552763493e+02
9.1512025498349399e+00 2.1559177362946283e-02 9.7131526068470701e-03 9.4436503764305644e+02
9.3820097819583825e+00 2.2283486226171954e-02 9.9575222164863600e-03 9.4444110329115392e+02
9.6186383231513677e+00 2.3032254470597330e-02 1.0208034939717048e-02 9.4451778766043469e+02
9.8612349956731755e+00 2.3806308071657747e-02 1.0464845038654910e-02 9.4459509598389604e+02
1.0109950324863567e+01 2.4606500897375722e-02 1.0728110643520472e-02 9.4467303353941236e+02
1.0364938632540074e+01 2.5433715650273130e-02 1.0997993849441700e-02 9.4475160565013425e+02
1.0626358132750903e+01 2.6288864841091088e-02 1.1274660815672950e-02 9.4483081768488398e+02
1.0894371029942969e+01 2.7172891795391962e-02 1.1558281867290281e-02 9.4491067505855892e+02
1.1169143619605766e+01 2.8086771694153193e-02 1.1849031599424546e-02 9.4499118323253686e+02
1.1450846391453716e+01 2.9031512649501535e-02 1.2147088984095512e-02 9.4507234771508706e+02
1.1739654135210825e+01 3.0008156816773671e-02 1.2452637479711580e-02 9.4515417406178278e+02
1.2035746049063548e+01 3.1017781544130853e-02 1.2765865143301533e-02 9.4523666787591867e+02
1.2339305850848859e+01 3.2061500560994723e-02 1.3086964745545984e-02 9.4531983480893257e+02
1.2650521892046678e+01 3.3140465206615760e-02 1.3416133888678254e-02 9.4540368056082934e+02
1.2969587274647457e+01 3.4255865700130048e-02 1.3753575127326044e-02 9.4548821088061209e+02
1.3296699970967234e+01 3.5408932453504384e-02 1.4099496092366796e-02 9.4557343156671345e+02
1.3632062946484606e+01 3.6600937428818758e-02 1.4454109617871727e-02 9.4565934846743232e+02
1.3975884285775955e+01 3.7833195541383542e-02 1.4817633871215305e-02 9.4574596748137685e+02
1.4328377321626830e+01 3.9107066110238620e-02 1.5190292486428652e-02 9.4583329455790931e+02
1.4689760767399719e+01 4.0423954357634684e-02 1.5572314700877544e-02 9.4592133569759324e+02
1.5060258852740450e+01 4.1785312959151472e-02 1.5963935495347560e-02 9.4601009695265031e+02
1.5440101462707190e+01 4.3192643646161814e-02 1.6365395737620931e-02 9.4609958442741504e+02
1.5829524280408563e+01 4.4647498862410040e-02 1.6776942329631742e-02 9.4618980427880001e+02
1.6228768933239227e+01 4.6151483476531467e-02 1.7198828358288374e-02 9.4628076271675968e+02
1.6638083142803893e+01 4.7706256552403029e-02 1.7631313250054258e-02 9.4637246600476271e+02
1.7057720878622526e+01 4.9313533179276892e-02 1.8074662929380016e-02 9.4646492046026754e+02
1.7487942515712191e+01 5.0975086363716123e-02 1.8529149981082665e-02 9.4655813245519983e+02
1.7929014996143543e+01 5.2692748985420465e-02 1.8995053816769910e-02 9.4665210841643909e+02
1.8381211994671830e+01 5.4468415819098205e-02 1.9472660845409648e-02 9.4674685482630537e+02
1.8844814088545377e+01 5.6304045624615127e-02 1.9962264648147512e-02 9.4684237822305420e+02
1.9320108931597066e+01 5.8201663307727074e-02 2.0464166157478137e-02 9.4693868520137357e+02
1.9807391432726487e+01 6.0163362153778016e-02 2.0978673840877579e-02 9.4703578241288699e+02
2.0306963938883683e+01 6.2191306136828613e-02 2.1506103889007783e-02 9.4713367656666117e+02
2.0819136422668215e+01 6.4287732306763018e-02 2.2046780408606578e-02 9.4723237442971720e+02
2.1344226674659531e+01 6.6454953257005678e-02 2.2601035620178896e-02 9.4733188282754725e+02
2.1882560500598352e+01 6.8695359675571777e-02 2.3169210060608517e-02 9.4743220864463933e+02
2.2434471923541118e+01 7.1011422982263969e-02 2.3751652790812119e-02 9.4753335882499948e+02
2.3000303391113320e+01 7.3405698054926638e-02 2.4348721608560716e-02 9.4763534037268755e+02
2.3580405987989867e+01 7.5880826047762626e-02 2.4960783266596145e-02 9.4773816035235302e+02
2.4175139653734501e+01 7.8439537304822463e-02 2.5588213696174037e-02 9.4784182588977410e+02
2.4784873406133720e+01 8.1084654371881101e-02 2.6231398236167543e-02 9.4794634417240900e+02
2.5409985570163251e+01 8.3819095110022390e-02 2.6890731867869437e-02 9.4805172244994606e+02
2.6050864012729441e+01 8.6645875914367149e-02 2.7566619455633622e-02 9.4815796803485989e+02
2.6707906383331405e+01 8.9568115041496282e-02 2.8259475993500795e-02 9.4826508830297746e+02
2.7381520360792752e+01 9.2589036049237405e-02 2.8969726857956020e-02 9.4837309069404341e+02
2.8072123906216465e+01 9.5711971352611280e-02 2.9697808066970196e-02 9.4848198271229478e+02
2.8780145522319476e+01 9.8940365899859190e-02 3.0444166545480593e-02 9.4859177192703964e+02
2.9506024519308376e+01 1.0227778097260834e-01 3.1209260397470170e-02 9.4870246597324171e+02
3.0250211287460626e+01 1.0572789811436500e-01 3.1993559184808319e-02 9.4881407255211138e+02
3.1013167576580685e+01 1.0929452319166977e-01 3.2797544213020481e-02 9.4892659943169997e+02
3.1795366782504740e+01 1.1298159059239661e-01 3.3621708824158165e-02 9.4904005444750237e+02
3.2597294240831211e+01 1.1679316756582390e-01 3.4466558696944372e-02 9.4915444550306370e+02
3.3419447528059607e+01 1.2073345870926649e-01 3.5332612154374395e-02 9.4926978057059375e+02
3.4262336770324843e+01 1.2480681060621963e-01 3.6220400478956784e-02 9.4938606769158162e+02
3.5126484959918010e+01 1.2901771662112788e-01 3.7130468235782033e-02 9.4950331497742809e+02
3.6012428279790285e+01 1.3337082185607027e-01 3.8063373603613525e-02 9.4962153061006848e+02
3.6920716436241626e+01 1.3787092827483025e-01 3.9019688714198197e-02 9.4974072284261581e+02
3.7851913000000003e+01 1.4252300000000001e-01 4.0000000000000001e-02 9.4986272699999995e+02
4.3021079999999998e+01 1.7266100000000001e-01 4.5440000000000001e-02 9.5056829700000003e+02
4.8193930000000002e+01 2.0408200000000001e-01 5.0880000000000002e-02 9.5122059500000000e+02
5.3370204999999999e+01 2.3687100000000000e-01 5.6320000000000002e-02 9.5183199300000001e+02
5.8549720999999998e+01 2.7140399999999998e-01 6.1760000000000002e-02 9.5241637600000001e+02
6.3732370000000003e+01 3.0833899999999997e-01 6.7199999999999996e-02 9.5298852499999998e+02
6.8918126000000001e+01 3.4860300000000000e-01 7.2639999999999996e-02 9.5356357000000003e+02
7.4107045999999997e+01 3.9335999999999999e-01 7.8079999999999997e-02 9.5415655900000002e+02
7.9299267000000000e+01 4.4399000000000000e-01 8.3519999999999997e-02 9.5478213500000004e+02
8.4495005000000006e+01 5.0205500000000003e-01 8.8959999999999997e-02 9.5545431699999995e+02
8.9694548999999995e+01 5.6927600000000000e-01 9.4399999999999998e-02 9.5618633899999998e+02
9.4898259999999993e+01 6.4750300000000005e-01 9.9839999999999998e-02 9.5699056199999995e+02
1.0010656100000000e+02 7.3869499999999999e-01 1.0528000000000000e-01 9.5787841100000003e+02
1.0531990900000000e+02 8.4311000000000003e-01 1.1072000000000000e-01 9.5884403399999997e+02
1.1053870800000000e+02 9.6206899999999995e-01 1.1616000000000000e-01 9.5989134500000000e+02
1.1576347699999999e+02 1.0992450000000000e+00 1.2160000000000000e-01 9.6104384700000003e+02
1.2099482100000000e+02 1.2572289999999999e+00 1.2703999999999999e-01 9.6231319399999995e+02
1.2623340000000000e+02 1.4383960000000000e+00 1.3247999999999999e-01 9.6370790999999997e+02
1.3147991600000000e+02 1.6450160000000000e+00 1.3791999999999999e-01 9.6523468800000001e+02
1.3673510099999999e+02 1.8792780000000000e+00 1.4335999999999999e-01 9.6689888900000005e+02
1.4199971600000001e+02 2.1433040000000001e+00 1.4879999999999999e-01 9.6870480299999997e+02
1.4727454200000000e+02 2.4391490000000000e+00 1.5423999999999999e-01 9.7065582199999994e+02
1.5256037400000000e+02 2.7688039999999998e+00 1.5967999999999999e-01 9.7275457300000005e+02
1.5785802300000000e+02 3.1341929999999998e+00 1.6511999999999999e-01 9.7500301200000001e+02
1.6316830700000000e+02 3.5371769999999998e+00 1.7055999999999999e-01 9.7740251699999999e+02
1.6849205000000001e+02 3.9795490000000000e+00 1.7599999999999999e-01 9.7995396100000005e+02
1.7383008100000001e+02 4.4630390000000002e+00 1.8143999999999999e-01 9.8265777500000002e+02
1.7918322800000001e+02 4.9893140000000002e+00 1.8687999999999999e-01 9.8551401299999998e+02
1.8455232100000001e+02 5.5599809999999996e+00 1.9231999999999999e-01 9.8852239899999995e+02
1.8993818600000000e+02 6.1765860000000004e+00 1.9775999999999999e-01 9.9168237099999999e+02
1.9534164500000000e+02 6.8406149999999997e+00 2.0319999999999999e-01 9.9499312699999996e+02
2.0076351700000001e+02 7.5534999999999997e+00 2.0863999999999999e-01 9.9845365400000003e+02
2.0620461399999999e+02 8.3166200000000003e+00 2.1407999999999999e-01 1.0020627590000000e+03
2.1166574000000000e+02 9.1312960000000007e+00 2.1951999999999999e-01 1.0058190920000000e+03
2.1714769200000001e+02 9.9988019999999995e+00 2.2495999999999999e-01 1.0097211690000000e+03
2.2265126000000001e+02 1.0920356999999999e+01 2.3039999999999999e-01 1.0137673870000000e+03
2.2817722200000000e+02 1.1897131000000000e+01 2.3583999999999999e-01 1.0179560370000000e+03
2.3372635000000000e+02 1.2930243000000001e+01 2.4127999999999999e-01 1.0222853160000000e+03
2.3929940300000001e+02 1.4020762000000000e+01 2.4671999999999999e-01 1.0267533350000001e+03
2.4489713100000000e+02 1.5169706000000000e+01 2.5216000000000000e-01 1.0313581230000000e+03
2.5052027400000000e+02 1.6378041000000000e+01 2.5760000000000000e-01 1.0360976370000001e+03
2.5616955700000000e+02 1.7646682999999999e+01 2.6304000000000000e-01 1.0409697630000001e+03
2.6184569800000003e+02 1.8976493000000001e+01 2.6848000000000000e-01 1.0459723170000000e+03
2.6754939999999999e+02 2.0368282000000001e+01 2.7392000000000000e-01 1.0511030530000000e+03
2.7328135400000002e+02 2.1822804999999999e+01 2.7936000000000000e-01 1.0563596600000001e+03
2.7904223900000000e+02 2.3340761000000001e+01 2.8480000000000000e-01 1.0617397690000000e+03
2.8483272099999999e+02 2.4922796999999999e+01 2.9024000000000000e-01 1.0672409510000000e+03
2.9065345100000002e+02 2.6569503000000001e+01 2.9568000000000000e-01 1.0728607239999999e+03
2.9650506799999999e+02 2.8281410000000001e+01 3.0112000000000000e-01 1.0785965510000001e+03
3.0238819699999999e+02 3.0058996000000000e+01 3.0656000000000000e-01 1.0844458480000001e+03
3.0830344800000000e+02 3.1902683000000000e+01 3.1200000000000000e-01 1.0904059850000001e+03
3.1425141800000000e+02 3.3812834000000002e+01 3.1744000000000000e-01 1.0964742890000000e+03
3.2023268600000000e+02 3.5789758999999997e+01 3.2288000000000000e-01 1.1026480500000000e+03
3.2624782099999999e+02 3.7833711999999998e+01 3.2832000000000000e-01 1.1089245249999999e+03
3.3229737299999999e+02 3.9944892000000003e+01 3.3376000000000000e-01 1.1153009450000000e+03
3.3838187900000003e+02 4.2123448000000003e+01 3.3920000000000000e-01 1.1217745140000000e+03
3.4450186000000002e+02 4.4369472999999999e+01 3.4464000000000000e-01 1.1283424210000001e+03
3.5065782100000001e+02 4.6683014000000000e+01 3.5008000000000000e-01 1.1350018430000000e+03
3.5685025300000001e+02 4.9064067999999999e+01 3.5552000000000000e-01 1.1417499479999999e+03
3.6307960000000003e+02 5.1482162000000002e+01 3.6096000000000000e-01 1.1484995389999999e+03
3.6934312100000000e+02 5.3582040999999997e+01 3.6640000000000000e-01 1.1542734820000001e+03
3.7563694099999998e+02 5.5584190999999997e+01 3.7184000000000000e-01 1.1596971340000000e+03
3.8195978200000002e+02 5.7554738000000000e+01 3.7728000000000000e-01 1.1649575380000001e+03
3.8831094700000000e+02 5.9515456999999998e+01 3.8272000000000000e-01 1.1701167260000000e+03
3.9468997899999999e+02 6.1477407999999997e+01 3.8816000000000001e-01 1.1752062710000000e+03
4.0109589799999998e+02 6.3285510000000002e+01 3.9360000000000001e-01 1.1798325589999999e+03
4.0752542199999999e+02 6.4953261999999995e+01 3.9904000000000001e-01 1.1840401480000000e+03
4.1397763600000002e+02 6.6618418000000005e+01 4.0448000000000001e-01 1.1881842360000001e+03
4.2045231400000000e+02 6.8295311999999996e+01 4.0992000000000001e-01 1.1923017669999999e+03
4.2694935400000003e+02 6.9989635000000007e+01 4.1536000000000001e-01 1.1964072430000001e+03
4.3346871499999997e+02 7.1704451000000006e+01 4.2080000000000001e-01 1.2005083119999999e+03
4.4001038399999999e+02 7.3441676000000001e+01 4.2624000000000001e-01 1.2046096120000000e+03
4.4657437299999998e+02 7.5202622000000005e+01 4.3168000000000001e-01 1.2087141979999999e+03
4.5316070500000001e+02 7.6988247000000001e+01 4.3712000000000001e-01 1.2128241920000000e+03
4.5976941499999998e+02 7.8799279999999996e+01 4.4256000000000001e-01 1.2169411210000001e+03
4.6640054199999997e+02 8.0636298999999994e+01 4.4800000000000001e-01 1.2210661110000001e+03
4.7305413399999998e+02 8.2499769999999998e+01 4.5344000000000001e-01 1.2252000029999999e+03
4.7973024099999998e+02 8.4390079000000000e+01 4.5888000000000001e-01 1.2293434310000000e+03
4.8642891500000002e+02 8.6307550000000006e+01 4.6432000000000001e-01 1.2334968739999999e+03
4.9315021300000001e+02 8.8252459999999999e+01 4.6976000000000001e-01 1.2376606899999999e+03
4.9989419099999998e+02 9.0225046000000006e+01 4.7520000000000001e-01 1.2418351410000000e+03
5.0666090900000000e+02 9.2225514000000004e+01 4.8064000000000001e-01 1.2460204160000001e+03
5.1345042500000000e+02 9.4254041000000001e+01 4.8608000000000001e-01 1.2502166420000001e+03
5.2026279899999997e+02 9.6310784999999996e+01 4.9152000000000001e-01 1.2544238940000000e+03
5.2709809099999995e+02 9.8395882999999998e+01 4.9696000000000001e-01 1.2586422090000001e+03
5.3395636200000001e+02 1.0050945600000000e+02 5.0239999999999996e-01 1.2628715870000001e+03
5.4083767100000000e+02 1.0265161000000001e+02 5.0783999999999996e-01 1.2671119980000001e+03
5.4774207899999999e+02 1.0482243600000000e+02 5.1327999999999996e-01 1.2713633890000001e+03
5.5466964499999995e+02 1.0702201599999999e+02 5.1871999999999996e-01 1.2756256860000001e+03
5.6162042799999995e+02 1.0925042100000000e+02 5.2415999999999996e-01 1.2798987959999999e+03
5.6859448699999996e+02 1.1150771000000000e+02 5.2959999999999996e-01 1.2841826100000001e+03
5.7559187899999995e+02 1.1379393600000000e+02 5.3503999999999996e-01 1.2884770080000001e+03
5.8261266300000000e+02 1.1610914300000000e+02 5.4047999999999996e-01 1.2927818569999999e+03
5.8965689399999997e+02 1.1845336700000000e+02 5.4591999999999996e-01 1.2970970150000001e+03
5.9672462800000005e+02 1.2082663700000001e+02 5.5135999999999996e-01 1.3014223290000000e+03
6.0381591900000001e+02 1.2322897500000001e+02 5.5679999999999996e-01 1.3057576420000000e+03
6.1093082300000003e+02 1.2566039900000000e+02 5.6223999999999996e-01 1.3101027890000000e+03
6.1806939199999999e+02 1.2812092000000001e+02 5.6767999999999996e-01 1.3144576010000001e+03
6.2523167699999999e+02 1.3061054300000001e+02 5.7311999999999996e-01 1.3188219030000000e+03
6.3241773100000000e+02 1.3312926899999999e+02 5.7855999999999996e-01 1.3231955180000000e+03
6.3962760300000002e+02 1.3567709400000001e+02 5.8399999999999996e-01 1.3275782630000001e+03
6.4686134300000003e+02 1.3825400900000000e+02 5.8943999999999996e-01 1.3319699539999999e+03
6.5411899800000003e+02 1.4086000200000001e+02 5.9487999999999996e-01 1.3363704080000000e+03
6.6140061700000001e+02 1.4349505600000001e+02 6.0031999999999996e-01 1.3407794340000000e+03
6.6870624399999997e+02 1.4615915000000001e+02 6.0575999999999997e-01 1.3451968460000001e+03
6.7603592500000002e+02 1.4885226100000000e+02 6.1119999999999997e-01 1.3496224530000000e+03
6.8338970500000005e+02 1.5157436000000001e+02 6.1663999999999997e-01 1.3540560650000000e+03
6.9076762599999995e+02 1.5432541800000001e+02 6.2207999999999997e-01 1.3584974920000000e+03
6.9816972999999996e+02 1.5710539900000001e+02 6.2751999999999997e-01 1.3629465430000000e+03
7.0559605799999997e+02 1.5991426799999999e+02 6.3295999999999997e-01 1.3674030299999999e+03
7.1304665100000000e+02 1.6275198399999999e+02 6.3839999999999997e-01 1.3718667620000001e+03
7.2052154599999994e+02 1.6561850699999999e+02 6.4383999999999997e-01 1.3763375500000000e+03
7.2802078200000005e+02 1.6851379000000000e+02 6.4927999999999997e-01 1.3808152070000001e+03
7.3554439600000001e+02 1.7143778699999999e+02 6.5471999999999997e-01 1.3852995470000001e+03
7.4309242400000005e+02 1.7439044899999999e+02 6.6015999999999997e-01 1.3897903830000000e+03
7.5066489999999999e+02 1.7737172500000000e+02 6.6559999999999997e-01 1.3942875309999999e+03
7.5826185799999996e+02 1.8038156000000001e+02 6.7103999999999997e-01 1.3987908080000000e+03
7.6588333200000000e+02 1.8341989899999999e+02 6.7647999999999997e-01 1.4033000340000001e+03
7.7352935300000001e+02 1.8648668599999999e+02 6.8191999999999997e-01 1.4078150290000001e+03
7.8119995100000006e+02 1.8958186100000000e+02 6.8735999999999997e-01 1.4123356150000000e+03
7.8889515700000004e+02 1.9270536300000001e+02 6.9279999999999997e-01 1.4168616150000000e+03
7.9661500000000001e+02 1.9585713100000001e+02 6.9823999999999997e-01 1.4213928559999999e+03
8.0435950800000001e+02 1.9903710000000001e+02 7.0367999999999997e-01 1.4259291659999999e+03
8.1212870799999996e+02 2.0224520600000000e+02 7.0911999999999997e-01 1.4304703740000000e+03
8.1992262600000004e+02 2.0548138200000000e+02 7.1455999999999997e-01 1.4350163130000001e+03
8.2774128800000005e+02 2.0874556100000001e+02 7.1999999999999997e-01 1.4395668160000000e+03
8.3558471699999996e+02 2.1203767400000001e+02 7.2543999999999997e-01 1.4441217190000000e+03
8.4345293800000002e+02 2.1535765000000001e+02 7.3087999999999997e-01 1.4486808599999999e+03
8.5134597199999996e+02 2.1870541900000001e+02 7.3631999999999997e-01 1.4532440799999999e+03
8.5926384299999995e+02 2.2208090899999999e+02 7.4175999999999997e-01 1.4578112209999999e+03
8.6720657000000006e+02 2.2548404700000000e+02 7.4719999999999998e-01 1.4623821290000001e+03
8.7517417300000000e+02 2.2891475800000001e+02 7.5263999999999998e-01 1.4669566490000000e+03
8.8316667199999995e+02 2.3237297000000001e+02 7.5807999999999998e-01 1.4715346320000001e+03
8.9118408599999998e+02 2.3585860500000001e+02 7.6351999999999998e-01 1.4761159279999999e+03
8.9922643200000005e+02 2.3937158900000000e+02 7.6895999999999998e-01 1.4807003920000000e+03
9.0729372599999999e+02 2.4291184300000000e+02 7.7439999999999998e-01 1.4852878780000001e+03
9.1538598500000001e+02 2.4647929199999999e+02 7.7983999999999998e-01 1.4898782460000000e+03
9.2350322400000005e+02 2.5007385600000001e+02 7.8527999999999998e-01 1.4944713549999999e+03
9.3164545799999996e+02 2.5369545800000000e+02 7.9071999999999998e-01 1.4990670680000001e+03
9.3981269999999995e+02 2.5734401800000001e+02 7.9615999999999998e-01 1.5036652500000000e+03
9.4800496399999997e+02 2.6101945699999999e+02 8.0159999999999998e-01 1.5082657670000001e+03
9.5622226200000000e+02 2.6472169500000001e+02 8.0703999999999998e-01 1.5128684900000001e+03
9.6446460500000001e+02 2.6845065299999999e+02 8.1247999999999998e-01 1.5174732879999999e+03
9.7273200399999996e+02 2.7220624800000002e+02 8.1791999999999998e-01 1.5220800360000001e+03
9.8102447099999995e+02 2.7598840100000001e+02 8.2335999999999998e-01 1.5266886090000000e+03
9.8934201299999995e+02 2.7979703100000000e+02 8.2879999999999998e-01 1.5312988849999999e+03
9.9768464100000006e+02 2.8363205499999998e+02 8.3423999999999998e-01 1.5359107440000000e+03
1.0060523620000000e+03 2.8749339300000003e+02 8.3967999999999998e-01 1.5405240679999999e+03
1.0144451840000000e+03 2.9138096300000001e+02 8.4511999999999998e-01 1.5451387400000001e+03
1.0228631140000000e+03 2.9529468200000002e+02 8.5055999999999998e-01 1.5497546470000000e+03
1.0313061590000000e+03 2.9923446899999999e+02 8.5599999999999998e-01 1.5543716770000001e+03
1.0397743250000001e+03 3.0320024200000000e+02 8.6143999999999998e-01 1.5589897209999999e+03
1.0482676150000000e+03 3.0719191799999999e+02 8.6687999999999998e-01 1.5636086700000001e+03
1.0567860360000000e+03 3.1120941599999998e+02 8.7231999999999998e-01 1.5682284179999999e+03
1.0653295920000000e+03 3.1525265300000001e+02 8.7775999999999998e-01 1.5728488629999999e+03
1.0738982850000000e+03 3.1932154800000001e+02 8.8319999999999999e-01 1.5774699009999999e+03
1.0824921179999999e+03 3.2341601800000001e+02 8.8863999999999999e-01 1.5820914330000001e+03
1.0911110950000000e+03 3.2753598099999999e+02 8.9407999999999999e-01 1.5867133620000000e+03
1.0997552169999999e+03 3.3168135500000000e+02 8.9951999999999999e-01 1.5913355899999999e+03
1.1084244850000000e+03 3.3585205999999999e+02 9.0495999999999999e-01 1.5959580249999999e+03
1.1171189010000001e+03 3.4004801300000003e+02 9.1039999999999999e-01 1.6005805730000000e+03
1.1258384639999999e+03 3.4426913300000001e+02 9.1583999999999999e-01 1.6052031449999999e+03
1.1345831740000001e+03 3.4851533999999998e+02 9.2127999999999999e-01 1.6098256530000001e+03
1.1433530320000000e+03 3.5278655199999997e+02 9.2671999999999999e-01 1.6144480090000000e+03
1.1521480349999999e+03 3.5708269100000001e+02 9.3215999999999999e-01 1.6190701300000001e+03
1.1609681820000001e+03 3.6140367500000002e+02 9.3759999999999999e-01 1.6236919320000000e+03
1.1698134720000000e+03 3.6574942600000003e+02 9.4303999999999999e-01 1.6283133359999999e+03
1.1786839020000000e+03 3.7011986600000000e+02 9.4847999999999999e-01 1.6329342630000001e+03
1.1875794690000000e+03 3.7451491600000003e+02 9.5391999999999999e-01 1.6375546360000001e+03
1.1965001700000000e+03 3.7893449900000002e+02 9.5935999999999999e-01 1.6421743810000000e+03
1.2054460019999999e+03 3.8337853999999999e+02 9.6479999999999999e-01 1.6467934270000001e+03
1.2144169589999999e+03 3.8784696300000002e+02 9.7023999999999999e-01 1.6514117030000000e+03
1.2234130390000000e+03 3.9233969500000001e+02 9.7567999999999999e-01 1.6560291420000001e+03
1.2324342360000001e+03 3.9685666400000002e+02 9.8111999999999999e-01 1.6606456820000001e+03
1.2414805440000000e+03 4.0139780100000002e+02 9.8655999999999999e-01 1.6652612600000000e+03
1.2505519600000000e+03 4.0596303899999998e+02 9.9199999999999999e-01 1.6698758210000001e+03
1.2596484770000000e+03 4.1055231600000002e+02 9.9743999999999999e-01 1.6744893130000000e+03
1.2687700890000001e+03 4.1516557599999999e+02 1.0028800000000000e+00 1.6791016910000001e+03
1.2779167890000001e+03 4.1980277000000001e+02 1.0083200000000001e+00 1.6837129190000001e+03
1.2870885730000000e+03 4.2446386600000000e+02 1.0137600000000000e+00 1.6883229770000000e+03
1.2962854319999999e+03 4.2914885900000002e+02 1.0192000000000001e+00 1.6929318740000001e+03
1.3055073620000001e+03 4.3385782300000000e+02 1.0246400000000000e+00 1.6975396929999999e+03
1.3147543570000000e+03 4.3859121800000003e+02 1.0300800000000001e+00 1.7021468950000001e+03
1.3240264130000000e+03 4.4334823599999999e+02 1.0355200000000000e+00 1.7067527040000000e+03
1.3333235190000000e+03 4.4812827800000002e+02 1.0409600000000001e+00 1.7113565560000000e+03
1.3426456659999999e+03 4.5293126400000000e+02 1.0464000000000000e+00 1.7159583960000000e+03
1.3519928430000000e+03 4.5775711400000000e+02 1.0518400000000001e+00 1.7205581689999999e+03
1.3613650359999999e+03 4.6260575000000000e+02 1.0572800000000000e+00 1.7251558199999999e+03
1.3707622360000000e+03 4.6747709099999997e+02 1.0627200000000001e+00 1.7297512970000000e+03
1.3801844300000000e+03 4.7237105900000000e+02 1.0681600000000000e+00 1.7343445489999999e+03
1.3896316050000000e+03 4.7728757700000000e+02 1.0736000000000001e+00 1.7389355240000000e+03
1.3991037500000000e+03 4.8222656599999999e+02 1.0790400000000000e+00 1.7435241739999999e+03
1.4086008520000000e+03 4.8718794900000000e+02 1.0844800000000001e+00 1.7481104499999999e+03
1.4181228960000001e+03 4.9217164800000000e+02 1.0899200000000000e+00 1.7526943060000001e+03
1.4276698710000001e+03 4.9717758800000001e+02 1.0953599999999999e+00 1.7572756939999999e+03
1.4372417630000000e+03 5.0220569100000000e+02 1.1008000000000000e+00 1.7618545710000001e+03
1.4468385570000000e+03 5.0725588299999998e+02 1.1062399999999999e+00 1.7664308920000001e+03
1.4564602400000001e+03 5.1232808599999998e+02 1.1116800000000000e+00 1.7710046130000001e+03
1.4661067980000000e+03 5.1742222700000002e+02 1.1171199999999999e+00 1.7755756940000001e+03
1.4757782150000000e+03 5.2253823000000000e+02 1.1225600000000000e+00 1.7801440930000001e+03
1.4854744780000001e+03 5.2767602199999999e+02 1.1279999999999999e+00 1.7847097690000001e+03
1.4951955720000001e+03 5.3283552699999996e+02 1.1334400000000000e+00 1.7892726840000000e+03
1.5049414800000000e+03 5.3801667299999997e+02 1.1388799999999999e+00 1.7938327990000000e+03
1.5147121890000001e+03 5.4321938599999999e+02 1.1443200000000000e+00 1.7983900759999999e+03
1.5245076810000000e+03 5.4844359399999996e+02 1.1497599999999999e+00 1.8029444800000001e+03
1.5343279430000000e+03 5.5368922499999996e+02 1.1552000000000000e+00 1.8074959739999999e+03
1.5441729570000000e+03 5.5895620499999995e+02 1.1606399999999999e+00 1.8120445239999999e+03
1.5540427079999999e+03 5.6424446399999999e+02 1.1660800000000000e+00 1.8165900959999999e+03
1.5639371790000000e+03 5.6955393000000004e+02 1.1715199999999999e+00 1.8211326560000000e+03
1.5738563540000000e+03 5.7488453200000004e+02 1.1769600000000000e+00 1.8256721709999999e+03
1.5838002160000001e+03 5.8023620100000005e+02 1.1823999999999999e+00 1.8302086110000000e+03
1.5937687480000000e+03 5.8560886500000004e+02 1.1878400000000000e+00 1.8347419450000000e+03
1.6037619340000001e+03 5.9100245500000005e+02 1.1932799999999999e+00 1.8392721409999999e+03
1.6137797559999999e+03 5.9641690200000005e+02 1.1987200000000000e+00 1.8437991709999999e+03
1.6238221970000000e+03 6.0185213799999997e+02 1.2041599999999999e+00 1.8483230060000001e+03
1.6338892400000000e+03 6.0730809199999999e+02 1.2096000000000000e+00 1.8528436180000001e+03
1.6439808660000001e+03 6.1278469700000005e+02 1.2150399999999999e+00 1.8573609799999999e+03
1.6540970580000001e+03 6.1828188599999999e+02 1.2204800000000000e+00 1.8618750649999999e+03
1.6642377990000000e+03 6.2379959099999996e+02 1.2259199999999999e+00 1.8663858470000000e+03
1.6744030690000000e+03 6.2933774400000004e+02 1.2313600000000000e+00 1.8708933000000000e+03
1.6845928520000000e+03 6.3489628000000005e+02 1.2367999999999999e+00 1.8753974009999999e+03
1.6948071279999999e+03 6.4047513100000003e+02 1.2422400000000000e+00 1.8798981240000001e+03
1.7050458790000000e+03 6.4607423300000005e+02 1.2476799999999999e+00 1.8843954470000001e+03
1.7153090870000001e+03 6.5169351800000004e+02 1.2531200000000000e+00 1.8888893470000000e+03
1.7255967330000001e+03 6.5733292300000005e+02 1.2585599999999999e+00 1.8933798010000000e+03
1.7359087979999999e+03 6.6299238200000002e+02 1.2640000000000000e+00 1.8978667869999999e+03
1.7462452639999999e+03 6.6867183000000000e+02 1.2694399999999999e+00 1.9023502850000000e+03
1.7566061099999999e+03 6.7437120500000003e+02 1.2748800000000000e+00 1.9068302739999999e+03
1.7669913190000000e+03 6.8009044100000006e+02 1.2803199999999999e+00 1.9113067340000000e+03
1.7774008699999999e+03 6.8582947500000000e+02 1.2857600000000000e+00 1.9157796450000001e+03
1.7878346870000000e+03 6.9154731300000003e+02 1.2911999999999999e+00 1.9202172430000001e+03
1.7982925270000001e+03 6.9724194599999998e+02 1.2966400000000000e+00 1.9246182360000000e+03
1.8087742570000000e+03 7.0293661599999996e+02 1.3020799999999999e+00 1.9290008319999999e+03
1.8192797900000000e+03 7.0863727300000005e+02 1.3075200000000000e+00 1.9333697430000000e+03
1.8298090600000000e+03 7.1434697300000005e+02 1.3129599999999999e+00 1.9377274159999999e+03
1.8403620080000001e+03 7.2006760499999996e+02 1.3184000000000000e+00 1.9420753810000001e+03
1.8509385870000001e+03 7.2580046300000004e+02 1.3238399999999999e+00 1.9464146960000000e+03
1.8615387499999999e+03 7.3154648399999996e+02 1.3292800000000000e+00 1.9507461390000001e+03
1.8721624560000000e+03 7.3730637999999999e+02 1.3347199999999999e+00 1.9550703100000001e+03
1.8828096680000001e+03 7.4308070699999996e+02 1.3401600000000000e+00 1.9593876820000000e+03
1.8934803500000000e+03 7.4886990900000001e+02 1.3455999999999999e+00 1.9636986410000000e+03
1.9041744659999999e+03 7.5467434600000001e+02 1.3510400000000000e+00 1.9680035080000000e+03
1.9148919860000001e+03 7.6049431900000002e+02 1.3564799999999999e+00 1.9723025510000000e+03
1.9256328779999999e+03 7.6633007699999996e+02 1.3619200000000000e+00 1.9765960020000000e+03
1.9363971110000000e+03 7.7218182899999999e+02 1.3673599999999999e+00 1.9808840580000001e+03
1.9471846579999999e+03 7.7804975500000000e+02 1.3728000000000000e+00 1.9851668940000000e+03
1.9579954900000000e+03 7.8393400699999995e+02 1.3782399999999999e+00 1.9894446600000001e+03
1.9688295800000001e+03 7.8983471499999996e+02 1.3836800000000000e+00 1.9937174930000001e+03
1.9796869019999999e+03 7.9575199399999997e+02 1.3891199999999999e+00 1.9979855110000001e+03
1.9905674289999999e+03 8.0168593899999996e+02 1.3945600000000000e+00 2.0022488229999999e+03
2.0014711359999999e+03 8.0763663499999996e+02 1.3999999999999999e+00 2.0065075250000000e+03
