# epsilon[MeV/fm^3] P[MeV/fm^3] nB[fm^-3] muB[MeV]
4.3514892049562272e-07 9.0000000794219998e-12 4.6796200000000002e-10 9.2990010724260003e+02
5.4394952759824855e-07 1.2854500250148002e-11 5.8496400000000005e-10 9.2990743275720001e+02
6.8239664606092796e-07 1.8414700022552000e-11 7.3384599999999997e-10 9.2991587774760001e+02
8.5763463874259032e-07 2.6380199998860002e-11 9.2229000000000003e-10 9.2992551188760001e+02
1.0799253715994732e-06 3.7791099667920001e-11 1.1613300000000000e-09 9.2993648532329996e+02
1.3625442882637764e-06 5.4137899979800000e-11 1.4652400000000000e-09 9.2994894782519998e+02
1.7226605254650248e-06 7.7555599791040007e-11 1.8524800000000000e-09 9.2996308925910000e+02
2.1826057027272589e-06 1.1110299984364001e-10 2.3470600000000000e-09 9.2997909967860005e+02
2.7713348204539073e-06 1.5916099965360000e-10 2.9801100000000000e-09 9.2999716876169998e+02
3.5266032513682487e-06 2.2800800111288001e-10 3.7922200000000000e-09 9.3001754656409992e+02
4.4975537964996660e-06 3.2663399940042002e-10 4.8362200000000001e-09 9.3004045271789994e+02
4.5807460305493105e-06 3.3555999792714001e-10 4.9256699999999996e-09 9.3004228160820003e+02
4.7281205653478515e-06 3.3656599963290001e-10 5.0841300000000003e-09 9.3004248152130003e+02
6.5759177435918250e-06 5.4515600232911993e-10 7.0708799999999999e-09 9.3007696075620004e+02
9.1998724984833464e-06 8.8567000200420000e-10 9.8920399999999997e-09 9.3011730648750006e+02
1.2918168885426129e-05 1.4388700552640002e-09 1.3889600000000001e-08 9.3016406831190000e+02
1.8201380444258739e-05 2.3376200076990001e-09 1.9569300000000001e-08 9.3021808578930006e+02
2.5725895950178280e-05 3.7977398937599994e-09 2.7657999999999999e-08 9.3028025838780002e+02
3.6463989818522291e-05 6.1698799253159997e-09 3.9200400000000002e-08 9.3035162548649998e+02
5.1813630126296458e-05 1.0023700173792000e-08 5.5698400000000002e-08 9.3043332628019994e+02
7.3785560512054020e-05 1.6284700005120000e-08 7.9311899999999997e-08 9.3052664006250006e+02
1.0527189036420272e-04 2.6456400399219999e-08 1.1314700000000000e-07 9.3063298613190000e+02
1.5043483705694415e-04 4.2981499428689995e-08 1.6167299999999999e-07 9.3075400323120004e+02
1.5143539825673478e-04 4.3369399516159995e-08 1.6274800000000000e-07 9.3075639185940008e+02
1.5666718390755263e-04 4.3499599327679997e-08 1.6836899999999999e-07 9.3075719132400002e+02
1.8247319946392853e-04 5.3487099479700000e-08 1.9609400000000001e-07 9.3081203831400001e+02
2.1304949570856091e-04 6.5965099669560007e-08 2.2894200000000001e-07 9.3087079295249998e+02
2.4880173202308656e-04 8.1354199584480006e-08 2.6734800000000002e-07 9.3093285559410003e+02
2.9061049213158235e-04 1.0033299847065000e-07 3.1225699999999999e-07 9.3099838615049998e+02
3.3950651358852186e-04 1.2374000051775000e-07 3.6477499999999998e-07 9.3106758453479995e+02
3.9669496520679297e-04 1.5260700009555001e-07 4.2619500000000001e-07 9.3114063056550003e+02
4.6358813252914599e-04 1.8820900209407997e-07 4.9803199999999997e-07 9.3121772415570001e+02
5.4183717856390442e-04 2.3211699768180001e-07 5.8205699999999998e-07 9.3129908512530005e+02
6.3337419989345891e-04 2.8626699988691999e-07 6.8034199999999997e-07 9.3138494352930002e+02
7.4046361643000222e-04 3.5305100162730003e-07 7.9531500000000002e-07 9.3147551899979999e+02
7.4543957324912111e-04 3.5623800038969997e-07 8.0065699999999999e-07 9.3147951660449996e+02
7.7046470619140960e-04 3.5730600246279002e-07 8.2752300000000002e-07 9.3148080575760002e+02
7.7218701201869997e-04 3.5837800248323999e-07 8.2937200000000002e-07 9.3148210505190002e+02
7.7564281539113634e-04 3.6053199741144001e-07 8.3308200000000005e-07 9.3148469349929996e+02
7.7911352986319152e-04 3.6269800105895999e-07 8.3680799999999998e-07 9.3148728185280004e+02
7.8260009510663572e-04 3.6487800290032998e-07 8.4055099999999997e-07 9.3148988034750005e+02
7.8610250285012515e-04 3.6706999922346001e-07 8.4431100000000000e-07 9.3149248879559991e+02
7.8962075319254110e-04 3.6927600351839998e-07 8.4808799999999996e-07 9.3149508719639994e+02
7.9315485471188711e-04 3.7149499796798001e-07 8.5188199999999998e-07 9.3149769564450003e+02
7.9670479058673201e-04 3.7372699824480005e-07 8.5569300000000004e-07 9.3150031404599997e+02
8.0027057791247260e-04 3.7597299948234002e-07 8.5952100000000004e-07 9.3150293244750003e+02
8.0385221698387247e-04 3.7823200230633998e-07 8.6336599999999998e-07 9.3150555094289996e+02
8.0745063029167934e-04 3.8050499711466001e-07 8.6722899999999999e-07 9.3150817929779998e+02
8.1106395596088781e-04 3.8279099715107999e-07 8.7110800000000002e-07 9.3151080774659999e+02
8.1469498722525535e-04 3.8509200436278001e-07 8.7500600000000005e-07 9.3151343619540000e+02
8.1834093096975699e-04 3.8740599815679997e-07 8.7891999999999998e-07 9.3151607459759998e+02
8.3652972322216491e-04 3.8856800310954005e-07 8.9844600000000005e-07 9.3151737379799999e+02
8.9649746606902973e-04 4.2637900225708002e-07 9.6282100000000007e-07 9.3155798930399999e+02
9.6293679962426715e-04 4.6927300060880000e-07 1.0341400000000000e-06 9.3160093353000002e+02
1.0343084479593990e-03 5.1648199988999994e-07 1.1107499999999999e-06 9.3164493704189999e+02
1.1110033276598183e-03 5.6844100521450010e-07 1.1930700000000001e-06 9.3169002988770001e+02
1.1934040547386528e-03 6.2562700512179996e-07 1.2815100000000000e-06 9.3173623206809998e+02
1.2819398888523502e-03 6.8856500094819997e-07 1.3765300000000001e-06 9.3178357353719991e+02
1.3770588621277026e-03 7.5783499966439992e-07 1.4786100000000000e-06 9.3183208434300002e+02
1.4792742600387720e-03 8.3407400117300003e-07 1.5882999999999999e-06 9.3188178448619999e+02
1.5890902438860661e-03 9.1798299673799988e-07 1.7061399999999999e-06 9.3193271378040004e+02
1.7070948934908867e-03 1.0103300084124001e-06 1.8327600000000000e-06 9.3198488236679998e+02
1.7418302566492478e-03 1.0379399925766002e-06 1.8700300000000001e-06 9.3199978345169995e+02
1.8026805910135908e-03 1.0410599913928000e-06 1.9353200000000000e-06 9.3200143242960007e+02
2.0389359400714486e-03 1.2275099896319999e-06 2.1888000000000001e-06 9.3209187794249999e+02
2.3114099463439177e-03 1.4516999917321999e-06 2.4811100000000001e-06 9.3218792017709995e+02
2.6204004641994278e-03 1.7168400063888003e-06 2.8125600000000001e-06 9.3228811983419996e+02
2.9707928967162671e-03 2.0304000155634000e-06 3.1883800000000001e-06 9.3239264696670000e+02
3.3681648965264784e-03 2.4012300084080001e-06 3.6145400000000001e-06 9.3250170129989999e+02
3.8188055776886142e-03 2.8397900147328003e-06 4.0977700000000004e-06 9.3261546284010001e+02
4.3298558716110781e-03 3.3584500068246004e-06 4.6457100000000001e-06 9.3273413140649996e+02
4.9094492242661523e-03 3.9718300068571995e-06 5.2670599999999997e-06 9.3285792691289998e+02
5.5667590537662745e-03 4.6972400276543001e-06 5.9716300000000001e-06 9.3298704917850000e+02
6.3122329168583428e-03 5.5551399798486997e-06 6.7705900000000002e-06 9.3312173811779996e+02
6.3691536418958340e-03 5.6221100036384002e-06 6.8315900000000001e-06 9.3313158221820004e+02
6.6107787783348925e-03 5.6389700285964000e-06 7.0905299999999997e-06 9.3313397075249998e+02
7.1832281514335565e-03 6.2999099885847007e-06 7.7039700000000007e-06 9.3322329697740008e+02
7.8228640480689938e-03 7.0594400109160007e-06 8.3893400000000006e-06 9.3331767013950002e+02
8.5195476220300548e-03 7.9105299722335996e-06 9.1357600000000004e-06 9.3341477175390003e+02
9.2783521214718639e-03 8.8642300383220009e-06 9.9486500000000000e-06 9.3351470163630006e+02
1.0104791977484120e-02 9.9329099737559988e-06 1.0833900000000000e-05 9.3361751969490001e+02
1.1005037422914624e-02 1.1130399980334000e-05 1.1798100000000000e-05 9.3372332602710003e+02
1.1985504705131824e-02 1.2472300012974001e-05 1.2848100000000000e-05 9.3383220044789994e+02
1.3053499763127112e-02 1.3976000053347000e-05 1.3991700000000000e-05 9.3394422305399996e+02
1.4216706487829026e-02 1.5661000693130000e-05 1.5237100000000000e-05 9.3405949366109996e+02
1.5483652631007537e-02 1.7549100191680000e-05 1.6593399999999999e-05 9.3417811227269999e+02
1.5623499832828706e-02 1.7760599953030001e-05 1.6743099999999999e-05 9.3419079468840005e+02
1.6269961736847121e-02 1.7813900213129999e-05 1.7435099999999998e-05 9.3419395273319992e+02
1.7094324515795702e-02 1.9027400207749999e-05 1.8317499999999999e-05 9.3426180186839997e+02
1.8000874089488257e-02 2.0384500450440000e-05 1.9287799999999999e-05 9.3433394852489994e+02
1.8955614232225096e-02 2.1838399047120000e-05 2.0309599999999999e-05 9.3440734433310001e+02
1.9960983560824267e-02 2.3396100553499999e-05 2.1385500000000000e-05 9.3448202938830002e+02
2.1019794814794490e-02 2.5064799654149998e-05 2.2518500000000001e-05 9.3455801364390004e+02
2.2134768910989058e-02 2.6852600343399999e-05 2.3711500000000002e-05 9.3463531710059999e+02
2.3309000859656603e-02 2.8767899159999994e-05 2.4967799999999998e-05 9.3471396971249999e+02
2.4545494036103295e-02 3.0819700065419999e-05 2.6290599999999999e-05 9.3479400162150000e+02
2.5847718880420045e-02 3.3017999946119998e-05 2.7683600000000000e-05 9.3487541254589996e+02
2.7219055484112444e-02 3.5372998881120002e-05 2.9150400000000001e-05 9.3495825272219997e+02
2.7775365070038964e-02 3.6339601209739997e-05 2.9745400000000002e-05 9.3499105302509997e+02
2.8289610775747390e-02 3.6448598719180002e-05 3.0295400000000001e-05 9.3499466085090000e+02
2.8802930737171755e-02 3.7332599735440002e-05 3.0844399999999999e-05 9.3502356336480000e+02
2.9391538203060320e-02 3.8352800962709990e-05 3.1473899999999997e-05 9.3505628375879996e+02
2.9992229144074897e-02 3.9400800335690003e-05 3.2116300000000003e-05 9.3508923392610006e+02
3.0605097595990186e-02 4.0477499896860003e-05 3.2771700000000003e-05 9.3512239395989991e+02
3.1230612131930052e-02 4.1583600119840003e-05 3.3440600000000000e-05 9.3515578386089999e+02
3.1868867160453597e-02 4.2719998743180005e-05 3.4123099999999999e-05 9.3518940362910007e+02
3.2520144922003676e-02 4.3887298648500002e-05 3.4819500000000001e-05 9.3522325326449993e+02
3.3184820445813230e-02 4.5086601561120004e-05 3.5530200000000001e-05 9.3525732271979996e+02
3.3862987887692660e-02 4.6318701748649993e-05 3.6255299999999998e-05 9.3529163208960006e+02
3.4555116462740516e-02 4.7584401826990007e-05 3.6995300000000001e-05 9.3532617123270006e+02
3.4710848908415574e-02 4.7870299693839997e-05 3.7161800000000001e-05 9.3533387666670001e+02
3.5705765632703390e-02 4.8013899962450004e-05 3.8225500000000002e-05 9.3533768431169995e+02
3.6190650245182691e-02 4.8884701265269996e-05 3.8743900000000000e-05 9.3536029073669999e+02
3.6764595537185744e-02 4.9920498059249994e-05 3.9357499999999997e-05 9.3538680481020003e+02
3.7347724170046170e-02 5.0978398185919999e-05 3.9980900000000002e-05 9.3541345870079999e+02
3.7940129948432849e-02 5.2058599241440000e-05 4.0614200000000002e-05 9.3544024264290010e+02
3.8541907483377907e-02 5.3161699756499999e-05 4.1257500000000003e-05 9.3546717635549999e+02
3.9153244015328124e-02 5.4288198430999997e-05 4.1910999999999999e-05 9.3549425007299999e+02
3.9774234210732992e-02 5.5438601263319996e-05 4.2574799999999998e-05 9.3552146370150001e+02
4.0405159191034282e-02 5.6613297948239995e-05 4.3249199999999999e-05 9.3554882728830000e+02
4.1046019389420471e-02 5.7812899551080002e-05 4.3934199999999997e-05 9.3557633069220003e+02
4.1697190276124625e-02 5.9037997871239995e-05 4.4630199999999998e-05 9.3560397410099995e+02
4.2358578444415006e-02 6.0288999023690009e-05 4.5337100000000003e-05 9.3563177732760005e+02
4.2549448380963861e-02 6.0651299975859995e-05 4.5541099999999997e-05 9.3563974248900001e+02
4.3740238175900857e-02 6.0833198906699995e-05 4.6813800000000002e-05 9.3564365013750000e+02
4.5854886274473032e-02 6.4782902450840000e-05 4.9073799999999998e-05 9.3572599057799994e+02
4.8180087401599556e-02 6.9195997901699998e-05 5.1558599999999998e-05 9.3581365787159996e+02
5.0623240020302433e-02 7.3909702371599995e-05 5.4169200000000003e-05 9.3590278418340006e+02
5.3190452397117956e-02 7.8944498346630003e-05 5.6912100000000000e-05 9.3599338970190001e+02
5.5887837732656438e-02 8.4322299027779992e-05 5.9793799999999997e-05 9.3608550419339997e+02
5.8722166587791814e-02 9.0066499795649990e-05 6.2821499999999995e-05 9.3617915789369999e+02
6.1700398546921942e-02 9.6201898222459989e-05 6.6002599999999997e-05 9.3627437052180005e+02
6.4829683480590566e-02 1.0275499726340999e-04 6.9344700000000000e-05 9.3637116226620003e+02
6.8117831355171340e-02 1.0975499711746999e-04 7.2856100000000002e-05 9.3646956308100005e+02
7.1572933822013338e-02 1.1723199746169999e-04 7.6545399999999994e-05 9.3656960282640000e+02
7.2872355791586060e-02 1.2007500056640000e-04 7.7932800000000000e-05 9.3660639068670002e+02
7.6294350046888545e-02 1.2043499631464001e-04 8.1586400000000002e-05 9.3661091798129996e+02
7.8557740452832786e-02 1.2521799885310001e-04 8.4002899999999995e-05 9.3666865324139997e+02
8.1070439170188191e-02 1.3058099681828001e-04 8.6685400000000002e-05 9.3673145543940007e+02
8.3663493660002267e-02 1.3617299667415003e-04 8.9453500000000007e-05 9.3679492723830003e+02
8.6339540033127660e-02 1.4200499619000000e-04 9.2310000000000002e-05 9.3685905859080003e+02
8.9101308842231525e-02 1.4808700429182000e-04 9.5257800000000001e-05 9.3692387963880003e+02
9.1951438062670962e-02 1.5442999846642999e-04 9.8299699999999997e-05 9.3698938014720000e+02
9.3544637803481184e-02 1.5800363917307320e-04 1.0000000000000000e-04 9.3702641442654260e+02
9.5903759224031798e-02 1.5949337041424390e-04 1.0251732979514145e-04 9.3704403720236871e+02
9.8322375811890628e-02 1.6103340415634317e-04 1.0509809595665041e-04 9.3706178327596160e+02
1.0080198798789318e-01 1.6262543892158068e-04 1.0774389672324889e-04 9.3707965367312261e+02
1.0334413401229604e-01 1.6427123058473594e-04 1.1045637058851371e-04 9.3709764942833056e+02
1.0595039093905695e-01 1.6597259430973442e-04 1.1323719731437946e-04 9.3711577158481532e+02
1.0862237559418104e-01 1.6773140655161381e-04 1.1608809897014572e-04 9.3713402119462842e+02
1.1136174557874035e-01 1.6954960712608981e-04 1.1901084099762891e-04 9.3715239931871849e+02
1.1417020029718855e-01 1.7142920134900267e-04 1.2200723330311702e-04 9.3717090702700477e+02
1.1704948201160907e-01 1.7337226224800470e-04 1.2507913137680074e-04 9.3718954539845151e+02
1.2000137692255036e-01 1.7538093284892814e-04 1.2822843744037172e-04 9.3720831552114487e+02
1.2302771627711916e-01 1.7745742853935472e-04 1.3145710162349683e-04 9.3722721849236814e+02
1.2613037750501879e-01 1.7960403951199397e-04 1.3476712316989387e-04 9.3724625541867806e+02
1.2931128538323766e-01 1.8182313329056504e-04 1.3816055167375309e-04 9.3726542741598325e+02
1.3257241323011018e-01 1.8411715734096781e-04 1.4163948834726791e-04 9.3728473560962198e+02
1.3591578412949057e-01 1.8648864177062303e-04 1.4520608732005588e-04 9.3730418113444148e+02
1.3934347218580040e-01 1.8894020211895944e-04 1.4886255697127367e-04 9.3732376513487691e+02
1.4285760381072593e-01 1.9147454224212389e-04 1.5261116129524523e-04 9.3734348876503122e+02
1.4646035904236659e-01 1.9409445729509821e-04 1.5645422130144856e-04 9.3736335318875706e+02
1.5015397289764973e-01 1.9680283681450958e-04 1.6039411644972216e-04 9.3738335957973766e+02
1.5394073675885359e-01 1.9960266790553663e-04 1.6443328612157892e-04 9.3740350912156930e+02
1.5782299979509615e-01 2.0249703853642410e-04 1.6857423112853279e-04 9.3742380300784453e+02
1.6180317041967376e-01 2.0548914094424157e-04 1.7281951525837107e-04 9.3744424244223535e+02
1.6588371778415190e-01 2.0858227515564075e-04 1.7717176686032381e-04 9.3746482863857784e+02
1.7006717331013613e-01 2.1177985262649560e-04 1.8163368047010938e-04 9.3748556282095842e+02
1.7435613225967314e-01 2.1508540000443946e-04 1.8620801847585869e-04 9.3750644622379798e+02
1.7875325534525577e-01 2.1850256301844765e-04 1.9089761282594435e-04 9.3752748009193897e+02
1.8326127038043138e-01 2.2203511049975749e-04 1.9570536677976892e-04 9.3754866568073476e+02
1.8788297397203699e-01 2.2568693853855829e-04 2.0063425670259190e-04 9.3757000425613489e+02
1.9262123325511152e-01 2.2946207478103769e-04 2.0568733390550182e-04 9.3759149709477606e+02
1.9747898767156083e-01 2.3336468287152187e-04 2.1086772653166835e-04 9.3761314548407051e+02
2.0245925079367960e-01 2.3739906704461076e-04 2.1617864149003706e-04 9.3763495072229796e+02
2.0756511219366064e-01 2.4156967687237089e-04 2.2162336643765998e-04 9.3765691411869500e+02
2.1279973936025207e-01 2.4588111217182384e-04 2.2720527181188294e-04 9.3767903699354883e+02
2.1816637966375088e-01 2.5033812807814088e-04 2.3292781291364353e-04 9.3770132067828933e+02
2.2366836237055210e-01 2.5494564028914020e-04 2.3879453204316361e-04 9.3772376651558204e+02
2.2930910070850322e-01 2.5970873048687069e-04 2.4480906068935233e-04 9.3774637585942457e+02
2.3509209398434550e-01 2.6463265194226189e-04 2.5097512177427102e-04 9.3776915007523905e+02
2.4102092975455500e-01 2.6972283530902119e-04 2.5729653195404029e-04 9.3779209053997147e+02
2.4709928605093096e-01 2.7498489461316863e-04 2.6377720397761164e-04 9.3781519864218546e+02
2.5333093366231146e-01 2.8042463344481584e-04 2.7042114910485299e-04 9.3783847578216262e+02
2.5971973847383223e-01 2.8604805135901671e-04 2.7723247958544214e-04 9.3786192337199907e+02
2.6626966386517964e-01 2.9186135049275095e-04 2.8421541120009263e-04 9.3788554283570647e+02
2.7298477316932612e-01 2.9787094240533757e-04 2.9137426586568071e-04 9.3790933560931148e+02
2.7986923219327181e-01 3.0408345514982215e-04 2.9871347430587592e-04 9.3793330314095715e+02
2.8692731180235914e-01 3.1050574058313912e-04 3.0623757878892402e-04 9.3795744689100547e+02
2.9416339056975971e-01 3.1714488192310843e-04 3.1395123593426537e-04 9.3798176833213893e+02
3.0158195749278116e-01 3.2400820156060483e-04 3.2185921958972154e-04 9.3800626894946652e+02
3.0918761477767498e-01 3.3110326913551196e-04 3.2996642378101891e-04 9.3803095024062668e+02
3.1698508069467729e-01 3.3843790988537258e-04 3.3827786573547067e-04 9.3805581371589335e+02
3.2497919250504931e-01 3.4602021327593906e-04 3.4679868898167455e-04 9.3808086089828328e+02
3.3317490946193701e-01 3.5385854192314473e-04 3.5553416652714040e-04 9.3810609332366255e+02
3.4157731588690926e-01 3.6196154081633665e-04 3.6448970411580143e-04 9.3813151254085528e+02
3.5019162432408413e-01 3.7033814685294073e-04 3.7367084356741632e-04 9.3815712011175412e+02
3.5902317877379974e-01 3.7899759869507621e-04 3.8308326620092018e-04 9.3818291761142848e+02
3.6807745800783542e-01 3.8794944695898974e-04 3.9273279634382933e-04 9.3820890662823751e+02
3.7736007896824064e-01 3.9720356474854843e-04 4.0262540492986404e-04 9.3823508876394226e+02
3.8687680025187920e-01 4.0677015854440740e-04 4.1276721318700286e-04 9.3826146563381724e+02
3.9663352568285126e-01 4.1665977946086358e-04 4.2316449641823878e-04 9.3828803886676656e+02
4.0663630797500860e-01 4.2688333488280928e-04 4.3382368787736576e-04 9.3831481010543837e+02
4.1689135248683595e-01 4.3745210049562209e-04 4.4475138274218187e-04 9.3834178100634051e+02
4.2740502107102729e-01 4.4837773272125690e-04 4.5595434218755353e-04 9.3836895323995873e+02
4.3818383602114547e-01 4.5967228157425778e-04 4.6743949756084902e-04 9.3839632849087423e+02
4.4923448411781336e-01 4.7134820395186756e-04 4.7921395466231142e-04 9.3842390845788350e+02
4.6056382077694685e-01 4.8341837737289335e-04 4.9128499813300445e-04 9.3845169485411702e+02
4.7217887430260286e-01 4.9589611418048094e-04 5.0366009595303194e-04 9.3847968940716305e+02
4.8408685024708076e-01 5.0879517622446236e-04 5.1634690405279963e-04 9.3850789385918813e+02
4.9629513588098240e-01 5.2212979003946958e-04 5.2935327104015623e-04 9.3853630996706124e+02
5.0881130477600311e-01 5.3591466253555514e-04 5.4268724304632279e-04 9.3856493950247830e+02
5.2164312150329728e-01 5.5016499721862475e-04 5.5635706869359069e-04 9.3859378425208752e+02
5.3479854645033287e-01 5.6489651095857141e-04 5.7037120418784650e-04 9.3862284601761633e+02
5.4828574075922321e-01 5.8012545132360492e-04 5.8473831853905419e-04 9.3865212661599924e+02
5.6211307138959976e-01 5.9586861449989568e-04 5.9946729891290843e-04 9.3868162787950655e+02
5.7628911630916602e-01 6.1214336381629501e-04 6.1456725611694775e-04 9.3871135165587498e+02
5.9082266981515386e-01 6.2896764889456517e-04 6.3004753022450602e-04 9.3874129980843713e+02
6.0572274798998182e-01 6.4636002544623834e-04 6.4591769633995540e-04 9.3877147421625625e+02
6.2099859429450177e-01 6.6433967573794022e-04 6.6218757050879142e-04 9.3880187677425806e+02
6.3665968530230155e-01 6.8292642974774752e-04 6.7886721577619161e-04 9.3883250939336551e+02
6.5271573657862370e-01 7.0214078703591623e-04 6.9596694839777341e-04 9.3886337400063530e+02
6.6917670870754475e-01 7.2200393935409964e-04 7.1349734420637022e-04 9.3889447253939454e+02
6.8605281347115510e-01 7.4253779401799169e-04 7.3146924513873939e-04 9.3892580696937864e+02
7.0335452018457378e-01 7.6376499806917613e-04 7.4989376592621553e-04 9.3895737926687002e+02
7.2109256219072704e-01 7.8570896325282893e-04 7.6878230095341863e-04 9.3898919142484169e+02
7.3927794351891873e-01 8.0839389183881886e-04 7.8814653128923850e-04 9.3902124545309516e+02
7.5792194571132654e-01 8.3184480331469123e-04 8.0799843189440954e-04 9.3905354337840629e+02
7.7703613482165579e-01 8.5608756197996826e-04 8.2835027901011248e-04 9.3908608724466819e+02
7.9663236859029429e-01 8.8114890547220503e-04 8.4921465773213681e-04 9.3911887911303791e+02
8.1672280380041828e-01 9.0705647425625845e-04 8.7060446977526380e-04 9.3915192106208224e+02
8.3731990381961396e-01 9.3383884210929775e-04 8.9253294143263608e-04 9.3918521518792647e+02
8.5843644633169292e-01 9.6152554763517567e-04 9.1501363173500708e-04 9.3921876360440319e+02
8.8008553126349742e-01 9.9014712684291880e-04 9.3806044081487972e-04 9.3925256844320438e+02
9.0228058891161345e-01 1.0197351468252689e-03 9.6168761848067490e-04 9.3928663185403229e+02
9.2503538827403309e-01 1.0503222405744183e-03 9.8590977300619474e-04 9.3932095600475270e+02
9.4836404559193466e-01 1.0819421429733400e-03 1.0107418801407772e-03 9.3935554308155122e+02
9.7228103310688074e-01 1.1146297280024064e-03 1.0361992923456826e-03 9.3939039528908711e+02
9.9680118803886286e-01 1.1484210472023307e-03 1.0622977482623692e-03 9.3942551485065269e+02
1.0219397217907704e+00 1.1833533694358585e-03 1.0890533824184918e-03 9.3946090400833043e+02
1.0477122293849839e+00 1.2194652219920553e-03 1.1164827351775612e-03 9.3949656502315543e+02
1.0741346991379532e+00 1.2567964330785265e-03 1.1446027629383887e-03 9.3953250017527489e+02
1.1012235225787639e+00 1.2953881757484431e-03 1.1734308485905711e-03 9.3956871176411255e+02
1.1289955046178355e+00 1.3352830133108043e-03 1.2029848122324289e-03 9.3960520210853247e+02
1.1574678739720756e+00 1.3765249462740433e-03 1.2332829221579885e-03 9.3964197354700502e+02
1.1866582938529369e+00 1.4191594608747233e-03 1.2643439061197329e-03 9.3967902843777472e+02
1.2165848729240289e+00 1.4632335792448743e-03 1.2961869628740530e-03 9.3971636915902866e+02
1.2472661765350639e+00 1.5087959112732785e-03 1.3288317740164646e-03 9.3975399810906720e+02
1.2787212382391211e+00 1.5558967082179211e-03 1.3622985161138696e-03 9.3979191770647515e+02
1.3109695716003589e+00 1.6045879181287163e-03 1.3966078731412848e-03 9.3983013039029606e+02
1.3440311822995179e+00 1.6549232431416591e-03 1.4317810492306909e-03 9.3986863862020596e+02
1.3779265805447045e+00 1.7069581987075660e-03 1.4678397817397967e-03 9.3990744487669099e+02
1.4126767937951765e+00 1.7607501748207592e-03 1.5048063546487572e-03 9.3994655166122459e+02
1.4483033798059990e+00 1.8163584993151894e-03 1.5427036122930391e-03 9.3998596149644686e+02
1.4848284400016896e+00 1.8738445032978454e-03 1.5815549734408737e-03 9.4002567692634659e+02
1.5222746331871249e+00 1.9332715887915805e-03 1.6213844457239153e-03 9.4006570051644269e+02
1.5606651896042345e+00 1.9947052986619912e-03 1.6622166404299597e-03 9.4010603485396996e+02
1.6000239253431847e+00 2.0582133889054475e-03 1.7040767876667872e-03 9.4014668254806315e+02
1.6403752571170107e+00 2.1238659033780225e-03 1.7469907519064266e-03 9.4018764622994706e+02
1.6817442174088417e+00 2.1917352510477171e-03 1.7909850479193652e-03 9.4022892855312352e+02
1.7241564700011411e+00 2.2618962858552156e-03 1.8360868571084799e-03 9.4027053219356264e+02
1.7676383258965651e+00 2.3344263892712057e-03 1.8823240442526713e-03 9.4031245984989732e+02
1.8122167596403504e+00 2.4094055556413726e-03 1.9297251746705048e-03 9.4035471424361458e+02
1.8579194260543228e+00 2.4869164804131342e-03 1.9783195318143214e-03 9.4039729811925429e+02
1.9047746773929388e+00 2.5670446513414843e-03 2.0281371353056453e-03 9.4044021424460493e+02
1.9528115809319766e+00 2.6498784427744790e-03 2.0792087594228956e-03 9.4048346541090382e+02
2.0020599370008112e+00 2.7355092131224079e-03 2.1315659520527545e-03 9.4052705443303887e+02
2.0525502974694372e+00 2.8240314056180984e-03 2.1852410541167758e-03 9.4057098414975110e+02
2.1043139847017325e+00 2.9155426524795358e-03 2.2402672194851495e-03 9.4061525742383913e+02
2.1573831109866957e+00 3.0101438825896284e-03 2.2966784353897927e-03 9.4065987714236667e+02
2.2117905984597348e+00 3.1079394328119270e-03 2.3545095433492890e-03 9.4070484621687046e+02
2.2675701995263462e+00 3.2090371630650303e-03 2.4137962606184614e-03 9.4075016758356958e+02
2.3247565178008687e+00 3.3135485752826266e-03 2.4745752021757186e-03 9.4079584420358049e+02
2.3833850295732950e+00 3.4215889363903517e-03 2.5368839032616415e-03 9.4084187906312798e+02
2.4434921058174530e+00 3.5332774054350922e-03 2.6007608424825704e-03 9.4088827517376285e+02
2.5051150347542293e+00 3.6487371650069868e-03 2.6662454654933741e-03 9.4093503557257930e+02
2.5682920449838007e+00 3.7680955570990014e-03 2.7333782092738368e-03 9.4098216332243555e+02
2.6330623292012638e+00 3.8914842235540075e-03 2.8022005270135751e-03 9.4102966151217322e+02
2.6994660685103318e+00 4.0190392512541740e-03 2.8727549136206335e-03 9.4107753325684484e+02
2.7675444573502253e+00 4.1509013222128851e-03 2.9450849318694381e-03 9.4112578169793619e+02
2.8373397290511764e+00 4.2872158687346515e-03 3.0192352392040224e-03 9.4117441000359577e+02
2.9088951820344460e+00 4.4281332338142101e-03 3.0952516152129750e-03 9.4122342136886436e+02
2.9822552066730634e+00 4.5738088369516533e-03 3.1731809897928647e-03 9.4127281901590686e+02
3.0574653128299909e+00 4.7244033455665210e-03 3.2530714720173915e-03 9.4132260619424426e+02
3.1345721580907595e+00 4.8800828521998706e-03 3.3349723797298629e-03 9.4137278618099356e+02
3.2136235767081334e+00 5.0410190576998075e-03 3.4189342698771521e-03 9.4142336228110196e+02
3.2946686092767075e+00 5.2073894605924390e-03 3.5050089696035849e-03 9.4147433782759038e+02
3.3777575331559047e+00 5.3793775528472223e-03 3.5932496081238509e-03 9.4152571618179195e+02
3.4629418936601870e+00 5.5571730222524875e-03 3.6837106493943072e-03 9.4157750073360035e+02
3.5502745360358889e+00 5.7409719616244711e-03 3.7764479256027334e-03 9.4162969490171417e+02
3.6398096382444511e+00 5.9309770850804692e-03 3.8715186714969058e-03 9.4168230213388642e+02
3.7316027445724513e+00 6.1273979516147711e-03 3.9689815595730172e-03 9.4173532590717582e+02
3.8257108000892228e+00 6.3304511962238271e-03 4.0688967361453814e-03 9.4178876972819978e+02
3.9221921859734983e+00 6.5403607688356855e-03 4.1713258583194893e-03 9.4184263713339112e+02
4.0211067557309317e+00 6.7573581813071080e-03 4.2763321318909347e-03 9.4189693168925430e+02
4.1225158723250290e+00 6.9816827627608756e-03 4.3839803501934038e-03 9.4195165699262600e+02
4.2264824462444572e+00 7.2135819235447972e-03 4.4943369339193514e-03 9.4200681667094022e+02
4.3330709745304219e+00 7.4533114281036816e-03 4.6074699719377814e-03 9.4206241438248912e+02
4.4423475807882351e+00 7.7011356770650373e-03 4.7234492631338882e-03 9.4211845381669377e+02
4.5543800562079957e+00 7.9573279988498502e-03 4.8423463592962351e-03 9.4217493869437192e+02
4.6692379016197281e+00 8.2221709511298147e-03 4.9642346090774886e-03 9.4223187276801116e+02
4.7869923706091644e+00 8.4959566324637210e-03 5.0891892030556409e-03 9.4228925982204214e+02
4.9077165137208301e+00 8.7789870044565153e-03 5.2172872199230825e-03 9.4234710367311720e+02
5.0314852237759364e+00 9.0715742247965223e-03 5.3486076738317977e-03 9.4240540817038948e+02
5.1583752823331137e+00 9.3740409915379665e-03 5.4832315629234421e-03 9.4246417719579449e+02
5.2884654073208868e+00 9.6867208990086742e-03 5.6212419190739679e-03 9.4252341466433495e+02
5.4218363018713767e+00 1.0009958805735356e-02 5.7627238588830549e-03 9.4258312452436780e+02
5.5585707043855486e+00 1.0344111214792312e-02 5.9077646359394168e-03 9.4264331075789471e+02
5.6987534398610959e+00 1.0689546666993115e-02 6.0564536943938920e-03 9.4270397738085387e+02
5.8424714725147266e+00 1.1046646147358759e-02 6.2088827238728529e-03 9.4276512844341426e+02
5.9898139597315900e+00 1.1415803505310806e-02 6.3651457157654677e-03 9.4282676803027391e+02
6.1408723073752221e+00 1.1797425889052705e-02 6.5253390209190180e-03 9.4288890026096192e+02
6.2957402264923994e+00 1.2191934194618625e-02 6.6895614087774773e-03 9.4295152929013898e+02
6.4545137914480124e+00 1.2599763530084834e-02 6.8579141279992714e-03 9.4301465930790448e+02
6.6172914995260905e+00 1.3021363695455805e-02 7.0305009685911954e-03 9.4307829454010584e+02
6.7841743320338725e+00 1.3457199678754150e-02 7.2074283255962272e-03 9.4314243924864832e+02
6.9552658169469224e+00 1.3907752168861687e-02 7.3888052643740791e-03 9.4320709773180863e+02
7.1306720931340566e+00 1.4373518085677089e-02 7.5747435875140601e-03 9.4327227432455607e+02
7.3105019762020236e+00 1.4855011128175027e-02 7.7653579034211604e-03 9.4333797339886780e+02
7.4948670260006756e+00 1.5352762340971033e-02 7.9607656966168526e-03 9.4340419936405385e+02
7.6838816158306340e+00 1.5867320700017250e-02 8.1610873997975189e-03 9.4347095666708412e+02
7.8776630033962443e+00 1.6399253718074668e-02 8.3664464676942284e-03 9.4353824979291392e+02
8.0763314035479823e+00 1.6949148070630068e-02 8.5769694527788182e-03 9.4360608326481827e+02
8.2800100628592972e+00 1.7517610242947540e-02 8.7927860828622140e-03 9.4367446164472665e+02
8.4888253360842842e+00 1.8105267198968662e-02 9.0140293406322670e-03 9.4374338953355959e+02
8.7029067645434992e+00 1.8712767072798675e-02 9.2408355451792951e-03 9.4381287157156919e+02
8.9223871564866677e+00 1.9340779883541666e-02 9.4733444355589551e-03 9.4388291243868639e+02
9.1474026694820036e+00 1.9989998274272804e-02 9.7116992564431504e-03 9.4395351685486366e+02
9.3780928948833964e+00 2.0661138275963043e-02 9.9560468459110249e-03 9.4402468958042857e+02
9.6146009444277389e+00 2.1354940097198457e-02 1.0206537725433276e-02 9.4409643541643629e+02
9.8570735390161808e+00 2.2072168940565375e-02 1.0463326192104494e-02 9.4416875920502571e+02
1.0105661099734393e+01 2.2813615846601808e-02 1.0726570413179438e-02 9.4424166582978091e+02
1.0360517841168274e+01 2.3580098566245801e-02 1.0996432522970679e-02 9.4431516021609366e+02
1.0621801867073046e+01 2.4372462462743095e-02 1.1273078722166376e-02 9.4438924733152999e+02
1.0889675268454953e+01 2.5191581444008539e-02 1.1556679379628345e-02 9.4446393218620005e+02
1.1164304224126591e+01 2.6038358926469964e-02 1.1847409136732314e-02 9.4453921983313205e+02
1.1445859103798176e+01 2.6913728831457439e-02 1.2145447014313578e-02 9.4461511536864896e+02
1.1734514573768578e+01 2.7818656615236411e-02 1.2450976522282742e-02 9.4469162393274894e+02
1.2030449705281923e+01 2.8754140333821461e-02 1.2764185771978267e-02 9.4476875070948927e+02
1.2333848085616776e+01 2.9721211743744504e-02 1.3085267591323661e-02 9.4484650092737331e+02
1.2644897931977006e+01 3.0720937439991991e-02 1.3414419642859308e-02 9.4492487985974230e+02
1.2963792208254738e+01 3.1754420032365407e-02 1.3751844544720176e-02 9.4500389282516699e+02
1.3290728744738107e+01 3.2822799361563397e-02 1.4097749994632897e-02 9.4508354518785131e+02
1.3625910360837878e+01 3.3927253756326006e-02 1.4452348897007269e-02 9.4516384235802843e+02
1.3969544990909208e+01 3.5069001333028246e-02 1.4815859493199050e-02 9.4524478979237074e+02
1.4321845813246387e+01 3.6249301339155320e-02 1.5188505495022889e-02 9.4532639299439552e+02
1.4683031382330881e+01 3.7469455542142399e-02 1.5570516221596293e-02 9.4540865751488070e+02
1.5053325764414465e+01 3.8730809665109930e-02 1.5962126739597328e-02 9.4549158895228129e+02
1.5432958676521755e+01 4.0034754871078444e-02 1.6363578007021030e-02 9.4557519295315012e+02
1.5822165628958111e+01 4.1382729297299060e-02 1.6775117020521244e-02 9.4565947521256044e+02
1.6221188071411635e+01 4.2776219641393096e-02 1.7196996966427201e-02 9.4574444147453858e+02
1.6630273542739658e+01 4.4216762801049005e-02 1.7629477375526083e-02 9.4583009753249269e+02
1.7049675824532809e+01 4.5705947569086101e-02 1.8072824281705063e-02 9.4591644922965236e+02
1.7479655098551689e+01 4.7245416385753365e-02 1.8527310384548690e-02 9.4600350245950619e+02
1.7920478108134141e+01 4.8836867150197333e-02 1.8993215215989893e-02 9.4609126316625100e+02
1.8372418323672964e+01 5.0482055093095779e-02 1.9470825311115315e-02 9.4617973734523582e+02
1.8835756112266992e+01 5.2182794712523690e-02 1.9960434383228060e-02 9.4626893104341877e+02
1.9310778911650402e+01 5.3940961775185037e-02 2.0462343503273382e-02 9.4635885035982290e+02
1.9797781408508612e+01 5.5758495385219396e-02 2.0976861283736055e-02 9.4644950144599727e+02
2.0297065721291020e+01 5.7637400122863600e-02 2.1504304067119877e-02 9.4654089050648543e+02
2.0808941587634266e+01 5.9579748255328316e-02 2.2044996119123580e-02 9.4663302379929121e+02
2.1333726556511962e+01 6.1587682022326694e-02 2.2599269826628954e-02 9.4672590763635947e+02
2.1871746185230485e+01 6.3663415998777270e-02 2.3167465900621437e-02 9.4681954838404988e+02
2.2423334241392716e+01 6.5809239537285735e-02 2.3749933584164787e-02 9.4691395246362219e+02
2.2988832909955288e+01 6.8027519293100594e-02 2.4347030865555647e-02 9.4700912635172710e+02
2.3568593005507413e+01 7.0320701834325844e-02 2.4959124696786093e-02 9.4710507658089659e+02
2.4162974189903466e+01 7.2691316340271525e-02 2.5586591217446317e-02 9.4720180974003893e+02
2.4772345195383910e+01 7.5141977390916506e-02 2.6229815984201550e-02 9.4729933247494716e+02
2.5397084053323351e+01 7.7675387850561495e-02 2.6889194205982361e-02 9.4739765148879906e+02
2.6037578328747127e+01 8.0294341848850703e-02 2.7565130985028784e-02 9.4749677354267453e+02
2.6694225360762516e+01 8.3001727862452288e-02 2.8258041563934480e-02 9.4759670545606866e+02
2.7367432509053359e+01 8.5800531900795146e-02 2.8968351578838952e-02 9.4769745410741371e+02
2.8057617406590900e+01 8.8693840799374965e-02 2.9696497318920059e-02 9.4779902643460457e+02
2.8765208218718030e+01 9.1684845624263558e-02 3.0442925992343259e-02 9.4790142943553224e+02
2.9490643908767268e+01 9.4776845191574768e-02 3.1208095998827255e-02 9.4800467016861944e+02
3.0234374510377609e+01 9.7973249705769969e-02 3.1992477208990198e-02 9.4810875575335865e+02
3.0996861406678661e+01 1.0127758452081383e-01 3.2796551250643513e-02 9.4821369337086287e+02
3.1778577616515911e+01 1.0469349402833125e-01 3.3620811802206406e-02 9.4831949026441612e+02
3.2580008087894157e+01 1.0822474567705152e-01 3.4465764893416594e-02 9.4842615374002855e+02
3.3401649998821561e+01 1.1187523412797455e-01 3.5331929213518125e-02 9.4853369116700071e+02
3.4244013065740440e+01 1.1564898554983982e-01 3.6219836427110901e-02 9.4864210997849057e+02
3.5107619859736687e+01 1.1955016205963781e-01 3.7130031497852094e-02 9.4875141767208447e+02
3.5993006130723657e+01 1.2358306631306021e-01 3.8063073020203057e-02 9.4886162181037798e+02
3.6900721139801831e+01 1.2775214624995235e-01 3.9019533559421178e-02 9.4897273002155976e+02
3.7831327999999999e+01 1.3206200000000001e-01 4.0000000000000001e-02 9.4908656299999996e+02
4.2996459999999999e+01 1.6543500000000000e-01 4.5440000000000001e-02 9.4986744299999998e+02
4.8165813000000000e+01 2.0267800000000000e-01 5.0880000000000002e-02 9.5064036599999997e+02
5.3339353000000003e+01 2.4392400000000000e-01 5.6320000000000002e-02 9.5140940100000000e+02
5.8517073000000003e+01 2.8942499999999999e-01 6.1760000000000002e-02 9.5217952800000000e+02
6.3698993000000002e+01 3.3957700000000002e-01 6.7199999999999996e-02 9.5295669699999996e+02
6.8885171000000000e+01 3.9493499999999998e-01 7.2639999999999996e-02 9.5374771399999997e+02
7.4075699999999998e+01 4.5621200000000001e-01 7.8079999999999997e-02 9.5456006200000002e+02
7.9270719999999997e+01 5.2428500000000000e-01 8.3519999999999997e-02 9.5540171199999997e+02
8.4470410000000001e+01 6.0018600000000000e-01 8.8959999999999997e-02 9.5628093200000001e+02
8.9674999000000000e+01 6.8509500000000001e-01 9.4399999999999998e-02 9.5720613300000002e+02
9.4884759000000003e+01 7.8033100000000000e-01 9.9839999999999998e-02 9.5818573100000003e+02
1.0010000900000000e+02 8.8733700000000004e-01 1.0528000000000000e-01 9.5922803799999997e+02
1.0532111100000000e+02 1.0076730000000000e+00 1.1072000000000000e-01 9.6034117200000003e+02
1.1054842100000000e+02 1.1398290000000000e+00 1.1616000000000000e-01 9.6150524700000005e+02
1.1578219600000000e+02 1.2852779999999999e+00 1.2160000000000000e-01 9.6272764700000005e+02
1.2102283100000000e+02 1.4476070000000001e+00 1.2703999999999999e-01 9.6403223900000000e+02
1.2627080800000000e+02 1.6292390000000001e+00 1.3247999999999999e-01 9.6543080399999997e+02
1.3152666300000001e+02 1.8324080000000000e+00 1.3791999999999999e-01 9.6693231600000001e+02
1.3679097600000000e+02 2.0592830000000002e+00 1.4335999999999999e-01 9.6854424400000005e+02
1.4206436800000000e+02 2.3120069999999999e+00 1.4879999999999999e-01 9.7027302599999996e+02
1.4734748800000000e+02 2.5927039999999999e+00 1.5423999999999999e-01 9.7212429999999995e+02
1.5264101700000001e+02 2.9034849999999999e+00 1.5967999999999999e-01 9.7410302899999999e+02
1.5794566100000000e+02 3.2464490000000001e+00 1.6511999999999999e-01 9.7621358999999995e+02
1.6326214800000000e+02 3.6236739999999998e+00 1.7055999999999999e-01 9.7845982800000002e+02
1.6859122500000001e+02 4.0372180000000002e+00 1.7599999999999999e-01 9.8084510100000000e+02
1.7393365600000001e+02 4.4891129999999997e+00 1.8143999999999999e-01 9.8337231599999996e+02
1.7929022200000000e+02 4.9813590000000003e+00 1.8687999999999999e-01 9.8604395399999999e+02
1.8466171399999999e+02 5.5159229999999999e+00 1.9231999999999999e-01 9.8886209499999995e+02
1.9004893300000001e+02 6.0947279999999999e+00 1.9775999999999999e-01 9.9182843700000001e+02
1.9545268999999999e+02 6.7196559999999996e+00 2.0319999999999999e-01 9.9494431499999996e+02
2.0087380200000001e+02 7.3925340000000004e+00 2.0863999999999999e-01 9.9821071600000005e+02
2.0631308899999999e+02 8.1151389999999992e+00 2.1407999999999999e-01 1.0016282920000000e+03
2.1177137500000001e+02 8.8891869999999997e+00 2.1951999999999999e-01 1.0051973750000000e+03
2.1724948499999999e+02 9.7163310000000003e+00 2.2495999999999999e-01 1.0089179880000000e+03
2.2274824200000000e+02 1.0598155999999999e+01 2.3039999999999999e-01 1.0127898550000000e+03
2.2826846900000001e+02 1.1536177000000000e+01 2.3583999999999999e-01 1.0168124140000000e+03
2.3381098399999999e+02 1.2531833000000001e+01 2.4127999999999999e-01 1.0209848270000000e+03
2.3937659800000000e+02 1.3586484000000000e+01 2.4671999999999999e-01 1.0253059900000001e+03
2.4496611799999999e+02 1.4701409000000000e+01 2.5216000000000000e-01 1.0297745420000001e+03
2.5058034200000000e+02 1.5877803000000000e+01 2.5760000000000000e-01 1.0343888800000000e+03
2.5622005799999999e+02 1.7116772000000001e+01 2.6304000000000000e-01 1.0391471650000001e+03
2.6188604400000003e+02 1.8419336000000001e+01 2.6848000000000000e-01 1.0440473380000001e+03
2.6757906600000001e+02 1.9786421000000001e+01 2.7392000000000000e-01 1.0490871270000000e+03
2.7329987699999998e+02 2.1218862999999999e+01 2.7936000000000000e-01 1.0542640660000000e+03
2.7904921700000000e+02 2.2717407000000001e+01 2.8480000000000000e-01 1.0595755019999999e+03
2.8482780900000000e+02 2.4282703999999999e+01 2.9024000000000000e-01 1.0650186120000001e+03
2.9063636300000002e+02 2.5915312000000000e+01 2.9568000000000000e-01 1.0705904149999999e+03
2.9647557100000000e+02 2.7615698999999999e+01 3.0112000000000000e-01 1.0762877890000000e+03
3.0234610600000002e+02 2.9384245000000000e+01 3.0656000000000000e-01 1.0821074819999999e+03
3.0824862500000000e+02 3.1221238000000000e+01 3.1200000000000000e-01 1.0880461310000001e+03
3.1418376699999999e+02 3.3126883999999997e+01 3.1744000000000000e-01 1.0941002739999999e+03
3.2015215000000001e+02 3.5101305000000004e+01 3.2288000000000000e-01 1.1002663680000001e+03
3.2615437400000002e+02 3.7144540999999997e+01 3.2832000000000000e-01 1.1065408010000001e+03
3.3219101899999998e+02 3.9256559000000003e+01 3.3376000000000000e-01 1.1129199070000000e+03
3.3826264300000003e+02 4.1437249999999999e+01 3.3920000000000000e-01 1.1193999819999999e+03
3.4436978599999998e+02 4.3686438000000003e+01 3.4464000000000000e-01 1.1259772980000000e+03
3.5051296100000002e+02 4.5991419999999998e+01 3.5008000000000000e-01 1.1326124980000000e+03
3.5668984399999999e+02 4.7988930000000003e+01 3.5552000000000000e-01 1.1382746040000000e+03
3.6289629000000002e+02 4.9880274999999997e+01 3.6096000000000000e-01 1.1435538230000000e+03
3.6913096200000001e+02 5.1740034999999999e+01 3.6640000000000000e-01 1.1486671080000001e+03
3.7539316000000002e+02 5.3590783999999999e+01 3.7184000000000000e-01 1.1536805730000001e+03
3.8168243899999999e+02 5.5443702999999999e+01 3.7728000000000000e-01 1.1586269920000000e+03
3.8799849000000000e+02 5.7305410000000002e+01 3.8272000000000000e-01 1.1635257099999999e+03
3.9434109200000000e+02 5.9180231999999997e+01 3.8816000000000001e-01 1.1683893040000000e+03
4.0071007700000001e+02 6.1071187000000002e+01 3.9360000000000001e-01 1.1732264760000000e+03
4.0710487599999999e+02 6.2859793000000003e+01 3.9904000000000001e-01 1.1777399650000000e+03
4.1352289500000001e+02 6.4526009999999999e+01 4.0448000000000001e-01 1.1818868680000000e+03
4.1996330000000000e+02 6.6192605999999998e+01 4.0992000000000001e-01 1.1859792420000001e+03
4.2642590400000000e+02 6.7872898000000006e+01 4.1536000000000001e-01 1.1900508359999999e+03
4.3291063400000002e+02 6.9572046000000000e+01 4.2080000000000001e-01 1.1941145469999999e+03
4.3941746499999999e+02 7.1292783999999997e+01 4.2624000000000001e-01 1.1981770340000000e+03
4.4594640199999998e+02 7.3036788999999999e+01 4.3168000000000001e-01 1.2022422429999999e+03
4.5249746900000002e+02 7.4805190999999994e+01 4.3712000000000001e-01 1.2063127030000001e+03
4.5907069799999999e+02 7.6598793999999998e+01 4.4256000000000001e-01 1.2103901140000000e+03
4.6566613000000001e+02 7.8418194000000000e+01 4.4800000000000001e-01 1.2144756490000000e+03
4.7228381300000001e+02 8.0263850000000005e+01 4.5344000000000001e-01 1.2185701260000001e+03
4.7892379599999998e+02 8.2136118999999994e+01 4.5888000000000001e-01 1.2226741190000000e+03
4.8558613200000002e+02 8.4035286999999997e+01 4.6432000000000001e-01 1.2267880190000001e+03
4.9227087699999998e+02 8.5961582000000007e+01 4.6976000000000001e-01 1.2309120860000000e+03
4.9897808500000002e+02 8.7915188999999998e+01 4.7520000000000001e-01 1.2350464760000000e+03
5.0570781299999999e+02 8.9896257000000006e+01 4.8064000000000001e-01 1.2391912669999999e+03
5.1246011799999997e+02 9.1904905999999997e+01 4.8608000000000001e-01 1.2433464739999999e+03
5.1923505699999998e+02 9.3941232999999997e+01 4.9152000000000001e-01 1.2475120629999999e+03
5.2603268500000001e+02 9.6005314999999996e+01 4.9696000000000001e-01 1.2516879600000000e+03
5.3285305900000003e+02 9.8097210000000004e+01 5.0239999999999996e-01 1.2558740580000001e+03
5.3969623400000000e+02 1.0021696300000001e+02 5.0783999999999996e-01 1.2600702240000001e+03
5.4656226300000003e+02 1.0236460200000000e+02 5.1327999999999996e-01 1.2642763040000000e+03
5.5345120199999997e+02 1.0454014900000000e+02 5.1871999999999996e-01 1.2684921260000001e+03
5.6036310100000003e+02 1.0674361000000000e+02 5.2415999999999996e-01 1.2727175010000001e+03
5.6729801299999997e+02 1.0897498600000000e+02 5.2959999999999996e-01 1.2769522320000001e+03
5.7425598700000000e+02 1.1123426600000001e+02 5.3503999999999996e-01 1.2811961090000000e+03
5.8123707400000001e+02 1.1352143400000000e+02 5.4047999999999996e-01 1.2854489169999999e+03
5.8824132099999997e+02 1.1583646600000000e+02 5.4591999999999996e-01 1.2897104320000001e+03
5.9526877400000001e+02 1.1817933200000000e+02 5.5135999999999996e-01 1.2939804270000000e+03
6.0231948000000000e+02 1.2054999599999999e+02 5.5679999999999996e-01 1.2982586690000001e+03
6.0939348199999995e+02 1.2294841599999999e+02 5.6223999999999996e-01 1.3025449240000000e+03
6.1649082299999998e+02 1.2537454400000000e+02 5.6767999999999996e-01 1.3068389549999999e+03
6.2361154599999998e+02 1.2782833200000000e+02 5.7311999999999996e-01 1.3111405250000000e+03
6.3075568999999996e+02 1.3030972100000000e+02 5.7855999999999996e-01 1.3154493940000000e+03
6.3792329500000005e+02 1.3281865500000001e+02 5.8399999999999996e-01 1.3197653230000001e+03
6.4511439800000005e+02 1.3535506799999999e+02 5.8943999999999996e-01 1.3240880740000000e+03
6.5232903599999997e+02 1.3791889499999999e+02 5.9487999999999996e-01 1.3284174100000000e+03
6.5956724299999996e+02 1.4051006500000000e+02 6.0031999999999996e-01 1.3327530930000000e+03
6.6682905500000004e+02 1.4312850599999999e+02 6.0575999999999997e-01 1.3370948880000001e+03
6.7411450300000001e+02 1.4577414300000001e+02 6.1119999999999997e-01 1.3414425620000000e+03
6.8142361800000003e+02 1.4844689700000001e+02 6.1663999999999997e-01 1.3457958830000000e+03
6.8875643200000002e+02 1.5114668699999999e+02 6.2207999999999997e-01 1.3501546209999999e+03
6.9611297200000001e+02 1.5387343100000001e+02 6.2751999999999997e-01 1.3545185509999999e+03
7.0349326699999995e+02 1.5662704400000001e+02 6.3295999999999997e-01 1.3588874470000001e+03
7.1089734199999998e+02 1.5940743800000001e+02 6.3839999999999997e-01 1.3632610880000000e+03
7.1832522400000005e+02 1.6221452600000001e+02 6.4383999999999997e-01 1.3676392539999999e+03
7.2577693499999998e+02 1.6504821699999999e+02 6.4927999999999997e-01 1.3720217299999999e+03
7.3325249899999994e+02 1.6790841800000001e+02 6.5471999999999997e-01 1.3764083040000000e+03
7.4075193800000000e+02 1.7079503600000001e+02 6.6015999999999997e-01 1.3807987639999999e+03
7.4827527199999997e+02 1.7370797700000000e+02 6.6559999999999997e-01 1.3851929040000000e+03
7.5582252000000005e+02 1.7664714499999999e+02 6.7103999999999997e-01 1.3895905210000001e+03
7.6339370199999996e+02 1.7961244199999999e+02 6.7647999999999997e-01 1.3939914140000001e+03
7.7098883400000000e+02 1.8260377000000000e+02 6.8191999999999997e-01 1.3983953870000000e+03
7.7860793200000001e+02 1.8562102999999999e+02 6.8735999999999997e-01 1.4028022450000001e+03
7.8625101199999995e+02 1.8866412199999999e+02 6.9279999999999997e-01 1.4072117980000000e+03
7.9391808700000001e+02 1.9173294600000000e+02 6.9823999999999997e-01 1.4116238579999999e+03
8.0160917199999994e+02 1.9482739900000001e+02 7.0367999999999997e-01 1.4160382430000000e+03
8.0932427800000005e+02 1.9794737900000001e+02 7.0911999999999997e-01 1.4204547709999999e+03
8.1706341499999996e+02 2.0109278399999999e+02 7.1455999999999997e-01 1.4248732660000001e+03
8.2482659600000000e+02 2.0426351099999999e+02 7.1999999999999997e-01 1.4292935520000001e+03
8.3261382800000001e+02 2.0745945399999999e+02 7.2543999999999997e-01 1.4337154610000000e+03
8.4042511999999999e+02 2.1068051100000000e+02 7.3087999999999997e-01 1.4381388240000001e+03
8.4826048000000003e+02 2.1392657700000001e+02 7.3631999999999997e-01 1.4425634769999999e+03
8.5611991399999999e+02 2.1719754599999999e+02 7.4175999999999997e-01 1.4469892589999999e+03
8.6400342699999999e+02 2.2049331400000000e+02 7.4719999999999998e-01 1.4514160130000000e+03
8.7191102599999999e+02 2.2381377499999999e+02 7.5263999999999998e-01 1.4558435840000000e+03
8.7984271300000000e+02 2.2715882400000001e+02 7.5807999999999998e-01 1.4602718210000000e+03
8.8779849200000001e+02 2.3052835500000000e+02 7.6351999999999998e-01 1.4647005740000000e+03
8.9577836500000001e+02 2.3392226199999999e+02 7.6895999999999998e-01 1.4691297000000000e+03
9.0378233399999999e+02 2.3734044000000000e+02 7.7439999999999998e-01 1.4735590549999999e+03
9.1181040099999996e+02 2.4078278299999999e+02 7.7983999999999998e-01 1.4779885010000000e+03
9.1986256400000002e+02 2.4424918600000001e+02 7.8527999999999998e-01 1.4824178999999999e+03
9.2793882299999996e+02 2.4773954200000000e+02 7.9071999999999998e-01 1.4868471199999999e+03
9.3603917700000000e+02 2.5125374600000001e+02 7.9615999999999998e-01 1.4912760300000000e+03
9.4416362500000002e+02 2.5479169200000001e+02 8.0159999999999998e-01 1.4957045020000000e+03
9.5231216199999994e+02 2.5835327599999999e+02 8.0703999999999998e-01 1.5001324110000000e+03
9.6048478699999998e+02 2.6193839100000002e+02 8.1247999999999998e-01 1.5045596340000000e+03
9.6868149400000004e+02 2.6554693400000002e+02 8.1791999999999998e-01 1.5089860530000001e+03
9.7690227900000002e+02 2.6917880000000002e+02 8.2335999999999998e-01 1.5134115509999999e+03
9.8514713700000004e+02 2.7283388300000001e+02 8.2879999999999998e-01 1.5178360120000000e+03
9.9341606100000001e+02 2.7651208100000002e+02 8.3423999999999998e-01 1.5222593250000000e+03
1.0017090459999999e+03 2.8021328799999998e+02 8.3967999999999998e-01 1.5266813820000000e+03
1.0100260840000000e+03 2.8393740100000002e+02 8.4511999999999998e-01 1.5311020739999999e+03
1.0183671670000000e+03 2.8768431800000002e+02 8.5055999999999998e-01 1.5355212990000000e+03
1.0267322870000000e+03 2.9145393400000000e+02 8.5599999999999998e-01 1.5399389540000000e+03
1.0351214359999999e+03 2.9524614900000000e+02 8.6143999999999998e-01 1.5443549390000001e+03
1.0435346030000001e+03 2.9906085800000000e+02 8.6687999999999998e-01 1.5487691570000000e+03
1.0519717800000001e+03 3.0289796100000001e+02 8.7231999999999998e-01 1.5531815130000000e+03
1.0604329550000000e+03 3.0675735700000001e+02 8.7775999999999998e-01 1.5575919150000000e+03
1.0689181180000000e+03 3.1063894299999998e+02 8.8319999999999999e-01 1.5620002720000000e+03
1.0774272570000001e+03 3.1454262000000000e+02 8.8863999999999999e-01 1.5664064949999999e+03
1.0859603609999999e+03 3.1846828799999997e+02 8.9407999999999999e-01 1.5708104989999999e+03
1.0945174170000000e+03 3.2241584599999999e+02 8.9951999999999999e-01 1.5752121979999999e+03
1.1030984129999999e+03 3.2638519600000001e+02 9.0495999999999999e-01 1.5796115119999999e+03
1.1117033349999999e+03 3.3037623900000000e+02 9.1039999999999999e-01 1.5840083589999999e+03
1.1203321690000000e+03 3.3438887699999998e+02 9.1583999999999999e-01 1.5884026610000001e+03
1.1289849019999999e+03 3.3842301099999997e+02 9.2127999999999999e-01 1.5927943430000000e+03
1.1376615200000001e+03 3.4247854500000000e+02 9.2671999999999999e-01 1.5971833300000001e+03
1.1463620060000001e+03 3.4655538200000001e+02 9.3215999999999999e-01 1.6015695479999999e+03
1.1550863460000000e+03 3.5065342600000002e+02 9.3759999999999999e-01 1.6059529290000000e+03
1.1638345250000000e+03 3.5477258000000000e+02 9.4303999999999999e-01 1.6103334010000001e+03
1.1726065260000000e+03 3.5891275100000001e+02 9.4847999999999999e-01 1.6147108989999999e+03
1.1814023330000000e+03 3.6307384200000001e+02 9.5391999999999999e-01 1.6190853569999999e+03
1.1902219290000000e+03 3.6725576100000001e+02 9.5935999999999999e-01 1.6234567110000000e+03
1.1990652980000000e+03 3.7145841300000001e+02 9.6479999999999999e-01 1.6278248990000000e+03
1.2079324210000000e+03 3.7568170500000002e+02 9.7023999999999999e-01 1.6321898610000001e+03
1.2168232820000001e+03 3.7992554500000000e+02 9.7567999999999999e-01 1.6365515359999999e+03
1.2257378610000001e+03 3.8418984200000000e+02 9.8111999999999999e-01 1.6409098690000001e+03
1.2346761409999999e+03 3.8847450400000002e+02 9.8655999999999999e-01 1.6452648030000000e+03
1.2436381030000000e+03 3.9277943900000002e+02 9.9199999999999999e-01 1.6496162840000000e+03
1.2526237289999999e+03 3.9710455899999999e+02 9.9743999999999999e-01 1.6539642600000000e+03
1.2616329980000000e+03 4.0144977299999999e+02 1.0028800000000000e+00 1.6583086770000000e+03
1.2706658920000000e+03 4.0581499300000002e+02 1.0083200000000001e+00 1.6626494880000000e+03
1.2797223899999999e+03 4.1020013000000000e+02 1.0137600000000000e+00 1.6669866430000000e+03
1.2888024730000000e+03 4.1460509600000000e+02 1.0192000000000001e+00 1.6713200939999999e+03
1.2979061200000001e+03 4.1902980500000001e+02 1.0246400000000000e+00 1.6756497970000000e+03
1.3070333109999999e+03 4.2347417000000002e+02 1.0300800000000001e+00 1.6799757070000001e+03
1.3161840250000000e+03 4.2793810400000001e+02 1.0355200000000000e+00 1.6842977800000001e+03
1.3253582420000000e+03 4.3242152299999998e+02 1.0409600000000001e+00 1.6886159740000001e+03
1.3345559390000001e+03 4.3692434300000002e+02 1.0464000000000000e+00 1.6929302490000000e+03
1.3437770949999999e+03 4.4144647800000001e+02 1.0518400000000001e+00 1.6972405659999999e+03
1.3530216900000000e+03 4.4598784699999999e+02 1.0572800000000000e+00 1.7015468870000000e+03
1.3622897000000000e+03 4.5054836599999999e+02 1.0627200000000001e+00 1.7058491739999999e+03
1.3715811040000001e+03 4.5512795399999999e+02 1.0681600000000000e+00 1.7101473920000001e+03
1.3808958800000000e+03 4.5972652900000003e+02 1.0736000000000001e+00 1.7144415059999999e+03
1.3902340050000000e+03 4.6434401100000002e+02 1.0790400000000000e+00 1.7187314839999999e+03
1.3995954569999999e+03 4.6898032100000000e+02 1.0844800000000001e+00 1.7230172940000000e+03
1.4089802130000000e+03 4.7363538000000000e+02 1.0899200000000000e+00 1.7272989040000000e+03
1.4183882490000001e+03 4.7830910899999998e+02 1.0953599999999999e+00 1.7315762860000000e+03
1.4278195440000000e+03 4.8300143300000002e+02 1.1008000000000000e+00 1.7358494100000000e+03
1.4372740730000000e+03 4.8771227499999998e+02 1.1062399999999999e+00 1.7401182510000001e+03
1.4467518140000000e+03 4.9244155999999998e+02 1.1116800000000000e+00 1.7443827830000000e+03
1.4562527419999999e+03 4.9718921599999999e+02 1.1171199999999999e+00 1.7486429820000001e+03
1.4657768340000000e+03 5.0195516900000001e+02 1.1225600000000000e+00 1.7528988260000001e+03
1.4753240670000000e+03 5.0673935000000000e+02 1.1279999999999999e+00 1.7571502949999999e+03
1.4848944160000001e+03 5.1154169100000001e+02 1.1334400000000000e+00 1.7613973699999999e+03
1.4944878580000000e+03 5.1636212699999999e+02 1.1388799999999999e+00 1.7656400369999999e+03
1.5041043680000000e+03 5.2120059600000002e+02 1.1443200000000000e+00 1.7698782830000000e+03
1.5137439230000000e+03 5.2605704200000002e+02 1.1497599999999999e+00 1.7741121020000000e+03
1.5234064980000001e+03 5.3093142100000000e+02 1.1552000000000000e+00 1.7783414969999999e+03
1.5330920690000000e+03 5.3582370600000002e+02 1.1606399999999999e+00 1.7825664859999999e+03
1.5428006130000001e+03 5.4073392300000000e+02 1.1660800000000000e+00 1.7867871319999999e+03
1.5525321070000000e+03 5.4566232000000002e+02 1.1715199999999999e+00 1.7910036900000000e+03
1.5622865270000000e+03 5.5060825899999998e+02 1.1769600000000000e+00 1.7952156530000000e+03
1.5720638469999999e+03 5.5557147099999997e+02 1.1823999999999999e+00 1.7994228340000000e+03
1.5818640419999999e+03 5.6055188499999997e+02 1.1878400000000000e+00 1.8036252190000000e+03
1.5916870850000000e+03 5.6554943100000003e+02 1.1932799999999999e+00 1.8078227939999999e+03
1.6015329500000000e+03 5.7056404199999997e+02 1.1987200000000000e+00 1.8120155430000000e+03
1.6114016110000000e+03 5.7559564699999999e+02 1.2041599999999999e+00 1.8162034540000000e+03
1.6212930420000000e+03 5.8064418000000001e+02 1.2096000000000000e+00 1.8203865140000000e+03
1.6312072149999999e+03 5.8570957199999998e+02 1.2150399999999999e+00 1.8245647100000001e+03
1.6411441050000001e+03 5.9079175699999996e+02 1.2204800000000000e+00 1.8287380320000000e+03
1.6511036850000000e+03 5.9589066700000001e+02 1.2259199999999999e+00 1.8329064670000000e+03
1.6610859290000001e+03 6.0100623800000005e+02 1.2313600000000000e+00 1.8370700070000000e+03
1.6710908090000000e+03 6.0613840400000004e+02 1.2367999999999999e+00 1.8412286400000000e+03
1.6811182990000000e+03 6.1128709900000001e+02 1.2422400000000000e+00 1.8453823580000001e+03
1.6911683720000001e+03 6.1645225900000003e+02 1.2476799999999999e+00 1.8495311509999999e+03
1.7012410020000000e+03 6.2163382000000001e+02 1.2531200000000000e+00 1.8536750110000000e+03
1.7113361609999999e+03 6.2683171900000002e+02 1.2585599999999999e+00 1.8578139309999999e+03
1.7214538230000001e+03 6.3204589299999998e+02 1.2640000000000000e+00 1.8619479040000001e+03
1.7315939610000000e+03 6.3727627900000005e+02 1.2694399999999999e+00 1.8660769210000001e+03
1.7417565470000000e+03 6.4252281500000004e+02 1.2748800000000000e+00 1.8702009780000001e+03
1.7519415550000001e+03 6.4778543999999999e+02 1.2803199999999999e+00 1.8743200670000001e+03
1.7621489580000000e+03 6.5306409199999996e+02 1.2857600000000000e+00 1.8784341840000000e+03
1.7723787279999999e+03 6.5835871099999997e+02 1.2911999999999999e+00 1.8825433230000001e+03
1.7826308389999999e+03 6.6366923699999995e+02 1.2966400000000000e+00 1.8866474810000000e+03
1.7929052640000000e+03 6.6899561000000006e+02 1.3020799999999999e+00 1.8907466509999999e+03
1.8032019740000001e+03 6.7433777099999998e+02 1.3075200000000000e+00 1.8948408320000001e+03
1.8135209440000001e+03 6.7969566099999997e+02 1.3129599999999999e+00 1.8989300180000000e+03
1.8238621459999999e+03 6.8506922099999997e+02 1.3184000000000000e+00 1.9030142080000001e+03
1.8342255520000001e+03 6.9045839400000000e+02 1.3238399999999999e+00 1.9070933980000000e+03
1.8446111360000000e+03 6.9586312199999998e+02 1.3292800000000000e+00 1.9111675869999999e+03
1.8550188700000001e+03 7.0128334800000005e+02 1.3347199999999999e+00 1.9152367710000001e+03
1.8654487280000001e+03 7.0671901600000001e+02 1.3401600000000000e+00 1.9193009500000001e+03
1.8759006810000001e+03 7.1217006900000001e+02 1.3455999999999999e+00 1.9233601229999999e+03
1.8863747030000000e+03 7.1763645199999996e+02 1.3510400000000000e+00 1.9274142879999999e+03
1.8968707660000000e+03 7.2311810900000000e+02 1.3564799999999999e+00 1.9314634440000000e+03
1.9073888430000000e+03 7.2861498500000005e+02 1.3619200000000000e+00 1.9355075919999999e+03
1.9179289070000000e+03 7.3412702600000000e+02 1.3673599999999999e+00 1.9395467300000000e+03
1.9284909310000000e+03 7.3965417700000000e+02 1.3728000000000000e+00 1.9435808609999999e+03
1.9390748870000000e+03 7.4519638499999996e+02 1.3782399999999999e+00 1.9476099830000001e+03
1.9496807480000000e+03 7.5075359700000001e+02 1.3836800000000000e+00 1.9516340980000000e+03
1.9603084870000000e+03 7.5632575899999995e+02 1.3891199999999999e+00 1.9556532079999999e+03
1.9709580770000000e+03 7.6191281900000001e+02 1.3945600000000000e+00 1.9596673120000000e+03
1.9816294900000000e+03 7.6751472500000000e+02 1.3999999999999999e+00 1.9636764140000000e+03
