# epsilon[MeV/fm^3] P[MeV/fm^3] nB[fm^-3] muB[MeV]
4.3514892049562272e-07 9.0000000794219998e-12 4.6796200000000002e-10 9.2990010724260003e+02
5.4394952759824855e-07 1.2854500250148002e-11 5.8496400000000005e-10 9.2990743275720001e+02
6.8239664606092796e-07 1.8414700022552000e-11 7.3384599999999997e-10 9.2991587774760001e+02
8.5763463874259032e-07 2.6380199998860002e-11 9.2229000000000003e-10 9.2992551188760001e+02
1.0799253715994732e-06 3.7791099667920001e-11 1.1613300000000000e-09 9.2993648532329996e+02
1.3625442882637764e-06 5.4137899979800000e-11 1.4652400000000000e-09 9.2994894782519998e+02
1.7226605254650248e-06 7.7555599791040007e-11 1.8524800000000000e-09 9.2996308925910000e+02
2.1826057027272589e-06 1.1110299984364001e-10 2.3470600000000000e-09 9.2997909967860005e+02
2.7713348204539073e-06 1.5916099965360000e-10 2.9801100000000000e-09 9.2999716876169998e+02
3.5266032513682487e-06 2.2800800111288001e-10 3.7922200000000000e-09 9.3001754656409992e+02
4.4975537964996660e-06 3.2663399940042002e-10 4.8362200000000001e-09 9.3004045271789994e+02
4.5807460305493105e-06 3.3555999792714001e-10 4.9256699999999996e-09 9.3004228160820003e+02
4.7281205653478515e-06 3.3656599963290001e-10 5.0841300000000003e-09 9.3004248152130003e+02
6.5759177435918250e-06 5.4515600232911993e-10 7.0708799999999999e-09 9.3007696075620004e+02
9.1998724984833464e-06 8.8567000200420000e-10 9.8920399999999997e-09 9.3011730648750006e+02
1.2918168885426129e-05 1.4388700552640002e-09 1.3889600000000001e-08 9.3016406831190000e+02
1.8201380444258739e-05 2.3376200076990001e-09 1.9569300000000001e-08 9.3021808578930006e+02
2.5725895950178280e-05 3.7977398937599994e-09 2.7657999999999999e-08 9.3028025838780002e+02
3.6463989818522291e-05 6.1698799253159997e-09 3.9200400000000002e-08 9.3035162548649998e+02
5.1813630126296458e-05 1.0023700173792000e-08 5.5698400000000002e-08 9.3043332628019994e+02
7.3785560512054020e-05 1.6284700005120000e-08 7.9311899999999997e-08 9.3052664006250006e+02
1.0527189036420272e-04 2.6456400399219999e-08 1.1314700000000000e-07 9.3063298613190000e+02
1.5043483705694415e-04 4.2981499428689995e-08 1.6167299999999999e-07 9.3075400323120004e+02
1.5143539825673478e-04 4.3369399516159995e-08 1.6274800000000000e-07 9.3075639185940008e+02
1.5666718390755263e-04 4.3499599327679997e-08 1.6836899999999999e-07 9.3075719132400002e+02
1.8247319946392853e-04 5.3487099479700000e-08 1.9609400000000001e-07 9.3081203831400001e+02
2.1304949570856091e-04 6.5965099669560007e-08 2.2894200000000001e-07 9.3087079295249998e+02
2.4880173202308656e-04 8.1354199584480006e-08 2.6734800000000002e-07 9.3093285559410003e+02
2.9061049213158235e-04 1.0033299847065000e-07 3.1225699999999999e-07 9.3099838615049998e+02
3.3950651358852186e-04 1.2374000051775000e-07 3.6477499999999998e-07 9.3106758453479995e+02
3.9669496520679297e-04 1.5260700009555001e-07 4.2619500000000001e-07 9.3114063056550003e+02
4.6358813252914599e-04 1.8820900209407997e-07 4.9803199999999997e-07 9.3121772415570001e+02
5.4183717856390442e-04 2.3211699768180001e-07 5.8205699999999998e-07 9.3129908512530005e+02
6.3337419989345891e-04 2.8626699988691999e-07 6.8034199999999997e-07 9.3138494352930002e+02
7.4046361643000222e-04 3.5305100162730003e-07 7.9531500000000002e-07 9.3147551899979999e+02
7.4543957324912111e-04 3.5623800038969997e-07 8.0065699999999999e-07 9.3147951660449996e+02
7.7046470619140960e-04 3.5730600246279002e-07 8.2752300000000002e-07 9.3148080575760002e+02
7.7218701201869997e-04 3.5837800248323999e-07 8.2937200000000002e-07 9.3148210505190002e+02
7.7564281539113634e-04 3.6053199741144001e-07 8.3308200000000005e-07 9.3148469349929996e+02
7.7911352986319152e-04 3.6269800105895999e-07 8.3680799999999998e-07 9.3148728185280004e+02
7.8260009510663572e-04 3.6487800290032998e-07 8.4055099999999997e-07 9.3148988034750005e+02
7.8610250285012515e-04 3.6706999922346001e-07 8.4431100000000000e-07 9.3149248879559991e+02
7.8962075319254110e-04 3.6927600351839998e-07 8.4808799999999996e-07 9.3149508719639994e+02
7.9315485471188711e-04 3.7149499796798001e-07 8.5188199999999998e-07 9.3149769564450003e+02
7.9670479058673201e-04 3.7372699824480005e-07 8.5569300000000004e-07 9.3150031404599997e+02
8.0027057791247260e-04 3.7597299948234002e-07 8.5952100000000004e-07 9.3150293244750003e+02
8.0385221698387247e-04 3.7823200230633998e-07 8.6336599999999998e-07 9.3150555094289996e+02
8.0745063029167934e-04 3.8050499711466001e-07 8.6722899999999999e-07 9.3150817929779998e+02
8.1106395596088781e-04 3.8279099715107999e-07 8.7110800000000002e-07 9.3151080774659999e+02
8.1469498722525535e-04 3.8509200436278001e-07 8.7500600000000005e-07 9.3151343619540000e+02
8.1834093096975699e-04 3.8740599815679997e-07 8.7891999999999998e-07 9.3151607459759998e+02
8.3652972322216491e-04 3.8856800310954005e-07 8.9844600000000005e-07 9.3151737379799999e+02
8.9649746606902973e-04 4.2637900225708002e-07 9.6282100000000007e-07 9.3155798930399999e+02
9.6293679962426715e-04 4.6927300060880000e-07 1.0341400000000000e-06 9.3160093353000002e+02
1.0343084479593990e-03 5.1648199988999994e-07 1.1107499999999999e-06 9.3164493704189999e+02
1.1110033276598183e-03 5.6844100521450010e-07 1.1930700000000001e-06 9.3169002988770001e+02
1.1934040547386528e-03 6.2562700512179996e-07 1.2815100000000000e-06 9.3173623206809998e+02
1.2819398888523502e-03 6.8856500094819997e-07 1.3765300000000001e-06 9.3178357353719991e+02
1.3770588621277026e-03 7.5783499966439992e-07 1.4786100000000000e-06 9.3183208434300002e+02
1.4792742600387720e-03 8.3407400117300003e-07 1.5882999999999999e-06 9.3188178448619999e+02
1.5890902438860661e-03 9.1798299673799988e-07 1.7061399999999999e-06 9.3193271378040004e+02
1.7070948934908867e-03 1.0103300084124001e-06 1.8327600000000000e-06 9.3198488236679998e+02
1.7418302566492478e-03 1.0379399925766002e-06 1.8700300000000001e-06 9.3199978345169995e+02
1.8026805910135908e-03 1.0410599913928000e-06 1.9353200000000000e-06 9.3200143242960007e+02
2.0389359400714486e-03 1.2275099896319999e-06 2.1888000000000001e-06 9.3209187794249999e+02
2.3114099463439177e-03 1.4516999917321999e-06 2.4811100000000001e-06 9.3218792017709995e+02
2.6204004641994278e-03 1.7168400063888003e-06 2.8125600000000001e-06 9.3228811983419996e+02
2.9707928967162671e-03 2.0304000155634000e-06 3.1883800000000001e-06 9.3239264696670000e+02
3.3681648965264784e-03 2.4012300084080001e-06 3.6145400000000001e-06 9.3250170129989999e+02
3.8188055776886142e-03 2.8397900147328003e-06 4.0977700000000004e-06 9.3261546284010001e+02
4.3298558716110781e-03 3.3584500068246004e-06 4.6457100000000001e-06 9.3273413140649996e+02
4.9094492242661523e-03 3.9718300068571995e-06 5.2670599999999997e-06 9.3285792691289998e+02
5.5667590537662745e-03 4.6972400276543001e-06 5.9716300000000001e-06 9.3298704917850000e+02
6.3122329168583428e-03 5.5551399798486997e-06 6.7705900000000002e-06 9.3312173811779996e+02
6.3691536418958340e-03 5.6221100036384002e-06 6.8315900000000001e-06 9.3313158221820004e+02
6.6107787783348925e-03 5.6389700285964000e-06 7.0905299999999997e-06 9.3313397075249998e+02
7.1832281514335565e-03 6.2999099885847007e-06 7.7039700000000007e-06 9.3322329697740008e+02
7.8228640480689938e-03 7.0594400109160007e-06 8.3893400000000006e-06 9.3331767013950002e+02
8.5195476220300548e-03 7.9105299722335996e-06 9.1357600000000004e-06 9.3341477175390003e+02
9.2783521214718639e-03 8.8642300383220009e-06 9.9486500000000000e-06 9.3351470163630006e+02
1.0104791977484120e-02 9.9329099737559988e-06 1.0833900000000000e-05 9.3361751969490001e+02
1.1005037422914624e-02 1.1130399980334000e-05 1.1798100000000000e-05 9.3372332602710003e+02
1.1985504705131824e-02 1.2472300012974001e-05 1.2848100000000000e-05 9.3383220044789994e+02
1.3053499763127112e-02 1.3976000053347000e-05 1.3991700000000000e-05 9.3394422305399996e+02
1.4216706487829026e-02 1.5661000693130000e-05 1.5237100000000000e-05 9.3405949366109996e+02
1.5483652631007537e-02 1.7549100191680000e-05 1.6593399999999999e-05 9.3417811227269999e+02
1.5623499832828706e-02 1.7760599953030001e-05 1.6743099999999999e-05 9.3419079468840005e+02
1.6269961736847121e-02 1.7813900213129999e-05 1.7435099999999998e-05 9.3419395273319992e+02
1.7094324515795702e-02 1.9027400207749999e-05 1.8317499999999999e-05 9.3426180186839997e+02
1.8000874089488257e-02 2.0384500450440000e-05 1.9287799999999999e-05 9.3433394852489994e+02
1.8955614232225096e-02 2.1838399047120000e-05 2.0309599999999999e-05 9.3440734433310001e+02
1.9960983560824267e-02 2.3396100553499999e-05 2.1385500000000000e-05 9.3448202938830002e+02
2.1019794814794490e-02 2.5064799654149998e-05 2.2518500000000001e-05 9.3455801364390004e+02
2.2134768910989058e-02 2.6852600343399999e-05 2.3711500000000002e-05 9.3463531710059999e+02
2.3309000859656603e-02 2.8767899159999994e-05 2.4967799999999998e-05 9.3471396971249999e+02
2.4545494036103295e-02 3.0819700065419999e-05 2.6290599999999999e-05 9.3479400162150000e+02
2.5847718880420045e-02 3.3017999946119998e-05 2.7683600000000000e-05 9.3487541254589996e+02
2.7219055484112444e-02 3.5372998881120002e-05 2.9150400000000001e-05 9.3495825272219997e+02
2.7775365070038964e-02 3.6339601209739997e-05 2.9745400000000002e-05 9.3499105302509997e+02
2.8289610775747390e-02 3.6448598719180002e-05 3.0295400000000001e-05 9.3499466085090000e+02
2.8802930737171755e-02 3.7332599735440002e-05 3.0844399999999999e-05 9.3502356336480000e+02
2.9391538203060320e-02 3.8352800962709990e-05 3.1473899999999997e-05 9.3505628375879996e+02
2.9992229144074897e-02 3.9400800335690003e-05 3.2116300000000003e-05 9.3508923392610006e+02
3.0605097595990186e-02 4.0477499896860003e-05 3.2771700000000003e-05 9.3512239395989991e+02
3.1230612131930052e-02 4.1583600119840003e-05 3.3440600000000000e-05 9.3515578386089999e+02
3.1868867160453597e-02 4.2719998743180005e-05 3.4123099999999999e-05 9.3518940362910007e+02
3.2520144922003676e-02 4.3887298648500002e-05 3.4819500000000001e-05 9.3522325326449993e+02
3.3184820445813230e-02 4.5086601561120004e-05 3.5530200000000001e-05 9.3525732271979996e+02
3.3862987887692660e-02 4.6318701748649993e-05 3.6255299999999998e-05 9.3529163208960006e+02
3.4555116462740516e-02 4.7584401826990007e-05 3.6995300000000001e-05 9.3532617123270006e+02
3.4710848908415574e-02 4.7870299693839997e-05 3.7161800000000001e-05 9.3533387666670001e+02
3.5705765632703390e-02 4.8013899962450004e-05 3.8225500000000002e-05 9.3533768431169995e+02
3.6190650245182691e-02 4.8884701265269996e-05 3.8743900000000000e-05 9.3536029073669999e+02
3.6764595537185744e-02 4.9920498059249994e-05 3.9357499999999997e-05 9.3538680481020003e+02
3.7347724170046170e-02 5.0978398185919999e-05 3.9980900000000002e-05 9.3541345870079999e+02
3.7940129948432849e-02 5.2058599241440000e-05 4.0614200000000002e-05 9.3544024264290010e+02
3.8541907483377907e-02 5.3161699756499999e-05 4.1257500000000003e-05 9.3546717635549999e+02
3.9153244015328124e-02 5.4288198430999997e-05 4.1910999999999999e-05 9.3549425007299999e+02
3.9774234210732992e-02 5.5438601263319996e-05 4.2574799999999998e-05 9.3552146370150001e+02
4.0405159191034282e-02 5.6613297948239995e-05 4.3249199999999999e-05 9.3554882728830000e+02
4.1046019389420471e-02 5.7812899551080002e-05 4.3934199999999997e-05 9.3557633069220003e+02
4.1697190276124625e-02 5.9037997871239995e-05 4.4630199999999998e-05 9.3560397410099995e+02
4.2358578444415006e-02 6.0288999023690009e-05 4.5337100000000003e-05 9.3563177732760005e+02
4.2549448380963861e-02 6.0651299975859995e-05 4.5541099999999997e-05 9.3563974248900001e+02
4.3740238175900857e-02 6.0833198906699995e-05 4.6813800000000002e-05 9.3564365013750000e+02
4.5854886274473032e-02 6.4782902450840000e-05 4.9073799999999998e-05 9.3572599057799994e+02
4.8180087401599556e-02 6.9195997901699998e-05 5.1558599999999998e-05 9.3581365787159996e+02
5.0623240020302433e-02 7.3909702371599995e-05 5.4169200000000003e-05 9.3590278418340006e+02
5.3190452397117956e-02 7.8944498346630003e-05 5.6912100000000000e-05 9.3599338970190001e+02
5.5887837732656438e-02 8.4322299027779992e-05 5.9793799999999997e-05 9.3608550419339997e+02
5.8722166587791814e-02 9.0066499795649990e-05 6.2821499999999995e-05 9.3617915789369999e+02
6.1700398546921942e-02 9.6201898222459989e-05 6.6002599999999997e-05 9.3627437052180005e+02
6.4829683480590566e-02 1.0275499726340999e-04 6.9344700000000000e-05 9.3637116226620003e+02
6.8117831355171340e-02 1.0975499711746999e-04 7.2856100000000002e-05 9.3646956308100005e+02
7.1572933822013338e-02 1.1723199746169999e-04 7.6545399999999994e-05 9.3656960282640000e+02
7.2872355791586060e-02 1.2007500056640000e-04 7.7932800000000000e-05 9.3660639068670002e+02
7.6294350046888545e-02 1.2043499631464001e-04 8.1586400000000002e-05 9.3661091798129996e+02
7.8557740452832786e-02 1.2521799885310001e-04 8.4002899999999995e-05 9.3666865324139997e+02
8.1070439170188191e-02 1.3058099681828001e-04 8.6685400000000002e-05 9.3673145543940007e+02
8.3663493660002267e-02 1.3617299667415003e-04 8.9453500000000007e-05 9.3679492723830003e+02
8.6339540033127660e-02 1.4200499619000000e-04 9.2310000000000002e-05 9.3685905859080003e+02
8.9101308842231525e-02 1.4808700429182000e-04 9.5257800000000001e-05 9.3692387963880003e+02
9.1951438062670962e-02 1.5442999846642999e-04 9.8299699999999997e-05 9.3698938014720000e+02
9.3544637803481184e-02 1.5800363917307320e-04 1.0000000000000000e-04 9.3702641442654260e+02
9.5904337235672904e-02 1.5976949129336291e-04 1.0251799976433827e-04 9.3704624502811407e+02
9.8323560992732775e-02 1.6159498412544735e-04 1.0509946222175611e-04 9.3706622179529393e+02
1.0080381059862720e-01 1.6348213200249892e-04 1.0774598644774839e-04 9.3708634594564660e+02
1.0334662545384160e-01 1.6543301729071645e-04 1.1045921179593376e-04 9.3710661870704041e+02
1.0595358379083016e-01 1.6744979268710461e-04 1.1324081891212567e-04 9.3712704131773080e+02
1.0862630365356714e-01 1.6953468359485904e-04 1.1609253077391816e-04 9.3714761502644865e+02
1.1136644390180774e-01 1.7168999057897916e-04 1.1901611375642816e-04 9.3716834109248884e+02
1.1417570524068191e-01 1.7391809190481800e-04 1.2201337872485238e-04 9.3718922078579681e+02
1.1705583127625999e-01 1.7622144616237008e-04 1.2508618215451191e-04 9.3721025538705965e+02
1.2000860959774537e-01 1.7860259497919326e-04 1.2823642727907621e-04 9.3723144618779463e+02
1.2303587288696599e-01 1.8106416582495803e-04 1.3146606526767476e-04 9.3725279449044160e+02
1.2613950005585309e-01 1.8360887491071910e-04 1.3477709643162217e-04 9.3727430160845324e+02
1.2932141741261330e-01 1.8623953018610811e-04 1.3817157146150152e-04 9.3729596886638785e+02
1.3258359985731796e-01 1.8895903443775513e-04 1.4165159269536868e-04 9.3731779760000347e+02
1.3592807210765154e-01 1.9177038849235760e-04 1.4521931541886012e-04 9.3733978915635043e+02
1.3935690995558006e-01 1.9467669452793117e-04 1.4887694919800561e-04 9.3736194489386719e+02
1.4287224155571948e-01 1.9768115949689633e-04 1.5262675924556838e-04 9.3738426618247490e+02
1.4647624874620374e-01 2.0078709866477802e-04 1.5647106782175476e-04 9.3740675440367545e+02
1.5017116840287195e-01 2.0399793926842281e-04 1.6041225567015735e-04 9.3742941095064816e+02
1.5395929382761583e-01 2.0731722429777035e-04 1.6445276348981761e-04 9.3745223722834612e+02
1.5784297617174847e-01 2.1074861640535237e-04 1.6859509344431425e-04 9.3747523465359825e+02
1.6182462589527830e-01 2.1429590194783286e-04 1.7284181070880946e-04 9.3749840465520685e+02
1.6590671426299353e-01 2.1796299516404881e-04 1.7719554505600557e-04 9.3752174867404904e+02
1.7009177487828633e-01 2.2175394249416238e-04 1.8165899248199041e-04 9.3754526816317832e+02
1.7438240525566795e-01 2.2567292704469015e-04 1.8623491687297359e-04 9.3756896458792778e+02
1.7878126843295114e-01 2.2972427320433597e-04 1.9092615171394106e-04 9.3759283942601166e+02
1.8329109462410081e-01 2.3391245141572147e-04 1.9573560184028117e-04 9.3761689416763136e+02
1.8791468291377825e-01 2.3824208310827921e-04 2.0066624523346196e-04 9.3764113031557940e+02
1.9265490299463067e-01 2.4271794579775119e-04 2.0572113486186589e-04 9.3766554938534648e+02
1.9751469694840518e-01 2.4734497835792103e-04 2.1090340056791762e-04 9.3769015290522748e+02
2.0249708107199121e-01 2.5212828647039516e-04 2.1621625100266633e-04 9.3771494241642984e+02
2.0760514774952640e-01 2.5707314825844808e-04 2.2166297560901615e-04 9.3773991947318268e+02
2.1284206737172634e-01 2.6218502011114773e-04 2.2724694665482542e-04 9.3776508564284552e+02
2.1821109030363067e-01 2.6746954270418714e-04 2.3297162131712842e-04 9.3779044250602033e+02
2.2371554890198608e-01 2.7293254722406677e-04 2.3884054381876333e-04 9.3781599165666285e+02
2.2935885958351859e-01 2.7858006180249547e-04 2.4485734761872256e-04 9.3784173470219480e+02
2.3514452494537891e-01 2.8441831816810920e-04 2.5102575765757561e-04 9.3786767326361701e+02
2.4107613593907667e-01 2.9045375852284900e-04 2.5734959265934557e-04 9.3789380897562648e+02
2.4715737409925312e-01 2.9669304265058391e-04 2.6383276749126046e-04 9.3792014348672853e+02
2.5339201382867543e-01 3.0314305526582476e-04 2.7047929558282916e-04 9.3794667845935692e+02
2.5978392474087092e-01 3.0981091361063603e-04 2.7729329140573522e-04 9.3797341556998833e+02
2.6633707406185481e-01 3.1670397530812999e-04 2.8427897301607202e-04 9.3800035650926384e+02
2.7305552909244318e-01 3.2382984648120802e-04 2.9144066466048948e-04 9.3802750298210651e+02
2.7994345973267781e-01 3.3119639014550815e-04 2.9878279944785241e-04 9.3805485670784276e+02
2.8700514106993136e-01 3.3881173488582012e-04 3.0630992208805847e-04 9.3808241942032510e+02
2.9424495603229817e-01 3.4668428382554151e-04 3.1402669169970128e-04 9.3811019286805413e+02
3.0166739810891768e-01 3.5482272389907255e-04 3.2193788468830683e-04 9.3813817881430145e+02
3.0927707413891964e-01 3.6323603543738091e-04 3.3004839769691527e-04 9.3816637903723711e+02
3.1707870717072095e-01 3.7193350207731431e-04 3.3836325063082458e-04 9.3819479533005415e+02
3.2507713939344951e-01 3.8092472100559414e-04 3.4688758975835743e-04 9.3822342950109521e+02
3.3327733514231461e-01 3.9021961354879535e-04 3.5562669088956030e-04 9.3825228337398244e+02
3.4168438397978873e-01 3.9982843612099660e-04 3.6458596263479068e-04 9.3828135878774583e+02
3.5030350385451320e-01 4.0976179154118136e-04 3.7377094974519752e-04 9.3831065759695412e+02
3.5914004433988889e-01 4.2003064073287897e-04 3.8318733653715177e-04 9.3834018167184593e+02
3.6819948995436119e-01 4.3064631481895413e-04 3.9284095040273181e-04 9.3836993289846362e+02
3.7748746356546059e-01 4.4162052762489125e-04 4.0273776540842600e-04 9.3839991317878651e+02
3.8700972987971172e-01 4.5296538860437182e-04 4.1288390598426500e-04 9.3843012443086684e+02
3.9677219902057620e-01 4.6469341620140447e-04 4.2328565070565377e-04 9.3846056858896441e+02
4.0678093019665090e-01 4.7681755166375535e-04 4.3394943617022953e-04 9.3849124760368557e+02
4.1704213546239766e-01 4.8935117332291837e-04 4.4488186097212953e-04 9.3852216344212252e+02
4.2756218357373926e-01 5.0230811135638584e-04 4.5608968977611542e-04 9.3855331808799110e+02
4.3834760394091354e-01 5.1570266304850406e-04 4.6757985749405577e-04 9.3858471354177448e+02
4.4940509068104056e-01 5.2954960856675887e-04 4.7935947356633990e-04 9.3861635182086297e+02
4.6074150677291681e-01 5.4386422727089538e-04 4.9143582635085095e-04 9.3864823495969961e+02
4.7236388831661608e-01 5.5866231457286941e-04 5.0381638762220043e-04 9.3868036500992491e+02
4.8427944890053992e-01 5.7396019936623585e-04 5.1650881718398860e-04 9.3871274404052178e+02
4.9649558407862920e-01 5.8977476204420350e-04 5.2952096759692621e-04 9.3874537413796440e+02
5.0901987596051446e-01 6.0612345312624277e-04 5.4286088902572548e-04 9.3877825740636513e+02
5.2186009791745525e-01 6.2302431251379416e-04 5.5653683420773625e-04 9.3881139596762773e+02
5.3502421940698774e-01 6.4049598939632966e-04 5.7055726354638672e-04 9.3884479196159441e+02
5.4852041091927672e-01 6.5855776282973118e-04 5.8493085033255133e-04 9.3887844754620346e+02
5.6235704904824080e-01 6.7722956300969063e-04 5.9966648609706354e-04 9.3891236489763787e+02
5.7654272169059895e-01 6.9653199326361113e-04 6.1477328609765359e-04 9.3894654621048551e+02
5.9108623337606458e-01 7.1648635278526835e-04 6.3026059494368839e-04 9.3898099369789327e+02
6.0599661073199618e-01 7.3711466013732770e-04 6.4613799236216789e-04 9.3901570959172477e+02
6.2128310808589571e-01 7.5843967754764242e-04 6.6241529910851798e-04 9.3905069614272213e+02
6.3695521320923221e-01 7.8048493602614886e-04 6.7910258302581394e-04 9.3908595562066478e+02
6.5302265320615582e-01 8.0327476133007069e-04 6.9621016525615344e-04 9.3912149031453259e+02
6.6949540055075618e-01 8.2683430080608342e-04 7.1374862660799482e-04 9.3915730253266997e+02
6.8638367927661381e-01 8.5118955113905933e-04 7.3172881408337185e-04 9.3919339460294998e+02
7.0369797132248479e-01 8.7636738703801087e-04 7.5016184756899139e-04 9.3922976887294180e+02
7.2144902303805769e-01 9.0239559089088706e-04 7.6905912669532263e-04 9.3926642771007880e+02
7.3964785185382154e-01 9.2930288342094546e-04 7.8843233786789072e-04 9.3930337350182765e+02
7.5830575311918236e-01 9.5711895537852355e-04 8.0829346147508825e-04 9.3934060865585946e+02
7.7743430711307537e-01 9.8587450030318807e-04 8.2865477927693222e-04 9.3937813560022255e+02
7.9704538623142129e-01 1.0156012483924020e-03 8.4952888197929808e-04 9.3941595678351689e+02
8.1715116235589014e-01 1.0463320015140947e-03 8.7092867699828380e-04 9.3945407467506834e+02
8.3776411440854370e-01 1.0781006694017563e-03 8.9286739641946300e-04 9.3949249176510762e+02
8.5889703609704782e-01 1.1109423070720065e-03 9.1535860515691700e-04 9.3953121056494729e+02
8.8056304385525985e-01 1.1448931535059201e-03 9.3841620931704544e-04 9.3957023360716414e+02
9.0277558498412136e-01 1.1799906716367934e-03 9.6205446477229492e-04 9.3960956344577846e+02
9.2554844599790687e-01 1.2162735896884770e-03 9.8628798595005573e-04 9.3964920265643934e+02
9.4889576118101071e-01 1.2537819439098871e-03 1.0111317548421228e-03 9.3968915383660965e+02
9.7283202136058311e-01 1.2925571227528569e-03 1.0366011302402496e-03 9.3972941960575167e+02
9.9737208290045565e-01 1.3326419125420613e-03 1.0627118572034472e-03 9.3977000260551733e+02
1.0225311769219463e+00 1.3740805446874292e-03 1.0894800767628499e-03 9.3981090549993598e+02
1.0483249187572610e+00 1.4169187444911264e-03 1.1169223358700837e-03 9.3985213097560825e+02
1.0747693176413615e+00 1.4612037816029671e-03 1.1450555975952466e-03 9.3989368174189701e+02
1.1018807866483116e+00 1.5069845221799285e-03 1.1738972515807403e-03 9.3993556053112616e+02
1.1296761528782742e+00 1.5543114828073261e-03 1.2034651247573771e-03 9.3997777009877348e+02
1.1581726679014812e+00 1.6032368862411558e-03 1.2337774923293183e-03 9.4002031322367191e+02
1.1873880184656525e+00 1.6538147190330915e-03 1.2648530890345779e-03 9.4006319270820870e+02
1.2173403374735134e+00 1.7061007911017406e-03 1.2967111206879894e-03 9.4010641137852804e+02
1.2480482152372285e+00 1.7601527973158896e-03 1.3293712760137179e-03 9.4014997208473426e+02
1.2795307110167307e+00 1.8160303811576926e-03 1.3628537387745537e-03 9.4019387770109904e+02
1.3118073648491082e+00 1.8737952005360423e-03 1.3971792002054268e-03 9.4023813112626794e+02
1.3448982096763913e+00 1.9335109958227566e-03 1.4323688717587505e-03 9.4028273528346870e+02
1.3788237837792707e+00 1.9952436601866517e-03 1.4684444981694046e-03 9.4032769312072537e+02
1.4136051435244603e+00 2.0590613123031135e-03 1.5054283708473611e-03 9.4037300761106815e+02
1.4492638764336156e+00 2.1250343715193917e-03 1.5433433416061442e-03 9.4041868175275044e+02
1.4858221145819186e+00 2.1932356355585567e-03 1.5822128367355300e-03 9.4046471856946630e+02
1.5233025483346523e+00 2.2637403608478791e-03 1.6220608714271167e-03 9.4051112111056659e+02
1.5617284404302831e+00 2.3366263455602480e-03 1.6629120645615723e-03 9.4055789245128244e+02
1.6011236404187950e+00 2.4119740154602736e-03 1.7047916538666245e-03 9.4060503569294747e+02
1.6415125994642317e+00 2.4898665126497866e-03 1.7477255114550629e-03 9.4065255396322095e+02
1.6829203855206456e+00 2.5703897873106817e-03 1.7917401597522622e-03 9.4070045041631670e+02
1.7253726988908633e+00 2.6536326925463219e-03 1.8368627878229753e-03 9.4074872823323017e+02
1.7688958881777259e+00 2.7396870824261603e-03 1.8831212681073731e-03 9.4079739062197018e+02
1.8135169666377033e+00 2.8286479133417595e-03 1.9305441735765752e-03 9.4084644081779129e+02
1.8592636289470394e+00 2.9206133487860693e-03 1.9791607953181635e-03 9.4089588208342957e+02
1.9061642683908295e+00 3.0156848676715633e-03 2.0290011605624361e-03 9.4094571770933794e+02
1.9542479944856954e+00 3.1139673763067592e-03 2.0800960511604075e-03 9.4099595101392720e+02
2.0035446510469992e+00 3.2155693241546885e-03 2.1324770225248668e-03 9.4104658534380678e+02
2.0540848347118121e+00 3.3206028235010436e-03 2.1861764230460727e-03 9.4109762407402661e+02
2.1058999139291337e+00 3.4291837731640655e-03 2.2412274139939400e-03 9.4114907060832559e+02
2.1590220484291436e+00 3.5414319863826525e-03 2.2976639899188953e-03 9.4120092837937625e+02
2.2134842091835694e+00 3.6574713230238202e-03 2.3555209995638430e-03 9.4125320084903819e+02
2.2693201988695688e+00 3.7774298262554093e-03 2.4148341673000577e-03 9.4130589150860646e+02
2.3265646728498233e+00 3.9014398638348414e-03 2.4756401151000596e-03 9.4135900387906986e+02
2.3852531606818514e+00 4.0296382741698122e-03 2.5379763850609137e-03 9.4141254151136502e+02
2.4454220881699120e+00 4.1621665173121195e-03 2.6018814624916998e-03 9.4146650798663677e+02
2.5071087999731709e+00 4.2991708310512163e-03 2.6673947995792631e-03 9.4152090691649948e+02
2.5703515827841739e+00 4.4408023922797623e-03 2.7345568396466842e-03 9.4157574194330050e+02
2.6351896890919977e+00 4.5872174838091882e-03 2.8034090420192784e-03 9.4163101674038671e+02
2.7016633615448353e+00 4.7385776668193618e-03 2.8739939075133059e-03 9.4168673501237220e+02
2.7698138579271436e+00 4.8950499591326772e-03 2.9463550045629441e-03 9.4174290049541082e+02
2.8396834767668473e+00 5.0568070195092362e-03 3.0205369960014804e-03 9.4179951695746831e+02
2.9113155835884919e+00 5.2240273381665096e-03 3.0965856665130459e-03 9.4185658819859782e+02
2.9847546378286389e+00 5.3968954337336797e-03 3.1745479507716383e-03 9.4191411805121902e+02
3.0600462204302197e+00 5.5756020568580320e-03 3.2544719622846110e-03 9.4197211038040030e+02
3.1372370621329693e+00 5.7603444006880467e-03 3.3364070229582308e-03 9.4203056908413816e+02
3.2163750724774873e+00 5.9513263184654266e-03 3.4204036934032764e-03 9.4208949809364810e+02
3.2975093695409412e+00 6.1487585484661759e-03 3.5065138039992311e-03 9.4214890137364819e+02
3.3806903104228674e+00 6.3528589465389656e-03 3.5947904867359368e-03 9.4220878292265525e+02
3.4659695224999911e+00 6.5638527264973530e-03 3.6852882078521878e-03 9.4226914677327386e+02
3.5533999354694537e+00 6.7819727086311093e-03 3.7780628012910799e-03 9.4232999699249615e+02
3.6430358142003394e+00 7.0074595766108794e-03 3.8731715029925538e-03 9.4239133768199872e+02
3.7349327924139066e+00 7.2405621430696732e-03 3.9706729860440109e-03 9.4245317297844531e+02
3.8291479072134136e+00 7.4815376241542421e-03 4.0706273967104026e-03 9.4251550705379339e+02
3.9257396344849629e+00 7.7306519233492502e-03 4.1730963913657639e-03 9.4257834411559622e+02
4.0247679251913500e+00 7.9881799248874650e-03 4.2781431743486292e-03 9.4264168840731861e+02
4.1262942425814417e+00 8.2544057970697342e-03 4.3858325367644438e-03 9.4270554420864596e+02
4.2303816003381778e+00 8.5296233058294278e-03 4.4962308962585538e-03 9.4276991583580150e+02
4.3370946016888654e+00 8.8141361388873584e-03 4.6094063377839839e-03 9.4283480764186424e+02
4.4464994795020356e+00 9.1082582408548093e-03 4.7254286553888034e-03 9.4290022401709234e+02
4.5586641373957795e+00 9.4123141596545636e-03 4.8443693950485610e-03 9.4296616938924478e+02
4.6736581918830495e+00 9.7266394046420877e-03 4.9663018985697822e-03 9.4303264822390952e+02
4.7915530155800878e+00 1.0051580816822055e-02 5.0913013485912595e-03 9.4309966502483542e+02
4.9124217815048006e+00 1.0387496951568723e-02 5.2194448147104998e-03 9.4316722433426401e+02
5.0363395084925857e+00 1.0734758474272528e-02 5.3508113007633938e-03 9.4323533073326632e+02
5.1633831077577952e+00 1.1093748569349417e-02 5.4854817932858358e-03 9.4330398884208171e+02
5.2936314306297136e+00 1.1464863363064232e-02 5.6235393111867373e-03 9.4337320332046215e+02
5.4271653174927028e+00 1.1848512360634738e-02 5.7650689566626535e-03 9.4344297886801576e+02
5.5640676479608793e+00 1.2245118898098605e-02 5.9101579673849379e-03 9.4351332022455631e+02
5.7044233923184766e+00 1.2655120609441984e-02 6.0588957699911385e-03 9.4358423217045708e+02
5.8483196642577999e+00 1.3078969909505073e-02 6.2113740349131422e-03 9.4365571952700293e+02
5.9958457749475080e+00 1.3517134493197532e-02 6.3676867325753138e-03 9.4372778715675133e+02
6.1470932884648048e+00 1.3970097851574680e-02 6.5279301909968151e-03 9.4380043996389384e+02
6.3021560786259316e+00 1.4438359805343899e-02 6.6922031548330681e-03 9.4387368289461892e+02
6.4611303872502139e+00 1.4922437056389893e-02 6.8606068458921298e-03 9.4394752093748343e+02
6.6241148838938457e+00 1.5422863757927415e-02 7.0332450251627829e-03 9.4402195912378329e+02
6.7912107270904851e+00 1.5940192103910608e-02 7.2102240563919487e-03 9.4409700252792777e+02
6.9625216271366792e+00 1.6474992938349385e-02 7.3916529712500009e-03 9.4417265626781875e+02
7.1381539104610559e+00 1.7027856385205070e-02 7.5776435361234618e-03 9.4424892550523407e+02
7.3182165856172521e+00 1.7599392499560433e-02 7.7683103205756394e-03 9.4432581544621166e+02
7.5028214109415554e+00 1.8190231940782679e-02 7.9637707675166963e-03 9.4440333134143918e+02
7.6920829639172377e+00 1.8801026668422184e-02 8.1641452651256656e-03 9.4448147848664848e+02
7.8861187122886083e+00 1.9432450661614763e-02 8.3695572205680375e-03 9.4456026222300886e+02
8.0850490869689580e+00 2.0085200662781386e-02 8.5801331355535183e-03 9.4463968793753031e+02
8.2889975567876384e+00 2.0759996946445994e-02 8.7960026837798286e-03 9.4471976106346585e+02
8.4980907051226708e+00 2.1457584114019729e-02 9.0172987903093891e-03 9.4480048708071911e+02
8.7124583084664273e+00 2.2178731915428518e-02 9.2441577129269599e-03 9.4488187151625561e+02
8.9322334169731548e+00 2.2924236098490702e-02 9.4767191255274892e-03 9.4496391994451835e+02
9.1575524370383636e+00 2.3694919286981982e-02 9.7151262035846848e-03 9.4504663798784736e+02
9.3885552159613148e+00 2.4491631888356555e-02 9.9595257117520257e-03 9.4513003131690084e+02
9.6253851287431225e+00 2.5315253032125958e-02 1.0210068093649161e-02 9.4521410565108295e+02
9.8681891670744069e+00 2.6166691539931265e-02 1.0466907563888064e-02 9.4529886675897569e+02
1.0117118030567630e+01 2.7046886928378745e-02 1.0730202202394581e-02 9.4538432045877084e+02
1.0372326220290915e+01 2.7956810445746126e-02 1.1000114051082446e-02 9.4547047261871262e+02
1.0633972134661196e+01 2.8897466143702748e-02 1.1276809212938150e-02 9.4555732915753640e+02
1.0902218167756304e+01 2.9869891985226455e-02 1.1560457953576532e-02 9.4564489604491860e+02
1.1177230810107112e+01 3.0875160989940156e-02 1.1851234805328577e-02 9.4573317930192718e+02
1.1459180752032097e+01 3.1914382418131125e-02 1.2149318673924195e-02 9.4582218500147690e+02
1.1748242989578607e+01 3.2988702994760123e-02 1.2454892947834421e-02 9.4591191926878946e+02
1.2044596933136537e+01 3.4099308174810758e-02 1.2768145610339170e-02 9.4600238828185581e+02
1.2348426518791767e+01 3.5247423451375146e-02 1.3089269354388006e-02 9.4609359827190644e+02
1.2659920322488652e+01 3.6434315707919863e-02 1.3418461700323535e-02 9.4618555552388307e+02
1.2979271677072209e+01 3.7661294616223660e-02 1.3755925116538186e-02 9.4627826637691612e+02
1.3306678792282712e+01 3.8929714081529641e-02 1.4101867143137273e-02 9.4637173722480657e+02
1.3642344877777335e+01 4.0240973736507181e-02 1.4456500518683104e-02 9.4646597451651041e+02
1.3986478269254922e+01 4.1596520485671168e-02 1.4820043310096204e-02 9.4656098475663157e+02
1.4339292557762374e+01 4.2997850101963296e-02 1.5192719045792311e-02 9.4665677450591534e+02
1.4701006722262829e+01 4.4446508877257207e-02 1.5574756852135179e-02 9.4675335038174921e+02
1.5071845265547873e+01 4.5944095328608124e-02 1.5966391593287440e-02 9.4685071905866778e+02
1.5452038353578311e+01 4.7492261962130848e-02 1.6367864014543949e-02 9.4694888726886211e+02
1.5841821958339757e+01 4.9092717096451223e-02 1.6779420889233686e-02 9.4704786180269321e+02
1.6241438004301777e+01 5.0747226747743630e-02 1.7201315169278770e-02 9.4714764950921096e+02
1.6651134518571688e+01 5.2457616578435277e-02 1.7633806139501336e-02 9.4724825729667930e+02
1.7071165784835877e+01 5.4225773911726297e-02 1.8077159575770944e-02 9.4734969213310433e+02
1.7501792501184429e+01 5.6053649814149412e-02 1.8531647907087792e-02 9.4745196104676882e+02
1.7943281941916933e+01 5.7943261248467021e-02 1.8997550381699209e-02 9.4755507112677060e+02
1.8395908123429830e+01 5.9896693299280830e-02 1.9475153237349260e-02 9.4765902952356475e+02
1.8859951974288514e+01 6.1916101473811110e-02 1.9964749875763934e-02 9.4776384344951862e+02
1.9335701509589370e+01 6.4003714080382676e-02 2.0466641041476698e-02 9.4786952017945953e+02
1.9823452009720210e+01 6.6161834687243085e-02 2.0981135005101761e-02 9.4797606705123940e+02
2.0323506203630142e+01 6.8392844664426841e-02 2.1508547751165515e-02 9.4808349146629689e+02
2.0836174456722311e+01 7.0699205811468782e-02 2.2049203170608451e-02 9.4819180089022927e+02
2.1361774963486422e+01 7.3083463073867622e-02 2.2603433258073485e-02 9.4830100285336937e+02
2.1900633944990460e+01 7.5548247351296546e-02 2.3171578314099075e-02 9.4841110495136354e+02
2.2453085851354132e+01 7.8096278400659025e-02 2.3753987152338080e-02 9.4852211484576253e+02
2.3019473569329989e+01 8.0730367837195019e-02 2.4351017311927389e-02 9.4863404026461171e+02
2.3600148635120672e+01 8.3453422236946864e-02 2.4963035275134902e-02 9.4874688900304932e+02
2.4195471452564533e+01 8.6268446344009292e-02 2.5590416690414744e-02 9.4886066892391057e+02
2.4805811516825301e+01 8.9178546386103591e-02 2.6233546601004482e-02 9.4897538795833941e+02
2.5431547643724162e+01 9.2186933502132445e-02 2.6892819679201055e-02 9.4909105410640109e+02
2.6073068204856941e+01 9.5296927285499114e-02 2.7568640466455862e-02 9.4920767543770592e+02
2.6730771368642237e+01 9.8511959447100464e-02 2.8261423619432929e-02 9.4932526009203468e+02
2.7405065347449902e+01 1.0183557760203468e-01 2.8971594162176949e-02 9.4944381627997529e+02
2.8096368650963761e+01 1.0527144918420475e-01 2.9699587744543038e-02 9.4956335228355806e+02
2.8805110345935219e+01 1.0882336549313402e-01 3.0445850907041667e-02 9.4968387645690643e+02
2.9531730322489270e+01 1.1249524587746101e-01 3.1210841352258038e-02 9.4980539722688491e+02
3.0276679567148413e+01 1.1629114205973064e-01 3.1995028223007933e-02 9.4992792309375943e+02
3.1040420442743439e+01 1.2021524260725162e-01 3.2798892387396077e-02 9.5005146263186214e+02
3.1823426975385200e+01 1.2427187755395538e-01 3.3622926730947640e-02 9.5017602449026094e+02
3.2626185148675376e+01 1.2846552317835591e-01 3.4467636455987223e-02 9.5030161739343930e+02
3.3449193205338624e+01 1.3280080694288157e-01 3.5333539388443941e-02 9.5042825014198013e+02
3.4292961956463884e+01 1.3728251260003210e-01 3.6221166292266446e-02 9.5055593161325373e+02
3.5158015098546080e+01 1.4191558547099181e-01 3.7131061191634424e-02 9.5068467076211914e+02
3.6044889538525361e+01 1.4670513790252504e-01 3.8063781701159566e-02 9.5081447662162668e+02
3.6954135727025815e+01 1.5165645490817667e-01 3.9019899364272970e-02 9.5094535830372865e+02
3.7886318000000003e+01 1.5677500000000000e-01 4.0000000000000001e-02 9.5107915600000001e+02
4.3061947000000004e+01 1.8412100000000001e-01 4.5440000000000001e-02 9.5171987000000001e+02
4.8240786000000000e+01 2.1031300000000000e-01 5.0880000000000002e-02 9.5226398700000004e+02
5.3422358000000003e+01 2.3527799999999999e-01 5.6320000000000002e-02 9.5272972900000002e+02
5.8606288999999997e+01 2.5930100000000000e-01 6.1760000000000002e-02 9.5313635499999998e+02
6.3792309000000003e+01 2.8299900000000000e-01 6.7199999999999996e-02 9.5350339199999996e+02
6.8980255000000000e+01 3.0728400000000000e-01 7.2639999999999996e-02 9.5385006699999997e+02
7.4170068000000001e+01 3.3333000000000002e-01 7.8079999999999997e-02 9.5419489299999998e+02
7.9361784999999998e+01 3.6253400000000002e-01 8.3519999999999997e-02 9.5455541000000005e+02
8.4555536000000004e+01 3.9648200000000000e-01 8.8959999999999997e-02 9.5494802100000004e+02
8.9751538999999994e+01 4.3691300000000000e-01 9.4399999999999998e-02 9.5538790800000004e+02
9.4950086999999996e+01 4.8569400000000001e-01 9.9839999999999998e-02 9.5588899000000004e+02
1.0015154900000000e+02 5.4478599999999999e-01 1.0528000000000000e-01 9.5646391600000004e+02
1.0535633900000001e+02 6.1483200000000005e-01 1.1072000000000000e-01 9.5711131699999999e+02
1.1056483799999999e+02 6.9720599999999999e-01 1.1616000000000000e-01 9.5783615599999996e+02
1.1577753600000000e+02 7.9533100000000001e-01 1.2160000000000000e-01 9.5866019800000004e+02
1.2099500600000000e+02 9.1167799999999999e-01 1.2703999999999999e-01 9.5959465399999999e+02
1.2621787000000000e+02 1.0485080000000000e+00 1.3247999999999999e-01 9.6064770899999996e+02
1.3144679199999999e+02 1.2079700000000000e+00 1.3791999999999999e-01 9.6182570599999997e+02
1.3668246700000000e+02 1.3921200000000000e+00 1.4335999999999999e-01 9.6313361499999996e+02
1.4192561100000000e+02 1.6029370000000001e+00 1.4879999999999999e-01 9.6457529899999997e+02
1.4717696000000001e+02 1.8423200000000000e+00 1.5423999999999999e-01 9.6615369799999996e+02
1.5243726500000000e+02 2.1120969999999999e+00 1.5967999999999999e-01 9.6787097500000004e+02
1.5770728600000001e+02 2.4140229999999998e+00 1.6511999999999999e-01 9.6972863800000005e+02
1.6298778799999999e+02 2.7497840000000000e+00 1.7055999999999999e-01 9.7172763599999996e+02
1.6827954299999999e+02 3.1210040000000001e+00 1.7599999999999999e-01 9.7386846000000003e+02
1.7358332300000001e+02 3.5292430000000001e+00 1.8143999999999999e-01 9.7615121699999997e+02
1.7889989900000000e+02 3.9760089999999999e+00 1.8687999999999999e-01 9.7857570399999997e+02
1.8423004100000000e+02 4.4627559999999997e+00 1.9231999999999999e-01 9.8114146600000004e+02
1.8957451699999999e+02 4.9908970000000004e+00 1.9775999999999999e-01 9.8384785399999998e+02
1.9493408900000000e+02 5.5617979999999996e+00 2.0319999999999999e-01 9.8669406400000003e+02
2.0030951600000000e+02 6.1767909999999997e+00 2.0863999999999999e-01 9.8967917699999998e+02
2.0570155000000000e+02 6.8371760000000004e+00 2.1407999999999999e-01 9.9280218400000001e+02
2.1111094000000000e+02 7.5442190000000000e+00 2.1951999999999999e-01 9.9606201599999997e+02
2.1653842599999999e+02 8.2991609999999998e+00 2.2495999999999999e-01 9.9945755499999996e+02
2.2198474500000000e+02 9.1032159999999998e+00 2.3039999999999999e-01 1.0029876490000000e+03
2.2745062500000000e+02 9.9575720000000008e+00 2.3583999999999999e-01 1.0066511190000000e+03
2.3293678800000001e+02 1.0863395000000001e+01 2.4127999999999999e-01 1.0104467650000000e+03
2.3844395100000000e+02 1.1821823999999999e+01 2.4671999999999999e-01 1.0143733660000000e+03
2.4397282300000001e+02 1.2833974000000000e+01 2.5216000000000000e-01 1.0184296820000000e+03
2.4952410599999999e+02 1.3900935000000000e+01 2.5760000000000000e-01 1.0226144490000000e+03
2.5509849600000001e+02 1.5023766999999999e+01 2.6304000000000000e-01 1.0269263759999999e+03
2.6069668200000001e+02 1.6203503000000001e+01 2.6848000000000000e-01 1.0313641419999999e+03
2.6631934400000000e+02 1.7441141999999999e+01 2.7392000000000000e-01 1.0359263900000001e+03
2.7196715699999999e+02 1.8737653999999999e+01 2.7936000000000000e-01 1.0406117220000001e+03
2.7764078599999999e+02 2.0093969999999999e+01 2.8480000000000000e-01 1.0454186970000001e+03
2.8334088900000000e+02 2.1510981999999998e+01 2.9024000000000000e-01 1.0503458200000000e+03
2.8906811599999997e+02 2.2989547000000002e+01 2.9568000000000000e-01 1.0553915460000001e+03
2.9482310899999999e+02 2.4530473000000001e+01 3.0112000000000000e-01 1.0605542690000000e+03
3.0060649899999999e+02 2.6134530000000002e+01 3.0656000000000000e-01 1.0658323270000001e+03
3.0641890899999999e+02 2.7802437000000001e+01 3.1200000000000000e-01 1.0712239920000000e+03
3.1226095400000003e+02 2.9534866000000001e+01 3.1744000000000000e-01 1.0767274749999999e+03
3.1813323600000001e+02 3.1332442000000000e+01 3.2288000000000000e-01 1.0823409250000000e+03
3.2403634899999997e+02 3.3195735999999997e+01 3.2832000000000000e-01 1.0880624250000001e+03
3.2997087599999998e+02 3.5125270000000000e+01 3.3376000000000000e-01 1.0938900010000000e+03
3.3593738800000000e+02 3.7121512000000003e+01 3.3920000000000000e-01 1.0998216150000001e+03
3.4193644599999999e+02 3.9184880000000000e+01 3.4464000000000000e-01 1.1058551769999999e+03
3.4796859999999998e+02 4.1315736000000001e+01 3.5008000000000000e-01 1.1119885429999999e+03
3.5403438599999998e+02 4.3514394000000003e+01 3.5552000000000000e-01 1.1182195190000000e+03
3.6013432899999998e+02 4.5781112000000000e+01 3.6096000000000000e-01 1.1245458679999999e+03
3.6626894299999998e+02 4.8116101999999998e+01 3.6640000000000000e-01 1.1309653140000000e+03
3.7243827599999997e+02 5.0375672000000002e+01 3.7184000000000000e-01 1.1370874690000001e+03
3.7863829900000002e+02 5.2362782000000003e+01 3.7728000000000000e-01 1.1423922470000000e+03
3.8486643700000002e+02 5.4286549999999998e+01 3.8272000000000000e-01 1.1474541750000001e+03
3.9112173000000001e+02 5.6187778999999999e+01 3.8816000000000001e-01 1.1523861119999999e+03
3.9740361200000001e+02 5.8083326999999997e+01 3.9360000000000001e-01 1.1572348410000000e+03
4.0371170699999999e+02 5.9982455000000002e+01 3.9904000000000001e-01 1.1620260280000000e+03
4.1004574800000000e+02 6.1890996000000001e+01 4.0448000000000001e-01 1.1667757540000000e+03
4.1640554100000003e+02 6.3812941000000002e+01 4.0992000000000001e-01 1.1714949340000001e+03
4.2279082599999998e+02 6.5689160999999999e+01 4.1536000000000001e-01 1.1760417900000000e+03
4.2919920700000000e+02 6.7372052999999994e+01 4.2080000000000001e-01 1.1800665400000000e+03
4.3562922300000002e+02 6.9042924999999997e+01 4.2624000000000001e-01 1.1840111130000000e+03
4.4208060999999998e+02 7.0723263000000003e+01 4.3168000000000001e-01 1.1879277020000000e+03
4.4855326900000000e+02 7.2420137999999994e+01 4.3712000000000001e-01 1.1918333020000000e+03
4.5504716600000000e+02 7.4137123000000003e+01 4.4256000000000001e-01 1.1957363160000000e+03
4.6156229999999999e+02 7.5876388000000006e+01 4.4800000000000001e-01 1.1996416780000000e+03
4.6809869400000002e+02 7.7639398000000000e+01 4.5344000000000001e-01 1.2035525840000000e+03
4.7465638300000001e+02 7.9427214000000006e+01 4.5888000000000001e-01 1.2074712310000000e+03
4.8123541599999999e+02 8.1240646999999996e+01 4.6432000000000001e-01 1.2113991930000000e+03
4.8783584500000001e+02 8.3080341000000004e+01 4.6976000000000001e-01 1.2153376300000000e+03
4.9445773000000003e+02 8.4946821000000000e+01 4.7520000000000001e-01 1.2192874139999999e+03
5.0110113500000000e+02 8.6840525000000000e+01 4.8064000000000001e-01 1.2232492040000000e+03
5.0776612699999998e+02 8.8761826999999997e+01 4.8608000000000001e-01 1.2272235029999999e+03
5.1445277399999998e+02 9.0711050000000000e+01 4.9152000000000001e-01 1.2312106910000000e+03
5.2116114800000003e+02 9.2688473999999999e+01 4.9696000000000001e-01 1.2352110560000001e+03
5.2789132099999995e+02 9.4694349000000003e+01 5.0239999999999996e-01 1.2392248059999999e+03
5.3464336600000001e+02 9.6728893999999997e+01 5.0783999999999996e-01 1.2432520910000001e+03
5.4141735800000004e+02 9.8792305999999996e+01 5.1327999999999996e-01 1.2472930080000001e+03
5.4821337000000005e+02 1.0088476300000001e+02 5.1871999999999996e-01 1.2513476120000000e+03
5.5503147700000000e+02 1.0300642400000000e+02 5.2415999999999996e-01 1.2554159230000000e+03
5.6187175400000001e+02 1.0515743100000000e+02 5.2959999999999996e-01 1.2594979300000000e+03
5.6873427500000003e+02 1.0733791600000001e+02 5.3503999999999996e-01 1.2635935990000000e+03
5.7561911399999997e+02 1.0954799600000000e+02 5.4047999999999996e-01 1.2677028700000001e+03
5.8252634599999999e+02 1.1178777700000001e+02 5.4591999999999996e-01 1.2718256690000001e+03
5.8945604300000002e+02 1.1405735500000000e+02 5.5135999999999996e-01 1.2759619009999999e+03
5.9640827899999999e+02 1.1635681700000001e+02 5.5679999999999996e-01 1.2801114600000001e+03
6.0338312499999995e+02 1.1868624199999999e+02 5.6223999999999996e-01 1.2842742260000000e+03
6.1038065300000005e+02 1.2104570000000000e+02 5.6767999999999996e-01 1.2884500700000001e+03
6.1740093400000001e+02 1.2343525300000000e+02 5.7311999999999996e-01 1.2926388529999999e+03
6.2444403699999998e+02 1.2585495700000000e+02 5.7855999999999996e-01 1.2968404260000000e+03
6.3151003300000002e+02 1.2830486200000001e+02 5.8399999999999996e-01 1.3010546360000001e+03
6.3859898999999996e+02 1.3078501199999999e+02 5.8943999999999996e-01 1.3052813229999999e+03
6.4571097399999996e+02 1.3329544400000000e+02 5.9487999999999996e-01 1.3095203210000000e+03
6.5284605199999999e+02 1.3583618999999999e+02 6.0031999999999996e-01 1.3137714590000000e+03
6.6000428999999997e+02 1.3840727799999999e+02 6.0575999999999997e-01 1.3180345649999999e+03
6.6718575299999998e+02 1.4100873000000001e+02 6.1119999999999997e-01 1.3223094610000001e+03
6.7439050399999996e+02 1.4364056400000001e+02 6.1663999999999997e-01 1.3265959680000001e+03
6.8161860600000000e+02 1.4630279400000001e+02 6.2207999999999997e-01 1.3308939040000000e+03
6.8887012100000004e+02 1.4899543000000000e+02 6.2751999999999997e-01 1.3352030840000000e+03
6.9614510900000005e+02 1.5171847600000001e+02 6.3295999999999997e-01 1.3395233250000001e+03
7.0344362999999998e+02 1.5447193700000000e+02 6.3839999999999997e-01 1.3438544410000000e+03
7.1076574200000005e+02 1.5725580900000000e+02 6.4383999999999997e-01 1.3481962440000000e+03
7.1811150399999997e+02 1.6007008999999999e+02 6.4927999999999997e-01 1.3525485480000000e+03
7.2548097199999995e+02 1.6291477000000000e+02 6.5471999999999997e-01 1.3569111670000000e+03
7.3287420099999997e+02 1.6578983900000000e+02 6.6015999999999997e-01 1.3612839120000001e+03
7.4029124600000000e+02 1.6869528399999999e+02 6.6559999999999997e-01 1.3656665980000000e+03
7.4773216000000002e+02 1.7163108900000000e+02 6.7103999999999997e-01 1.3700590390000000e+03
7.5519699700000001e+02 1.7459723600000001e+02 6.7647999999999997e-01 1.3744610490000000e+03
7.6268580799999995e+02 1.7759370200000001e+02 6.8191999999999997e-01 1.3788724450000000e+03
7.7019864299999995e+02 1.8062046500000000e+02 6.8735999999999997e-01 1.3832930420000000e+03
7.7773555199999998e+02 1.8367749900000001e+02 6.9279999999999997e-01 1.3877226590000000e+03
7.8529658300000006e+02 1.8676477700000001e+02 6.9823999999999997e-01 1.3921611160000000e+03
7.9288178400000004e+02 1.8988226900000001e+02 7.0367999999999997e-01 1.3966082329999999e+03
8.0049120200000004e+02 1.9302994400000000e+02 7.0911999999999997e-01 1.4010638320000000e+03
8.0812488299999995e+02 1.9620776799999999e+02 7.1455999999999997e-01 1.4055277369999999e+03
8.1578287000000000e+02 1.9941570800000000e+02 7.1999999999999997e-01 1.4099997739999999e+03
8.2346520799999996e+02 2.0265372700000000e+02 7.2543999999999997e-01 1.4144797699999999e+03
8.3117193999999995e+02 2.0592178699999999e+02 7.3087999999999997e-01 1.4189675549999999e+03
8.3890310699999998e+02 2.0921984800000001e+02 7.3631999999999997e-01 1.4234629590000000e+03
8.4665875100000005e+02 2.1254787099999999e+02 7.4175999999999997e-01 1.4279658150000000e+03
8.5443891199999996e+02 2.1590581399999999e+02 7.4719999999999998e-01 1.4324759590000001e+03
8.6224362799999994e+02 2.1929363400000000e+02 7.5263999999999998e-01 1.4369932280000000e+03
8.7007293800000002e+02 2.2271128600000000e+02 7.5807999999999998e-01 1.4415174600000000e+03
8.7792688099999998e+02 2.2615872500000000e+02 7.6351999999999998e-01 1.4460484970000000e+03
8.8580549099999996e+02 2.2963590700000000e+02 7.6895999999999998e-01 1.4505861820000000e+03
8.9370880499999998e+02 2.3314278300000001e+02 7.7439999999999998e-01 1.4551303600000001e+03
9.0163685799999996e+02 2.3667930500000000e+02 7.7983999999999998e-01 1.4596808790000000e+03
9.0958968400000003e+02 2.4024542600000001e+02 7.8527999999999998e-01 1.4642375890000001e+03
9.1756731500000001e+02 2.4384109500000000e+02 7.9071999999999998e-01 1.4688003420000000e+03
9.2556978600000002e+02 2.4746626300000000e+02 7.9615999999999998e-01 1.4733689899999999e+03
9.3359712700000000e+02 2.5112087800000000e+02 8.0159999999999998e-01 1.4779433910000000e+03
9.4164936899999998e+02 2.5480489000000000e+02 8.0703999999999998e-01 1.4825234020000000e+03
9.4972654199999999e+02 2.5851824599999998e+02 8.1247999999999998e-01 1.4871088850000001e+03
9.5782867599999997e+02 2.6226089300000001e+02 8.1791999999999998e-01 1.4916997010000000e+03
9.6595579999999995e+02 2.6603278000000000e+02 8.2335999999999998e-01 1.4962957150000000e+03
9.7410794099999998e+02 2.6983385099999998e+02 8.2879999999999998e-01 1.5008967940000000e+03
9.8228512599999999e+02 2.7366405400000002e+02 8.3423999999999998e-01 1.5055028070000001e+03
9.9048738200000003e+02 2.7752333399999998e+02 8.3967999999999998e-01 1.5101136260000001e+03
9.9871473500000002e+02 2.8141163699999998e+02 8.4511999999999998e-01 1.5147291220000000e+03
1.0069672090000000e+03 2.8532890700000002e+02 8.5055999999999998e-01 1.5193491710000001e+03
1.0152448300000000e+03 2.8927508899999998e+02 8.5599999999999998e-01 1.5239736510000000e+03
1.0235476210000000e+03 2.9325012900000002e+02 8.6143999999999998e-01 1.5286024410000000e+03
1.0318756050000000e+03 2.9725396999999998e+02 8.6687999999999998e-01 1.5332354220000000e+03
1.0402288040000001e+03 3.0128655600000002e+02 8.7231999999999998e-01 1.5378724780000000e+03
1.0486072409999999e+03 3.0534783299999998e+02 8.7775999999999998e-01 1.5425134949999999e+03
1.0570109370000000e+03 3.0943774300000001e+02 8.8319999999999999e-01 1.5471583579999999e+03
1.0654399120000000e+03 3.1355623100000003e+02 8.8863999999999999e-01 1.5518069590000000e+03
1.0738941860000000e+03 3.1770324099999999e+02 8.9407999999999999e-01 1.5564591889999999e+03
1.0823737790000000e+03 3.2187871600000000e+02 8.9951999999999999e-01 1.5611149410000000e+03
1.0908787100000000e+03 3.2608260100000001e+02 9.0495999999999999e-01 1.5657741100000001e+03
1.0994089970000000e+03 3.3031483900000001e+02 9.1039999999999999e-01 1.5704365940000000e+03
1.1079646570000000e+03 3.3457537600000001e+02 9.1583999999999999e-01 1.5751022920000000e+03
1.1165457080000001e+03 3.3886415399999998e+02 9.2127999999999999e-01 1.5797711059999999e+03
1.1251521670000000e+03 3.4318112000000002e+02 9.2671999999999999e-01 1.5844429390000000e+03
1.1337840490000001e+03 3.4752621699999997e+02 9.3215999999999999e-01 1.5891176960000000e+03
1.1424413709999999e+03 3.5189939199999998e+02 9.3759999999999999e-01 1.5937952849999999e+03
1.1511241480000001e+03 3.5630058900000000e+02 9.4303999999999999e-01 1.5984756150000001e+03
1.1598323929999999e+03 3.6072975500000001e+02 9.4847999999999999e-01 1.6031585990000001e+03
1.1685661220000000e+03 3.6518683700000003e+02 9.5391999999999999e-01 1.6078441490000000e+03
1.1773253480000001e+03 3.6967178300000000e+02 9.5935999999999999e-01 1.6125321810000000e+03
1.1861100850000000e+03 3.7418454000000003e+02 9.6479999999999999e-01 1.6172226149999999e+03
1.1949203439999999e+03 3.7872505999999998e+02 9.7023999999999999e-01 1.6219153719999999e+03
1.2037561390000001e+03 3.8329329200000001e+02 9.7567999999999999e-01 1.6266103740000001e+03
1.2126174820000001e+03 3.8788918999999999e+02 9.8111999999999999e-01 1.6313075490000001e+03
1.2215043840000001e+03 3.9251270899999997e+02 9.8655999999999999e-01 1.6360068260000000e+03
1.2304168569999999e+03 3.9716380500000002e+02 9.9199999999999999e-01 1.6407081410000001e+03
1.2393549109999999e+03 4.0184244200000001e+02 9.9743999999999999e-01 1.6454114310000000e+03
1.2483185570000001e+03 4.0654858400000001e+02 1.0028800000000000e+00 1.6501166420000000e+03
1.2573078049999999e+03 4.1128220599999997e+02 1.0083200000000001e+00 1.6548237270000000e+03
1.2663226660000000e+03 4.1604329200000001e+02 1.0137600000000000e+00 1.6595326500000001e+03
1.2753631490000000e+03 4.2083184499999999e+02 1.0192000000000001e+00 1.6642433940000001e+03
1.2844292650000000e+03 4.2564789700000000e+02 1.0246400000000000e+00 1.6689559720000000e+03
1.2935210219999999e+03 4.3049156099999999e+02 1.0300800000000001e+00 1.6736704720000000e+03
1.3026384340000000e+03 4.3536334199999999e+02 1.0355200000000000e+00 1.6783873659999999e+03
1.3117815129999999e+03 4.4026307600000001e+02 1.0409600000000001e+00 1.6831064679999999e+03
1.3209502669999999e+03 4.4518934800000000e+02 1.0464000000000000e+00 1.6878264019999999e+03
1.3301447000000001e+03 4.5014209599999998e+02 1.0518400000000001e+00 1.6925471000000000e+03
1.3393648169999999e+03 4.5512125900000001e+02 1.0572800000000000e+00 1.6972684939999999e+03
1.3486106199999999e+03 4.6012677600000001e+02 1.0627200000000001e+00 1.7019905200000001e+03
1.3578821140000000e+03 4.6515858500000002e+02 1.0681600000000000e+00 1.7067131150000000e+03
1.3671793009999999e+03 4.7021662500000002e+02 1.0736000000000001e+00 1.7114362149999999e+03
1.3765021839999999e+03 4.7530083600000000e+02 1.0790400000000000e+00 1.7161597589999999e+03
1.3858507640000000e+03 4.8041115700000000e+02 1.0844800000000001e+00 1.7208836870000000e+03
1.3952250449999999e+03 4.8554752900000000e+02 1.0899200000000000e+00 1.7256079390000000e+03
1.4046250259999999e+03 4.9070989100000003e+02 1.0953599999999999e+00 1.7303324580000001e+03
1.4140507110000001e+03 4.9589818300000002e+02 1.1008000000000000e+00 1.7350571860000000e+03
1.4235020990000000e+03 5.0111234700000000e+02 1.1062399999999999e+00 1.7397820670000001e+03
1.4329791920000000e+03 5.0635232300000001e+02 1.1116800000000000e+00 1.7445070479999999e+03
1.4424819890000001e+03 5.1161805199999998e+02 1.1171199999999999e+00 1.7492320729999999e+03
1.4520104910000000e+03 5.1690947500000004e+02 1.1225600000000000e+00 1.7539570910000000e+03
1.4615646979999999e+03 5.2222653500000001e+02 1.1279999999999999e+00 1.7586820490000000e+03
1.4711446089999999e+03 5.2756917299999998e+02 1.1334400000000000e+00 1.7634068960000000e+03
1.4807502230000000e+03 5.3293733099999997e+02 1.1388799999999999e+00 1.7681315830000001e+03
1.4903815400000001e+03 5.3833095100000003e+02 1.1443200000000000e+00 1.7728560610000000e+03
1.5000385580000000e+03 5.4374997699999994e+02 1.1497599999999999e+00 1.7775802810000000e+03
1.5097212760000000e+03 5.4919435099999998e+02 1.1552000000000000e+00 1.7823041969999999e+03
1.5194296919999999e+03 5.5466401599999995e+02 1.1606399999999999e+00 1.7870277619999999e+03
1.5291638029999999e+03 5.6015891599999998e+02 1.1660800000000000e+00 1.7917509310000000e+03
1.5389236080000001e+03 5.6567899399999999e+02 1.1715199999999999e+00 1.7964736590000000e+03
1.5487091040000000e+03 5.7122419400000001e+02 1.1769600000000000e+00 1.8011959030000000e+03
1.5585202879999999e+03 5.7679446099999996e+02 1.1823999999999999e+00 1.8059176199999999e+03
1.5683571569999999e+03 5.8238973799999997e+02 1.1878400000000000e+00 1.8106387669999999e+03
1.5782197080000001e+03 5.8800997099999995e+02 1.1932799999999999e+00 1.8153593040000001e+03
1.5881079380000001e+03 5.9365510400000005e+02 1.1987200000000000e+00 1.8200791890000000e+03
1.5980218430000000e+03 5.9932508199999995e+02 1.2041599999999999e+00 1.8247983839999999e+03
1.6079614190000000e+03 6.0501985100000002e+02 1.2096000000000000e+00 1.8295168480000000e+03
1.6179266620000001e+03 6.1073935600000004e+02 1.2150399999999999e+00 1.8342345439999999e+03
1.6279175670000000e+03 6.1648354300000005e+02 1.2204800000000000e+00 1.8389514340000001e+03
1.6379341310000000e+03 6.2225235899999996e+02 1.2259199999999999e+00 1.8436674810000000e+03
1.6479763479999999e+03 6.2804574900000000e+02 1.2313600000000000e+00 1.8483826489999999e+03
1.6580442140000000e+03 6.3386365899999998e+02 1.2367999999999999e+00 1.8530969020000000e+03
1.6681377230000001e+03 6.3970603800000004e+02 1.2422400000000000e+00 1.8578102050000000e+03
1.6782568710000000e+03 6.4557283099999995e+02 1.2476799999999999e+00 1.8625225240000000e+03
1.6884016520000000e+03 6.5146398699999997e+02 1.2531200000000000e+00 1.8672338259999999e+03
1.6985720590000001e+03 6.5737945200000001e+02 1.2585599999999999e+00 1.8719440770000001e+03
1.7087680880000000e+03 6.6331917399999998e+02 1.2640000000000000e+00 1.8766532450000000e+03
1.7189897329999999e+03 6.6928309999999999e+02 1.2694399999999999e+00 1.8813612980000000e+03
1.7292369839999999e+03 6.7526380600000005e+02 1.2748800000000000e+00 1.8860624190000001e+03
1.7395096300000000e+03 6.8118007000000000e+02 1.2803199999999999e+00 1.8906930920000000e+03
1.7498073629999999e+03 6.8707763399999999e+02 1.2857600000000000e+00 1.8952895480000000e+03
1.7601300440000000e+03 6.9297392900000000e+02 1.2911999999999999e+00 1.8998656120000001e+03
1.7704775770000001e+03 6.9887565600000005e+02 1.2966400000000000e+00 1.9044266350000000e+03
1.7808498890000001e+03 7.0478653899999995e+02 1.3020799999999999e+00 1.9089756070000001e+03
1.7912469200000000e+03 7.1070897300000001e+02 1.3075200000000000e+00 1.9135144680000001e+03
1.8016686179999999e+03 7.1664463599999999e+02 1.3129599999999999e+00 1.9180445800000000e+03
1.8121149399999999e+03 7.2259476900000004e+02 1.3184000000000000e+00 1.9225669590000000e+03
1.8225858450000001e+03 7.2856032400000004e+02 1.3238399999999999e+00 1.9270823909999999e+03
1.8330812969999999e+03 7.3454205600000000e+02 1.3292800000000000e+00 1.9315915000000000e+03
1.8436012630000000e+03 7.4054057499999999e+02 1.3347199999999999e+00 1.9360947970000000e+03
1.8541457120000000e+03 7.4655638499999998e+02 1.3401600000000000e+00 1.9405927050000000e+03
1.8647146170000001e+03 7.5258990700000004e+02 1.3455999999999999e+00 1.9450855819999999e+03
1.8753079510000000e+03 7.5864149599999996e+02 1.3510400000000000e+00 1.9495737320000001e+03
1.8859256889999999e+03 7.6471145700000000e+02 1.3564799999999999e+00 1.9540574180000001e+03
1.8965678060000000e+03 7.7080005200000005e+02 1.3619200000000000e+00 1.9585368690000000e+03
1.9072342810000000e+03 7.7690750900000000e+02 1.3673599999999999e+00 1.9630122850000000e+03
1.9179250930000001e+03 7.8303402800000003e+02 1.3728000000000000e+00 1.9674838440000001e+03
1.9286402200000000e+03 7.8917978400000004e+02 1.3782399999999999e+00 1.9719517040000001e+03
1.9393796430000000e+03 7.9534492999999998e+02 1.3836800000000000e+00 1.9764160059999999e+03
1.9501433430000000e+03 8.0152960499999995e+02 1.3891199999999999e+00 1.9808768760000000e+03
1.9609313010000001e+03 8.0773392799999999e+02 1.3945600000000000e+00 1.9853344290000000e+03
1.9717435000000000e+03 8.1395800899999995e+02 1.3999999999999999e+00 1.9897887679999999e+03
